,time,hash,latitude,longitude,serial,distance
0,2019-08-01T09:06:00Z,0fff89885f08417f20aadfdbf62a372277e9085bcd024374b772ecac,60.16531,24.9442,00000000fdda10fe,25.36
1,2019-08-01T09:06:00Z,14c7e1511b70f4dd3359cbece1377aebb4d70531f5489eefe53d7c3c,60.16544,24.95398,0000000038d83d41,31.5
2,2019-08-01T09:06:00Z,15918569de0a46a8eb56b43d8d39f7fc82619ff1006f00822c85745c,60.17918,24.95141,00000000675d5200,4.94
3,2019-08-01T09:06:00Z,165ebbb4090d47319ae370f0d0854fdc1f6b79499f8b2e4d3c3533c0,60.16544,24.95398,0000000038d83d41,27.28
4,2019-08-01T09:06:00Z,1951291ca064d0fb480d958037c1477427d2ca8db455fef0b741bf9f,60.16448,24.97323,0000000053c6c2be,25.36
5,2019-08-01T09:06:00Z,1f0f0628cdc688d76bde2b82bee5b9b4916bf0bbdfe76cf3213e1c65,60.15432,24.9211,0000000019fb59c4,9.92
6,2019-08-01T09:06:00Z,2359f881a4fe8163beed82355aabbba0b00b99f1e4a2a4ccd7186bc4,60.16897,24.95222,00000000aa852af1,23.56
7,2019-08-01T09:06:00Z,29f37c7486060f7f74f542c60cf9b1accfa544b255a22aee53b99cec,60.16897,24.95222,00000000aa852af1,23.56
8,2019-08-01T09:06:00Z,2a93b61a3863ace54349d7a0937e4134fcc6d4dfcf064eefae2b7cf8,60.15432,24.9211,0000000019fb59c4,21.87
9,2019-08-01T09:06:00Z,2f33dacc8bf2b0b809b88130b46696c922929e1eb8ea92017f05509a,60.16448,24.97323,0000000053c6c2be,27.28
10,2019-08-01T09:06:00Z,5d65719c4cbf045f068d084b72302f447d5fd034413d97d13be00d0e,60.18203,24.91341,00000000342570c2,20.28
11,2019-08-01T09:06:00Z,6a657079c1bdc8114c289be1ddd83e5846d4279a920d1697b8ff0033,60.18203,24.91341,00000000342570c2,17.4
12,2019-08-01T09:06:00Z,6d22b751ff5173035dc85c52c3dff0780126adae67fe33dc62dd45ef,60.16531,24.9442,00000000fdda10fe,16.1
13,2019-08-01T09:06:00Z,6ff437688c444238352c28f64f9d2a7d0f14d19c9ea42c225380501e,60.16762,24.95415,000000006b44cce7,16.1
14,2019-08-01T09:06:00Z,84fdfd8881f633c5f0c71c1480053953ca4b05e848052d97c063ad38,60.1538,24.95595,0000000038bf9618,25.36
15,2019-08-01T09:06:00Z,87dfaad29a9276ddddb1fa021d3bc23ad14824c1af16f7d87e713689,60.14951,24.92138,0000000006dd41f6,9.92
16,2019-08-01T09:06:00Z,8c75c3289c84fe4493e1e272a77b615fe1985880c5dc68a7c1a17b53,60.16762,24.95415,000000006b44cce7,9.92
17,2019-08-01T09:06:00Z,8cc6ddaa460aeae8cc9e8a33f91a01c8cd4c0c8bf8a943210a28c84d,60.1538,24.95595,0000000038bf9618,29.32
18,2019-08-01T09:06:00Z,9843c6216661048343a0e49cf3d8aa2883cf77f452666a1c873a1052,60.16448,24.97323,0000000053c6c2be,8.38
19,2019-08-01T09:06:00Z,9d03d14afa49576281aa26db60e517f7c1ec8aa36f7756959a860a8a,60.16629,24.95957,00000000fb7600be,10.78
20,2019-08-01T09:06:00Z,a794b5cd3dff23bb2fe621fa0fa64a9ad4be2ab820bff2b483489903,60.16897,24.95222,00000000aa852af1,25.36
21,2019-08-01T09:06:00Z,a91d379a4b57c5df22db0d7a041ff69f657b4b31f28554b1011fc03c,60.16544,24.95398,0000000038d83d41,33.81
22,2019-08-01T09:06:00Z,a9da1ee82e3b670e276c26b483dd50f4a6d0c6f77ef82245d3ae6086,60.18203,24.91341,00000000342570c2,18.79
23,2019-08-01T09:06:00Z,ab0f67c0c0e1ba5eac9013f9c314feadf340ddf08543b91e70483594,60.16544,24.95398,0000000038d83d41,18.79
24,2019-08-01T09:06:00Z,b4faf2d3c4d2b199afeab6ab63b583fe3a2e81e14abbef6917f25129,60.15432,24.9211,0000000019fb59c4,18.79
25,2019-08-01T09:06:00Z,b5fd6b317890e5ab2d79e2cd1abe61626d45a753c7337d0d40728898,60.16762,24.95415,000000006b44cce7,13.75
26,2019-08-01T09:06:00Z,cf05623e4d87ce0906c0b0b7dbf53aacc1228016cd27c341228b6e76,60.18203,24.91341,00000000342570c2,20.28
27,2019-08-01T09:06:00Z,d127ead865385b64ae537a703a26be15fae4b5332ce0fbf03d5e0c23,60.1538,24.95595,0000000038bf9618,31.5
28,2019-08-01T09:06:00Z,d178749a24c32676d0da0f51ae6ff63c456499d4b1814af8fa75ca9e,60.16448,24.97323,0000000053c6c2be,9.92
29,2019-08-01T09:06:00Z,dd2c9c82cf3737146294aff6f814a1349fb0bc4bedf518715dacbe8f,60.18203,24.91341,00000000342570c2,14.89
30,2019-08-01T09:06:00Z,ec72ef080c605e71978aed0d3b5f22c3c3133677a43c614b72eedc6d,60.14699,24.922,00000000a53ed894,36.27
31,2019-08-01T09:06:00Z,f088630d7476dae7d4b7e2bb1f10575f2c89acb4b6e061f3d57c2b40,60.16531,24.9442,00000000fdda10fe,23.56
32,2019-08-01T09:06:00Z,f7e45613ad966fea53fab73b435ba3a087c774e36596b3a5156a3487,60.16829,24.94214,00000000afef4555,1.7
33,2019-08-01T09:06:00Z,f83d4b6b8ffbf8a674d212e32100b2360b80261b4e9207d77c0b0ed3,60.17918,24.95141,00000000675d5200,4.94
34,2019-08-01T09:06:00Z,f99c5dd8cc08bd2353083d875ce8bc585fb2c2ff8427b90d92f571de,60.1538,24.95595,0000000038bf9618,25.36
35,2019-08-01T09:06:00Z,fc4f3a44235f1cfc7b53f14ba2da599976a5a0a220d23b852688e485,60.17919,24.95181,000000007b5207b6,7.69
36,2019-08-01T09:06:00Z,00787dad708490660b0b836fa415681cc57046fa521c0c0aaea14a9e,60.16762,24.95415,000000006b44cce7,7.69
37,2019-08-01T09:06:00Z,00d98e49fc01c16216b630f9fdf19ce9826d27552ce2fa4676de957b,60.16829,24.94214,00000000afef4555,4.94
38,2019-08-01T09:06:00Z,02050a536056486b1bf139282f0d0a3af63def1d56ff0c73ac51bb19,60.14947,24.91438,000000004ef3150d,16.1
39,2019-08-01T09:06:00Z,023083c44c772667f1727e01c74518889b2a82d78ceb28c08b6f8a20,60.16531,24.9442,00000000fdda10fe,9.92
40,2019-08-01T09:06:00Z,028149b8bfaf37d1f064cb0b4f23ae118f00d8eff41679fb8830396a,60.16531,24.9442,00000000fdda10fe,23.56
41,2019-08-01T09:06:00Z,0362cc670dcfab795a3911957b6a177416bf9b99d0e2732716796c4d,60.15432,24.9211,0000000019fb59c4,18.79
42,2019-08-01T09:06:00Z,03f427d436ba092925de462b11374bdbdab0443620037675621fbc11,60.17918,24.95141,00000000675d5200,21.87
43,2019-08-01T09:06:00Z,0483eb7342f4e704caa76b9bc3d6a7bd836282960dafc2c756247134,60.16762,24.95415,000000006b44cce7,18.79
44,2019-08-01T09:06:00Z,063935180fff0e58de5d319ecb9320cf794423e3c6aeac0cca8f1a9f,60.16897,24.95222,00000000aa852af1,11.7
45,2019-08-01T09:06:00Z,0670a01b5d0e505e7ec50165f157d60f57a5bb3b6c65922412509ab2,60.16829,24.94214,00000000afef4555,20.28
46,2019-08-01T09:06:00Z,08f10568d1e90d000e41196f141e0c1a52bab88fcf08f4753a3c055e,60.16897,24.95222,00000000aa852af1,25.36
47,2019-08-01T09:06:00Z,08f9fd60f852d3502bfa509c955e9963e73954f961d55ba8cd46cae9,60.16629,24.95957,00000000fb7600be,14.89
48,2019-08-01T09:06:00Z,0951ec0c700dba7330b8e8181fc852becde054d0dc7474d1488db3cd,60.17065,24.93641,000000000f4919c9,21.87
49,2019-08-01T09:06:00Z,0bbf3e8a8b496959ba413e4ebbe23719511fa4c9dd914960054d7c7f,60.16762,24.95415,000000006b44cce7,11.7
50,2019-08-01T09:06:00Z,0c1684b697a63d7f47ebaedcfa060b3b4af294fec1e62d613699291a,60.16897,24.95222,00000000aa852af1,9.12
51,2019-08-01T09:06:00Z,0f0a47457083121cf6392eb1d6d9a764f269d3c0e33d76403c446678,60.16829,24.94214,00000000afef4555,18.79
52,2019-08-01T09:06:00Z,0f8e18e52422d7fb71594f8dbfc8bb5ae986eb9f664407f954e275b4,60.16762,24.95415,000000006b44cce7,25.36
53,2019-08-01T09:06:00Z,1069967e3921871955b1b2b42e60f829c593a3e024401bfe61ae410e,60.16629,24.95957,00000000fb7600be,13.75
54,2019-08-01T09:06:00Z,1074ffc7b33a1a8b54ea8f31d0f43ba07ed2ad7841b548f9bd4b9bad,60.17065,24.93641,000000000f4919c9,23.56
55,2019-08-01T09:06:00Z,10d0fed0f7d40b253b5fc5a53297dc9af8bb76fa6f34d5e71383cb62,60.17918,24.95141,00000000675d5200,12.69
56,2019-08-01T09:06:00Z,139a5aa448338146cf9202768e1eeb804d164d71d9bc8c7fa8f5d06f,60.16531,24.9442,00000000fdda10fe,23.56
57,2019-08-01T09:06:00Z,13a759fd293cbde0d55db753d853768b718e59036c4007d2e3a8757a,60.16762,24.95415,000000006b44cce7,8.38
58,2019-08-01T09:06:00Z,13cbade1d832c78b1a0a68fd9a6559054370eeae58247347955ee632,60.16897,24.95222,00000000aa852af1,20.28
59,2019-08-01T09:06:00Z,141ffc858c3ea6a2e69c954115114304736a35dc25ec947323090dc0,60.16762,24.95415,000000006b44cce7,18.79
60,2019-08-01T09:06:00Z,15b314157b22b2a5bf8a39539a049ce73e7baa21b0ce24f21718ce4a,60.17002,24.94407,000000006b087f40,11.7
61,2019-08-01T09:06:00Z,16e18d478be872d2a9801fa885d08edeb3f5ae1840b38478f9baf535,60.17918,24.95141,00000000675d5200,13.75
62,2019-08-01T09:06:00Z,186333eb40fcc6f473b8fecb5ff31f07f082740eaef22f8594088862,60.16629,24.95957,00000000fb7600be,17.4
63,2019-08-01T09:06:00Z,190cdde22bc3e3a41cd0f9da7efb3a917bc09e8034b05ca6064ea8a8,60.17918,24.95141,00000000675d5200,12.69
64,2019-08-01T09:06:00Z,1a057a74ec50ab7dac4f29547e82a9c7f37192d592a42f63379e1d8f,60.16448,24.97323,0000000053c6c2be,27.28
65,2019-08-01T09:06:00Z,1ad9bdffafbbf8933ab6b3b695988ad31df32a874eddbf84de369e78,60.16448,24.97323,0000000053c6c2be,21.87
66,2019-08-01T09:06:00Z,1be12a4f71b98dc9509141bc1a766b833b6c15dc22303f7006afbe96,60.17065,24.93641,000000000f4919c9,20.28
67,2019-08-01T09:06:00Z,1d70ff49909e1d6fb653ae053aa78084daf385dbbd2ad22b05707309,60.16829,24.94214,00000000afef4555,8.38
68,2019-08-01T09:06:00Z,1da40c618e0432bb037d08723b65821f6223509e8b4033a4b4190047,60.17065,24.93641,000000000f4919c9,25.36
69,2019-08-01T09:06:00Z,1dcff36b6f83b08b6ea87c1c1018c542c270299839908ca446dffb39,60.16762,24.95415,000000006b44cce7,12.69
70,2019-08-01T09:06:00Z,1e3af5697f0a2ae45f261da79e4ba71c868dc4d78008bd1995fe6259,60.16448,24.97323,0000000053c6c2be,18.79
71,2019-08-01T09:06:00Z,1eadb2c1984aa73c3c2f13eab0a2e793331443c617681e36887f0bcc,60.16629,24.95957,00000000fb7600be,20.28
72,2019-08-01T09:06:00Z,1ecbc7c6afe89033252e5510cbb893666af2b3bc29f555a3a6287fdb,60.14951,24.92138,0000000006dd41f6,3.4
73,2019-08-01T09:06:00Z,1f813dc10021899138c12ca17c58ab3dc24db1750dcb1790f9c20e8f,60.15133,24.92329,00000000e8a064a4,21.87
74,2019-08-01T09:06:00Z,20b37aa6c3ad0dfea9c182498905a450537b0efbbd8563b205e93afd,60.16897,24.95222,00000000aa852af1,21.87
75,2019-08-01T09:06:00Z,2283762fe3af8329ae65aec44de728da8f383810e9f2a3d3b84fa031,60.16897,24.95222,00000000aa852af1,17.4
76,2019-08-01T09:06:00Z,22ac1ab1c590ea19b44c61c42f5e8da29a6acbabf56676527811507a,60.15432,24.9211,0000000019fb59c4,13.75
77,2019-08-01T09:06:00Z,22e3b4715b6fdd6eff3c160b461af233bf475f8f7139c890fcebc429,60.16897,24.95222,00000000aa852af1,21.87
78,2019-08-01T09:06:00Z,23717ba5992ad58dbcfa1d06edbd96bab6410d0fccc46410b0c1667d,60.16829,24.94214,00000000afef4555,29.32
79,2019-08-01T09:06:00Z,25479245e5a8b0fe47e2bd590cdd63256d84afd6c164781dc64e527d,60.149,24.9843,00000000fffb8cf0,5.41
80,2019-08-01T09:06:00Z,2552cb43d7990bde838673115a742078e343ce93f96257728311655d,60.16897,24.95222,00000000aa852af1,25.36
81,2019-08-01T09:06:00Z,25d340d14d855b8c18b2c6f2551ec98a1eb047d1fd3457ba881ddf28,60.17918,24.95141,00000000675d5200,20.28
82,2019-08-01T09:06:00Z,263559d1ab5f0cfc9e45233fc6af4c67ddb514738f39d8a4f2173239,60.17002,24.94407,000000006b087f40,29.32
83,2019-08-01T09:06:00Z,270749ab8e1a83f0dcbf45dc861bcc0e10361d103d7589841787e366,60.16531,24.9442,00000000fdda10fe,20.28
84,2019-08-01T09:06:00Z,272c160f908f30259011e0e3a4c2e3ea475ffb602ae6864364fe96be,60.149,24.9843,00000000fffb8cf0,16.1
85,2019-08-01T09:06:00Z,277fcf3cc917a89b46a34e0cf5164a78f5bcc88d92bb45ded60f1a91,60.17065,24.93641,000000000f4919c9,12.69
86,2019-08-01T09:06:00Z,2823bf6afde4a5cc05342c15e7417c9590ba52264be5793bb688faab,60.17065,24.93641,000000000f4919c9,25.36
87,2019-08-01T09:06:00Z,28296ae2b460df2f6807f8a84b81e5ebd24677a05bded29111dc33a4,60.17002,24.94407,000000006b087f40,16.1
88,2019-08-01T09:06:00Z,28ce50ca84cdcd4c17a36ac666e7ac0267b6ab5b77f4bfb08b2573a1,60.16762,24.95415,000000006b44cce7,3.4
89,2019-08-01T09:06:00Z,28d50861d92f962c7a49eabaa524431aebf52870e44b79f77d7167c6,60.17919,24.95181,000000007b5207b6,9.92
90,2019-08-01T09:06:00Z,29f1b87bc2ae164c0b2f27f03fea34e002c004764d233e987be597a7,60.15133,24.92329,00000000e8a064a4,33.81
91,2019-08-01T09:06:00Z,2a8ba80ac4fbda4f91ebfa759642c857fd090516070753d41bb7d6ad,60.16829,24.94214,00000000afef4555,17.4
92,2019-08-01T09:06:00Z,2afa9ac588b2c55e8edf99ee96ecaf63451a7ab1e51571b7e2d1d491,60.16762,24.95415,000000006b44cce7,9.92
93,2019-08-01T09:06:00Z,2bf8b355af7fc80970ed350e4579dfc9aa8ec85af6c13517cc2dab44,60.17002,24.94407,000000006b087f40,14.89
94,2019-08-01T09:06:00Z,2c6810efb2565383ca0a554f3c51f3f7905484357f5e00756dbf091a,60.17918,24.95141,00000000675d5200,2.54
95,2019-08-01T09:06:00Z,2dcc113a258bced083c9729d8e62d6001f909ce1c9dac69fa7bead83,60.17065,24.93641,000000000f4919c9,23.56
96,2019-08-01T09:06:00Z,2e94def094f120513b5a401acb099ee60415b5ba3a62dee97215f3b8,60.17065,24.93641,000000000f4919c9,33.81
97,2019-08-01T09:06:00Z,2ea9a23b1a04016fb4810d1ceb5731d90774224fd9235877005a4e1c,60.16897,24.95222,00000000aa852af1,20.28
98,2019-08-01T09:06:00Z,2f43b7a683b0d365a46b6259a032813c293472eaedcdbcc3507adee5,60.17918,24.95141,00000000675d5200,9.92
99,2019-08-01T09:06:00Z,2f79108a454c0072885ad1447280ed5098d061b229eaae61a8bb67be,60.15432,24.9211,0000000019fb59c4,21.87
100,2019-08-01T09:06:00Z,2f82b3546af2df53b58cddc668c9aa196554108cdf39120ea40b417c,60.16629,24.95957,00000000fb7600be,11.7
101,2019-08-01T09:06:00Z,31b02b3b271f6feef9e49d9285929ff1c25a11e608fc5d70bc6a1fac,60.16897,24.95222,00000000aa852af1,17.4
102,2019-08-01T09:06:00Z,32fcb1ab3a9fde533916ca28a0d5b56bbb45fd171dd5bae91f66ec6c,60.16897,24.95222,00000000aa852af1,29.32
103,2019-08-01T09:06:00Z,33fa4cb82db5b44ffe6e7ae1039635187f90d1df328f8f139da0c693,60.17918,24.95141,00000000675d5200,4.94
104,2019-08-01T09:06:00Z,3480c16a6649952c388d8902596e332f018e609b9585f483353ae026,60.17065,24.93641,000000000f4919c9,14.89
105,2019-08-01T09:06:00Z,34e96c7caa63e7ede8f428b18e8fb556ac235d61a50c9d6ac7ff268f,60.17918,24.95141,00000000675d5200,20.28
106,2019-08-01T09:06:00Z,359348d27f82b0270a68e954bff8bde5e1a2a32949c7088f12ce7dc8,60.15133,24.92329,00000000e8a064a4,25.36
107,2019-08-01T09:06:00Z,3609f484ad7e56259f60a61aba44f22dfca5c8b2564fce7e802ad342,60.16829,24.94214,00000000afef4555,1.25
108,2019-08-01T09:06:00Z,367b1989198ef11170dd9fcfa7e6ebb5ceb58aab87c613ee1bb86e8c,60.16531,24.9442,00000000fdda10fe,9.12
109,2019-08-01T09:06:00Z,3685ee6d322dcb2ad0ae181f66c3c5427d4531d7896d2f5f7571bb6d,60.16762,24.95415,000000006b44cce7,5.91
110,2019-08-01T09:06:00Z,36fe97cd2ec69118778c771a87593630f8a6a2cb77d9ce72f845cd3c,60.16762,24.95415,000000006b44cce7,9.12
111,2019-08-01T09:06:00Z,39c6456ee66fe96eee3d97cee2a70923cedb3da760bb5d4d413adb9c,60.17918,24.95141,00000000675d5200,1.88
112,2019-08-01T09:06:00Z,39e9fa7033887b7ab339887aa68753ff94d4771cda2bb8ff4ea7aa0a,60.17918,24.95141,00000000675d5200,13.75
113,2019-08-01T09:06:00Z,3a1afdcf7c2e5a52cdbcbbe29e8281c184037e8720920c6c75bee339,60.15133,24.92329,00000000e8a064a4,17.4
114,2019-08-01T09:06:00Z,3a2f1a2c6c645bd161943b3f19c171d021512d7a8c4273ed3022f5df,60.16829,24.94214,00000000afef4555,13.75
115,2019-08-01T09:06:00Z,3a38ba36c098f2741d6c5fb5a751fcd074d05d698ac592ca09ab443c,60.16448,24.97323,0000000053c6c2be,18.79
116,2019-08-01T09:06:00Z,3a8253a28c4af6e2cf96ebf7a4c561a674a8441695c354ac3735af42,60.16544,24.95398,0000000038d83d41,29.32
117,2019-08-01T09:06:00Z,3a97ae4dcab31eb5e15e5d036d286e9764e25bcf0ad8afcfba854c90,60.16762,24.95415,000000006b44cce7,13.75
118,2019-08-01T09:06:00Z,3be40c84926a525adbd09eeeb3a12b73b24c633942b2e1fbe8151ac3,60.16448,24.97323,0000000053c6c2be,21.87
119,2019-08-01T09:06:00Z,3cc82d532d2a768e0c987e2653e32825a8b11fc2f7ba36388535f6e2,60.16075,24.95883,00000000f1124bca,14.89
120,2019-08-01T09:06:00Z,3e38f81e326b0b05865281c970ada8f17e15292f3591242542bfb73e,60.16531,24.9442,00000000fdda10fe,23.56
121,2019-08-01T09:06:00Z,3eea43670f4f29a90ced59c1af122371340275fb61ff8f14c7120658,60.16762,24.95415,000000006b44cce7,6.46
122,2019-08-01T09:06:00Z,40825cb0d315c92e0e0a73cc8e86c3b763bbf7ce226f112913e05e0f,60.17065,24.93641,000000000f4919c9,27.28
123,2019-08-01T09:06:00Z,41a0ca2955e0ae0324f6e14aeb77ebfaac5305e31d86c42a20277b94,60.15133,24.92329,00000000e8a064a4,23.56
124,2019-08-01T09:06:00Z,4256b81faf420b0636e1bfcf21e8b61482045aed964aae9089c67296,60.16829,24.94214,00000000afef4555,11.7
125,2019-08-01T09:06:00Z,42844e90c7134ebb3ec325f57cd27cd24711c779548ebc8692a820d5,60.14951,24.92138,0000000006dd41f6,3.4
126,2019-08-01T09:06:00Z,432417b4972b744ded3410777a6bbb583cf56172bf3436ddbe48a21d,60.16762,24.95415,000000006b44cce7,4.11
127,2019-08-01T09:06:00Z,4470412c4b059a920f2699fbfb72b261e0847b3e1caa8c71d2edd5a2,60.16448,24.97323,0000000053c6c2be,18.79
128,2019-08-01T09:06:00Z,44cd682aaef3e1d1bc2b0eac71d75bb3a951f74d7c93810d260dfd07,60.16829,24.94214,00000000afef4555,18.79
129,2019-08-01T09:06:00Z,4642dfa1df839f11e64f68bca4e3dce7bde2ff6dd68c54959fcb4788,60.17918,24.95141,00000000675d5200,8.38
130,2019-08-01T09:06:00Z,478830e26b1b9314c3f35b4ca62aba9828872733abbc7f32b78daac3,60.16531,24.9442,00000000fdda10fe,38.87
131,2019-08-01T09:06:00Z,47bd1492244c444d45674eb48dd2e6f222cb109d820ba807c4e18c1a,60.16629,24.95957,00000000fb7600be,6.46
132,2019-08-01T09:06:00Z,48c0ea6615ac4c02fc9bc0e06f9ea9309f9bf7e73b4324d7a6b14610,60.16829,24.94214,00000000afef4555,11.7
133,2019-08-01T09:06:00Z,49bbad87e4d6cd03bdb073bde7be91193d74d29943badce7fc536916,60.16448,24.97323,0000000053c6c2be,7.69
134,2019-08-01T09:06:00Z,49df780a7f20a99ad2810fa4bbb46b5fac9bc5cbe3fc800cd572f63a,60.14947,24.91438,000000004ef3150d,14.89
135,2019-08-01T09:06:00Z,4ade4f0d92c6157a42d7fd8e353d1c93551324ba47cc134b840a6c63,60.16897,24.95222,00000000aa852af1,4.11
136,2019-08-01T09:06:00Z,4afcc27c652d3d50a44d060f84e33dd4b17529d982928dae936cf10f,60.16448,24.97323,0000000053c6c2be,23.56
137,2019-08-01T09:06:00Z,4b4afca270c22aae160d996711ae685b598b87871b3b4ab2f96786b6,60.14951,24.92138,0000000006dd41f6,29.32
138,2019-08-01T09:06:00Z,4ba529eeafb27285cbbade6e5ece0d4d04bd2d13c98b27a5d17abd22,60.16897,24.95222,00000000aa852af1,3.4
139,2019-08-01T09:06:00Z,4e0cd91ab267104ead6f9dcd1a840e19a1e215195b89c42ef74f1b90,60.17002,24.94407,000000006b087f40,23.56
140,2019-08-01T09:06:00Z,4f9125edf503fe3cb0ba1e1221fe6a67aafd99fcd89fd92d2bf20e97,60.16897,24.95222,00000000aa852af1,25.36
141,2019-08-01T09:06:00Z,5001aabb6808b9fd96b705d1ebe8e7aca52713c2640100d81879dd86,60.17918,24.95141,00000000675d5200,5.91
142,2019-08-01T09:06:00Z,504f910a0bd104a130b85d0c50467a15e74dc950bcc9eac3ebecc43e,60.16531,24.9442,00000000fdda10fe,17.4
143,2019-08-01T09:06:00Z,52a014f48d4cbea1c0f6d65fec5a422a1dcc3f4162b24164dc50d317,60.16762,24.95415,000000006b44cce7,18.79
144,2019-08-01T09:06:00Z,5372348389197e6c4bc4c5e3dab047e7384d562220e6295904bbda1b,60.17065,24.93641,000000000f4919c9,4.5
145,2019-08-01T09:06:00Z,53d8fd3162d3b72ea9f77159ab356b46d40de1758d6388e60fe70985,60.16629,24.95957,00000000fb7600be,23.56
146,2019-08-01T09:06:00Z,53fb53be4440aecb1a1fa63a9da1db08182cc7e252da14685e63373d,60.16762,24.95415,000000006b44cce7,8.38
147,2019-08-01T09:06:00Z,54bd709173219e8017f317b63ecc83d0a48f64542e6fa1b83c86a56c,60.17918,24.95141,00000000675d5200,11.7
148,2019-08-01T09:06:00Z,556cae6b2e2dec6fe691a835e8e08bd016b1a65797c0aca46879329f,60.17918,24.95141,00000000675d5200,25.36
149,2019-08-01T09:06:00Z,559429bba23762a872fc7b1e2219d42125ab101e4355d43fdb94ed7b,60.17918,24.95141,00000000675d5200,4.94
150,2019-08-01T09:06:00Z,559e6a5225ce35ab844c63ea0d0c1695dc490a3d9cfbafa5d35ac8d8,60.14947,24.91438,000000004ef3150d,10.78
151,2019-08-01T09:06:00Z,5830a481876da00686f25b17dad06258a39212c0816ed04dda2df1bd,60.16531,24.9442,00000000fdda10fe,18.79
152,2019-08-01T09:06:00Z,584cb0b0cdd14e608c8b57c8aecc9826f9b40027e365e2438a444ea2,60.16762,24.95415,000000006b44cce7,16.1
153,2019-08-01T09:06:00Z,5865a27b5b56a60bca38e4a1403655e3e7fd0232a3ff2079965aff81,60.15432,24.9211,0000000019fb59c4,20.28
154,2019-08-01T09:06:00Z,58754229cd3381042c5ffda79c0108c5f77aa1f0f6d1468b9cb42b4c,60.16829,24.94214,00000000afef4555,20.28
155,2019-08-01T09:06:00Z,5978726eeef638856dafd3a8d199287f8daf9e90ddde750b402f8bb0,60.17065,24.93641,000000000f4919c9,0.34
156,2019-08-01T09:06:00Z,5a3004325b5a058e02fb9f32ef4f7e9cc465240cbda7a7e4ec89d2de,60.16629,24.95957,00000000fb7600be,11.7
157,2019-08-01T09:06:00Z,5a34b02faac3189217466888ef1d31cc80f721ac2f18638c5db88d53,60.14947,24.91438,000000004ef3150d,20.28
158,2019-08-01T09:06:00Z,5a8d671a78b976d212d9746d88b9a754a2d9c8341c529e88b7c6b8f4,60.17065,24.93641,000000000f4919c9,18.79
159,2019-08-01T09:06:00Z,5b06617477af6dcee75a94ac347364b50f6f3b5b7d747e5413d9ad58,60.14947,24.91438,000000004ef3150d,18.79
160,2019-08-01T09:06:00Z,5c1f71098d5d7258d2971061c791c94e0138c8e02225c5f60d6a0428,60.149,24.9843,00000000fffb8cf0,16.1
161,2019-08-01T09:06:00Z,5dc7341101ac9a971ad3bd8764c172439aa3c351b8b6654e21e2c76f,60.16829,24.94214,00000000afef4555,4.5
162,2019-08-01T09:06:00Z,5e2c5c20c88ccf362ed8749d1ddc041b1cb1c38d8dbeac7870179322,60.16629,24.95957,00000000fb7600be,5.91
163,2019-08-01T09:06:00Z,61f53bab9eb8d4ebb57a9aaea9ccecc63dbf2a442c4d629c5348903f,60.16629,24.95957,00000000fb7600be,27.28
164,2019-08-01T09:06:00Z,626bf35ce16dba1054cfd175d09475d3ee751bf70e56f984ff5c7ab6,60.15133,24.92329,00000000e8a064a4,18.79
165,2019-08-01T09:06:00Z,63ff2439779051005c18876d20ed53ce060c1de9d7976821bd518fc6,60.15432,24.9211,0000000019fb59c4,8.38
166,2019-08-01T09:06:00Z,65b6b62b547e11e10f7f83ad497446bee2bb9653097d9d62e9b1b817,60.17065,24.93641,000000000f4919c9,5.41
167,2019-08-01T09:06:00Z,66ad74b1795a3f2db404e46e89b7cdeb3d6e231b6573e3fd29bb7eef,60.16897,24.95222,00000000aa852af1,16.1
168,2019-08-01T09:06:00Z,674355e17da9460e58566497be518f2eb537880c67c788fedb5067db,60.16629,24.95957,00000000fb7600be,7.69
169,2019-08-01T09:06:00Z,67e8c602d8f865c2db8c14219b04eab6062b149c7e0f2ed0331bc051,60.16897,24.95222,00000000aa852af1,23.56
170,2019-08-01T09:06:00Z,685af6b01bd180194d718801bb8b9c9de22050cc392d6c6441fe986b,60.18203,24.91341,00000000342570c2,18.79
171,2019-08-01T09:06:00Z,69e2854c78a472b462941ef730aa9fa7a9dba9c1cc22996396d4c78a,60.17918,24.95141,00000000675d5200,16.1
172,2019-08-01T09:06:00Z,6adce4d05e58232a97635a2fd7918e4e49d9295afc0989d727f9c712,60.17002,24.94407,000000006b087f40,17.4
173,2019-08-01T09:06:00Z,6d5a8ded89f26533ed851d1a0894f0d9045e9cd4baed439f7d9a922b,60.16629,24.95957,00000000fb7600be,16.1
174,2019-08-01T09:06:00Z,6d98ac1fea7056e5b96d6095caf0e3677a4ec30e9fbcc2e50ae1cf65,60.16629,24.95957,00000000fb7600be,9.12
175,2019-08-01T09:06:00Z,6dca84ddf4be668487766d17c5d13961ed713d24032f709ae87a497f,60.16829,24.94214,00000000afef4555,10.78
176,2019-08-01T09:06:00Z,6dd5463e670c352180c1e912300e21e59f5e2976266df8c3c92b0baf,60.16829,24.94214,00000000afef4555,17.4
177,2019-08-01T09:06:00Z,6e4022bd9bc9787525a7c6cc8527724ffa7e7ce29abbf296b28a9398,60.16762,24.95415,000000006b44cce7,20.28
178,2019-08-01T09:06:00Z,6eb390f743af2f8f87ce6c2ab53228450ccce1d21de54f8abba160df,60.16829,24.94214,00000000afef4555,23.56
179,2019-08-01T09:06:00Z,7003a7f6a5523b645634f014e04bea36016953a8af9324e35602bc2e,60.14947,24.91438,000000004ef3150d,17.4
180,2019-08-01T09:06:00Z,704c3f3075f13713c363014fa828e4a932e7a05676813b9963a1e554,60.17918,24.95141,00000000675d5200,5.41
181,2019-08-01T09:06:00Z,70d391038ec56b63a3737605c2c1db6ffbdca8e4490691776dc993f1,60.16829,24.94214,00000000afef4555,9.92
182,2019-08-01T09:06:00Z,7176ddd6f2dc9be71319e3a2ea67061af7b5277adc890f23882c0afd,60.16829,24.94214,00000000afef4555,20.28
183,2019-08-01T09:06:00Z,71b01bb8b8e877dc9ca40e756f441571d12ee3311a945417e8aaa116,60.16762,24.95415,000000006b44cce7,9.92
184,2019-08-01T09:06:00Z,75003dbce84bab66829b2489dc3bff3abc4ec7f1b136c28b0835fa0e,60.15133,24.92329,00000000e8a064a4,9.92
185,2019-08-01T09:06:00Z,750297d0d8ff0ca837d9c2289c26302d62f38708617150431ab14509,60.16531,24.9442,00000000fdda10fe,23.56
186,2019-08-01T09:06:00Z,76c2f7b3773d4bebd4dabada1c2b98fe4ea9762e9c98b4a6371d7746,60.16762,24.95415,000000006b44cce7,10.78
187,2019-08-01T09:06:00Z,774131d73accbbb31ec3c43c3501b7969645eb65df1839ca8116526e,60.15432,24.9211,0000000019fb59c4,13.75
188,2019-08-01T09:06:00Z,7803e2d46157a5482e745447d4c2c332fbd818d87a20b0f6187c628d,60.17065,24.93641,000000000f4919c9,21.87
189,2019-08-01T09:06:00Z,78a9535148d256e36a93dcce58f6dac7864c3bcd43b255c37291aa30,60.17002,24.94407,000000006b087f40,20.28
190,2019-08-01T09:06:00Z,79669159e96cc1cdf3879c3db8c5621167f92aaa10df4dd21a9be1de,60.16829,24.94214,00000000afef4555,11.7
191,2019-08-01T09:06:00Z,7a6e7ba82e6b0c07f13302099a2ffb55e08a56850ee8c1c6c1bd65d3,60.17065,24.93641,000000000f4919c9,20.28
192,2019-08-01T09:06:00Z,7c1534082e86ff4387878d813207626d8f728aa26b97248e00a3b8d7,60.16629,24.95957,00000000fb7600be,12.69
193,2019-08-01T09:06:00Z,7ccf0231e25c4a2ff5abcbb7cb3fe96604d014c3fa05c2829580801d,60.16829,24.94214,00000000afef4555,12.69
194,2019-08-01T09:06:00Z,7cd51189de07d01882cf0a9346f0830a9b21764875334d45e143fbd5,60.17002,24.94407,000000006b087f40,25.36
195,2019-08-01T09:06:00Z,7d415f4fd9093fb383b4ebb88961ad74e6a00d3ece39504712dad639,60.17918,24.95141,00000000675d5200,7.05
196,2019-08-01T09:06:00Z,7eb4a715919b3eb4085270535ce4d7b57112591ad7242eb189bf652a,60.17065,24.93641,000000000f4919c9,9.92
197,2019-08-01T09:06:00Z,7f534fc0885ddf5a5c3814e4232de3356affd42f6c3560055079dc1c,60.16829,24.94214,00000000afef4555,13.75
198,2019-08-01T09:06:00Z,7f59aaecea1eee6c703ec5d46d67b44289ddedf080defee495b73739,60.14947,24.91438,000000004ef3150d,11.7
199,2019-08-01T09:06:00Z,7faf8705e89a761625aaed50b89538581e25d5950ec8f051d36ed829,60.14947,24.91438,000000004ef3150d,25.36
200,2019-08-01T09:06:00Z,7fe96255e89da662cb4a10df4705f39989babea20fdc4ef0bf4fb395,60.14951,24.92138,0000000006dd41f6,17.4
201,2019-08-01T09:06:00Z,809bf2d7a0745ae512b934a578fd5fd47c13c5398b6d06ad350b9e7c,60.14947,24.91438,000000004ef3150d,14.89
202,2019-08-01T09:06:00Z,8165c5f8d06298ffd56f071c0ad1cc9f1d4f08084936937d712d0b61,60.15133,24.92329,00000000e8a064a4,17.4
203,2019-08-01T09:06:00Z,8176eaeb262de7f9113561a8e31b6cf6f4c74c882f7f18ba8bb5acf8,60.173,24.92524,0000000096918cfa,29.32
204,2019-08-01T09:06:00Z,81cabf0ecb3563f645298961619ca623084bb89ab4b7635ffe2de7c0,60.16829,24.94214,00000000afef4555,17.4
205,2019-08-01T09:06:00Z,8292ad97931f6462dc056eb92748496c2cfa3e22dbad610514a2deab,60.17002,24.94407,000000006b087f40,20.28
206,2019-08-01T09:06:00Z,82bab0a1bfd11576cf62159546b756e1da44125c76909e270ced391b,60.16897,24.95222,00000000aa852af1,21.87
207,2019-08-01T09:06:00Z,8524898e498c83bde4bc1848aa2b372da84e7b2266f36aabe128cc27,60.17919,24.95181,000000007b5207b6,9.92
208,2019-08-01T09:06:00Z,88c2bc6310f27465b9f08b28fb52075d7703ce7b097e5beb37c7437c,60.14947,24.91438,000000004ef3150d,21.87
209,2019-08-01T09:06:00Z,893080d82bb28aa3ab91e41ddd4569086c8135ade7be10aa644fca95,60.17065,24.93641,000000000f4919c9,23.56
210,2019-08-01T09:06:00Z,898cde3317c73907bb23b1b885828c4bf3187c3a757a18dc32abe970,60.16762,24.95415,000000006b44cce7,7.05
211,2019-08-01T09:06:00Z,8996f41485515f4fe2b7f60962df36a3421c9a14cdb3f381b1ce7052,60.16829,24.94214,00000000afef4555,10.78
212,2019-08-01T09:06:00Z,8a01e28fd327e5c56dcf2dc8b2b7762a96d77584c21990a073ceb11f,60.16829,24.94214,00000000afef4555,4.5
213,2019-08-01T09:06:00Z,8c2c35fb6ebc0f07014a3291523f291bea82160dee13d091314cde65,60.16762,24.95415,000000006b44cce7,9.12
214,2019-08-01T09:06:00Z,8c571538c285dba9d77edacfb1829b282d54b772b62209c6e4004237,60.17918,24.95141,00000000675d5200,12.69
215,2019-08-01T09:06:00Z,8d5e893f77b3d167ebefad4ecab181fea08513599a6f9450f0b9a827,60.17918,24.95141,00000000675d5200,31.5
216,2019-08-01T09:06:00Z,8e20d0d67339e3cf43e77c3a340d9dc6766de8d079197a08a1343ff0,60.17065,24.93641,000000000f4919c9,13.75
217,2019-08-01T09:06:00Z,8e6caf283696ed75a4aff0c3f528dad5878f6f4b82cbd3eae1164484,60.16897,24.95222,00000000aa852af1,14.89
218,2019-08-01T09:06:00Z,939c459d913b0b38838071a0d13671e83e4a751f44624b21e84daa69,60.16762,24.95415,000000006b44cce7,10.78
219,2019-08-01T09:06:00Z,941e13893853105c86bfbc6d31d62274937602143ce3bb530c8c17ed,60.17918,24.95141,00000000675d5200,17.4
220,2019-08-01T09:06:00Z,94a511f0495a2cff2df26ded8f6da40e7a15287287ccf3125b5affd1,60.16897,24.95222,00000000aa852af1,25.36
221,2019-08-01T09:06:00Z,94b54a06b97b71144684ec289acfd57fa5ef17038131748fe839f728,60.16762,24.95415,000000006b44cce7,13.75
222,2019-08-01T09:06:00Z,9609babe3114439a82f93f797f4a6e779b6bab625488b8ff5b63e674,60.16829,24.94214,00000000afef4555,21.87
223,2019-08-01T09:06:00Z,99a026b5100e23129fa529e9a57a3dbc8490dc03b58f2193f03e2dcf,60.14951,24.92138,0000000006dd41f6,6.46
224,2019-08-01T09:06:00Z,9a086bc209751cf0e44b4ba24e633962c6370eb8b1cb682d0b320da9,60.17918,24.95141,00000000675d5200,25.36
225,2019-08-01T09:06:00Z,9abbc86fb0fc1c0532042814af76a97e6a17121831d4394749a290a6,60.16762,24.95415,000000006b44cce7,7.05
226,2019-08-01T09:06:00Z,9b3e6848d8b34e802134d6da0e5a594897ec3fafbbf08b6d0b84068e,60.17918,24.95141,00000000675d5200,8.38
227,2019-08-01T09:06:00Z,9bdb503344071eddd74d821f537246d8a6c19468b05d38d0170377f9,60.16897,24.95222,00000000aa852af1,9.12
228,2019-08-01T09:06:00Z,9bef8b28ea93ecaee57d05b037edbfe7f80014aaf56343345fedd7be,60.17918,24.95141,00000000675d5200,17.4
229,2019-08-01T09:06:00Z,9e343a150f07bb3dcce5ecab8ac061b84d65b347b1af5a232e00eeb6,60.16829,24.94214,00000000afef4555,7.05
230,2019-08-01T09:06:00Z,9ed556989f4dece5f287131f182cdee15f49d25f285905ce809caf8b,60.17065,24.93641,000000000f4919c9,33.81
231,2019-08-01T09:06:00Z,9eee6d740f1d483c484d02f0995f35550c09e6a8cf01f02680db5efc,60.16448,24.97323,0000000053c6c2be,29.32
232,2019-08-01T09:06:00Z,9f2f5e6344efb60ffa5c79880ea57aeb636e51f86587e158039df6cc,60.16531,24.9442,00000000fdda10fe,11.7
233,2019-08-01T09:06:00Z,a04214b56cac7d70680703ee6a28fac742f3c3190b55b46a79c1f76d,60.149,24.9843,00000000fffb8cf0,14.89
234,2019-08-01T09:06:00Z,a1049deed97cd1989c882cb47bb39f0d93d1fddbac4e9307e8a4249e,60.16544,24.95398,0000000038d83d41,25.36
235,2019-08-01T09:06:00Z,a256ee4e61079f54581967787db25324859ef431207cb182cd468fbe,60.16829,24.94214,00000000afef4555,11.7
236,2019-08-01T09:06:00Z,a38c11c450b472b9dad2f076e2d9a63651292d3de806331d06af7f46,60.16531,24.9442,00000000fdda10fe,14.89
237,2019-08-01T09:06:00Z,a3d99fc570ed19522398a09fafe7d264d95d2cd387780feb931b4573,60.17065,24.93641,000000000f4919c9,16.1
238,2019-08-01T09:06:00Z,a786eb3b8a25c58099a428799e99d0b86401f803ee38d3e5d20e59d3,60.15432,24.9211,0000000019fb59c4,23.56
239,2019-08-01T09:06:00Z,a808962cb511e5ed2d23e6e33efe252b1be29dc1d2f7c6154817f04f,60.16448,24.97323,0000000053c6c2be,13.75
240,2019-08-01T09:06:00Z,a83415babca8eac00f69a32371a230fdadda29bf40fd69f75cf2e8fb,60.17918,24.95141,00000000675d5200,20.28
241,2019-08-01T09:06:00Z,a838fe521ed943ab5d8f7c5d408246fb2370ea139b12544208826ea9,60.16897,24.95222,00000000aa852af1,33.81
242,2019-08-01T09:06:00Z,aa05a7036c3586a79d23f426b78bf158357208bc82d7ddf9a1326dd2,60.16531,24.9442,00000000fdda10fe,7.05
243,2019-08-01T09:06:00Z,aa5281244780ac8f283c3452639d477cd76e31fc6f0b95b99c51a9b0,60.16762,24.95415,000000006b44cce7,3.09
244,2019-08-01T09:06:00Z,ab615ee5bbf567aee3505fbb360d09fc6b851f93fb15aef778b57128,60.16531,24.9442,00000000fdda10fe,11.7
245,2019-08-01T09:06:00Z,aca524ceb3c7373172ecd0d06b26e7d610d441f4a47ab78ae0ad3340,60.15133,24.92329,00000000e8a064a4,16.1
246,2019-08-01T09:06:00Z,acbbe4765d72f36b0323407c7dbe43db7b4ad5e2da0a6a9e5966db0b,60.16897,24.95222,00000000aa852af1,7.69
247,2019-08-01T09:06:00Z,ad22512fd6a5ad9e19fdfad7e02b2793ecb01875be243f894c637ae2,60.16829,24.94214,00000000afef4555,10.78
248,2019-08-01T09:06:00Z,af67ffa8b538058603b74f48e04ab914e8f6cd450f53c47f8c3d683d,60.15432,24.9211,0000000019fb59c4,7.05
249,2019-08-01T09:06:00Z,afaed9946dbc1509500c6f80f87eed8fe44a74ba3e14328c6efe3971,60.16829,24.94214,00000000afef4555,4.94
250,2019-08-01T09:06:00Z,b09e9bb62cc49c085c1aee3b752af1bec69dabc939323e5733f73933,60.17065,24.93641,000000000f4919c9,20.28
251,2019-08-01T09:06:00Z,b32d22dd18cf9161a46f185f162147d8f4d9f2f6e1d121c3e5b0714e,60.16629,24.95957,00000000fb7600be,20.28
252,2019-08-01T09:06:00Z,b32e57a6f5865a23d7a0e9fa346d5ec4e975f99c4df815fe8b1449b2,60.17918,24.95141,00000000675d5200,17.4
253,2019-08-01T09:06:00Z,b50a45ac0708e7b5cca42f3458430eb22ff70a81c575bafe99ffda23,60.17002,24.94407,000000006b087f40,11.7
254,2019-08-01T09:06:00Z,b5603e758440226e490d1d7d7271a7b0d5c261eccbad198f81110136,60.15432,24.9211,0000000019fb59c4,9.12
255,2019-08-01T09:06:00Z,b69604356a52f2b1b9c5de09a350f42d87f5b969e3e824d8b6b2368f,60.16829,24.94214,00000000afef4555,11.7
256,2019-08-01T09:06:00Z,b6b32d1744cab38523e13d061fa256f05d6e01d920275907327c3083,60.16829,24.94214,00000000afef4555,11.7
257,2019-08-01T09:06:00Z,b6c43126ca83e916a68e57d0178060c24fc61305836b6c8f188f7285,60.17918,24.95141,00000000675d5200,8.38
258,2019-08-01T09:06:00Z,b6f0f4101a1a258dcb1d82d77ca91000694d4fed15bd882a8e3bfe66,60.149,24.9843,00000000fffb8cf0,25.36
259,2019-08-01T09:06:00Z,b7c3b37b32d534f6824ac8d99b4c79d0cb915cab104fdb745550ea22,60.16762,24.95415,000000006b44cce7,17.4
260,2019-08-01T09:06:00Z,b8038854618ce49585b1b6da449b945625ada46d3a0e8942e9f8137f,60.16629,24.95957,00000000fb7600be,13.75
261,2019-08-01T09:06:00Z,b8fb70225ee0a2d655e2809da07a2f8cd2feb7295aa256f8b35fcf1e,60.16629,24.95957,00000000fb7600be,11.7
262,2019-08-01T09:06:00Z,bb2187a4e20012ad694c768ef2c47c9a9055671024ebf4855d4e6243,60.16531,24.9442,00000000fdda10fe,2.08
263,2019-08-01T09:06:00Z,bc82f76c979de19b559e9e3aa0cd6cbf5ac361e2d7b1ac9f81fe2f4f,60.17918,24.95141,00000000675d5200,11.7
264,2019-08-01T09:06:00Z,bd23c66c4df0bd849266a4429a24f23f2c9503cf31eb0cd9780248e6,60.18203,24.91341,00000000342570c2,23.56
265,2019-08-01T09:06:00Z,bee144e090a471427ec7878609f2446cb79f4c8d7e3c3bf0f67cf8d2,60.16762,24.95415,000000006b44cce7,9.12
266,2019-08-01T09:06:00Z,c004fa64cb7de7e87d3b91639ae5f95304fb1a90b0a0e927cea958af,60.16762,24.95415,000000006b44cce7,11.7
267,2019-08-01T09:06:00Z,c15da9ed244b57a27a083919c67d0edde078a31b18cb58f13581f173,60.1538,24.95595,0000000038bf9618,27.28
268,2019-08-01T09:06:00Z,c1674c59c49d5bf74e6808239a91d18a04e47697d298bc61a7618af2,60.16448,24.97323,0000000053c6c2be,13.75
269,2019-08-01T09:06:00Z,c1bf1bf699e9bc78ca15c9490d1ef02e3323f0c2c76bf0fca7955a69,60.14947,24.91438,000000004ef3150d,12.69
270,2019-08-01T09:06:00Z,c434f18b802a764aad7a2dfb46e93546acb1b0975cf9b93fd47363f6,60.15432,24.9211,0000000019fb59c4,6.46
271,2019-08-01T09:06:00Z,c46895857ca53c3362932d446a58c13b60d297f99ca237d4546589e8,60.16897,24.95222,00000000aa852af1,14.89
272,2019-08-01T09:06:00Z,c51beff15d228f2dab9416cadfcc60fe269ce3d9202a9cf2ec7e7647,60.16829,24.94214,00000000afef4555,12.69
273,2019-08-01T09:06:00Z,c65c11ee6e8b5894ead3ea9b007a39127edb65a67be253aca6f78ed0,60.16448,24.97323,0000000053c6c2be,20.28
274,2019-08-01T09:06:00Z,c8aef405537103b9d31a7e2dda43949f5844b9a36494f8defaf0d803,60.17002,24.94407,000000006b087f40,31.5
275,2019-08-01T09:06:00Z,c98bce1cc275ed0a1b833011f8cd251ac848fdc84501fe87eb8b5d54,60.17918,24.95141,00000000675d5200,20.28
276,2019-08-01T09:06:00Z,ca7719c7cd8d4496b666f608fc07ba9930e362a0b2d96890b0778618,60.16629,24.95957,00000000fb7600be,8.38
277,2019-08-01T09:06:00Z,cb9f54c377262ff9bcf2162f7376c879870c973cf6b356b45ad913e0,60.16762,24.95415,000000006b44cce7,18.79
278,2019-08-01T09:06:00Z,cccf3ba2a9d11b9330c18af8064a20aca9995473495bf119162a1619,60.16897,24.95222,00000000aa852af1,18.79
279,2019-08-01T09:06:00Z,cce3077cdfeedd0674391bec08ce94732557106542574c58a7f378bf,60.16829,24.94214,00000000afef4555,1.38
280,2019-08-01T09:06:00Z,d062562fed5ad0a61560e267310beb0b717d2a1e2a11d1d575507861,60.16897,24.95222,00000000aa852af1,17.4
281,2019-08-01T09:06:00Z,d16e16def718519430296afa23976c226aaf720722bce3d92a2aad43,60.14947,24.91438,000000004ef3150d,21.87
282,2019-08-01T09:06:00Z,d202b97007d597f3cc942268b02b84534ab9195b9ea38ca7fd236f63,60.17002,24.94407,000000006b087f40,20.28
283,2019-08-01T09:06:00Z,d29a5ebd00326d5dedb6c60cab75fd238bdaa9d7f703f6b5974edbc7,60.16762,24.95415,000000006b44cce7,5.91
284,2019-08-01T09:06:00Z,d327ac6c99e2bd3f17d3041840424e8568b4fbe6d3280c3e04504dac,60.16897,24.95222,00000000aa852af1,21.87
285,2019-08-01T09:06:00Z,d562afdedae521be241c98441e436608a323fdb944dedc24c835e762,60.17065,24.93641,000000000f4919c9,4.5
286,2019-08-01T09:06:00Z,d653ef8368d33df4fc7edeb5a381d5826be1471f1470aa9744d47901,60.173,24.92524,0000000096918cfa,2.8
287,2019-08-01T09:06:00Z,d65b8625c1f24304ff0e3c4a4dce7aa5d434d36be87be41834a49420,60.16531,24.9442,00000000fdda10fe,7.69
288,2019-08-01T09:06:00Z,d6e217c6592e449e2390b1a874e08cbc9126116901dbdbf84501c6b8,60.17065,24.93641,000000000f4919c9,7.69
289,2019-08-01T09:06:00Z,d74ea3c9e0aaa523c791aa01f4f9a7c1c43f01f585dc4146b19edf83,60.17918,24.95141,00000000675d5200,9.12
290,2019-08-01T09:06:00Z,d8778698d75313bf43f7255696e14eda9502d5d7a6e7315071181cc8,60.16629,24.95957,00000000fb7600be,17.4
291,2019-08-01T09:06:00Z,d95956cedfc4dfe06014194cc1071864bd835fcc014c1fd6f4d33337,60.16762,24.95415,000000006b44cce7,7.69
292,2019-08-01T09:06:00Z,d9608b9a2af02608a7ceee9bbb270e964b187a8cb489e91fb4638d31,60.14951,24.92138,0000000006dd41f6,41.64
293,2019-08-01T09:06:00Z,d9f8ff1809ebe23c7e68bb1cbb1aa6fdfaf22375abf2962da2d7cfab,60.16531,24.9442,00000000fdda10fe,13.75
294,2019-08-01T09:06:00Z,db09e59d30e841073faa26d5c3a781d50a29e13bff061b33681d6ba7,60.17918,24.95141,00000000675d5200,12.69
295,2019-08-01T09:06:00Z,dbedd81db3d59ee0c6948187e396a34e2fa5dd6670cf8d862bf5e1ff,60.16762,24.95415,000000006b44cce7,4.5
296,2019-08-01T09:06:00Z,dc00d45c0dd506326fb4dd3692d409df80cb3d871341ffff720dc834,60.16762,24.95415,000000006b44cce7,9.12
297,2019-08-01T09:06:00Z,ddae2128c72cf011df2a698a8254b8738fd07a971349ea8a5e8bfa9f,60.16829,24.94214,00000000afef4555,18.79
298,2019-08-01T09:06:00Z,deb8a213e1b4930e676ee8fdb394161ec46adb785171fa37437b4d44,60.15133,24.92329,00000000e8a064a4,10.78
299,2019-08-01T09:06:00Z,dfdad4781845931b68b01bf5d5e24743edd54d7c151a45be8a4db2ca,60.16544,24.95398,0000000038d83d41,29.32
300,2019-08-01T09:06:00Z,dfe80baf219bd267a459c954a8e3027b3f1ed29fea2a5355456d5652,60.16897,24.95222,00000000aa852af1,27.28
301,2019-08-01T09:06:00Z,e0fe7fe5854899c0eb42b75b300339808143419404558ed4d00b0f17,60.17918,24.95141,00000000675d5200,6.46
302,2019-08-01T09:06:00Z,e234769b1ce1634554f5fa4a290d11b2a30c3dfd009d4c39a2e9dd3d,60.17065,24.93641,000000000f4919c9,16.1
303,2019-08-01T09:06:00Z,e294dde431d68c7b73efcf1f9b916e40bf408111c79228032c7830a4,60.16544,24.95398,0000000038d83d41,27.28
304,2019-08-01T09:06:00Z,e2bb0ae74deee6cbc4f50c5f85da3f1779ca1db1ae7ff48ab4b33dbc,60.17918,24.95141,00000000675d5200,9.12
305,2019-08-01T09:06:00Z,e2f445c6711e0e7d48a6a045bec347587f9f398e8928a171cfa2ca38,60.16762,24.95415,000000006b44cce7,8.38
306,2019-08-01T09:06:00Z,e2f8b065913423b6cd370ba12adba60bad68b6ff2a97fbcb1d1614bf,60.16897,24.95222,00000000aa852af1,33.81
307,2019-08-01T09:06:00Z,e528235be3e5cc4945024d50d1ed43061e2e2f2845f2b41e081e1721,60.17918,24.95141,00000000675d5200,9.12
308,2019-08-01T09:06:00Z,e5cad8bb9a6c8dcc067948d7f869033aca5bdd062da175c8734092e6,60.17918,24.95141,00000000675d5200,6.46
309,2019-08-01T09:06:00Z,e729325b3fe611c9dc2290efdcb3efa71b6d425282d0e683f1435dbf,60.17918,24.95141,00000000675d5200,9.92
310,2019-08-01T09:06:00Z,e73dcccbc4dd6af49316f19a34c347cc94ff7ab079a93a2672d78a16,60.14947,24.91438,000000004ef3150d,27.28
311,2019-08-01T09:06:00Z,e8add7e8346b99cd4b67924113f3763441a1899897c6d1ac3a1a40a6,60.17918,24.95141,00000000675d5200,16.1
312,2019-08-01T09:06:00Z,e9064a62fac257836cb6fbcf0d84fab1ebdfa46bd6734632f1e6f116,60.16829,24.94214,00000000afef4555,13.75
313,2019-08-01T09:06:00Z,e9275b4d525e0593374e00e9cf9885062a1699ecb3462c758a025ef1,60.16762,24.95415,000000006b44cce7,9.12
314,2019-08-01T09:06:00Z,ea3f8412ed9c4d92448688dd9cc7ff9e3eeb5fe4373d0953bf0349c1,60.16531,24.9442,00000000fdda10fe,16.1
315,2019-08-01T09:06:00Z,ea94130fbb3464dc656765cfddbad802ddfafb1af8007cb5f42cd41f,60.16829,24.94214,00000000afef4555,4.94
316,2019-08-01T09:06:00Z,eaf572301dc5c1eaff007bc1886cce8f0f5e92a233b8686ed2a1a9cc,60.17065,24.93641,000000000f4919c9,20.28
317,2019-08-01T09:06:00Z,ec2dd83e04d225caca9f6b9d28bd3080ed37c5bf42e5f65123fa2394,60.17065,24.93641,000000000f4919c9,11.7
318,2019-08-01T09:06:00Z,ec7121833f0e4b509d683b00a9c5e992e4b84882cb857145102e14f4,60.16531,24.9442,00000000fdda10fe,2.08
319,2019-08-01T09:06:00Z,ec8c0160ac1ee5aeaf6204956c9db2ee4f98f55ae3fe1ec0af07fab8,60.16762,24.95415,000000006b44cce7,4.5
320,2019-08-01T09:06:00Z,ed86f884272a5a400b55bfd4f22bc8cc5d6fca7fe26eee3c39cb3c52,60.15432,24.9211,0000000019fb59c4,11.7
321,2019-08-01T09:06:00Z,eef621895ee74145a6d76c5f5493a93d7c728c80abe45a2e1933ae9f,60.16897,24.95222,00000000aa852af1,17.4
322,2019-08-01T09:06:00Z,ef67b9e4617f284b84167b4bdaff71108579a33ced0a2450ff25a1a1,60.16629,24.95957,00000000fb7600be,14.89
323,2019-08-01T09:06:00Z,f03d20d6bb80ce0745cb0fbed6619e0a6288bfffd08e9aabce1692ba,60.17065,24.93641,000000000f4919c9,21.87
324,2019-08-01T09:06:00Z,f1447725764ec0dca245fc67f2aa0a0c42e6b05808076aa74f0c1e7e,60.17918,24.95141,00000000675d5200,10.78
325,2019-08-01T09:06:00Z,f1b28329fc91f4708ca34857c5582c0bf1b7d0ab06127746029cd72c,60.17918,24.95141,00000000675d5200,7.05
326,2019-08-01T09:06:00Z,f20935810c1567a80c288016c4d4dd32fe86b3479f47ae7dd64d15cc,60.15432,24.9211,0000000019fb59c4,9.12
327,2019-08-01T09:06:00Z,f29ed00b645af4bbf50174e71f58a9b691d2e2342e59eda242d97380,60.16829,24.94214,00000000afef4555,12.69
328,2019-08-01T09:06:00Z,f4bbc3077da0455d4340da2eed204915327b75a792080724548b4956,60.17918,24.95141,00000000675d5200,8.38
329,2019-08-01T09:06:00Z,f503a41d3e8b9b57628f4f061c1d8e0c53c62dd8a6fe38d212958ee6,60.16075,24.95883,00000000f1124bca,5.41
330,2019-08-01T09:06:00Z,f52cde4e27717d6fcbbb45f656803df20a2692a8067620706a521dd7,60.16897,24.95222,00000000aa852af1,23.56
331,2019-08-01T09:06:00Z,f562b1903f67e226973ef1d1beaa993d24ca93d25d025c5224650c27,60.16448,24.97323,0000000053c6c2be,25.36
332,2019-08-01T09:06:00Z,f60a6068c654587fa981390a039456a2fdd85e02c009df547e204a45,60.16829,24.94214,00000000afef4555,7.05
333,2019-08-01T09:06:00Z,f6cf28e5c5a403b1d1d98d925536c19ef5861ddbd1a345e11d477896,60.18203,24.91341,00000000342570c2,17.4
334,2019-08-01T09:06:00Z,f741519cf6f519194bb45b9da0e69bda8edb903e3c24d4140f340467,60.16762,24.95415,000000006b44cce7,9.92
335,2019-08-01T09:06:00Z,f77f8836e641389801309c311e926c1662264ab16efd01cd5bf27baf,60.16762,24.95415,000000006b44cce7,7.69
336,2019-08-01T09:06:00Z,f803aeb1f00a057ed31451d0f3d132f27fec17305dc699176ac5339a,60.16897,24.95222,00000000aa852af1,27.28
337,2019-08-01T09:06:00Z,f9e527876f8dfe750fd29bc42664bbf572aed5d09d344a8934a83d90,60.17065,24.93641,000000000f4919c9,3.4
338,2019-08-01T09:06:00Z,fa9f19c58a086fde9429d732b1eec80eacf5fc1b2c0124d17243d008,60.17918,24.95141,00000000675d5200,3.09
339,2019-08-01T09:06:00Z,fb2df85c8938d6a1bbd1ff0a1cd8aa23480ae08dc39d2b584ed35e14,60.16762,24.95415,000000006b44cce7,13.75
340,2019-08-01T09:06:00Z,fba6e66dd09200012637e0b454c96fd7a5459b7e8b0ba01863cdbd77,60.16762,24.95415,000000006b44cce7,2.08
341,2019-08-01T09:06:00Z,fdb3239bb0017def73005dc66a8d674c713493499c8feff7a6c01018,60.16762,24.95415,000000006b44cce7,18.79
342,2019-08-01T09:06:00Z,fea1453360073dfc1896bf1f005f51addb49661f953e16cffba3c63d,60.16531,24.9442,00000000fdda10fe,9.92
343,2019-08-01T09:06:01Z,0fff89885f08417f20aadfdbf62a372277e9085bcd024374b772ecac,60.16531,24.9442,00000000fdda10fe,25.36
344,2019-08-01T09:06:01Z,144afc51fc2443c7031a2912566eff2ce60226a49d6d2bd7c2923700,60.16544,24.95398,0000000038d83d41,23.56
345,2019-08-01T09:06:01Z,14c7e1511b70f4dd3359cbece1377aebb4d70531f5489eefe53d7c3c,60.16544,24.95398,0000000038d83d41,23.56
346,2019-08-01T09:06:01Z,15918569de0a46a8eb56b43d8d39f7fc82619ff1006f00822c85745c,60.17918,24.95141,00000000675d5200,1.54
347,2019-08-01T09:06:01Z,1f0f0628cdc688d76bde2b82bee5b9b4916bf0bbdfe76cf3213e1c65,60.15432,24.9211,0000000019fb59c4,21.87
348,2019-08-01T09:06:01Z,29f37c7486060f7f74f542c60cf9b1accfa544b255a22aee53b99cec,60.16897,24.95222,00000000aa852af1,11.7
349,2019-08-01T09:06:01Z,2a93b61a3863ace54349d7a0937e4134fcc6d4dfcf064eefae2b7cf8,60.15432,24.9211,0000000019fb59c4,25.36
350,2019-08-01T09:06:01Z,2f33dacc8bf2b0b809b88130b46696c922929e1eb8ea92017f05509a,60.16448,24.97323,0000000053c6c2be,17.4
351,2019-08-01T09:06:01Z,35c6573a3fdd07d91dacb331df71f349703fbecb50875602452d3b83,60.16762,24.95415,000000006b44cce7,7.69
352,2019-08-01T09:06:01Z,43b676ed3aef4c2d8846694817e76117873be52e7f788e0cb366c1c4,60.16629,24.95957,00000000fb7600be,33.81
353,2019-08-01T09:06:01Z,5d65719c4cbf045f068d084b72302f447d5fd034413d97d13be00d0e,60.18203,24.91341,00000000342570c2,20.28
354,2019-08-01T09:06:01Z,6a657079c1bdc8114c289be1ddd83e5846d4279a920d1697b8ff0033,60.18203,24.91341,00000000342570c2,25.36
355,2019-08-01T09:06:01Z,6ff437688c444238352c28f64f9d2a7d0f14d19c9ea42c225380501e,60.16762,24.95415,000000006b44cce7,12.69
356,2019-08-01T09:06:01Z,76c7f42283513d0e289bf786d89463b5025b2ae0f4e13519a4cf228b,60.15432,24.9211,0000000019fb59c4,17.4
357,2019-08-01T09:06:01Z,78d5f60b36b59c06c3988b94e11744bb3aed5dcbc214f91f228bf892,60.16448,24.97323,0000000053c6c2be,20.28
358,2019-08-01T09:06:01Z,84fdfd8881f633c5f0c71c1480053953ca4b05e848052d97c063ad38,60.1538,24.95595,0000000038bf9618,25.36
359,2019-08-01T09:06:01Z,87dfaad29a9276ddddb1fa021d3bc23ad14824c1af16f7d87e713689,60.14951,24.92138,0000000006dd41f6,10.78
360,2019-08-01T09:06:01Z,8cc6ddaa460aeae8cc9e8a33f91a01c8cd4c0c8bf8a943210a28c84d,60.1538,24.95595,0000000038bf9618,14.89
361,2019-08-01T09:06:01Z,9843c6216661048343a0e49cf3d8aa2883cf77f452666a1c873a1052,60.16448,24.97323,0000000053c6c2be,13.75
362,2019-08-01T09:06:01Z,9d03d14afa49576281aa26db60e517f7c1ec8aa36f7756959a860a8a,60.16629,24.95957,00000000fb7600be,12.69
363,2019-08-01T09:06:01Z,a9da1ee82e3b670e276c26b483dd50f4a6d0c6f77ef82245d3ae6086,60.18203,24.91341,00000000342570c2,12.69
364,2019-08-01T09:06:01Z,ab0f67c0c0e1ba5eac9013f9c314feadf340ddf08543b91e70483594,60.16544,24.95398,0000000038d83d41,23.56
365,2019-08-01T09:06:01Z,b0c82453673a2548023536c4c64cc8666bc8792a27f8d099d618adb5,60.16544,24.95398,0000000038d83d41,33.81
366,2019-08-01T09:06:01Z,b1f358076ba79ef902a36ca8ae3f8ec7c93308a67c479345bfdbdecf,60.1538,24.95595,0000000038bf9618,36.27
367,2019-08-01T09:06:01Z,b4faf2d3c4d2b199afeab6ab63b583fe3a2e81e14abbef6917f25129,60.15432,24.9211,0000000019fb59c4,18.79
368,2019-08-01T09:06:01Z,b5fd6b317890e5ab2d79e2cd1abe61626d45a753c7337d0d40728898,60.16762,24.95415,000000006b44cce7,9.92
369,2019-08-01T09:06:01Z,c0fc984aaabfa27a2173a0a540e05b43fa0fa2e03f530aa33146030c,60.16829,24.94214,00000000afef4555,20.28
370,2019-08-01T09:06:01Z,cf05623e4d87ce0906c0b0b7dbf53aacc1228016cd27c341228b6e76,60.18203,24.91341,00000000342570c2,29.32
371,2019-08-01T09:06:01Z,d127ead865385b64ae537a703a26be15fae4b5332ce0fbf03d5e0c23,60.1538,24.95595,0000000038bf9618,36.27
372,2019-08-01T09:06:01Z,d178749a24c32676d0da0f51ae6ff63c456499d4b1814af8fa75ca9e,60.16448,24.97323,0000000053c6c2be,6.46
373,2019-08-01T09:06:01Z,dd2c9c82cf3737146294aff6f814a1349fb0bc4bedf518715dacbe8f,60.18203,24.91341,00000000342570c2,10.78
374,2019-08-01T09:06:01Z,df89b51aeaaa1a8c64db45d6c35f918b650806b37aea9b50246a3267,60.16829,24.94214,00000000afef4555,20.28
375,2019-08-01T09:06:01Z,ec72ef080c605e71978aed0d3b5f22c3c3133677a43c614b72eedc6d,60.14699,24.922,00000000a53ed894,27.28
376,2019-08-01T09:06:01Z,f088630d7476dae7d4b7e2bb1f10575f2c89acb4b6e061f3d57c2b40,60.16531,24.9442,00000000fdda10fe,17.4
377,2019-08-01T09:06:01Z,f22981c21af00fc334b3d8bdd523e23a50384666e97815f0ec1dc0ac,60.16897,24.95222,00000000aa852af1,21.87
378,2019-08-01T09:06:01Z,f7e45613ad966fea53fab73b435ba3a087c774e36596b3a5156a3487,60.16829,24.94214,00000000afef4555,3.74
379,2019-08-01T09:06:01Z,f83d4b6b8ffbf8a674d212e32100b2360b80261b4e9207d77c0b0ed3,60.17918,24.95141,00000000675d5200,3.4
380,2019-08-01T09:06:01Z,f99c5dd8cc08bd2353083d875ce8bc585fb2c2ff8427b90d92f571de,60.1538,24.95595,0000000038bf9618,23.56
381,2019-08-01T09:06:01Z,fc4f3a44235f1cfc7b53f14ba2da599976a5a0a220d23b852688e485,60.17918,24.95141,00000000675d5200,20.28
382,2019-08-01T09:06:01Z,003df90ad3d2a718b8afbb46befc7b616ad6b8a25b63fcc99e515eed,60.16629,24.95957,00000000fb7600be,21.87
383,2019-08-01T09:06:01Z,0097b685a95e22fc898384590c0f5bf87d9831b8750326fbf9a740c3,60.16829,24.94214,00000000afef4555,18.79
384,2019-08-01T09:06:01Z,00d98e49fc01c16216b630f9fdf19ce9826d27552ce2fa4676de957b,60.16829,24.94214,00000000afef4555,4.94
385,2019-08-01T09:06:01Z,011372b726688a0c953368b50bc5a1cb0212c17dbecc587d9f9d75ce,60.16629,24.95957,00000000fb7600be,20.28
386,2019-08-01T09:06:01Z,02050a536056486b1bf139282f0d0a3af63def1d56ff0c73ac51bb19,60.14947,24.91438,000000004ef3150d,18.79
387,2019-08-01T09:06:01Z,023083c44c772667f1727e01c74518889b2a82d78ceb28c08b6f8a20,60.16531,24.9442,00000000fdda10fe,10.78
388,2019-08-01T09:06:01Z,0362cc670dcfab795a3911957b6a177416bf9b99d0e2732716796c4d,60.15432,24.9211,0000000019fb59c4,13.75
389,2019-08-01T09:06:01Z,03f427d436ba092925de462b11374bdbdab0443620037675621fbc11,60.17918,24.95141,00000000675d5200,10.78
390,2019-08-01T09:06:01Z,04c26e81b9a9c7fbc6060d74236c616220c3cd580100a0c58a62ea1a,60.16897,24.95222,00000000aa852af1,25.36
391,2019-08-01T09:06:01Z,063935180fff0e58de5d319ecb9320cf794423e3c6aeac0cca8f1a9f,60.16897,24.95222,00000000aa852af1,8.38
392,2019-08-01T09:06:01Z,0670a01b5d0e505e7ec50165f157d60f57a5bb3b6c65922412509ab2,60.16829,24.94214,00000000afef4555,23.56
393,2019-08-01T09:06:01Z,06753eb9c56292934b34f1c8d302486ee36fd733da500c23c70a53cd,60.16448,24.97323,0000000053c6c2be,17.4
394,2019-08-01T09:06:01Z,08f9fd60f852d3502bfa509c955e9963e73954f961d55ba8cd46cae9,60.16629,24.95957,00000000fb7600be,10.78
395,2019-08-01T09:06:01Z,0951ec0c700dba7330b8e8181fc852becde054d0dc7474d1488db3cd,60.17065,24.93641,000000000f4919c9,23.56
396,2019-08-01T09:06:01Z,09c18351fb3ec5c42a5bd7971945d69dc9ceaab04c55ee21cebd5349,60.18203,24.91341,00000000342570c2,33.81
397,2019-08-01T09:06:01Z,0bbf3e8a8b496959ba413e4ebbe23719511fa4c9dd914960054d7c7f,60.16762,24.95415,000000006b44cce7,14.89
398,2019-08-01T09:06:01Z,0be2a3b6b9e65388a4a4610e68e8a155d49d54abdac339e46f273184,60.17002,24.94407,000000006b087f40,17.4
399,2019-08-01T09:06:01Z,0c1684b697a63d7f47ebaedcfa060b3b4af294fec1e62d613699291a,60.16897,24.95222,00000000aa852af1,7.69
400,2019-08-01T09:06:01Z,0e62c7194170ff5abcdede8e7bb2dc9370e053dcd7957fc62f077453,60.16829,24.94214,00000000afef4555,17.4
401,2019-08-01T09:06:01Z,0f8e18e52422d7fb71594f8dbfc8bb5ae986eb9f664407f954e275b4,60.16762,24.95415,000000006b44cce7,12.69
402,2019-08-01T09:06:01Z,1069967e3921871955b1b2b42e60f829c593a3e024401bfe61ae410e,60.16629,24.95957,00000000fb7600be,16.1
403,2019-08-01T09:06:01Z,1074ffc7b33a1a8b54ea8f31d0f43ba07ed2ad7841b548f9bd4b9bad,60.17065,24.93641,000000000f4919c9,23.56
404,2019-08-01T09:06:01Z,10d0fed0f7d40b253b5fc5a53297dc9af8bb76fa6f34d5e71383cb62,60.17918,24.95141,00000000675d5200,12.69
405,2019-08-01T09:06:01Z,12b9b313e577dbbb9619247e0a5ded14c2b56bede5b421cac44f9597,60.16448,24.97323,0000000053c6c2be,29.32
406,2019-08-01T09:06:01Z,139a5aa448338146cf9202768e1eeb804d164d71d9bc8c7fa8f5d06f,60.16531,24.9442,00000000fdda10fe,14.89
407,2019-08-01T09:06:01Z,13a759fd293cbde0d55db753d853768b718e59036c4007d2e3a8757a,60.16762,24.95415,000000006b44cce7,4.94
408,2019-08-01T09:06:01Z,13cbade1d832c78b1a0a68fd9a6559054370eeae58247347955ee632,60.16897,24.95222,00000000aa852af1,7.69
409,2019-08-01T09:06:01Z,141a580597619f20b14d71a17562763921dafbb27c8aaaa8700fd522,60.16829,24.94214,00000000afef4555,21.87
410,2019-08-01T09:06:01Z,141ffc858c3ea6a2e69c954115114304736a35dc25ec947323090dc0,60.16762,24.95415,000000006b44cce7,9.12
411,2019-08-01T09:06:01Z,15a3cdd20e3ce88c179a07d78a2d5fdda854b0fef8441d8cb3aebde8,60.17065,24.93641,000000000f4919c9,27.28
412,2019-08-01T09:06:01Z,15b314157b22b2a5bf8a39539a049ce73e7baa21b0ce24f21718ce4a,60.17002,24.94407,000000006b087f40,14.89
413,2019-08-01T09:06:01Z,15f0c7729a45bd0fc3da95ba2b96438413942d1d46ab4add644c9f45,60.16762,24.95415,000000006b44cce7,29.32
414,2019-08-01T09:06:01Z,16e18d478be872d2a9801fa885d08edeb3f5ae1840b38478f9baf535,60.17918,24.95141,00000000675d5200,14.89
415,2019-08-01T09:06:01Z,190cdde22bc3e3a41cd0f9da7efb3a917bc09e8034b05ca6064ea8a8,60.17918,24.95141,00000000675d5200,10.78
416,2019-08-01T09:06:01Z,1be12a4f71b98dc9509141bc1a766b833b6c15dc22303f7006afbe96,60.17065,24.93641,000000000f4919c9,21.87
417,2019-08-01T09:06:01Z,1d70ff49909e1d6fb653ae053aa78084daf385dbbd2ad22b05707309,60.16829,24.94214,00000000afef4555,14.89
418,2019-08-01T09:06:01Z,1da40c618e0432bb037d08723b65821f6223509e8b4033a4b4190047,60.17065,24.93641,000000000f4919c9,27.28
419,2019-08-01T09:06:01Z,1dcff36b6f83b08b6ea87c1c1018c542c270299839908ca446dffb39,60.16762,24.95415,000000006b44cce7,9.12
420,2019-08-01T09:06:01Z,1e3044c19f6913531b6dd4bccb88ad02c1b39192513ccffa05444edb,60.1538,24.95595,0000000038bf9618,29.32
421,2019-08-01T09:06:01Z,1e3af5697f0a2ae45f261da79e4ba71c868dc4d78008bd1995fe6259,60.16448,24.97323,0000000053c6c2be,17.4
422,2019-08-01T09:06:01Z,1e6029f749dce72746f03dcc61a1986b14438610b7ff6a19c8165e6f,60.16829,24.94214,00000000afef4555,13.75
423,2019-08-01T09:06:01Z,1eadb2c1984aa73c3c2f13eab0a2e793331443c617681e36887f0bcc,60.16629,24.95957,00000000fb7600be,20.28
424,2019-08-01T09:06:01Z,1ecbc7c6afe89033252e5510cbb893666af2b3bc29f555a3a6287fdb,60.14951,24.92138,0000000006dd41f6,3.09
425,2019-08-01T09:06:01Z,20b37aa6c3ad0dfea9c182498905a450537b0efbbd8563b205e93afd,60.16897,24.95222,00000000aa852af1,10.78
426,2019-08-01T09:06:01Z,227fd98ceb97d84d0c2c3af35c32cee7a87aea62d71b1a5353ae3588,60.17065,24.93641,000000000f4919c9,27.28
427,2019-08-01T09:06:01Z,2283762fe3af8329ae65aec44de728da8f383810e9f2a3d3b84fa031,60.16897,24.95222,00000000aa852af1,18.79
428,2019-08-01T09:06:01Z,22ac1ab1c590ea19b44c61c42f5e8da29a6acbabf56676527811507a,60.15432,24.9211,0000000019fb59c4,3.4
429,2019-08-01T09:06:01Z,22b68b1dc6e6d815ca8e6afbd434ae0e229670798c443052e7444648,60.16762,24.95415,000000006b44cce7,4.5
430,2019-08-01T09:06:01Z,25479245e5a8b0fe47e2bd590cdd63256d84afd6c164781dc64e527d,60.149,24.9843,00000000fffb8cf0,4.5
431,2019-08-01T09:06:01Z,2552cb43d7990bde838673115a742078e343ce93f96257728311655d,60.16897,24.95222,00000000aa852af1,23.56
432,2019-08-01T09:06:01Z,25d340d14d855b8c18b2c6f2551ec98a1eb047d1fd3457ba881ddf28,60.17918,24.95141,00000000675d5200,20.28
433,2019-08-01T09:06:01Z,272c160f908f30259011e0e3a4c2e3ea475ffb602ae6864364fe96be,60.149,24.9843,00000000fffb8cf0,20.28
434,2019-08-01T09:06:01Z,277fcf3cc917a89b46a34e0cf5164a78f5bcc88d92bb45ded60f1a91,60.17065,24.93641,000000000f4919c9,7.69
435,2019-08-01T09:06:01Z,279fb0bcbbad5140c3a5cb21f606be809b1e94f43f38c17ebade63a4,60.16544,24.95398,0000000038d83d41,31.5
436,2019-08-01T09:06:01Z,2823bf6afde4a5cc05342c15e7417c9590ba52264be5793bb688faab,60.17065,24.93641,000000000f4919c9,21.87
437,2019-08-01T09:06:01Z,28296ae2b460df2f6807f8a84b81e5ebd24677a05bded29111dc33a4,60.17002,24.94407,000000006b087f40,20.28
438,2019-08-01T09:06:01Z,284461b9e3468dcf02faf4cdb7836f4a2463a7b1d46198dce3bd88b6,60.17918,24.95141,00000000675d5200,23.56
439,2019-08-01T09:06:01Z,28ce50ca84cdcd4c17a36ac666e7ac0267b6ab5b77f4bfb08b2573a1,60.16762,24.95415,000000006b44cce7,5.91
440,2019-08-01T09:06:01Z,28d50861d92f962c7a49eabaa524431aebf52870e44b79f77d7167c6,60.17918,24.95141,00000000675d5200,14.89
441,2019-08-01T09:06:01Z,2a8ba80ac4fbda4f91ebfa759642c857fd090516070753d41bb7d6ad,60.16829,24.94214,00000000afef4555,13.75
442,2019-08-01T09:06:01Z,2bf8b355af7fc80970ed350e4579dfc9aa8ec85af6c13517cc2dab44,60.17002,24.94407,000000006b087f40,11.7
443,2019-08-01T09:06:01Z,2c184c9cc9c9a744c6959766a13f23462ffce29c252d073a252b6a7a,60.16762,24.95415,000000006b44cce7,9.92
444,2019-08-01T09:06:01Z,2c1dcbe1930bbd0596b8dea9e2abc4e49a10db5a1fbd25f103aaf5a4,60.16762,24.95415,000000006b44cce7,9.12
445,2019-08-01T09:06:01Z,2c6810efb2565383ca0a554f3c51f3f7905484357f5e00756dbf091a,60.17918,24.95141,00000000675d5200,2.8
446,2019-08-01T09:06:01Z,2dcc113a258bced083c9729d8e62d6001f909ce1c9dac69fa7bead83,60.17065,24.93641,000000000f4919c9,20.28
447,2019-08-01T09:06:01Z,2ea9a23b1a04016fb4810d1ceb5731d90774224fd9235877005a4e1c,60.16897,24.95222,00000000aa852af1,21.87
448,2019-08-01T09:06:01Z,2f09364857883d78a23aab14ac85e389ce786d0938e13cee655a7dbc,60.16762,24.95415,000000006b44cce7,20.28
449,2019-08-01T09:06:01Z,2f43b7a683b0d365a46b6259a032813c293472eaedcdbcc3507adee5,60.17918,24.95141,00000000675d5200,14.89
450,2019-08-01T09:06:01Z,2f7636d34066fc720664bb0b85ba6e0a9db63eadebf93248bdf9e941,60.16762,24.95415,000000006b44cce7,27.28
451,2019-08-01T09:06:01Z,2f79108a454c0072885ad1447280ed5098d061b229eaae61a8bb67be,60.15432,24.9211,0000000019fb59c4,16.1
452,2019-08-01T09:06:01Z,2f82b3546af2df53b58cddc668c9aa196554108cdf39120ea40b417c,60.16629,24.95957,00000000fb7600be,11.7
453,2019-08-01T09:06:01Z,312e78d3624e87e1645e7d54f96facd8a2321d6e65a3ef0620fb1d42,60.16531,24.9442,00000000fdda10fe,23.56
454,2019-08-01T09:06:01Z,31b02b3b271f6feef9e49d9285929ff1c25a11e608fc5d70bc6a1fac,60.16897,24.95222,00000000aa852af1,18.79
455,2019-08-01T09:06:01Z,3227dbecd3a095676006e4ad615dc2aea1f506c310c940230a15ac94,60.17919,24.95181,000000007b5207b6,17.4
456,2019-08-01T09:06:01Z,33fa4cb82db5b44ffe6e7ae1039635187f90d1df328f8f139da0c693,60.17918,24.95141,00000000675d5200,1.88
457,2019-08-01T09:06:01Z,3480c16a6649952c388d8902596e332f018e609b9585f483353ae026,60.17065,24.93641,000000000f4919c9,13.75
458,2019-08-01T09:06:01Z,34e96c7caa63e7ede8f428b18e8fb556ac235d61a50c9d6ac7ff268f,60.17918,24.95141,00000000675d5200,20.28
459,2019-08-01T09:06:01Z,359348d27f82b0270a68e954bff8bde5e1a2a32949c7088f12ce7dc8,60.15133,24.92329,00000000e8a064a4,25.36
460,2019-08-01T09:06:01Z,3609f484ad7e56259f60a61aba44f22dfca5c8b2564fce7e802ad342,60.16829,24.94214,00000000afef4555,1.7
461,2019-08-01T09:06:01Z,367b1989198ef11170dd9fcfa7e6ebb5ceb58aab87c613ee1bb86e8c,60.16531,24.9442,00000000fdda10fe,9.92
462,2019-08-01T09:06:01Z,3685ee6d322dcb2ad0ae181f66c3c5427d4531d7896d2f5f7571bb6d,60.16762,24.95415,000000006b44cce7,9.12
463,2019-08-01T09:06:01Z,36fe97cd2ec69118778c771a87593630f8a6a2cb77d9ce72f845cd3c,60.16762,24.95415,000000006b44cce7,7.05
464,2019-08-01T09:06:01Z,38fb20c6d55b10dd10a39c0fb41ad61297453e25afda81cf32313ae3,60.16531,24.9442,00000000fdda10fe,20.28
465,2019-08-01T09:06:01Z,39c6456ee66fe96eee3d97cee2a70923cedb3da760bb5d4d413adb9c,60.17918,24.95141,00000000675d5200,3.09
466,2019-08-01T09:06:01Z,39e9fa7033887b7ab339887aa68753ff94d4771cda2bb8ff4ea7aa0a,60.17918,24.95141,00000000675d5200,16.1
467,2019-08-01T09:06:01Z,3a1afdcf7c2e5a52cdbcbbe29e8281c184037e8720920c6c75bee339,60.15133,24.92329,00000000e8a064a4,13.75
468,2019-08-01T09:06:01Z,3a2f1a2c6c645bd161943b3f19c171d021512d7a8c4273ed3022f5df,60.16829,24.94214,00000000afef4555,17.4
469,2019-08-01T09:06:01Z,3a38ba36c098f2741d6c5fb5a751fcd074d05d698ac592ca09ab443c,60.16448,24.97323,0000000053c6c2be,23.56
470,2019-08-01T09:06:01Z,3b124e1851087531134d5e5d0a10b6afe3551982609a81a19dd969dd,60.16829,24.94214,00000000afef4555,9.12
471,2019-08-01T09:06:01Z,3be40c84926a525adbd09eeeb3a12b73b24c633942b2e1fbe8151ac3,60.16448,24.97323,0000000053c6c2be,17.4
472,2019-08-01T09:06:01Z,3cc82d532d2a768e0c987e2653e32825a8b11fc2f7ba36388535f6e2,60.16075,24.95883,00000000f1124bca,25.36
473,2019-08-01T09:06:01Z,3eea43670f4f29a90ced59c1af122371340275fb61ff8f14c7120658,60.16762,24.95415,000000006b44cce7,7.05
474,2019-08-01T09:06:01Z,40646914186edc6142b7fc3daf766121b55f5bb36ea38facff686ea5,60.16897,24.95222,00000000aa852af1,14.89
475,2019-08-01T09:06:01Z,40825cb0d315c92e0e0a73cc8e86c3b763bbf7ce226f112913e05e0f,60.17065,24.93641,000000000f4919c9,18.79
476,2019-08-01T09:06:01Z,41a0ca2955e0ae0324f6e14aeb77ebfaac5305e31d86c42a20277b94,60.15133,24.92329,00000000e8a064a4,12.69
477,2019-08-01T09:06:01Z,42844e90c7134ebb3ec325f57cd27cd24711c779548ebc8692a820d5,60.14951,24.92138,0000000006dd41f6,3.4
478,2019-08-01T09:06:01Z,432417b4972b744ded3410777a6bbb583cf56172bf3436ddbe48a21d,60.16762,24.95415,000000006b44cce7,12.69
479,2019-08-01T09:06:01Z,43e023a8726ec4c53a8cea6dcaa79e722da4677e37f3f6c9d3cc9873,60.16544,24.95398,0000000038d83d41,25.36
480,2019-08-01T09:06:01Z,4470412c4b059a920f2699fbfb72b261e0847b3e1caa8c71d2edd5a2,60.16448,24.97323,0000000053c6c2be,21.87
481,2019-08-01T09:06:01Z,44cd682aaef3e1d1bc2b0eac71d75bb3a951f74d7c93810d260dfd07,60.16829,24.94214,00000000afef4555,16.1
482,2019-08-01T09:06:01Z,4642dfa1df839f11e64f68bca4e3dce7bde2ff6dd68c54959fcb4788,60.17918,24.95141,00000000675d5200,2.54
483,2019-08-01T09:06:01Z,4682d95464cedcc021f38271a51bab9c000762b4acf802070e259ba2,60.16629,24.95957,00000000fb7600be,17.4
484,2019-08-01T09:06:01Z,48004849b2f48b2314aa9175433d754db1641b949bb8cf050e2dd128,60.17918,24.95141,00000000675d5200,18.79
485,2019-08-01T09:06:01Z,48c0ea6615ac4c02fc9bc0e06f9ea9309f9bf7e73b4324d7a6b14610,60.16829,24.94214,00000000afef4555,3.74
486,2019-08-01T09:06:01Z,49bbad87e4d6cd03bdb073bde7be91193d74d29943badce7fc536916,60.16448,24.97323,0000000053c6c2be,14.89
487,2019-08-01T09:06:01Z,4ade4f0d92c6157a42d7fd8e353d1c93551324ba47cc134b840a6c63,60.16897,24.95222,00000000aa852af1,4.5
488,2019-08-01T09:06:01Z,4afcc27c652d3d50a44d060f84e33dd4b17529d982928dae936cf10f,60.16448,24.97323,0000000053c6c2be,27.28
489,2019-08-01T09:06:01Z,4ba529eeafb27285cbbade6e5ece0d4d04bd2d13c98b27a5d17abd22,60.16897,24.95222,00000000aa852af1,3.09
490,2019-08-01T09:06:01Z,4c8696833edf46025bc9b5f589679b77a73c857736036aa9ef6696e5,60.17002,24.94407,000000006b087f40,20.28
491,2019-08-01T09:06:01Z,4e2a3b0277341537d1d4cde8e18ee4562952168aa2f7aff200f33c02,60.16629,24.95957,00000000fb7600be,17.4
492,2019-08-01T09:06:01Z,4f609afde0ba5cb017ba3c549bdd11ff322a2e0227a0f11a9d112220,60.16762,24.95415,000000006b44cce7,21.87
493,2019-08-01T09:06:01Z,4f9125edf503fe3cb0ba1e1221fe6a67aafd99fcd89fd92d2bf20e97,60.16897,24.95222,00000000aa852af1,14.89
494,2019-08-01T09:06:01Z,5001aabb6808b9fd96b705d1ebe8e7aca52713c2640100d81879dd86,60.17918,24.95141,00000000675d5200,21.87
495,2019-08-01T09:06:01Z,51ec42fdd85671ae93876c3d875b24e56cb45699e9c3d2b623dca70d,60.16762,24.95415,000000006b44cce7,21.87
496,2019-08-01T09:06:01Z,52a014f48d4cbea1c0f6d65fec5a422a1dcc3f4162b24164dc50d317,60.16762,24.95415,000000006b44cce7,16.1
497,2019-08-01T09:06:01Z,5372348389197e6c4bc4c5e3dab047e7384d562220e6295904bbda1b,60.17065,24.93641,000000000f4919c9,4.5
498,2019-08-01T09:06:01Z,54bd709173219e8017f317b63ecc83d0a48f64542e6fa1b83c86a56c,60.17919,24.95181,000000007b5207b6,4.5
499,2019-08-01T09:06:01Z,556cae6b2e2dec6fe691a835e8e08bd016b1a65797c0aca46879329f,60.17918,24.95141,00000000675d5200,16.1
500,2019-08-01T09:06:01Z,559429bba23762a872fc7b1e2219d42125ab101e4355d43fdb94ed7b,60.17918,24.95141,00000000675d5200,4.94
501,2019-08-01T09:06:01Z,559e6a5225ce35ab844c63ea0d0c1695dc490a3d9cfbafa5d35ac8d8,60.14947,24.91438,000000004ef3150d,14.89
502,2019-08-01T09:06:01Z,560816066eb4d44c34d0d56c57c994c0cccbd36fef545059b8e4d9d7,60.14947,24.91438,000000004ef3150d,9.12
503,2019-08-01T09:06:01Z,5830a481876da00686f25b17dad06258a39212c0816ed04dda2df1bd,60.16531,24.9442,00000000fdda10fe,16.1
504,2019-08-01T09:06:01Z,584cb0b0cdd14e608c8b57c8aecc9826f9b40027e365e2438a444ea2,60.16762,24.95415,000000006b44cce7,9.92
505,2019-08-01T09:06:01Z,5865a27b5b56a60bca38e4a1403655e3e7fd0232a3ff2079965aff81,60.15432,24.9211,0000000019fb59c4,6.46
506,2019-08-01T09:06:01Z,58754229cd3381042c5ffda79c0108c5f77aa1f0f6d1468b9cb42b4c,60.16829,24.94214,00000000afef4555,13.75
507,2019-08-01T09:06:01Z,5978726eeef638856dafd3a8d199287f8daf9e90ddde750b402f8bb0,60.17065,24.93641,000000000f4919c9,1.25
508,2019-08-01T09:06:01Z,5a3004325b5a058e02fb9f32ef4f7e9cc465240cbda7a7e4ec89d2de,60.16629,24.95957,00000000fb7600be,11.7
509,2019-08-01T09:06:01Z,5a8d671a78b976d212d9746d88b9a754a2d9c8341c529e88b7c6b8f4,60.17065,24.93641,000000000f4919c9,29.32
510,2019-08-01T09:06:01Z,5b06617477af6dcee75a94ac347364b50f6f3b5b7d747e5413d9ad58,60.14947,24.91438,000000004ef3150d,7.69
511,2019-08-01T09:06:01Z,5c1f71098d5d7258d2971061c791c94e0138c8e02225c5f60d6a0428,60.149,24.9843,00000000fffb8cf0,21.87
512,2019-08-01T09:06:01Z,5dc7341101ac9a971ad3bd8764c172439aa3c351b8b6654e21e2c76f,60.16829,24.94214,00000000afef4555,8.38
513,2019-08-01T09:06:01Z,5e2c5c20c88ccf362ed8749d1ddc041b1cb1c38d8dbeac7870179322,60.16629,24.95957,00000000fb7600be,2.54
514,2019-08-01T09:06:01Z,5fe0284ec0eb11405b1a7060df33e93f8a659e348c4e7a21b3559267,60.16762,24.95415,000000006b44cce7,12.69
515,2019-08-01T09:06:01Z,6051ed50496b74a6ff68c86205d23971fcaccd6c91edfe7d78fa71b0,60.16897,24.95222,00000000aa852af1,23.56
516,2019-08-01T09:06:01Z,619c5b31af2a28703a837cc7974ef0d2c5bb6584ba0fcc03076218ac,60.17002,24.94407,000000006b087f40,23.56
517,2019-08-01T09:06:01Z,61e4465b011a94bbf6341adebb1aed56100967cac117b368910b36de,60.16544,24.95398,0000000038d83d41,33.81
518,2019-08-01T09:06:01Z,626bf35ce16dba1054cfd175d09475d3ee751bf70e56f984ff5c7ab6,60.15133,24.92329,00000000e8a064a4,21.87
519,2019-08-01T09:06:01Z,63ff2439779051005c18876d20ed53ce060c1de9d7976821bd518fc6,60.15432,24.9211,0000000019fb59c4,11.7
520,2019-08-01T09:06:01Z,65b6b62b547e11e10f7f83ad497446bee2bb9653097d9d62e9b1b817,60.17065,24.93641,000000000f4919c9,5.41
521,2019-08-01T09:06:01Z,66ad74b1795a3f2db404e46e89b7cdeb3d6e231b6573e3fd29bb7eef,60.16897,24.95222,00000000aa852af1,16.1
522,2019-08-01T09:06:01Z,674355e17da9460e58566497be518f2eb537880c67c788fedb5067db,60.16629,24.95957,00000000fb7600be,7.05
523,2019-08-01T09:06:01Z,685af6b01bd180194d718801bb8b9c9de22050cc392d6c6441fe986b,60.18203,24.91341,00000000342570c2,12.69
524,2019-08-01T09:06:01Z,68d7ad8fab31b3c5967a814376d0ddc6cf42e1db0d9e09dfbba169bd,60.16762,24.95415,000000006b44cce7,13.75
525,2019-08-01T09:06:01Z,6983ef4be4de228c8bcd0892039d37568b02c0bc3798ce0ad809fc6f,60.14947,24.91438,000000004ef3150d,20.28
526,2019-08-01T09:06:01Z,69e2854c78a472b462941ef730aa9fa7a9dba9c1cc22996396d4c78a,60.17918,24.95141,00000000675d5200,4.5
527,2019-08-01T09:06:01Z,6adce4d05e58232a97635a2fd7918e4e49d9295afc0989d727f9c712,60.17002,24.94407,000000006b087f40,16.1
528,2019-08-01T09:06:01Z,6d98ac1fea7056e5b96d6095caf0e3677a4ec30e9fbcc2e50ae1cf65,60.16629,24.95957,00000000fb7600be,11.7
529,2019-08-01T09:06:01Z,6dca84ddf4be668487766d17c5d13961ed713d24032f709ae87a497f,60.16829,24.94214,00000000afef4555,11.7
530,2019-08-01T09:06:01Z,6dd5463e670c352180c1e912300e21e59f5e2976266df8c3c92b0baf,60.16829,24.94214,00000000afef4555,14.89
531,2019-08-01T09:06:01Z,6e80fcea10d21e1d5e672b554c0f3fe686dc58934f38c3391fd5c262,60.17002,24.94407,000000006b087f40,7.05
532,2019-08-01T09:06:01Z,6fd946745f1c3ea31cff170c4ba205d420f00e6978602f8744da9f9a,60.1538,24.95595,0000000038bf9618,33.81
533,2019-08-01T09:06:01Z,7003a7f6a5523b645634f014e04bea36016953a8af9324e35602bc2e,60.14947,24.91438,000000004ef3150d,9.92
534,2019-08-01T09:06:01Z,704c3f3075f13713c363014fa828e4a932e7a05676813b9963a1e554,60.17918,24.95141,00000000675d5200,2.3
535,2019-08-01T09:06:01Z,70d391038ec56b63a3737605c2c1db6ffbdca8e4490691776dc993f1,60.16829,24.94214,00000000afef4555,7.05
536,2019-08-01T09:06:01Z,72439a1f997fd347d46394f31f5789edc877fe61ca34fcd31f9150b1,60.18203,24.91341,00000000342570c2,25.36
537,2019-08-01T09:06:01Z,7292a4a47ed655e0ce0ead026bb0ae4b8093342f87a9aed5665c1456,60.16762,24.95415,000000006b44cce7,18.79
538,2019-08-01T09:06:01Z,74cb545f76f0bfc5498607247e26e814276a11ce91f77208054ecbc5,60.17002,24.94407,000000006b087f40,27.28
539,2019-08-01T09:06:01Z,750297d0d8ff0ca837d9c2289c26302d62f38708617150431ab14509,60.16531,24.9442,00000000fdda10fe,20.28
540,2019-08-01T09:06:01Z,753c46e52175303d6f5b1c5ee237f2422e6f5dabe7872fc07291dd2c,60.1638,24.96846,00000000d747f075,29.32
541,2019-08-01T09:06:01Z,76c2f7b3773d4bebd4dabada1c2b98fe4ea9762e9c98b4a6371d7746,60.16762,24.95415,000000006b44cce7,9.92
542,2019-08-01T09:06:01Z,7700297fec4982ad776529835e2ab46d4e5cbc889e26f368c19efeef,60.16829,24.94214,00000000afef4555,27.28
543,2019-08-01T09:06:01Z,774131d73accbbb31ec3c43c3501b7969645eb65df1839ca8116526e,60.15432,24.9211,0000000019fb59c4,5.41
544,2019-08-01T09:06:01Z,79669159e96cc1cdf3879c3db8c5621167f92aaa10df4dd21a9be1de,60.16829,24.94214,00000000afef4555,11.7
545,2019-08-01T09:06:01Z,7a6e7ba82e6b0c07f13302099a2ffb55e08a56850ee8c1c6c1bd65d3,60.17065,24.93641,000000000f4919c9,12.69
546,2019-08-01T09:06:01Z,7c1534082e86ff4387878d813207626d8f728aa26b97248e00a3b8d7,60.16629,24.95957,00000000fb7600be,13.75
547,2019-08-01T09:06:01Z,7ccf0231e25c4a2ff5abcbb7cb3fe96604d014c3fa05c2829580801d,60.16829,24.94214,00000000afef4555,17.4
548,2019-08-01T09:06:01Z,7cd51189de07d01882cf0a9346f0830a9b21764875334d45e143fbd5,60.17002,24.94407,000000006b087f40,17.4
549,2019-08-01T09:06:01Z,7d12711d47425111a6dce413faa867542b9532f3b9c5a934b37a0bc8,60.17918,24.95141,00000000675d5200,18.79
550,2019-08-01T09:06:01Z,7d415f4fd9093fb383b4ebb88961ad74e6a00d3ece39504712dad639,60.17918,24.95141,00000000675d5200,14.89
551,2019-08-01T09:06:01Z,7e2e3d07c939e3e76e7ce87678faf64e056afe54215e00488839100f,60.14947,24.91438,000000004ef3150d,14.89
552,2019-08-01T09:06:01Z,7eb4a715919b3eb4085270535ce4d7b57112591ad7242eb189bf652a,60.17065,24.93641,000000000f4919c9,14.89
553,2019-08-01T09:06:01Z,7f534fc0885ddf5a5c3814e4232de3356affd42f6c3560055079dc1c,60.16829,24.94214,00000000afef4555,23.56
554,2019-08-01T09:06:01Z,7f59aaecea1eee6c703ec5d46d67b44289ddedf080defee495b73739,60.14947,24.91438,000000004ef3150d,9.12
555,2019-08-01T09:06:01Z,7f65f2b0e1d24ec91081d53cec843f31d1593a3cde561066fe1a024c,60.16762,24.95415,000000006b44cce7,17.4
556,2019-08-01T09:06:01Z,7faf8705e89a761625aaed50b89538581e25d5950ec8f051d36ed829,60.14947,24.91438,000000004ef3150d,21.87
557,2019-08-01T09:06:01Z,809bf2d7a0745ae512b934a578fd5fd47c13c5398b6d06ad350b9e7c,60.14947,24.91438,000000004ef3150d,20.28
558,2019-08-01T09:06:01Z,8165c5f8d06298ffd56f071c0ad1cc9f1d4f08084936937d712d0b61,60.15133,24.92329,00000000e8a064a4,20.28
559,2019-08-01T09:06:01Z,81cabf0ecb3563f645298961619ca623084bb89ab4b7635ffe2de7c0,60.16829,24.94214,00000000afef4555,25.36
560,2019-08-01T09:06:01Z,82b78c2220aee81a2744ddfaf7ed29663888987dba6b7cdda05731d9,60.14947,24.91438,000000004ef3150d,14.89
561,2019-08-01T09:06:01Z,82d5e55f1c1dd503d4aaa8804acff7cbaf416a9c58e0888fce7e0cb7,60.16531,24.9442,00000000fdda10fe,27.28
562,2019-08-01T09:06:01Z,84d1d9aa30ee8522d093db9e804511ce266eafc2488c6d3af73dd762,60.16531,24.9442,00000000fdda10fe,25.36
563,2019-08-01T09:06:01Z,85bdce5b262dbd94adcff03e6cad26a1152828b6ab27e6fdd56b2b13,60.16762,24.95415,000000006b44cce7,2.54
564,2019-08-01T09:06:01Z,865e0ca61059b42592b769e4f1c906aa652b7e6f53612163f6002550,60.16897,24.95222,00000000aa852af1,18.79
565,2019-08-01T09:06:01Z,87f1cc4c4a9de1ab81fe39cf7fde6cf0d4778e690f1665b62231ce46,60.149,24.9843,00000000fffb8cf0,29.32
566,2019-08-01T09:06:01Z,880f9cbb91b9caf48ea9c5dd1a0c8e1db72922b6dfcb647b102fc469,60.16629,24.95957,00000000fb7600be,9.92
567,2019-08-01T09:06:01Z,88c2bc6310f27465b9f08b28fb52075d7703ce7b097e5beb37c7437c,60.14947,24.91438,000000004ef3150d,11.7
568,2019-08-01T09:06:01Z,893080d82bb28aa3ab91e41ddd4569086c8135ade7be10aa644fca95,60.17065,24.93641,000000000f4919c9,23.56
569,2019-08-01T09:06:01Z,898cde3317c73907bb23b1b885828c4bf3187c3a757a18dc32abe970,60.16762,24.95415,000000006b44cce7,9.92
570,2019-08-01T09:06:01Z,8996f41485515f4fe2b7f60962df36a3421c9a14cdb3f381b1ce7052,60.16829,24.94214,00000000afef4555,12.69
571,2019-08-01T09:06:01Z,8a01e28fd327e5c56dcf2dc8b2b7762a96d77584c21990a073ceb11f,60.16829,24.94214,00000000afef4555,10.78
572,2019-08-01T09:06:01Z,8c571538c285dba9d77edacfb1829b282d54b772b62209c6e4004237,60.17918,24.95141,00000000675d5200,12.69
573,2019-08-01T09:06:01Z,8c82eae883ed929c5917da64b9736c4ff2507e10f64f86648eefeba3,60.16629,24.95957,00000000fb7600be,23.56
574,2019-08-01T09:06:01Z,8d5e893f77b3d167ebefad4ecab181fea08513599a6f9450f0b9a827,60.17919,24.95181,000000007b5207b6,9.92
575,2019-08-01T09:06:01Z,8da14e859e12a3718840f62bcb2d11be0292e0deec5ac338d9f36df2,60.17002,24.94407,000000006b087f40,38.87
576,2019-08-01T09:06:01Z,8e20d0d67339e3cf43e77c3a340d9dc6766de8d079197a08a1343ff0,60.17065,24.93641,000000000f4919c9,20.28
577,2019-08-01T09:06:01Z,8e6caf283696ed75a4aff0c3f528dad5878f6f4b82cbd3eae1164484,60.16897,24.95222,00000000aa852af1,17.4
578,2019-08-01T09:06:01Z,8ec54dc2fd63fcef9c0df9dffc12f40ebbada360614e04849594479a,60.17002,24.94407,000000006b087f40,23.56
579,2019-08-01T09:06:01Z,941e13893853105c86bfbc6d31d62274937602143ce3bb530c8c17ed,60.17918,24.95141,00000000675d5200,18.79
580,2019-08-01T09:06:01Z,94a511f0495a2cff2df26ded8f6da40e7a15287287ccf3125b5affd1,60.16897,24.95222,00000000aa852af1,18.79
581,2019-08-01T09:06:01Z,97673619aef2a748d2dbbd26567b9b3d7bdae3f5860361bc405404ed,60.16897,24.95222,00000000aa852af1,27.28
582,2019-08-01T09:06:01Z,99a026b5100e23129fa529e9a57a3dbc8490dc03b58f2193f03e2dcf,60.14951,24.92138,0000000006dd41f6,5.41
583,2019-08-01T09:06:01Z,9abbc86fb0fc1c0532042814af76a97e6a17121831d4394749a290a6,60.16762,24.95415,000000006b44cce7,7.69
584,2019-08-01T09:06:01Z,9b3e6848d8b34e802134d6da0e5a594897ec3fafbbf08b6d0b84068e,60.17918,24.95141,00000000675d5200,7.05
585,2019-08-01T09:06:01Z,9bc129708b07f3c5bbf4195e83f0e5b9a663b6f371f416a8e3a605f0,60.16897,24.95222,00000000aa852af1,17.4
586,2019-08-01T09:06:01Z,9bdb503344071eddd74d821f537246d8a6c19468b05d38d0170377f9,60.16897,24.95222,00000000aa852af1,18.79
587,2019-08-01T09:06:01Z,9bef8b28ea93ecaee57d05b037edbfe7f80014aaf56343345fedd7be,60.17918,24.95141,00000000675d5200,16.1
588,2019-08-01T09:06:01Z,9ce214896068957a21bc57af08680d84debbd091b49ad5e6402c4cc8,60.16629,24.95957,00000000fb7600be,17.4
589,2019-08-01T09:06:01Z,9dfecc3e26cb27e4b80721e355ef0d6cb182ac2eebf66b006e2d9f8e,60.149,24.9843,00000000fffb8cf0,29.32
590,2019-08-01T09:06:01Z,9e343a150f07bb3dcce5ecab8ac061b84d65b347b1af5a232e00eeb6,60.16829,24.94214,00000000afef4555,7.69
591,2019-08-01T09:06:01Z,a04214b56cac7d70680703ee6a28fac742f3c3190b55b46a79c1f76d,60.149,24.9843,00000000fffb8cf0,12.69
592,2019-08-01T09:06:01Z,a2321cbe1ca14defdef3d74ae1f30c9affe99ff38beca31bf3c2959f,60.17002,24.94407,000000006b087f40,25.36
593,2019-08-01T09:06:01Z,a256ee4e61079f54581967787db25324859ef431207cb182cd468fbe,60.16829,24.94214,00000000afef4555,12.69
594,2019-08-01T09:06:01Z,a38c11c450b472b9dad2f076e2d9a63651292d3de806331d06af7f46,60.16531,24.9442,00000000fdda10fe,12.69
595,2019-08-01T09:06:01Z,a3d99fc570ed19522398a09fafe7d264d95d2cd387780feb931b4573,60.17065,24.93641,000000000f4919c9,18.79
596,2019-08-01T09:06:01Z,a403dc1eebc5d130e12a4c3e4298737c9e00b25b1b6b2cc36a6979c9,60.16629,24.95957,00000000fb7600be,20.28
597,2019-08-01T09:06:01Z,a494efd9b72074b7b147d3d12c4f230dfcefebfc957f6b96235933aa,60.16531,24.9442,00000000fdda10fe,29.32
598,2019-08-01T09:06:01Z,a4b9f871dcc986c95f1e84fe203bb392ba0fe13164d89119bda2c94a,60.16762,24.95415,000000006b44cce7,11.7
599,2019-08-01T09:06:01Z,a5423cad01b42682deb516a777f50fd783fd1fd9dc23b7cab01eaedc,60.16897,24.95222,00000000aa852af1,21.87
600,2019-08-01T09:06:01Z,a786eb3b8a25c58099a428799e99d0b86401f803ee38d3e5d20e59d3,60.15432,24.9211,0000000019fb59c4,10.78
601,2019-08-01T09:06:01Z,a808962cb511e5ed2d23e6e33efe252b1be29dc1d2f7c6154817f04f,60.16448,24.97323,0000000053c6c2be,14.89
602,2019-08-01T09:06:01Z,a83415babca8eac00f69a32371a230fdadda29bf40fd69f75cf2e8fb,60.17918,24.95141,00000000675d5200,27.28
603,2019-08-01T09:06:01Z,a838fe521ed943ab5d8f7c5d408246fb2370ea139b12544208826ea9,60.16897,24.95222,00000000aa852af1,17.4
604,2019-08-01T09:06:01Z,a8ca7fb815e707c04434a085c4f99e783d56372143afc92225eae622,60.15133,24.92329,00000000e8a064a4,10.78
605,2019-08-01T09:06:01Z,a955553f8d3b05fb11d9249f1c5418ca2db8c29d4013eb84349a5aa4,60.16762,24.95415,000000006b44cce7,14.89
606,2019-08-01T09:06:01Z,a982f65ed2c57aff3f744dba9f5e9ca929c81c14883516889898f207,60.16762,24.95415,000000006b44cce7,21.87
607,2019-08-01T09:06:01Z,a9ee2aabbd32919adf0325ca2f2c5f8e0ba801bc168e8756cda957da,60.16629,24.95957,00000000fb7600be,23.56
608,2019-08-01T09:06:01Z,aa05a7036c3586a79d23f426b78bf158357208bc82d7ddf9a1326dd2,60.16531,24.9442,00000000fdda10fe,11.7
609,2019-08-01T09:06:01Z,aa5281244780ac8f283c3452639d477cd76e31fc6f0b95b99c51a9b0,60.16762,24.95415,000000006b44cce7,3.4
610,2019-08-01T09:06:01Z,ab615ee5bbf567aee3505fbb360d09fc6b851f93fb15aef778b57128,60.16531,24.9442,00000000fdda10fe,25.36
611,2019-08-01T09:06:01Z,aca524ceb3c7373172ecd0d06b26e7d610d441f4a47ab78ae0ad3340,60.15133,24.92329,00000000e8a064a4,14.89
612,2019-08-01T09:06:01Z,acb3f4b2a6b9fe720b98158caba37c1958df05919990f30368dbbd8b,60.16762,24.95415,000000006b44cce7,9.12
613,2019-08-01T09:06:01Z,acbbe4765d72f36b0323407c7dbe43db7b4ad5e2da0a6a9e5966db0b,60.16897,24.95222,00000000aa852af1,13.75
614,2019-08-01T09:06:01Z,ad22512fd6a5ad9e19fdfad7e02b2793ecb01875be243f894c637ae2,60.16829,24.94214,00000000afef4555,17.4
615,2019-08-01T09:06:01Z,af67ffa8b538058603b74f48e04ab914e8f6cd450f53c47f8c3d683d,60.15432,24.9211,0000000019fb59c4,11.7
616,2019-08-01T09:06:01Z,afaed9946dbc1509500c6f80f87eed8fe44a74ba3e14328c6efe3971,60.16829,24.94214,00000000afef4555,20.28
617,2019-08-01T09:06:01Z,b09e9bb62cc49c085c1aee3b752af1bec69dabc939323e5733f73933,60.17065,24.93641,000000000f4919c9,27.28
618,2019-08-01T09:06:01Z,b2728a54ebd2991e59d91f96f73d376de0adccecfef1326c4f51b74a,60.16762,24.95415,000000006b44cce7,14.89
619,2019-08-01T09:06:01Z,b28757d67868f9471f0d997a935e857fd0ff1095449820929597563b,60.16762,24.95415,000000006b44cce7,10.78
620,2019-08-01T09:06:01Z,b32e57a6f5865a23d7a0e9fa346d5ec4e975f99c4df815fe8b1449b2,60.17918,24.95141,00000000675d5200,14.89
621,2019-08-01T09:06:01Z,b3d94dfd4a1393ebe6b450d53a8c1c172707ab9ae1ab42b50b5b31df,60.16829,24.94214,00000000afef4555,20.28
622,2019-08-01T09:06:01Z,b50a45ac0708e7b5cca42f3458430eb22ff70a81c575bafe99ffda23,60.17002,24.94407,000000006b087f40,9.92
623,2019-08-01T09:06:01Z,b5603e758440226e490d1d7d7271a7b0d5c261eccbad198f81110136,60.15432,24.9211,0000000019fb59c4,3.4
624,2019-08-01T09:06:01Z,b68ca6659e80a8b273132a5871add1b2d920d2ec1fcf754ee1a4d102,60.149,24.9843,00000000fffb8cf0,36.27
625,2019-08-01T09:06:01Z,b69604356a52f2b1b9c5de09a350f42d87f5b969e3e824d8b6b2368f,60.16829,24.94214,00000000afef4555,13.75
626,2019-08-01T09:06:01Z,b6b32d1744cab38523e13d061fa256f05d6e01d920275907327c3083,60.16829,24.94214,00000000afef4555,17.4
627,2019-08-01T09:06:01Z,b6c43126ca83e916a68e57d0178060c24fc61305836b6c8f188f7285,60.17918,24.95141,00000000675d5200,17.4
628,2019-08-01T09:06:01Z,b6f0f4101a1a258dcb1d82d77ca91000694d4fed15bd882a8e3bfe66,60.149,24.9843,00000000fffb8cf0,25.36
629,2019-08-01T09:06:01Z,b7c3b37b32d534f6824ac8d99b4c79d0cb915cab104fdb745550ea22,60.16762,24.95415,000000006b44cce7,10.78
630,2019-08-01T09:06:01Z,b8fb70225ee0a2d655e2809da07a2f8cd2feb7295aa256f8b35fcf1e,60.16629,24.95957,00000000fb7600be,7.05
631,2019-08-01T09:06:01Z,bb06a3f4b8a12b4873dc63c41fdb8cb26c920cca8191b0f4453a29c5,60.15133,24.92329,00000000e8a064a4,31.5
632,2019-08-01T09:06:01Z,bb2187a4e20012ad694c768ef2c47c9a9055671024ebf4855d4e6243,60.16531,24.9442,00000000fdda10fe,1.54
633,2019-08-01T09:06:01Z,bbd5c2e879a93d4bb88aa4f381fa50ca6ca5c7605626903eaa89a2a2,60.17002,24.94407,000000006b087f40,25.36
634,2019-08-01T09:06:01Z,bc82f76c979de19b559e9e3aa0cd6cbf5ac361e2d7b1ac9f81fe2f4f,60.17918,24.95141,00000000675d5200,9.92
635,2019-08-01T09:06:01Z,bd23c66c4df0bd849266a4429a24f23f2c9503cf31eb0cd9780248e6,60.18203,24.91341,00000000342570c2,31.5
636,2019-08-01T09:06:01Z,c004fa64cb7de7e87d3b91639ae5f95304fb1a90b0a0e927cea958af,60.16762,24.95415,000000006b44cce7,20.28
637,2019-08-01T09:06:01Z,c15da9ed244b57a27a083919c67d0edde078a31b18cb58f13581f173,60.1538,24.95595,0000000038bf9618,25.36
638,2019-08-01T09:06:01Z,c1674c59c49d5bf74e6808239a91d18a04e47697d298bc61a7618af2,60.16448,24.97323,0000000053c6c2be,14.89
639,2019-08-01T09:06:01Z,c1bf1bf699e9bc78ca15c9490d1ef02e3323f0c2c76bf0fca7955a69,60.14947,24.91438,000000004ef3150d,14.89
640,2019-08-01T09:06:01Z,c3320c19d0343faf8c298070dd061465dd6b2e745170ca7a14b0b01f,60.1538,24.95595,0000000038bf9618,33.81
641,2019-08-01T09:06:01Z,c375f2dac85f963c33b2daf76ffb0c32d2c8fd08172419336e308686,60.14947,24.91438,000000004ef3150d,21.87
642,2019-08-01T09:06:01Z,c434f18b802a764aad7a2dfb46e93546acb1b0975cf9b93fd47363f6,60.15432,24.9211,0000000019fb59c4,7.05
643,2019-08-01T09:06:01Z,c46895857ca53c3362932d446a58c13b60d297f99ca237d4546589e8,60.16897,24.95222,00000000aa852af1,20.28
644,2019-08-01T09:06:01Z,c51beff15d228f2dab9416cadfcc60fe269ce3d9202a9cf2ec7e7647,60.16829,24.94214,00000000afef4555,20.28
645,2019-08-01T09:06:01Z,c65c11ee6e8b5894ead3ea9b007a39127edb65a67be253aca6f78ed0,60.16448,24.97323,0000000053c6c2be,25.36
646,2019-08-01T09:06:01Z,c872af9997af535c4615ee0b4194c7c8d644b7962afb3ca321eb386f,60.15133,24.92329,00000000e8a064a4,25.36
647,2019-08-01T09:06:01Z,c8aef405537103b9d31a7e2dda43949f5844b9a36494f8defaf0d803,60.17002,24.94407,000000006b087f40,16.1
648,2019-08-01T09:06:01Z,c8b9856a261673c3360915cd9a4dabb4afe22b63a86d7f59f7dc5f20,60.17002,24.94407,000000006b087f40,27.28
649,2019-08-01T09:06:01Z,ca7719c7cd8d4496b666f608fc07ba9930e362a0b2d96890b0778618,60.16629,24.95957,00000000fb7600be,8.38
650,2019-08-01T09:06:01Z,cccf3ba2a9d11b9330c18af8064a20aca9995473495bf119162a1619,60.16897,24.95222,00000000aa852af1,9.92
651,2019-08-01T09:06:01Z,cce3077cdfeedd0674391bec08ce94732557106542574c58a7f378bf,60.16829,24.94214,00000000afef4555,1.38
652,2019-08-01T09:06:01Z,ce7de55c7709396c70ce5930097e84449a4889700e605a0b062aaeae,60.16531,24.9442,00000000fdda10fe,7.69
653,2019-08-01T09:06:01Z,d062562fed5ad0a61560e267310beb0b717d2a1e2a11d1d575507861,60.16897,24.95222,00000000aa852af1,18.79
654,2019-08-01T09:06:01Z,d0ae4fabf429edbfdad59f8183cc6e5929f68633315448c9b83d4c16,60.16762,24.95415,000000006b44cce7,8.38
655,2019-08-01T09:06:01Z,d1df74c81f4600fc7cd7a497bb16d427d3485b63d0f3d22c02531d27,60.16762,24.95415,000000006b44cce7,25.36
656,2019-08-01T09:06:01Z,d29a5ebd00326d5dedb6c60cab75fd238bdaa9d7f703f6b5974edbc7,60.16762,24.95415,000000006b44cce7,9.12
657,2019-08-01T09:06:01Z,d31d6921eee92503b486a1b30f5330581c4744a82e6549f375544846,60.17918,24.95141,00000000675d5200,18.79
658,2019-08-01T09:06:01Z,d327ac6c99e2bd3f17d3041840424e8568b4fbe6d3280c3e04504dac,60.16897,24.95222,00000000aa852af1,17.4
659,2019-08-01T09:06:01Z,d562afdedae521be241c98441e436608a323fdb944dedc24c835e762,60.17065,24.93641,000000000f4919c9,5.41
660,2019-08-01T09:06:01Z,d653ef8368d33df4fc7edeb5a381d5826be1471f1470aa9744d47901,60.173,24.92524,0000000096918cfa,7.69
661,2019-08-01T09:06:01Z,d6e217c6592e449e2390b1a874e08cbc9126116901dbdbf84501c6b8,60.17065,24.93641,000000000f4919c9,9.92
662,2019-08-01T09:06:01Z,d74ea3c9e0aaa523c791aa01f4f9a7c1c43f01f585dc4146b19edf83,60.17918,24.95141,00000000675d5200,4.94
663,2019-08-01T09:06:01Z,d7734ef0345fcffc0f4bd7579275af62987490aba012209832e92059,60.16629,24.95957,00000000fb7600be,13.75
664,2019-08-01T09:06:01Z,d81eea3c8bf927d879268dc01665b897d48eecc647bbf61f91f37a33,60.16544,24.95398,0000000038d83d41,25.36
665,2019-08-01T09:06:01Z,d87c4d5dc2cd620de54fdd076d4f9b35245053d65b644d9e01f558b5,60.16762,24.95415,000000006b44cce7,3.74
666,2019-08-01T09:06:01Z,d95956cedfc4dfe06014194cc1071864bd835fcc014c1fd6f4d33337,60.16762,24.95415,000000006b44cce7,9.92
667,2019-08-01T09:06:01Z,d983db67d9cd171123ba12eeb19c11f34a3ad1d75fc9214ac3ae8a26,60.17002,24.94407,000000006b087f40,16.1
668,2019-08-01T09:06:01Z,d9f8ff1809ebe23c7e68bb1cbb1aa6fdfaf22375abf2962da2d7cfab,60.16531,24.9442,00000000fdda10fe,14.89
669,2019-08-01T09:06:01Z,db09e59d30e841073faa26d5c3a781d50a29e13bff061b33681d6ba7,60.17918,24.95141,00000000675d5200,8.38
670,2019-08-01T09:06:01Z,dbedd81db3d59ee0c6948187e396a34e2fa5dd6670cf8d862bf5e1ff,60.16762,24.95415,000000006b44cce7,9.12
671,2019-08-01T09:06:01Z,dc00d45c0dd506326fb4dd3692d409df80cb3d871341ffff720dc834,60.16762,24.95415,000000006b44cce7,9.12
672,2019-08-01T09:06:01Z,ddae2128c72cf011df2a698a8254b8738fd07a971349ea8a5e8bfa9f,60.16829,24.94214,00000000afef4555,25.36
673,2019-08-01T09:06:01Z,deb8a213e1b4930e676ee8fdb394161ec46adb785171fa37437b4d44,60.15133,24.92329,00000000e8a064a4,20.28
674,2019-08-01T09:06:01Z,dfe80baf219bd267a459c954a8e3027b3f1ed29fea2a5355456d5652,60.16897,24.95222,00000000aa852af1,23.56
675,2019-08-01T09:06:01Z,e0fe7fe5854899c0eb42b75b300339808143419404558ed4d00b0f17,60.17918,24.95141,00000000675d5200,7.69
676,2019-08-01T09:06:01Z,e234769b1ce1634554f5fa4a290d11b2a30c3dfd009d4c39a2e9dd3d,60.17065,24.93641,000000000f4919c9,13.75
677,2019-08-01T09:06:01Z,e2bb0ae74deee6cbc4f50c5f85da3f1779ca1db1ae7ff48ab4b33dbc,60.17918,24.95141,00000000675d5200,8.38
678,2019-08-01T09:06:01Z,e2f8b065913423b6cd370ba12adba60bad68b6ff2a97fbcb1d1614bf,60.16897,24.95222,00000000aa852af1,17.4
679,2019-08-01T09:06:01Z,e508e239ba2ca68b34ad5074f3d7b013e72f6f7df36eb6cdf545be78,60.16762,24.95415,000000006b44cce7,12.69
680,2019-08-01T09:06:01Z,e528235be3e5cc4945024d50d1ed43061e2e2f2845f2b41e081e1721,60.17918,24.95141,00000000675d5200,8.38
681,2019-08-01T09:06:01Z,e5cad8bb9a6c8dcc067948d7f869033aca5bdd062da175c8734092e6,60.17918,24.95141,00000000675d5200,4.94
682,2019-08-01T09:06:01Z,e6b4461f3fc3ee8613bfea0937b5fd730d6686a68a65ed6fecc1dd9f,60.16629,24.95957,00000000fb7600be,12.69
683,2019-08-01T09:06:01Z,e729325b3fe611c9dc2290efdcb3efa71b6d425282d0e683f1435dbf,60.17918,24.95141,00000000675d5200,18.79
684,2019-08-01T09:06:01Z,e73dcccbc4dd6af49316f19a34c347cc94ff7ab079a93a2672d78a16,60.14947,24.91438,000000004ef3150d,23.56
685,2019-08-01T09:06:01Z,e8add7e8346b99cd4b67924113f3763441a1899897c6d1ac3a1a40a6,60.17919,24.95181,000000007b5207b6,20.28
686,2019-08-01T09:06:01Z,e8ed8051f57ad9d9029a5e3b443c5e93e5059f8c487ba45e2583d35a,60.16829,24.94214,00000000afef4555,23.56
687,2019-08-01T09:06:01Z,e9064a62fac257836cb6fbcf0d84fab1ebdfa46bd6734632f1e6f116,60.16829,24.94214,00000000afef4555,9.92
688,2019-08-01T09:06:01Z,ea94130fbb3464dc656765cfddbad802ddfafb1af8007cb5f42cd41f,60.16829,24.94214,00000000afef4555,4.94
689,2019-08-01T09:06:01Z,eaf572301dc5c1eaff007bc1886cce8f0f5e92a233b8686ed2a1a9cc,60.17065,24.93641,000000000f4919c9,20.28
690,2019-08-01T09:06:01Z,ec2dd83e04d225caca9f6b9d28bd3080ed37c5bf42e5f65123fa2394,60.17065,24.93641,000000000f4919c9,7.69
691,2019-08-01T09:06:01Z,ec8c0160ac1ee5aeaf6204956c9db2ee4f98f55ae3fe1ec0af07fab8,60.16762,24.95415,000000006b44cce7,4.94
692,2019-08-01T09:06:01Z,ed86f884272a5a400b55bfd4f22bc8cc5d6fca7fe26eee3c39cb3c52,60.15432,24.9211,0000000019fb59c4,12.69
693,2019-08-01T09:06:01Z,ef67b9e4617f284b84167b4bdaff71108579a33ced0a2450ff25a1a1,60.16629,24.95957,00000000fb7600be,13.75
694,2019-08-01T09:06:01Z,f03d20d6bb80ce0745cb0fbed6619e0a6288bfffd08e9aabce1692ba,60.17065,24.93641,000000000f4919c9,13.75
695,2019-08-01T09:06:01Z,f1447725764ec0dca245fc67f2aa0a0c42e6b05808076aa74f0c1e7e,60.17919,24.95181,000000007b5207b6,9.12
696,2019-08-01T09:06:01Z,f18c0c32d067aecf5602d70693ac888cab1be6dbb0d154be5153dfcc,60.16829,24.94214,00000000afef4555,16.1
697,2019-08-01T09:06:01Z,f1b28329fc91f4708ca34857c5582c0bf1b7d0ab06127746029cd72c,60.17918,24.95141,00000000675d5200,17.4
698,2019-08-01T09:06:01Z,f20935810c1567a80c288016c4d4dd32fe86b3479f47ae7dd64d15cc,60.15432,24.9211,0000000019fb59c4,9.92
699,2019-08-01T09:06:01Z,f29ed00b645af4bbf50174e71f58a9b691d2e2342e59eda242d97380,60.16829,24.94214,00000000afef4555,12.69
700,2019-08-01T09:06:01Z,f4bbc3077da0455d4340da2eed204915327b75a792080724548b4956,60.17918,24.95141,00000000675d5200,1.38
701,2019-08-01T09:06:01Z,f503a41d3e8b9b57628f4f061c1d8e0c53c62dd8a6fe38d212958ee6,60.16075,24.95883,00000000f1124bca,5.41
702,2019-08-01T09:06:01Z,f52cde4e27717d6fcbbb45f656803df20a2692a8067620706a521dd7,60.16897,24.95222,00000000aa852af1,38.87
703,2019-08-01T09:06:01Z,f587de6c8c03387c5e6a66cd7d20c45abad3668c8e2246611122547b,60.14947,24.91438,000000004ef3150d,21.87
704,2019-08-01T09:06:01Z,f60a6068c654587fa981390a039456a2fdd85e02c009df547e204a45,60.16829,24.94214,00000000afef4555,9.92
705,2019-08-01T09:06:01Z,f6cf28e5c5a403b1d1d98d925536c19ef5861ddbd1a345e11d477896,60.18203,24.91341,00000000342570c2,25.36
706,2019-08-01T09:06:01Z,f9e527876f8dfe750fd29bc42664bbf572aed5d09d344a8934a83d90,60.17065,24.93641,000000000f4919c9,9.12
707,2019-08-01T09:06:01Z,fa9f19c58a086fde9429d732b1eec80eacf5fc1b2c0124d17243d008,60.17918,24.95141,00000000675d5200,2.3
708,2019-08-01T09:06:01Z,fba6e66dd09200012637e0b454c96fd7a5459b7e8b0ba01863cdbd77,60.16762,24.95415,000000006b44cce7,2.08
709,2019-08-01T09:06:01Z,fc26b4410a45db32637323be9144c1951174da64cf23daa743837174,60.16829,24.94214,00000000afef4555,13.75
710,2019-08-01T09:06:01Z,fdb3239bb0017def73005dc66a8d674c713493499c8feff7a6c01018,60.16762,24.95415,000000006b44cce7,10.78
711,2019-08-01T09:06:01Z,fea1453360073dfc1896bf1f005f51addb49661f953e16cffba3c63d,60.16531,24.9442,00000000fdda10fe,9.12
712,2019-08-01T09:06:02Z,03e0fc996a589ccdf1871b3c78e089c08c93ba1f2a02d740fb384aac,60.16531,24.9442,00000000fdda10fe,23.56
713,2019-08-01T09:06:02Z,0fff89885f08417f20aadfdbf62a372277e9085bcd024374b772ecac,60.16531,24.9442,00000000fdda10fe,29.32
714,2019-08-01T09:06:02Z,112c36ba789fa57e2b19c9bff8bfe0b3eba19a431c3af4656c4cee5b,60.16531,24.9442,00000000fdda10fe,31.5
715,2019-08-01T09:06:02Z,144afc51fc2443c7031a2912566eff2ce60226a49d6d2bd7c2923700,60.16544,24.95398,0000000038d83d41,21.87
716,2019-08-01T09:06:02Z,14c7e1511b70f4dd3359cbece1377aebb4d70531f5489eefe53d7c3c,60.16544,24.95398,0000000038d83d41,27.28
717,2019-08-01T09:06:02Z,15918569de0a46a8eb56b43d8d39f7fc82619ff1006f00822c85745c,60.17918,24.95141,00000000675d5200,3.74
718,2019-08-01T09:06:02Z,165ebbb4090d47319ae370f0d0854fdc1f6b79499f8b2e4d3c3533c0,60.16544,24.95398,0000000038d83d41,25.36
719,2019-08-01T09:06:02Z,1f0f0628cdc688d76bde2b82bee5b9b4916bf0bbdfe76cf3213e1c65,60.15432,24.9211,0000000019fb59c4,13.75
720,2019-08-01T09:06:02Z,29f37c7486060f7f74f542c60cf9b1accfa544b255a22aee53b99cec,60.16897,24.95222,00000000aa852af1,9.12
721,2019-08-01T09:06:02Z,2a93b61a3863ace54349d7a0937e4134fcc6d4dfcf064eefae2b7cf8,60.15432,24.9211,0000000019fb59c4,21.87
722,2019-08-01T09:06:02Z,2f33dacc8bf2b0b809b88130b46696c922929e1eb8ea92017f05509a,60.16448,24.97323,0000000053c6c2be,23.56
723,2019-08-01T09:06:02Z,2fc7f6b10eaa01105ed32b786eca9a15ea3ad441b9ab95eb360cf57c,60.17002,24.94407,000000006b087f40,27.28
724,2019-08-01T09:06:02Z,3944bc7a301be7241d1f7bc4a97f221000d535ce3d8a9af9af9b23b5,60.16531,24.9442,00000000fdda10fe,31.5
725,2019-08-01T09:06:02Z,5d65719c4cbf045f068d084b72302f447d5fd034413d97d13be00d0e,60.18203,24.91341,00000000342570c2,18.79
726,2019-08-01T09:06:02Z,6a657079c1bdc8114c289be1ddd83e5846d4279a920d1697b8ff0033,60.18203,24.91341,00000000342570c2,18.79
727,2019-08-01T09:06:02Z,6d22b751ff5173035dc85c52c3dff0780126adae67fe33dc62dd45ef,60.16531,24.9442,00000000fdda10fe,21.87
728,2019-08-01T09:06:02Z,6ff437688c444238352c28f64f9d2a7d0f14d19c9ea42c225380501e,60.16762,24.95415,000000006b44cce7,16.1
729,2019-08-01T09:06:02Z,747f2d1ebff218c0ebbdc0fdaef4cbe56633dfb46ae1b1f8c8142201,60.16762,24.95415,000000006b44cce7,21.87
730,2019-08-01T09:06:02Z,76c7f42283513d0e289bf786d89463b5025b2ae0f4e13519a4cf228b,60.15432,24.9211,0000000019fb59c4,17.4
731,2019-08-01T09:06:02Z,78d5f60b36b59c06c3988b94e11744bb3aed5dcbc214f91f228bf892,60.16448,24.97323,0000000053c6c2be,23.56
732,2019-08-01T09:06:02Z,84fdfd8881f633c5f0c71c1480053953ca4b05e848052d97c063ad38,60.1538,24.95595,0000000038bf9618,20.28
733,2019-08-01T09:06:02Z,87dfaad29a9276ddddb1fa021d3bc23ad14824c1af16f7d87e713689,60.14951,24.92138,0000000006dd41f6,9.92
734,2019-08-01T09:06:02Z,8c75c3289c84fe4493e1e272a77b615fe1985880c5dc68a7c1a17b53,60.16762,24.95415,000000006b44cce7,18.79
735,2019-08-01T09:06:02Z,8cc6ddaa460aeae8cc9e8a33f91a01c8cd4c0c8bf8a943210a28c84d,60.1538,24.95595,0000000038bf9618,25.36
736,2019-08-01T09:06:02Z,90778cdb407c97aacbb3fd01f29f2680b24f7e8b2365e56cf8d9b4c4,60.16531,24.9442,00000000fdda10fe,25.36
737,2019-08-01T09:06:02Z,9843c6216661048343a0e49cf3d8aa2883cf77f452666a1c873a1052,60.16448,24.97323,0000000053c6c2be,11.7
738,2019-08-01T09:06:02Z,9d03d14afa49576281aa26db60e517f7c1ec8aa36f7756959a860a8a,60.16629,24.95957,00000000fb7600be,16.1
739,2019-08-01T09:06:02Z,a91d379a4b57c5df22db0d7a041ff69f657b4b31f28554b1011fc03c,60.16544,24.95398,0000000038d83d41,31.5
740,2019-08-01T09:06:02Z,a9da1ee82e3b670e276c26b483dd50f4a6d0c6f77ef82245d3ae6086,60.18203,24.91341,00000000342570c2,20.28
741,2019-08-01T09:06:02Z,ab0f67c0c0e1ba5eac9013f9c314feadf340ddf08543b91e70483594,60.16544,24.95398,0000000038d83d41,21.87
742,2019-08-01T09:06:02Z,b1f358076ba79ef902a36ca8ae3f8ec7c93308a67c479345bfdbdecf,60.1538,24.95595,0000000038bf9618,33.81
743,2019-08-01T09:06:02Z,b4faf2d3c4d2b199afeab6ab63b583fe3a2e81e14abbef6917f25129,60.15432,24.9211,0000000019fb59c4,14.89
744,2019-08-01T09:06:02Z,b5fd6b317890e5ab2d79e2cd1abe61626d45a753c7337d0d40728898,60.16762,24.95415,000000006b44cce7,9.12
745,2019-08-01T09:06:02Z,ba42c72ea7c2663b3ea5044faf12173ab18e523dc35de0e24bf374ac,60.16544,24.95398,0000000038d83d41,29.32
746,2019-08-01T09:06:02Z,cf05623e4d87ce0906c0b0b7dbf53aacc1228016cd27c341228b6e76,60.18203,24.91341,00000000342570c2,13.75
747,2019-08-01T09:06:02Z,d127ead865385b64ae537a703a26be15fae4b5332ce0fbf03d5e0c23,60.1538,24.95595,0000000038bf9618,29.32
748,2019-08-01T09:06:02Z,d178749a24c32676d0da0f51ae6ff63c456499d4b1814af8fa75ca9e,60.16448,24.97323,0000000053c6c2be,8.38
749,2019-08-01T09:06:02Z,dd2c9c82cf3737146294aff6f814a1349fb0bc4bedf518715dacbe8f,60.18203,24.91341,00000000342570c2,17.4
750,2019-08-01T09:06:02Z,ec72ef080c605e71978aed0d3b5f22c3c3133677a43c614b72eedc6d,60.14699,24.922,00000000a53ed894,23.56
751,2019-08-01T09:06:02Z,ed70dda6b7faebd4340dacdb452ab224d9d3c308df417b7fa76f54e8,60.14951,24.92138,0000000006dd41f6,23.56
752,2019-08-01T09:06:02Z,f088630d7476dae7d4b7e2bb1f10575f2c89acb4b6e061f3d57c2b40,60.16531,24.9442,00000000fdda10fe,18.79
753,2019-08-01T09:06:02Z,f35f645bca742e869e88626aab5f554f7e87c26b88d0f74bbe4e5a91,60.16762,24.95415,000000006b44cce7,25.36
754,2019-08-01T09:06:02Z,f7e45613ad966fea53fab73b435ba3a087c774e36596b3a5156a3487,60.16829,24.94214,00000000afef4555,1.54
755,2019-08-01T09:06:02Z,f99c5dd8cc08bd2353083d875ce8bc585fb2c2ff8427b90d92f571de,60.1538,24.95595,0000000038bf9618,31.5
756,2019-08-01T09:06:02Z,fc4f3a44235f1cfc7b53f14ba2da599976a5a0a220d23b852688e485,60.17918,24.95141,00000000675d5200,16.1
757,2019-08-01T09:06:02Z,00787dad708490660b0b836fa415681cc57046fa521c0c0aaea14a9e,60.16762,24.95415,000000006b44cce7,14.89
758,2019-08-01T09:06:02Z,00d98e49fc01c16216b630f9fdf19ce9826d27552ce2fa4676de957b,60.16829,24.94214,00000000afef4555,4.94
759,2019-08-01T09:06:02Z,02050a536056486b1bf139282f0d0a3af63def1d56ff0c73ac51bb19,60.14947,24.91438,000000004ef3150d,18.79
760,2019-08-01T09:06:02Z,023083c44c772667f1727e01c74518889b2a82d78ceb28c08b6f8a20,60.16531,24.9442,00000000fdda10fe,20.28
761,2019-08-01T09:06:02Z,026f61905925674212a1c7d1e14b2ee5d1039bb4ecb5159f7d522150,60.16762,24.95415,000000006b44cce7,13.75
762,2019-08-01T09:06:02Z,03f427d436ba092925de462b11374bdbdab0443620037675621fbc11,60.17918,24.95141,00000000675d5200,13.75
763,2019-08-01T09:06:02Z,0483eb7342f4e704caa76b9bc3d6a7bd836282960dafc2c756247134,60.16762,24.95415,000000006b44cce7,14.89
764,2019-08-01T09:06:02Z,04c26e81b9a9c7fbc6060d74236c616220c3cd580100a0c58a62ea1a,60.16897,24.95222,00000000aa852af1,16.1
765,2019-08-01T09:06:02Z,063935180fff0e58de5d319ecb9320cf794423e3c6aeac0cca8f1a9f,60.16897,24.95222,00000000aa852af1,14.89
766,2019-08-01T09:06:02Z,08f10568d1e90d000e41196f141e0c1a52bab88fcf08f4753a3c055e,60.16897,24.95222,00000000aa852af1,20.28
767,2019-08-01T09:06:02Z,0be2a3b6b9e65388a4a4610e68e8a155d49d54abdac339e46f273184,60.17002,24.94407,000000006b087f40,21.87
768,2019-08-01T09:06:02Z,0c1684b697a63d7f47ebaedcfa060b3b4af294fec1e62d613699291a,60.16897,24.95222,00000000aa852af1,5.41
769,2019-08-01T09:06:02Z,0ce136cd78d17c06d7c5673fecf75f44da717c2befaaea18c6bdf0b1,60.1538,24.95595,0000000038bf9618,41.64
770,2019-08-01T09:06:02Z,0e62c7194170ff5abcdede8e7bb2dc9370e053dcd7957fc62f077453,60.16829,24.94214,00000000afef4555,23.56
771,2019-08-01T09:06:02Z,0f939ec5675298027c278d30bc705908645ba8b66cec8026882437ee,60.16629,24.95957,00000000fb7600be,23.56
772,2019-08-01T09:06:02Z,104fa538ac0d60a9767adf904a9d871eb65a81fb8577bade30725347,60.16448,24.97323,0000000053c6c2be,18.79
773,2019-08-01T09:06:02Z,1069967e3921871955b1b2b42e60f829c593a3e024401bfe61ae410e,60.16629,24.95957,00000000fb7600be,14.89
774,2019-08-01T09:06:02Z,1074ffc7b33a1a8b54ea8f31d0f43ba07ed2ad7841b548f9bd4b9bad,60.17065,24.93641,000000000f4919c9,36.27
775,2019-08-01T09:06:02Z,11402877d08ee84d016ef8e86d3033bf6da0948f6e6bd2defce32338,60.16762,24.95415,000000006b44cce7,13.75
776,2019-08-01T09:06:02Z,139a5aa448338146cf9202768e1eeb804d164d71d9bc8c7fa8f5d06f,60.16531,24.9442,00000000fdda10fe,23.56
777,2019-08-01T09:06:02Z,13a759fd293cbde0d55db753d853768b718e59036c4007d2e3a8757a,60.16762,24.95415,000000006b44cce7,6.46
778,2019-08-01T09:06:02Z,141a580597619f20b14d71a17562763921dafbb27c8aaaa8700fd522,60.16829,24.94214,00000000afef4555,13.75
779,2019-08-01T09:06:02Z,1564db6ab71666bfe0865d19fd134f7018f49bc12ff1969853697784,60.16531,24.9442,00000000fdda10fe,27.28
780,2019-08-01T09:06:02Z,16e18d478be872d2a9801fa885d08edeb3f5ae1840b38478f9baf535,60.17918,24.95141,00000000675d5200,12.69
781,2019-08-01T09:06:02Z,186333eb40fcc6f473b8fecb5ff31f07f082740eaef22f8594088862,60.16629,24.95957,00000000fb7600be,23.56
782,2019-08-01T09:06:02Z,1880dcca5077d4ccd63084e82a411f0cb7abb12f9883625b046f2e24,60.16829,24.94214,00000000afef4555,12.69
783,2019-08-01T09:06:02Z,190cdde22bc3e3a41cd0f9da7efb3a917bc09e8034b05ca6064ea8a8,60.17918,24.95141,00000000675d5200,14.89
784,2019-08-01T09:06:02Z,1be12a4f71b98dc9509141bc1a766b833b6c15dc22303f7006afbe96,60.17065,24.93641,000000000f4919c9,21.87
785,2019-08-01T09:06:02Z,1d70ff49909e1d6fb653ae053aa78084daf385dbbd2ad22b05707309,60.16829,24.94214,00000000afef4555,10.78
786,2019-08-01T09:06:02Z,1da40c618e0432bb037d08723b65821f6223509e8b4033a4b4190047,60.17065,24.93641,000000000f4919c9,21.87
787,2019-08-01T09:06:02Z,1dbecade1f3540eb44c3d86cb1ffc73d5bf422ea0cf76927c2d5cd74,60.16829,24.94214,00000000afef4555,16.1
788,2019-08-01T09:06:02Z,1dcff36b6f83b08b6ea87c1c1018c542c270299839908ca446dffb39,60.16762,24.95415,000000006b44cce7,12.69
789,2019-08-01T09:06:02Z,1e3044c19f6913531b6dd4bccb88ad02c1b39192513ccffa05444edb,60.1538,24.95595,0000000038bf9618,29.32
790,2019-08-01T09:06:02Z,1e6029f749dce72746f03dcc61a1986b14438610b7ff6a19c8165e6f,60.16829,24.94214,00000000afef4555,12.69
791,2019-08-01T09:06:02Z,1ecbc7c6afe89033252e5510cbb893666af2b3bc29f555a3a6287fdb,60.14951,24.92138,0000000006dd41f6,4.94
792,2019-08-01T09:06:02Z,1f813dc10021899138c12ca17c58ab3dc24db1750dcb1790f9c20e8f,60.15133,24.92329,00000000e8a064a4,23.56
793,2019-08-01T09:06:02Z,20b37aa6c3ad0dfea9c182498905a450537b0efbbd8563b205e93afd,60.16897,24.95222,00000000aa852af1,13.75
794,2019-08-01T09:06:02Z,227fd98ceb97d84d0c2c3af35c32cee7a87aea62d71b1a5353ae3588,60.17065,24.93641,000000000f4919c9,23.56
795,2019-08-01T09:06:02Z,2283762fe3af8329ae65aec44de728da8f383810e9f2a3d3b84fa031,60.16897,24.95222,00000000aa852af1,20.28
796,2019-08-01T09:06:02Z,22ac1ab1c590ea19b44c61c42f5e8da29a6acbabf56676527811507a,60.15432,24.9211,0000000019fb59c4,4.94
797,2019-08-01T09:06:02Z,22b68b1dc6e6d815ca8e6afbd434ae0e229670798c443052e7444648,60.16762,24.95415,000000006b44cce7,5.91
798,2019-08-01T09:06:02Z,23717ba5992ad58dbcfa1d06edbd96bab6410d0fccc46410b0c1667d,60.16829,24.94214,00000000afef4555,31.5
799,2019-08-01T09:06:02Z,25479245e5a8b0fe47e2bd590cdd63256d84afd6c164781dc64e527d,60.149,24.9843,00000000fffb8cf0,4.11
800,2019-08-01T09:06:02Z,2552cb43d7990bde838673115a742078e343ce93f96257728311655d,60.16897,24.95222,00000000aa852af1,18.79
801,2019-08-01T09:06:02Z,25d340d14d855b8c18b2c6f2551ec98a1eb047d1fd3457ba881ddf28,60.17919,24.95181,000000007b5207b6,9.92
802,2019-08-01T09:06:02Z,270749ab8e1a83f0dcbf45dc861bcc0e10361d103d7589841787e366,60.16531,24.9442,00000000fdda10fe,18.79
803,2019-08-01T09:06:02Z,272c160f908f30259011e0e3a4c2e3ea475ffb602ae6864364fe96be,60.149,24.9843,00000000fffb8cf0,23.56
804,2019-08-01T09:06:02Z,277fcf3cc917a89b46a34e0cf5164a78f5bcc88d92bb45ded60f1a91,60.17065,24.93641,000000000f4919c9,4.11
805,2019-08-01T09:06:02Z,2823bf6afde4a5cc05342c15e7417c9590ba52264be5793bb688faab,60.17065,24.93641,000000000f4919c9,27.28
806,2019-08-01T09:06:02Z,28296ae2b460df2f6807f8a84b81e5ebd24677a05bded29111dc33a4,60.17002,24.94407,000000006b087f40,21.87
807,2019-08-01T09:06:02Z,2832565094d8e4bd54c7a2442ac8807d97669bc460c1cb75a831bbb8,60.16762,24.95415,000000006b44cce7,14.89
808,2019-08-01T09:06:02Z,284461b9e3468dcf02faf4cdb7836f4a2463a7b1d46198dce3bd88b6,60.17918,24.95141,00000000675d5200,23.56
809,2019-08-01T09:06:02Z,28d50861d92f962c7a49eabaa524431aebf52870e44b79f77d7167c6,60.17919,24.95181,000000007b5207b6,3.74
810,2019-08-01T09:06:02Z,2a8ba80ac4fbda4f91ebfa759642c857fd090516070753d41bb7d6ad,60.16829,24.94214,00000000afef4555,18.79
811,2019-08-01T09:06:02Z,2bf8b355af7fc80970ed350e4579dfc9aa8ec85af6c13517cc2dab44,60.17002,24.94407,000000006b087f40,18.79
812,2019-08-01T09:06:02Z,2c6810efb2565383ca0a554f3c51f3f7905484357f5e00756dbf091a,60.17918,24.95141,00000000675d5200,2.8
813,2019-08-01T09:06:02Z,2dcc113a258bced083c9729d8e62d6001f909ce1c9dac69fa7bead83,60.17065,24.93641,000000000f4919c9,18.79
814,2019-08-01T09:06:02Z,2e94def094f120513b5a401acb099ee60415b5ba3a62dee97215f3b8,60.17065,24.93641,000000000f4919c9,25.36
815,2019-08-01T09:06:02Z,2ea9a23b1a04016fb4810d1ceb5731d90774224fd9235877005a4e1c,60.16897,24.95222,00000000aa852af1,25.36
816,2019-08-01T09:06:02Z,2ebcb5d4dbf9e86f56538b0f912cc250d81c10d641cdd9e6f3b3e8b7,60.1638,24.96846,00000000d747f075,33.81
817,2019-08-01T09:06:02Z,2f09364857883d78a23aab14ac85e389ce786d0938e13cee655a7dbc,60.16762,24.95415,000000006b44cce7,29.32
818,2019-08-01T09:06:02Z,2f43b7a683b0d365a46b6259a032813c293472eaedcdbcc3507adee5,60.17918,24.95141,00000000675d5200,21.87
819,2019-08-01T09:06:02Z,2f79108a454c0072885ad1447280ed5098d061b229eaae61a8bb67be,60.15432,24.9211,0000000019fb59c4,20.28
820,2019-08-01T09:06:02Z,2f82b3546af2df53b58cddc668c9aa196554108cdf39120ea40b417c,60.16629,24.95957,00000000fb7600be,11.7
821,2019-08-01T09:06:02Z,31b02b3b271f6feef9e49d9285929ff1c25a11e608fc5d70bc6a1fac,60.16897,24.95222,00000000aa852af1,16.1
822,2019-08-01T09:06:02Z,3227dbecd3a095676006e4ad615dc2aea1f506c310c940230a15ac94,60.17919,24.95181,000000007b5207b6,23.56
823,2019-08-01T09:06:02Z,32fcb1ab3a9fde533916ca28a0d5b56bbb45fd171dd5bae91f66ec6c,60.16897,24.95222,00000000aa852af1,21.87
824,2019-08-01T09:06:02Z,33fa4cb82db5b44ffe6e7ae1039635187f90d1df328f8f139da0c693,60.17918,24.95141,00000000675d5200,3.09
825,2019-08-01T09:06:02Z,34e96c7caa63e7ede8f428b18e8fb556ac235d61a50c9d6ac7ff268f,60.17918,24.95141,00000000675d5200,9.92
826,2019-08-01T09:06:02Z,359348d27f82b0270a68e954bff8bde5e1a2a32949c7088f12ce7dc8,60.15133,24.92329,00000000e8a064a4,21.87
827,2019-08-01T09:06:02Z,3609f484ad7e56259f60a61aba44f22dfca5c8b2564fce7e802ad342,60.16829,24.94214,00000000afef4555,1.88
828,2019-08-01T09:06:02Z,367b1989198ef11170dd9fcfa7e6ebb5ceb58aab87c613ee1bb86e8c,60.16531,24.9442,00000000fdda10fe,7.69
829,2019-08-01T09:06:02Z,3685ee6d322dcb2ad0ae181f66c3c5427d4531d7896d2f5f7571bb6d,60.16762,24.95415,000000006b44cce7,5.41
830,2019-08-01T09:06:02Z,36fe97cd2ec69118778c771a87593630f8a6a2cb77d9ce72f845cd3c,60.16762,24.95415,000000006b44cce7,4.94
831,2019-08-01T09:06:02Z,397e4b6a0e6c50fbb45ede1cb6e48156c508b36115e703cc5bac6e96,60.173,24.92524,0000000096918cfa,29.32
832,2019-08-01T09:06:02Z,39c6456ee66fe96eee3d97cee2a70923cedb3da760bb5d4d413adb9c,60.17918,24.95141,00000000675d5200,3.74
833,2019-08-01T09:06:02Z,39e9fa7033887b7ab339887aa68753ff94d4771cda2bb8ff4ea7aa0a,60.17918,24.95141,00000000675d5200,13.75
834,2019-08-01T09:06:02Z,3a1afdcf7c2e5a52cdbcbbe29e8281c184037e8720920c6c75bee339,60.15133,24.92329,00000000e8a064a4,12.69
835,2019-08-01T09:06:02Z,3a2f1a2c6c645bd161943b3f19c171d021512d7a8c4273ed3022f5df,60.16829,24.94214,00000000afef4555,17.4
836,2019-08-01T09:06:02Z,3a38ba36c098f2741d6c5fb5a751fcd074d05d698ac592ca09ab443c,60.16448,24.97323,0000000053c6c2be,27.28
837,2019-08-01T09:06:02Z,3a97ae4dcab31eb5e15e5d036d286e9764e25bcf0ad8afcfba854c90,60.16762,24.95415,000000006b44cce7,7.69
838,2019-08-01T09:06:02Z,3b124e1851087531134d5e5d0a10b6afe3551982609a81a19dd969dd,60.16829,24.94214,00000000afef4555,9.92
839,2019-08-01T09:06:02Z,3be40c84926a525adbd09eeeb3a12b73b24c633942b2e1fbe8151ac3,60.16448,24.97323,0000000053c6c2be,23.56
840,2019-08-01T09:06:02Z,3c84dc456230381a1e1358e89031487d34c88aaa31201204e58517b7,60.16762,24.95415,000000006b44cce7,13.75
841,2019-08-01T09:06:02Z,3cc82d532d2a768e0c987e2653e32825a8b11fc2f7ba36388535f6e2,60.16075,24.95883,00000000f1124bca,18.79
842,2019-08-01T09:06:02Z,3eea43670f4f29a90ced59c1af122371340275fb61ff8f14c7120658,60.16762,24.95415,000000006b44cce7,7.69
843,2019-08-01T09:06:02Z,40646914186edc6142b7fc3daf766121b55f5bb36ea38facff686ea5,60.16897,24.95222,00000000aa852af1,9.92
844,2019-08-01T09:06:02Z,40825cb0d315c92e0e0a73cc8e86c3b763bbf7ce226f112913e05e0f,60.17065,24.93641,000000000f4919c9,17.4
845,2019-08-01T09:06:02Z,41a0ca2955e0ae0324f6e14aeb77ebfaac5305e31d86c42a20277b94,60.15133,24.92329,00000000e8a064a4,13.75
846,2019-08-01T09:06:02Z,4256b81faf420b0636e1bfcf21e8b61482045aed964aae9089c67296,60.16829,24.94214,00000000afef4555,12.69
847,2019-08-01T09:06:02Z,42844e90c7134ebb3ec325f57cd27cd24711c779548ebc8692a820d5,60.14951,24.92138,0000000006dd41f6,3.09
848,2019-08-01T09:06:02Z,432417b4972b744ded3410777a6bbb583cf56172bf3436ddbe48a21d,60.16762,24.95415,000000006b44cce7,9.92
849,2019-08-01T09:06:02Z,4470412c4b059a920f2699fbfb72b261e0847b3e1caa8c71d2edd5a2,60.16448,24.97323,0000000053c6c2be,21.87
850,2019-08-01T09:06:02Z,4642dfa1df839f11e64f68bca4e3dce7bde2ff6dd68c54959fcb4788,60.17918,24.95141,00000000675d5200,2.54
851,2019-08-01T09:06:02Z,4682d95464cedcc021f38271a51bab9c000762b4acf802070e259ba2,60.16629,24.95957,00000000fb7600be,17.4
852,2019-08-01T09:06:02Z,47bd1492244c444d45674eb48dd2e6f222cb109d820ba807c4e18c1a,60.16629,24.95957,00000000fb7600be,10.78
853,2019-08-01T09:06:02Z,48004849b2f48b2314aa9175433d754db1641b949bb8cf050e2dd128,60.17918,24.95141,00000000675d5200,16.1
854,2019-08-01T09:06:02Z,48c0ea6615ac4c02fc9bc0e06f9ea9309f9bf7e73b4324d7a6b14610,60.16829,24.94214,00000000afef4555,4.5
855,2019-08-01T09:06:02Z,49bbad87e4d6cd03bdb073bde7be91193d74d29943badce7fc536916,60.16448,24.97323,0000000053c6c2be,13.75
856,2019-08-01T09:06:02Z,49df780a7f20a99ad2810fa4bbb46b5fac9bc5cbe3fc800cd572f63a,60.14947,24.91438,000000004ef3150d,16.1
857,2019-08-01T09:06:02Z,4ade4f0d92c6157a42d7fd8e353d1c93551324ba47cc134b840a6c63,60.16897,24.95222,00000000aa852af1,8.38
858,2019-08-01T09:06:02Z,4afcc27c652d3d50a44d060f84e33dd4b17529d982928dae936cf10f,60.16448,24.97323,0000000053c6c2be,21.87
859,2019-08-01T09:06:02Z,4ba529eeafb27285cbbade6e5ece0d4d04bd2d13c98b27a5d17abd22,60.16897,24.95222,00000000aa852af1,3.09
860,2019-08-01T09:06:02Z,4e2a3b0277341537d1d4cde8e18ee4562952168aa2f7aff200f33c02,60.16629,24.95957,00000000fb7600be,18.79
861,2019-08-01T09:06:02Z,4e5e16adfd317b7f9617f681099821bae42d6f0dca51dfd0957c65b4,60.16762,24.95415,000000006b44cce7,10.78
862,2019-08-01T09:06:02Z,4f9125edf503fe3cb0ba1e1221fe6a67aafd99fcd89fd92d2bf20e97,60.16897,24.95222,00000000aa852af1,21.87
863,2019-08-01T09:06:02Z,5001aabb6808b9fd96b705d1ebe8e7aca52713c2640100d81879dd86,60.17918,24.95141,00000000675d5200,4.5
864,2019-08-01T09:06:02Z,504f910a0bd104a130b85d0c50467a15e74dc950bcc9eac3ebecc43e,60.16531,24.9442,00000000fdda10fe,13.75
865,2019-08-01T09:06:02Z,52d04561c07e0aab4f89e343cff0691d714ec5284ffb9a71954c93d8,60.16762,24.95415,000000006b44cce7,11.7
866,2019-08-01T09:06:02Z,52dafb8d2f758077fde6a37220aa103d803e9c58d64ac234a45708ee,60.16531,24.9442,00000000fdda10fe,25.36
867,2019-08-01T09:06:02Z,5372348389197e6c4bc4c5e3dab047e7384d562220e6295904bbda1b,60.17065,24.93641,000000000f4919c9,11.7
868,2019-08-01T09:06:02Z,54bd709173219e8017f317b63ecc83d0a48f64542e6fa1b83c86a56c,60.17919,24.95181,000000007b5207b6,4.11
869,2019-08-01T09:06:02Z,556cae6b2e2dec6fe691a835e8e08bd016b1a65797c0aca46879329f,60.17919,24.95181,000000007b5207b6,8.38
870,2019-08-01T09:06:02Z,559e6a5225ce35ab844c63ea0d0c1695dc490a3d9cfbafa5d35ac8d8,60.14947,24.91438,000000004ef3150d,9.92
871,2019-08-01T09:06:02Z,580f32ffed6360b30b2f9c7501977fdf5205499bea30d742caf8b2fe,60.14951,24.92138,0000000006dd41f6,23.56
872,2019-08-01T09:06:02Z,584cb0b0cdd14e608c8b57c8aecc9826f9b40027e365e2438a444ea2,60.16762,24.95415,000000006b44cce7,9.92
873,2019-08-01T09:06:02Z,5865a27b5b56a60bca38e4a1403655e3e7fd0232a3ff2079965aff81,60.15432,24.9211,0000000019fb59c4,4.11
874,2019-08-01T09:06:02Z,5978726eeef638856dafd3a8d199287f8daf9e90ddde750b402f8bb0,60.17065,24.93641,000000000f4919c9,0.41
875,2019-08-01T09:06:02Z,5a07851c2c522c6beba70c513f1b1bea2b30d5d860629837ddd845f8,60.16829,24.94214,00000000afef4555,23.56
876,2019-08-01T09:06:02Z,5a3004325b5a058e02fb9f32ef4f7e9cc465240cbda7a7e4ec89d2de,60.16629,24.95957,00000000fb7600be,12.69
877,2019-08-01T09:06:02Z,5a34b02faac3189217466888ef1d31cc80f721ac2f18638c5db88d53,60.14947,24.91438,000000004ef3150d,12.69
878,2019-08-01T09:06:02Z,5a9efbe8f65e35595e70adafcd4cf88fa573bb76f3759331cd95cab0,60.16829,24.94214,00000000afef4555,29.32
879,2019-08-01T09:06:02Z,5b06617477af6dcee75a94ac347364b50f6f3b5b7d747e5413d9ad58,60.14947,24.91438,000000004ef3150d,14.89
880,2019-08-01T09:06:02Z,5c1f71098d5d7258d2971061c791c94e0138c8e02225c5f60d6a0428,60.149,24.9843,00000000fffb8cf0,18.79
881,2019-08-01T09:06:02Z,5daa76852f3e1be6c75fa2185d5787ab9010cf83d6671515769a8649,60.16531,24.9442,00000000fdda10fe,12.69
882,2019-08-01T09:06:02Z,5dc7341101ac9a971ad3bd8764c172439aa3c351b8b6654e21e2c76f,60.16829,24.94214,00000000afef4555,5.91
883,2019-08-01T09:06:02Z,5e2c5c20c88ccf362ed8749d1ddc041b1cb1c38d8dbeac7870179322,60.16629,24.95957,00000000fb7600be,3.74
884,2019-08-01T09:06:02Z,6051ed50496b74a6ff68c86205d23971fcaccd6c91edfe7d78fa71b0,60.16897,24.95222,00000000aa852af1,20.28
885,2019-08-01T09:06:02Z,60fb71f332cc032172f6238e9ddeaf6911310759fc2cd535746d74f9,60.16629,24.95957,00000000fb7600be,14.89
886,2019-08-01T09:06:02Z,619c5b31af2a28703a837cc7974ef0d2c5bb6584ba0fcc03076218ac,60.17002,24.94407,000000006b087f40,21.87
887,2019-08-01T09:06:02Z,626bf35ce16dba1054cfd175d09475d3ee751bf70e56f984ff5c7ab6,60.15133,24.92329,00000000e8a064a4,21.87
888,2019-08-01T09:06:02Z,63ff2439779051005c18876d20ed53ce060c1de9d7976821bd518fc6,60.15432,24.9211,0000000019fb59c4,10.78
889,2019-08-01T09:06:02Z,6470ee836399c5610581ec9de09772d350282ecc4c5c57fa02a5ec68,60.16075,24.95883,00000000f1124bca,25.36
890,2019-08-01T09:06:02Z,674355e17da9460e58566497be518f2eb537880c67c788fedb5067db,60.16629,24.95957,00000000fb7600be,11.7
891,2019-08-01T09:06:02Z,685af6b01bd180194d718801bb8b9c9de22050cc392d6c6441fe986b,60.18203,24.91341,00000000342570c2,14.89
892,2019-08-01T09:06:02Z,69e2854c78a472b462941ef730aa9fa7a9dba9c1cc22996396d4c78a,60.17918,24.95141,00000000675d5200,4.11
893,2019-08-01T09:06:02Z,6a10589866d3928c96556bf2a61fc0426579b5f948f98bc9ddc1ba05,60.17002,24.94407,000000006b087f40,25.36
894,2019-08-01T09:06:02Z,6adce4d05e58232a97635a2fd7918e4e49d9295afc0989d727f9c712,60.17002,24.94407,000000006b087f40,13.75
895,2019-08-01T09:06:02Z,6c48841a532bcffd2ea10ab292e6f543fd8b434a08dacf740a7d85af,60.16762,24.95415,000000006b44cce7,14.89
896,2019-08-01T09:06:02Z,6d5a8ded89f26533ed851d1a0894f0d9045e9cd4baed439f7d9a922b,60.16629,24.95957,00000000fb7600be,14.89
897,2019-08-01T09:06:02Z,6d98ac1fea7056e5b96d6095caf0e3677a4ec30e9fbcc2e50ae1cf65,60.16629,24.95957,00000000fb7600be,10.78
898,2019-08-01T09:06:02Z,6e80fcea10d21e1d5e672b554c0f3fe686dc58934f38c3391fd5c262,60.17002,24.94407,000000006b087f40,13.75
899,2019-08-01T09:06:02Z,7003a7f6a5523b645634f014e04bea36016953a8af9324e35602bc2e,60.14947,24.91438,000000004ef3150d,13.75
900,2019-08-01T09:06:02Z,704c3f3075f13713c363014fa828e4a932e7a05676813b9963a1e554,60.17918,24.95141,00000000675d5200,4.11
901,2019-08-01T09:06:02Z,70d391038ec56b63a3737605c2c1db6ffbdca8e4490691776dc993f1,60.16829,24.94214,00000000afef4555,8.38
902,2019-08-01T09:06:02Z,7176ddd6f2dc9be71319e3a2ea67061af7b5277adc890f23882c0afd,60.16829,24.94214,00000000afef4555,21.87
903,2019-08-01T09:06:02Z,71b01bb8b8e877dc9ca40e756f441571d12ee3311a945417e8aaa116,60.16762,24.95415,000000006b44cce7,16.1
904,2019-08-01T09:06:02Z,72439a1f997fd347d46394f31f5789edc877fe61ca34fcd31f9150b1,60.18203,24.91341,00000000342570c2,20.28
905,2019-08-01T09:06:02Z,74cb545f76f0bfc5498607247e26e814276a11ce91f77208054ecbc5,60.17002,24.94407,000000006b087f40,29.32
906,2019-08-01T09:06:02Z,75003dbce84bab66829b2489dc3bff3abc4ec7f1b136c28b0835fa0e,60.15133,24.92329,00000000e8a064a4,16.1
907,2019-08-01T09:06:02Z,750297d0d8ff0ca837d9c2289c26302d62f38708617150431ab14509,60.16531,24.9442,00000000fdda10fe,23.56
908,2019-08-01T09:06:02Z,7563b91d728fe470bc4d89aa18128a87b92c747336dd2c70cfbf9e84,60.1538,24.95595,0000000038bf9618,31.5
909,2019-08-01T09:06:02Z,76c2f7b3773d4bebd4dabada1c2b98fe4ea9762e9c98b4a6371d7746,60.16762,24.95415,000000006b44cce7,9.92
910,2019-08-01T09:06:02Z,7700297fec4982ad776529835e2ab46d4e5cbc889e26f368c19efeef,60.16829,24.94214,00000000afef4555,20.28
911,2019-08-01T09:06:02Z,774131d73accbbb31ec3c43c3501b7969645eb65df1839ca8116526e,60.15432,24.9211,0000000019fb59c4,5.91
912,2019-08-01T09:06:02Z,7803e2d46157a5482e745447d4c2c332fbd818d87a20b0f6187c628d,60.17065,24.93641,000000000f4919c9,25.36
913,2019-08-01T09:06:02Z,78a9535148d256e36a93dcce58f6dac7864c3bcd43b255c37291aa30,60.17002,24.94407,000000006b087f40,21.87
914,2019-08-01T09:06:02Z,78ec3b06e6504f54673ca689d2a31a647973ada7b757f2139ecb9f8e,60.16897,24.95222,00000000aa852af1,21.87
915,2019-08-01T09:06:02Z,79669159e96cc1cdf3879c3db8c5621167f92aaa10df4dd21a9be1de,60.16829,24.94214,00000000afef4555,14.89
916,2019-08-01T09:06:02Z,7a6e7ba82e6b0c07f13302099a2ffb55e08a56850ee8c1c6c1bd65d3,60.17065,24.93641,000000000f4919c9,31.5
917,2019-08-01T09:06:02Z,7c1534082e86ff4387878d813207626d8f728aa26b97248e00a3b8d7,60.16629,24.95957,00000000fb7600be,16.1
918,2019-08-01T09:06:02Z,7d12711d47425111a6dce413faa867542b9532f3b9c5a934b37a0bc8,60.17918,24.95141,00000000675d5200,14.89
919,2019-08-01T09:06:02Z,7d415f4fd9093fb383b4ebb88961ad74e6a00d3ece39504712dad639,60.17918,24.95141,00000000675d5200,7.05
920,2019-08-01T09:06:02Z,7e2e3d07c939e3e76e7ce87678faf64e056afe54215e00488839100f,60.14947,24.91438,000000004ef3150d,17.4
921,2019-08-01T09:06:02Z,7eb4a715919b3eb4085270535ce4d7b57112591ad7242eb189bf652a,60.17065,24.93641,000000000f4919c9,7.05
922,2019-08-01T09:06:02Z,7f19c177c513644e4a5f9bb146faa1ed594b94cdb741668fe090725e,60.16829,24.94214,00000000afef4555,25.36
923,2019-08-01T09:06:02Z,7f59aaecea1eee6c703ec5d46d67b44289ddedf080defee495b73739,60.14947,24.91438,000000004ef3150d,9.92
924,2019-08-01T09:06:02Z,7faf8705e89a761625aaed50b89538581e25d5950ec8f051d36ed829,60.14947,24.91438,000000004ef3150d,21.87
925,2019-08-01T09:06:02Z,7fe96255e89da662cb4a10df4705f39989babea20fdc4ef0bf4fb395,60.14951,24.92138,0000000006dd41f6,25.36
926,2019-08-01T09:06:02Z,809bf2d7a0745ae512b934a578fd5fd47c13c5398b6d06ad350b9e7c,60.14947,24.91438,000000004ef3150d,16.1
927,2019-08-01T09:06:02Z,8165c5f8d06298ffd56f071c0ad1cc9f1d4f08084936937d712d0b61,60.15133,24.92329,00000000e8a064a4,21.87
928,2019-08-01T09:06:02Z,8176eaeb262de7f9113561a8e31b6cf6f4c74c882f7f18ba8bb5acf8,60.173,24.92524,0000000096918cfa,20.28
929,2019-08-01T09:06:02Z,81cabf0ecb3563f645298961619ca623084bb89ab4b7635ffe2de7c0,60.16829,24.94214,00000000afef4555,8.38
930,2019-08-01T09:06:02Z,8292ad97931f6462dc056eb92748496c2cfa3e22dbad610514a2deab,60.17002,24.94407,000000006b087f40,21.87
931,2019-08-01T09:06:02Z,82b78c2220aee81a2744ddfaf7ed29663888987dba6b7cdda05731d9,60.14947,24.91438,000000004ef3150d,12.69
932,2019-08-01T09:06:02Z,8524898e498c83bde4bc1848aa2b372da84e7b2266f36aabe128cc27,60.17919,24.95181,000000007b5207b6,11.7
933,2019-08-01T09:06:02Z,85bdce5b262dbd94adcff03e6cad26a1152828b6ab27e6fdd56b2b13,60.16762,24.95415,000000006b44cce7,2.54
934,2019-08-01T09:06:02Z,865e0ca61059b42592b769e4f1c906aa652b7e6f53612163f6002550,60.16897,24.95222,00000000aa852af1,23.56
935,2019-08-01T09:06:02Z,87f1cc4c4a9de1ab81fe39cf7fde6cf0d4778e690f1665b62231ce46,60.149,24.9843,00000000fffb8cf0,29.32
936,2019-08-01T09:06:02Z,88c2bc6310f27465b9f08b28fb52075d7703ce7b097e5beb37c7437c,60.14947,24.91438,000000004ef3150d,16.1
937,2019-08-01T09:06:02Z,893080d82bb28aa3ab91e41ddd4569086c8135ade7be10aa644fca95,60.17065,24.93641,000000000f4919c9,18.79
938,2019-08-01T09:06:02Z,898cde3317c73907bb23b1b885828c4bf3187c3a757a18dc32abe970,60.16762,24.95415,000000006b44cce7,7.05
939,2019-08-01T09:06:02Z,89aeff56a0700534bbf2dfd19fc298f5a890c95e1a45b6ca7ad3c33a,60.16829,24.94214,00000000afef4555,8.38
940,2019-08-01T09:06:02Z,8a01e28fd327e5c56dcf2dc8b2b7762a96d77584c21990a073ceb11f,60.16829,24.94214,00000000afef4555,2.54
941,2019-08-01T09:06:02Z,8c2c35fb6ebc0f07014a3291523f291bea82160dee13d091314cde65,60.16762,24.95415,000000006b44cce7,9.12
942,2019-08-01T09:06:02Z,8c571538c285dba9d77edacfb1829b282d54b772b62209c6e4004237,60.17918,24.95141,00000000675d5200,9.92
943,2019-08-01T09:06:02Z,8d5e893f77b3d167ebefad4ecab181fea08513599a6f9450f0b9a827,60.17919,24.95181,000000007b5207b6,20.28
944,2019-08-01T09:06:02Z,8d9b5a8f82e38c3e5ed65f32ef5dc48f78165d87fc84c732bc1648f8,60.16448,24.97323,0000000053c6c2be,23.56
945,2019-08-01T09:06:02Z,901003c798cdc42c96d2175057d60e2f43d16caf5cb3a3864e7969b4,60.16544,24.95398,0000000038d83d41,33.81
946,2019-08-01T09:06:02Z,904a0fc128c9b7a19f77deebcedd8da5dc7f96ad36aa36930f09f87e,60.16762,24.95415,000000006b44cce7,11.7
947,2019-08-01T09:06:02Z,92d558faaf274f5fac1ccabea7bd30042fdd6fee95770c60123653a3,60.16762,24.95415,000000006b44cce7,14.89
948,2019-08-01T09:06:02Z,939c459d913b0b38838071a0d13671e83e4a751f44624b21e84daa69,60.16762,24.95415,000000006b44cce7,9.92
949,2019-08-01T09:06:02Z,941e13893853105c86bfbc6d31d62274937602143ce3bb530c8c17ed,60.17918,24.95141,00000000675d5200,21.87
950,2019-08-01T09:06:02Z,9998e64e3b5162fd8890fc4e2dfe41a3e875f08500f1cef0c4820855,60.16829,24.94214,00000000afef4555,18.79
951,2019-08-01T09:06:02Z,99a026b5100e23129fa529e9a57a3dbc8490dc03b58f2193f03e2dcf,60.14951,24.92138,0000000006dd41f6,6.46
952,2019-08-01T09:06:02Z,9a12cdd9d905a294b1c33d220edf652a99509b8916a79081b8e05dae,60.16629,24.95957,00000000fb7600be,20.28
953,2019-08-01T09:06:02Z,9abbc86fb0fc1c0532042814af76a97e6a17121831d4394749a290a6,60.16762,24.95415,000000006b44cce7,6.46
954,2019-08-01T09:06:02Z,9b3e6848d8b34e802134d6da0e5a594897ec3fafbbf08b6d0b84068e,60.17919,24.95181,000000007b5207b6,1.88
955,2019-08-01T09:06:02Z,9bc129708b07f3c5bbf4195e83f0e5b9a663b6f371f416a8e3a605f0,60.16897,24.95222,00000000aa852af1,17.4
956,2019-08-01T09:06:02Z,9bdb503344071eddd74d821f537246d8a6c19468b05d38d0170377f9,60.16897,24.95222,00000000aa852af1,8.38
957,2019-08-01T09:06:02Z,9bef8b28ea93ecaee57d05b037edbfe7f80014aaf56343345fedd7be,60.17918,24.95141,00000000675d5200,14.89
958,2019-08-01T09:06:02Z,9ce214896068957a21bc57af08680d84debbd091b49ad5e6402c4cc8,60.16629,24.95957,00000000fb7600be,27.28
959,2019-08-01T09:06:02Z,9dfecc3e26cb27e4b80721e355ef0d6cb182ac2eebf66b006e2d9f8e,60.149,24.9843,00000000fffb8cf0,25.36
960,2019-08-01T09:06:02Z,9eee6d740f1d483c484d02f0995f35550c09e6a8cf01f02680db5efc,60.16448,24.97323,0000000053c6c2be,14.89
961,2019-08-01T09:06:02Z,9f2f5e6344efb60ffa5c79880ea57aeb636e51f86587e158039df6cc,60.16531,24.9442,00000000fdda10fe,9.12
962,2019-08-01T09:06:02Z,a04214b56cac7d70680703ee6a28fac742f3c3190b55b46a79c1f76d,60.149,24.9843,00000000fffb8cf0,9.92
963,2019-08-01T09:06:02Z,a38c11c450b472b9dad2f076e2d9a63651292d3de806331d06af7f46,60.16531,24.9442,00000000fdda10fe,14.89
964,2019-08-01T09:06:02Z,a3d99fc570ed19522398a09fafe7d264d95d2cd387780feb931b4573,60.17065,24.93641,000000000f4919c9,10.78
965,2019-08-01T09:06:02Z,a403dc1eebc5d130e12a4c3e4298737c9e00b25b1b6b2cc36a6979c9,60.16629,24.95957,00000000fb7600be,20.28
966,2019-08-01T09:06:02Z,a4fa5dc4ad3a7f5e22ce3ce059698c27c77890c3f24a78bf49b67080,60.16762,24.95415,000000006b44cce7,14.89
967,2019-08-01T09:06:02Z,a5423cad01b42682deb516a777f50fd783fd1fd9dc23b7cab01eaedc,60.16897,24.95222,00000000aa852af1,20.28
968,2019-08-01T09:06:02Z,a6d0dd9de406b1201a4e438ec7c5f4a467f38c41e2dec42ff6c71d50,60.16897,24.95222,00000000aa852af1,16.1
969,2019-08-01T09:06:02Z,a786eb3b8a25c58099a428799e99d0b86401f803ee38d3e5d20e59d3,60.15432,24.9211,0000000019fb59c4,12.69
970,2019-08-01T09:06:02Z,a808962cb511e5ed2d23e6e33efe252b1be29dc1d2f7c6154817f04f,60.16448,24.97323,0000000053c6c2be,11.7
971,2019-08-01T09:06:02Z,a83415babca8eac00f69a32371a230fdadda29bf40fd69f75cf2e8fb,60.17918,24.95141,00000000675d5200,25.36
972,2019-08-01T09:06:02Z,a838fe521ed943ab5d8f7c5d408246fb2370ea139b12544208826ea9,60.16897,24.95222,00000000aa852af1,27.28
973,2019-08-01T09:06:02Z,a8ca7fb815e707c04434a085c4f99e783d56372143afc92225eae622,60.15133,24.92329,00000000e8a064a4,11.7
974,2019-08-01T09:06:02Z,aa05a7036c3586a79d23f426b78bf158357208bc82d7ddf9a1326dd2,60.16531,24.9442,00000000fdda10fe,9.12
975,2019-08-01T09:06:02Z,aa5281244780ac8f283c3452639d477cd76e31fc6f0b95b99c51a9b0,60.16762,24.95415,000000006b44cce7,2.8
976,2019-08-01T09:06:02Z,abf0be93e7a8aec9fa8284fdbcc2493f32084aa95f15660b23e149c6,60.16629,24.95957,00000000fb7600be,27.28
977,2019-08-01T09:06:02Z,aca524ceb3c7373172ecd0d06b26e7d610d441f4a47ab78ae0ad3340,60.15133,24.92329,00000000e8a064a4,10.78
978,2019-08-01T09:06:02Z,acbbe4765d72f36b0323407c7dbe43db7b4ad5e2da0a6a9e5966db0b,60.16897,24.95222,00000000aa852af1,8.38
979,2019-08-01T09:06:02Z,ad22512fd6a5ad9e19fdfad7e02b2793ecb01875be243f894c637ae2,60.16829,24.94214,00000000afef4555,7.05
980,2019-08-01T09:06:02Z,af67ffa8b538058603b74f48e04ab914e8f6cd450f53c47f8c3d683d,60.15432,24.9211,0000000019fb59c4,11.7
981,2019-08-01T09:06:02Z,afaed9946dbc1509500c6f80f87eed8fe44a74ba3e14328c6efe3971,60.16829,24.94214,00000000afef4555,7.69
982,2019-08-01T09:06:02Z,b09e9bb62cc49c085c1aee3b752af1bec69dabc939323e5733f73933,60.17065,24.93641,000000000f4919c9,18.79
983,2019-08-01T09:06:02Z,b28757d67868f9471f0d997a935e857fd0ff1095449820929597563b,60.16762,24.95415,000000006b44cce7,8.38
984,2019-08-01T09:06:02Z,b32e57a6f5865a23d7a0e9fa346d5ec4e975f99c4df815fe8b1449b2,60.17918,24.95141,00000000675d5200,17.4
985,2019-08-01T09:06:02Z,b3d94dfd4a1393ebe6b450d53a8c1c172707ab9ae1ab42b50b5b31df,60.16829,24.94214,00000000afef4555,14.89
986,2019-08-01T09:06:02Z,b474e34db18d21635ec9ea2654513e6759c326f3aaec96c25f9a204e,60.16897,24.95222,00000000aa852af1,25.36
987,2019-08-01T09:06:02Z,b50a45ac0708e7b5cca42f3458430eb22ff70a81c575bafe99ffda23,60.17002,24.94407,000000006b087f40,8.38
988,2019-08-01T09:06:02Z,b5603e758440226e490d1d7d7271a7b0d5c261eccbad198f81110136,60.15432,24.9211,0000000019fb59c4,3.74
989,2019-08-01T09:06:02Z,b69604356a52f2b1b9c5de09a350f42d87f5b969e3e824d8b6b2368f,60.16829,24.94214,00000000afef4555,16.1
990,2019-08-01T09:06:02Z,b6b32d1744cab38523e13d061fa256f05d6e01d920275907327c3083,60.16829,24.94214,00000000afef4555,9.12
991,2019-08-01T09:06:02Z,b6c43126ca83e916a68e57d0178060c24fc61305836b6c8f188f7285,60.17918,24.95141,00000000675d5200,8.38
992,2019-08-01T09:06:02Z,b6f0f4101a1a258dcb1d82d77ca91000694d4fed15bd882a8e3bfe66,60.149,24.9843,00000000fffb8cf0,18.79
993,2019-08-01T09:06:02Z,b7c3b37b32d534f6824ac8d99b4c79d0cb915cab104fdb745550ea22,60.16762,24.95415,000000006b44cce7,9.92
994,2019-08-01T09:06:02Z,b8038854618ce49585b1b6da449b945625ada46d3a0e8942e9f8137f,60.16629,24.95957,00000000fb7600be,14.89
995,2019-08-01T09:06:02Z,b8fb70225ee0a2d655e2809da07a2f8cd2feb7295aa256f8b35fcf1e,60.16629,24.95957,00000000fb7600be,12.69
996,2019-08-01T09:06:02Z,ba2262b5310a223ccb57bf8b1f6c5d904d7aa31939f3ffa28060dbc7,60.16829,24.94214,00000000afef4555,14.89
997,2019-08-01T09:06:02Z,baca220bc4dd6e05e27f7b99db1588e9c29a5e18a36a70622dea1e65,60.17065,24.93641,000000000f4919c9,21.87
998,2019-08-01T09:06:02Z,bb0509d8cfed23727a055008086076320415d2f40ddad63b703fbe2a,60.17065,24.93641,000000000f4919c9,23.56
999,2019-08-01T09:06:02Z,bb2187a4e20012ad694c768ef2c47c9a9055671024ebf4855d4e6243,60.16531,24.9442,00000000fdda10fe,1.38
1000,2019-08-01T09:06:02Z,bc384bbbf1b2b631cf27066787a32985e9ede5c94a64dc3cab8b6855,60.14951,24.92138,0000000006dd41f6,25.36
1001,2019-08-01T09:06:02Z,bc6d5082ca52e6dae7a1689a835434f3f6341e90afea565480eb9674,60.16829,24.94214,00000000afef4555,12.69
1002,2019-08-01T09:06:02Z,bc82f76c979de19b559e9e3aa0cd6cbf5ac361e2d7b1ac9f81fe2f4f,60.17918,24.95141,00000000675d5200,7.69
1003,2019-08-01T09:06:02Z,c15da9ed244b57a27a083919c67d0edde078a31b18cb58f13581f173,60.1538,24.95595,0000000038bf9618,17.4
1004,2019-08-01T09:06:02Z,c1674c59c49d5bf74e6808239a91d18a04e47697d298bc61a7618af2,60.16448,24.97323,0000000053c6c2be,14.89
1005,2019-08-01T09:06:02Z,c1bf1bf699e9bc78ca15c9490d1ef02e3323f0c2c76bf0fca7955a69,60.14947,24.91438,000000004ef3150d,27.28
1006,2019-08-01T09:06:02Z,c375f2dac85f963c33b2daf76ffb0c32d2c8fd08172419336e308686,60.14947,24.91438,000000004ef3150d,18.79
1007,2019-08-01T09:06:02Z,c434f18b802a764aad7a2dfb46e93546acb1b0975cf9b93fd47363f6,60.15432,24.9211,0000000019fb59c4,7.69
1008,2019-08-01T09:06:02Z,c46895857ca53c3362932d446a58c13b60d297f99ca237d4546589e8,60.16897,24.95222,00000000aa852af1,16.1
1009,2019-08-01T09:06:02Z,c51beff15d228f2dab9416cadfcc60fe269ce3d9202a9cf2ec7e7647,60.16829,24.94214,00000000afef4555,9.92
1010,2019-08-01T09:06:02Z,c65c11ee6e8b5894ead3ea9b007a39127edb65a67be253aca6f78ed0,60.16448,24.97323,0000000053c6c2be,25.36
1011,2019-08-01T09:06:02Z,c872af9997af535c4615ee0b4194c7c8d644b7962afb3ca321eb386f,60.15133,24.92329,00000000e8a064a4,23.56
1012,2019-08-01T09:06:02Z,c8aef405537103b9d31a7e2dda43949f5844b9a36494f8defaf0d803,60.17002,24.94407,000000006b087f40,18.79
1013,2019-08-01T09:06:02Z,c98bce1cc275ed0a1b833011f8cd251ac848fdc84501fe87eb8b5d54,60.17918,24.95141,00000000675d5200,23.56
1014,2019-08-01T09:06:02Z,c9ce14e0dbf0cf3c24f6a92a1930fa32de9a1de0ffe63082ccddb0d6,60.16448,24.97323,0000000053c6c2be,23.56
1015,2019-08-01T09:06:02Z,cccf3ba2a9d11b9330c18af8064a20aca9995473495bf119162a1619,60.16897,24.95222,00000000aa852af1,20.28
1016,2019-08-01T09:06:02Z,cce3077cdfeedd0674391bec08ce94732557106542574c58a7f378bf,60.16829,24.94214,00000000afef4555,3.4
1017,2019-08-01T09:06:02Z,ce7de55c7709396c70ce5930097e84449a4889700e605a0b062aaeae,60.16531,24.9442,00000000fdda10fe,9.92
1018,2019-08-01T09:06:02Z,cf823e18aa21de251222a9ab70c1b76b6218dea694752d56f6f84082,60.149,24.9843,00000000fffb8cf0,27.28
1019,2019-08-01T09:06:02Z,d062562fed5ad0a61560e267310beb0b717d2a1e2a11d1d575507861,60.16897,24.95222,00000000aa852af1,18.79
1020,2019-08-01T09:06:02Z,d0ae4fabf429edbfdad59f8183cc6e5929f68633315448c9b83d4c16,60.16762,24.95415,000000006b44cce7,7.69
1021,2019-08-01T09:06:02Z,d16e16def718519430296afa23976c226aaf720722bce3d92a2aad43,60.14947,24.91438,000000004ef3150d,27.28
1022,2019-08-01T09:06:02Z,d29a5ebd00326d5dedb6c60cab75fd238bdaa9d7f703f6b5974edbc7,60.16762,24.95415,000000006b44cce7,8.38
1023,2019-08-01T09:06:02Z,d31d6921eee92503b486a1b30f5330581c4744a82e6549f375544846,60.17918,24.95141,00000000675d5200,17.4
1024,2019-08-01T09:06:02Z,d327ac6c99e2bd3f17d3041840424e8568b4fbe6d3280c3e04504dac,60.16897,24.95222,00000000aa852af1,16.1
1025,2019-08-01T09:06:02Z,d562afdedae521be241c98441e436608a323fdb944dedc24c835e762,60.17065,24.93641,000000000f4919c9,4.5
1026,2019-08-01T09:06:02Z,d653ef8368d33df4fc7edeb5a381d5826be1471f1470aa9744d47901,60.173,24.92524,0000000096918cfa,4.11
1027,2019-08-01T09:06:02Z,d65b8625c1f24304ff0e3c4a4dce7aa5d434d36be87be41834a49420,60.16531,24.9442,00000000fdda10fe,3.09
1028,2019-08-01T09:06:02Z,d6e217c6592e449e2390b1a874e08cbc9126116901dbdbf84501c6b8,60.17065,24.93641,000000000f4919c9,7.05
1029,2019-08-01T09:06:02Z,d74ea3c9e0aaa523c791aa01f4f9a7c1c43f01f585dc4146b19edf83,60.17919,24.95181,000000007b5207b6,11.7
1030,2019-08-01T09:06:02Z,d7734ef0345fcffc0f4bd7579275af62987490aba012209832e92059,60.16629,24.95957,00000000fb7600be,13.75
1031,2019-08-01T09:06:02Z,d8778698d75313bf43f7255696e14eda9502d5d7a6e7315071181cc8,60.16629,24.95957,00000000fb7600be,20.28
1032,2019-08-01T09:06:02Z,d87c4d5dc2cd620de54fdd076d4f9b35245053d65b644d9e01f558b5,60.16762,24.95415,000000006b44cce7,4.5
1033,2019-08-01T09:06:02Z,d95956cedfc4dfe06014194cc1071864bd835fcc014c1fd6f4d33337,60.16762,24.95415,000000006b44cce7,5.41
1034,2019-08-01T09:06:02Z,d983db67d9cd171123ba12eeb19c11f34a3ad1d75fc9214ac3ae8a26,60.17002,24.94407,000000006b087f40,23.56
1035,2019-08-01T09:06:02Z,d9f8ff1809ebe23c7e68bb1cbb1aa6fdfaf22375abf2962da2d7cfab,60.16531,24.9442,00000000fdda10fe,17.4
1036,2019-08-01T09:06:02Z,db09e59d30e841073faa26d5c3a781d50a29e13bff061b33681d6ba7,60.17918,24.95141,00000000675d5200,3.4
1037,2019-08-01T09:06:02Z,dc00d45c0dd506326fb4dd3692d409df80cb3d871341ffff720dc834,60.16762,24.95415,000000006b44cce7,8.38
1038,2019-08-01T09:06:02Z,dd25a0565e62784c46dff981c89948d84883039a14fc4becfe4d84c5,60.17002,24.94407,000000006b087f40,21.87
1039,2019-08-01T09:06:02Z,ddae2128c72cf011df2a698a8254b8738fd07a971349ea8a5e8bfa9f,60.16829,24.94214,00000000afef4555,25.36
1040,2019-08-01T09:06:02Z,deb8a213e1b4930e676ee8fdb394161ec46adb785171fa37437b4d44,60.15133,24.92329,00000000e8a064a4,16.1
1041,2019-08-01T09:06:02Z,e234769b1ce1634554f5fa4a290d11b2a30c3dfd009d4c39a2e9dd3d,60.17065,24.93641,000000000f4919c9,25.36
1042,2019-08-01T09:06:02Z,e294dde431d68c7b73efcf1f9b916e40bf408111c79228032c7830a4,60.16544,24.95398,0000000038d83d41,23.56
1043,2019-08-01T09:06:02Z,e2bb0ae74deee6cbc4f50c5f85da3f1779ca1db1ae7ff48ab4b33dbc,60.17918,24.95141,00000000675d5200,7.05
1044,2019-08-01T09:06:02Z,e2f8b065913423b6cd370ba12adba60bad68b6ff2a97fbcb1d1614bf,60.16897,24.95222,00000000aa852af1,10.78
1045,2019-08-01T09:06:02Z,e3f844c56875bd572c3b57a835b884f1060b467d3bbd25c50dcc7e28,60.16762,24.95415,000000006b44cce7,18.79
1046,2019-08-01T09:06:02Z,e528235be3e5cc4945024d50d1ed43061e2e2f2845f2b41e081e1721,60.17918,24.95141,00000000675d5200,7.05
1047,2019-08-01T09:06:02Z,e5cad8bb9a6c8dcc067948d7f869033aca5bdd062da175c8734092e6,60.17918,24.95141,00000000675d5200,4.94
1048,2019-08-01T09:06:02Z,e729325b3fe611c9dc2290efdcb3efa71b6d425282d0e683f1435dbf,60.17918,24.95141,00000000675d5200,20.28
1049,2019-08-01T09:06:02Z,e73dcccbc4dd6af49316f19a34c347cc94ff7ab079a93a2672d78a16,60.14947,24.91438,000000004ef3150d,21.87
1050,2019-08-01T09:06:02Z,e7c92f07271c58076a3543568856a6941512c32291b7e9ce8dbcece1,60.16762,24.95415,000000006b44cce7,14.89
1051,2019-08-01T09:06:02Z,e8add7e8346b99cd4b67924113f3763441a1899897c6d1ac3a1a40a6,60.17919,24.95181,000000007b5207b6,23.56
1052,2019-08-01T09:06:02Z,e8ed8051f57ad9d9029a5e3b443c5e93e5059f8c487ba45e2583d35a,60.16829,24.94214,00000000afef4555,23.56
1053,2019-08-01T09:06:02Z,e9064a62fac257836cb6fbcf0d84fab1ebdfa46bd6734632f1e6f116,60.16829,24.94214,00000000afef4555,7.69
1054,2019-08-01T09:06:02Z,ea3f8412ed9c4d92448688dd9cc7ff9e3eeb5fe4373d0953bf0349c1,60.16531,24.9442,00000000fdda10fe,17.4
1055,2019-08-01T09:06:02Z,ea94130fbb3464dc656765cfddbad802ddfafb1af8007cb5f42cd41f,60.16829,24.94214,00000000afef4555,10.78
1056,2019-08-01T09:06:02Z,eaf572301dc5c1eaff007bc1886cce8f0f5e92a233b8686ed2a1a9cc,60.17065,24.93641,000000000f4919c9,17.4
1057,2019-08-01T09:06:02Z,ec2dd83e04d225caca9f6b9d28bd3080ed37c5bf42e5f65123fa2394,60.17065,24.93641,000000000f4919c9,9.92
1058,2019-08-01T09:06:02Z,ec7121833f0e4b509d683b00a9c5e992e4b84882cb857145102e14f4,60.16531,24.9442,00000000fdda10fe,1.25
1059,2019-08-01T09:06:02Z,ec8c0160ac1ee5aeaf6204956c9db2ee4f98f55ae3fe1ec0af07fab8,60.16762,24.95415,000000006b44cce7,4.94
1060,2019-08-01T09:06:02Z,ed86f884272a5a400b55bfd4f22bc8cc5d6fca7fe26eee3c39cb3c52,60.15432,24.9211,0000000019fb59c4,10.78
1061,2019-08-01T09:06:02Z,eef621895ee74145a6d76c5f5493a93d7c728c80abe45a2e1933ae9f,60.16897,24.95222,00000000aa852af1,12.69
1062,2019-08-01T09:06:02Z,ef67b9e4617f284b84167b4bdaff71108579a33ced0a2450ff25a1a1,60.16629,24.95957,00000000fb7600be,17.4
1063,2019-08-01T09:06:02Z,f03d20d6bb80ce0745cb0fbed6619e0a6288bfffd08e9aabce1692ba,60.17065,24.93641,000000000f4919c9,11.7
1064,2019-08-01T09:06:02Z,f1447725764ec0dca245fc67f2aa0a0c42e6b05808076aa74f0c1e7e,60.17918,24.95141,00000000675d5200,9.12
1065,2019-08-01T09:06:02Z,f18c0c32d067aecf5602d70693ac888cab1be6dbb0d154be5153dfcc,60.16829,24.94214,00000000afef4555,12.69
1066,2019-08-01T09:06:02Z,f1b28329fc91f4708ca34857c5582c0bf1b7d0ab06127746029cd72c,60.17919,24.95181,000000007b5207b6,2.8
1067,2019-08-01T09:06:02Z,f20935810c1567a80c288016c4d4dd32fe86b3479f47ae7dd64d15cc,60.15432,24.9211,0000000019fb59c4,9.92
1068,2019-08-01T09:06:02Z,f4587b90aec9127805880f7c81fc03b9fb513fe363015399b895089f,60.16829,24.94214,00000000afef4555,25.36
1069,2019-08-01T09:06:02Z,f4bbc3077da0455d4340da2eed204915327b75a792080724548b4956,60.17918,24.95141,00000000675d5200,3.09
1070,2019-08-01T09:06:02Z,f503a41d3e8b9b57628f4f061c1d8e0c53c62dd8a6fe38d212958ee6,60.16075,24.95883,00000000f1124bca,4.94
1071,2019-08-01T09:06:02Z,f50fd3b1715a94dff67461f4b8f252ecaa6acc16459b3d021f34f15e,60.1538,24.95595,0000000038bf9618,25.36
1072,2019-08-01T09:06:02Z,f55165f87792f06aaca9b79eea536f4bd692c8ee806294be5fb014df,60.16829,24.94214,00000000afef4555,20.28
1073,2019-08-01T09:06:02Z,f587de6c8c03387c5e6a66cd7d20c45abad3668c8e2246611122547b,60.14947,24.91438,000000004ef3150d,20.28
1074,2019-08-01T09:06:02Z,f60a6068c654587fa981390a039456a2fdd85e02c009df547e204a45,60.16829,24.94214,00000000afef4555,23.56
1075,2019-08-01T09:06:02Z,f741519cf6f519194bb45b9da0e69bda8edb903e3c24d4140f340467,60.16762,24.95415,000000006b44cce7,4.94
1076,2019-08-01T09:06:02Z,f77f8836e641389801309c311e926c1662264ab16efd01cd5bf27baf,60.16762,24.95415,000000006b44cce7,10.78
1077,2019-08-01T09:06:02Z,f9e527876f8dfe750fd29bc42664bbf572aed5d09d344a8934a83d90,60.17065,24.93641,000000000f4919c9,3.09
1078,2019-08-01T09:06:02Z,fa1a3814c680b20020a08346c37ee2853e895984574575312bf262e7,60.14947,24.91438,000000004ef3150d,20.28
1079,2019-08-01T09:06:02Z,fa9f19c58a086fde9429d732b1eec80eacf5fc1b2c0124d17243d008,60.17918,24.95141,00000000675d5200,2.54
1080,2019-08-01T09:06:02Z,fba6e66dd09200012637e0b454c96fd7a5459b7e8b0ba01863cdbd77,60.16762,24.95415,000000006b44cce7,3.4
1081,2019-08-01T09:06:02Z,fc75e05a713e8733c512a31a3bebec0a122af3e7afb2c5059c3f1a3a,60.17002,24.94407,000000006b087f40,21.87
1082,2019-08-01T09:06:02Z,ff10218d9a15a3bf160a969fa266f197770d363bc52dce7fa08ae990,60.16762,24.95415,000000006b44cce7,7.05
1083,2019-08-01T09:06:02Z,fff7f9f42d918ac875b7e417a971d942549ba9f38b79d21d2f351959,60.16762,24.95415,000000006b44cce7,21.87
1084,2019-08-01T09:06:03Z,03e0fc996a589ccdf1871b3c78e089c08c93ba1f2a02d740fb384aac,60.16531,24.9442,00000000fdda10fe,29.32
1085,2019-08-01T09:06:03Z,14c7e1511b70f4dd3359cbece1377aebb4d70531f5489eefe53d7c3c,60.16544,24.95398,0000000038d83d41,29.32
1086,2019-08-01T09:06:03Z,15918569de0a46a8eb56b43d8d39f7fc82619ff1006f00822c85745c,60.17918,24.95141,00000000675d5200,1.38
1087,2019-08-01T09:06:03Z,165ebbb4090d47319ae370f0d0854fdc1f6b79499f8b2e4d3c3533c0,60.16544,24.95398,0000000038d83d41,25.36
1088,2019-08-01T09:06:03Z,171d0bf49a26400390df42bc1c9af98d9279bf8ccee92f39288845e1,60.16762,24.95415,000000006b44cce7,2.8
1089,2019-08-01T09:06:03Z,1951291ca064d0fb480d958037c1477427d2ca8db455fef0b741bf9f,60.16448,24.97323,0000000053c6c2be,23.56
1090,2019-08-01T09:06:03Z,1f0f0628cdc688d76bde2b82bee5b9b4916bf0bbdfe76cf3213e1c65,60.15432,24.9211,0000000019fb59c4,23.56
1091,2019-08-01T09:06:03Z,29f37c7486060f7f74f542c60cf9b1accfa544b255a22aee53b99cec,60.16897,24.95222,00000000aa852af1,10.78
1092,2019-08-01T09:06:03Z,2a93b61a3863ace54349d7a0937e4134fcc6d4dfcf064eefae2b7cf8,60.15432,24.9211,0000000019fb59c4,25.36
1093,2019-08-01T09:06:03Z,2f33dacc8bf2b0b809b88130b46696c922929e1eb8ea92017f05509a,60.16448,24.97323,0000000053c6c2be,25.36
1094,2019-08-01T09:06:03Z,43b676ed3aef4c2d8846694817e76117873be52e7f788e0cb366c1c4,60.16629,24.95957,00000000fb7600be,36.27
1095,2019-08-01T09:06:03Z,5d65719c4cbf045f068d084b72302f447d5fd034413d97d13be00d0e,60.18203,24.91341,00000000342570c2,18.79
1096,2019-08-01T09:06:03Z,6a657079c1bdc8114c289be1ddd83e5846d4279a920d1697b8ff0033,60.18203,24.91341,00000000342570c2,21.87
1097,2019-08-01T09:06:03Z,76c7f42283513d0e289bf786d89463b5025b2ae0f4e13519a4cf228b,60.15432,24.9211,0000000019fb59c4,18.79
1098,2019-08-01T09:06:03Z,84fdfd8881f633c5f0c71c1480053953ca4b05e848052d97c063ad38,60.1538,24.95595,0000000038bf9618,23.56
1099,2019-08-01T09:06:03Z,87dfaad29a9276ddddb1fa021d3bc23ad14824c1af16f7d87e713689,60.14951,24.92138,0000000006dd41f6,9.92
1100,2019-08-01T09:06:03Z,8c75c3289c84fe4493e1e272a77b615fe1985880c5dc68a7c1a17b53,60.16762,24.95415,000000006b44cce7,11.7
1101,2019-08-01T09:06:03Z,8cc6ddaa460aeae8cc9e8a33f91a01c8cd4c0c8bf8a943210a28c84d,60.1538,24.95595,0000000038bf9618,33.81
1102,2019-08-01T09:06:03Z,9843c6216661048343a0e49cf3d8aa2883cf77f452666a1c873a1052,60.16448,24.97323,0000000053c6c2be,18.79
1103,2019-08-01T09:06:03Z,9d03d14afa49576281aa26db60e517f7c1ec8aa36f7756959a860a8a,60.16629,24.95957,00000000fb7600be,10.78
1104,2019-08-01T09:06:03Z,9ff35a7f150d05ef75c3777dbae4f91e5b1a4d0830a984c50f6da1bc,60.16897,24.95222,00000000aa852af1,23.56
1105,2019-08-01T09:06:03Z,a08cae03363d2e483a6ea717973088f4bd4276de96a9d438a7358ff4,60.16897,24.95222,00000000aa852af1,16.1
1106,2019-08-01T09:06:03Z,a91d379a4b57c5df22db0d7a041ff69f657b4b31f28554b1011fc03c,60.16544,24.95398,0000000038d83d41,27.28
1107,2019-08-01T09:06:03Z,a9da1ee82e3b670e276c26b483dd50f4a6d0c6f77ef82245d3ae6086,60.18203,24.91341,00000000342570c2,16.1
1108,2019-08-01T09:06:03Z,ab0f67c0c0e1ba5eac9013f9c314feadf340ddf08543b91e70483594,60.16544,24.95398,0000000038d83d41,25.36
1109,2019-08-01T09:06:03Z,b1f358076ba79ef902a36ca8ae3f8ec7c93308a67c479345bfdbdecf,60.1538,24.95595,0000000038bf9618,25.36
1110,2019-08-01T09:06:03Z,b4faf2d3c4d2b199afeab6ab63b583fe3a2e81e14abbef6917f25129,60.15432,24.9211,0000000019fb59c4,20.28
1111,2019-08-01T09:06:03Z,b5026d7cf52e7ab96df2ba76a516d819fb11765e520b765d373d186b,60.16448,24.97323,0000000053c6c2be,17.4
1112,2019-08-01T09:06:03Z,b5fd6b317890e5ab2d79e2cd1abe61626d45a753c7337d0d40728898,60.16762,24.95415,000000006b44cce7,12.69
1113,2019-08-01T09:06:03Z,c40c37def6bf11a63a2556519a7c6233fd417cdeea2cf14f28e7c42c,60.16531,24.9442,00000000fdda10fe,20.28
1114,2019-08-01T09:06:03Z,cf05623e4d87ce0906c0b0b7dbf53aacc1228016cd27c341228b6e76,60.18203,24.91341,00000000342570c2,18.79
1115,2019-08-01T09:06:03Z,d127ead865385b64ae537a703a26be15fae4b5332ce0fbf03d5e0c23,60.1538,24.95595,0000000038bf9618,36.27
1116,2019-08-01T09:06:03Z,d178749a24c32676d0da0f51ae6ff63c456499d4b1814af8fa75ca9e,60.16448,24.97323,0000000053c6c2be,5.91
1117,2019-08-01T09:06:03Z,dd2c9c82cf3737146294aff6f814a1349fb0bc4bedf518715dacbe8f,60.18203,24.91341,00000000342570c2,14.89
1118,2019-08-01T09:06:03Z,ec72ef080c605e71978aed0d3b5f22c3c3133677a43c614b72eedc6d,60.14699,24.922,00000000a53ed894,29.32
1119,2019-08-01T09:06:03Z,ed70dda6b7faebd4340dacdb452ab224d9d3c308df417b7fa76f54e8,60.14951,24.92138,0000000006dd41f6,23.56
1120,2019-08-01T09:06:03Z,f088630d7476dae7d4b7e2bb1f10575f2c89acb4b6e061f3d57c2b40,60.16531,24.9442,00000000fdda10fe,20.28
1121,2019-08-01T09:06:03Z,f1f7b52845876f30642a66e5014615e91d05b70e771d5ea25341dc8c,60.16448,24.97323,0000000053c6c2be,29.32
1122,2019-08-01T09:06:03Z,f7e45613ad966fea53fab73b435ba3a087c774e36596b3a5156a3487,60.16829,24.94214,00000000afef4555,1.88
1123,2019-08-01T09:06:03Z,f83d4b6b8ffbf8a674d212e32100b2360b80261b4e9207d77c0b0ed3,60.17918,24.95141,00000000675d5200,4.5
1124,2019-08-01T09:06:03Z,f99c5dd8cc08bd2353083d875ce8bc585fb2c2ff8427b90d92f571de,60.1538,24.95595,0000000038bf9618,33.81
1125,2019-08-01T09:06:03Z,fc4f3a44235f1cfc7b53f14ba2da599976a5a0a220d23b852688e485,60.17918,24.95141,00000000675d5200,13.75
1126,2019-08-01T09:06:03Z,00787dad708490660b0b836fa415681cc57046fa521c0c0aaea14a9e,60.16762,24.95415,000000006b44cce7,7.69
1127,2019-08-01T09:06:03Z,00d98e49fc01c16216b630f9fdf19ce9826d27552ce2fa4676de957b,60.16829,24.94214,00000000afef4555,13.75
1128,2019-08-01T09:06:03Z,02050a536056486b1bf139282f0d0a3af63def1d56ff0c73ac51bb19,60.14947,24.91438,000000004ef3150d,17.4
1129,2019-08-01T09:06:03Z,023083c44c772667f1727e01c74518889b2a82d78ceb28c08b6f8a20,60.16531,24.9442,00000000fdda10fe,14.89
1130,2019-08-01T09:06:03Z,02fb8c740573d86a30d1a85d4b270f0d198cd0487446d6ca84453f3f,60.16544,24.95398,0000000038d83d41,29.32
1131,2019-08-01T09:06:03Z,0362cc670dcfab795a3911957b6a177416bf9b99d0e2732716796c4d,60.15432,24.9211,0000000019fb59c4,17.4
1132,2019-08-01T09:06:03Z,03f427d436ba092925de462b11374bdbdab0443620037675621fbc11,60.17918,24.95141,00000000675d5200,23.56
1133,2019-08-01T09:06:03Z,04c26e81b9a9c7fbc6060d74236c616220c3cd580100a0c58a62ea1a,60.16897,24.95222,00000000aa852af1,25.36
1134,2019-08-01T09:06:03Z,063935180fff0e58de5d319ecb9320cf794423e3c6aeac0cca8f1a9f,60.16897,24.95222,00000000aa852af1,9.92
1135,2019-08-01T09:06:03Z,0670a01b5d0e505e7ec50165f157d60f57a5bb3b6c65922412509ab2,60.16829,24.94214,00000000afef4555,12.69
1136,2019-08-01T09:06:03Z,084a28a3b7b25fc337905f6c6115a66adb0bea6908a071ada1e2e1b5,60.14951,24.92138,0000000006dd41f6,20.28
1137,2019-08-01T09:06:03Z,08f10568d1e90d000e41196f141e0c1a52bab88fcf08f4753a3c055e,60.16897,24.95222,00000000aa852af1,21.87
1138,2019-08-01T09:06:03Z,08f9fd60f852d3502bfa509c955e9963e73954f961d55ba8cd46cae9,60.16629,24.95957,00000000fb7600be,11.7
1139,2019-08-01T09:06:03Z,0c1684b697a63d7f47ebaedcfa060b3b4af294fec1e62d613699291a,60.16897,24.95222,00000000aa852af1,5.41
1140,2019-08-01T09:06:03Z,0c2d3bdaf0e8a9d6efcf95298acb85805b31c1c6618f00dd4489dddb,60.16762,24.95415,000000006b44cce7,13.75
1141,2019-08-01T09:06:03Z,0e62c7194170ff5abcdede8e7bb2dc9370e053dcd7957fc62f077453,60.16829,24.94214,00000000afef4555,20.28
1142,2019-08-01T09:06:03Z,0f0a47457083121cf6392eb1d6d9a764f269d3c0e33d76403c446678,60.16829,24.94214,00000000afef4555,36.27
1143,2019-08-01T09:06:03Z,0f8e18e52422d7fb71594f8dbfc8bb5ae986eb9f664407f954e275b4,60.16762,24.95415,000000006b44cce7,14.89
1144,2019-08-01T09:06:03Z,1069967e3921871955b1b2b42e60f829c593a3e024401bfe61ae410e,60.16629,24.95957,00000000fb7600be,17.4
1145,2019-08-01T09:06:03Z,1074ffc7b33a1a8b54ea8f31d0f43ba07ed2ad7841b548f9bd4b9bad,60.17065,24.93641,000000000f4919c9,33.81
1146,2019-08-01T09:06:03Z,12b9b313e577dbbb9619247e0a5ded14c2b56bede5b421cac44f9597,60.16448,24.97323,0000000053c6c2be,27.28
1147,2019-08-01T09:06:03Z,13a759fd293cbde0d55db753d853768b718e59036c4007d2e3a8757a,60.16762,24.95415,000000006b44cce7,10.78
1148,2019-08-01T09:06:03Z,13cbade1d832c78b1a0a68fd9a6559054370eeae58247347955ee632,60.16897,24.95222,00000000aa852af1,8.38
1149,2019-08-01T09:06:03Z,141ffc858c3ea6a2e69c954115114304736a35dc25ec947323090dc0,60.16762,24.95415,000000006b44cce7,10.78
1150,2019-08-01T09:06:03Z,14a062f886bdedfe7c4c6cdae992fae0cd9703f957f69bbc4616d894,60.16897,24.95222,00000000aa852af1,25.36
1151,2019-08-01T09:06:03Z,15b314157b22b2a5bf8a39539a049ce73e7baa21b0ce24f21718ce4a,60.17002,24.94407,000000006b087f40,14.89
1152,2019-08-01T09:06:03Z,16e18d478be872d2a9801fa885d08edeb3f5ae1840b38478f9baf535,60.17918,24.95141,00000000675d5200,27.28
1153,2019-08-01T09:06:03Z,190cdde22bc3e3a41cd0f9da7efb3a917bc09e8034b05ca6064ea8a8,60.17918,24.95141,00000000675d5200,20.28
1154,2019-08-01T09:06:03Z,1d70ff49909e1d6fb653ae053aa78084daf385dbbd2ad22b05707309,60.16829,24.94214,00000000afef4555,9.92
1155,2019-08-01T09:06:03Z,1da40c618e0432bb037d08723b65821f6223509e8b4033a4b4190047,60.17065,24.93641,000000000f4919c9,16.1
1156,2019-08-01T09:06:03Z,1dbecade1f3540eb44c3d86cb1ffc73d5bf422ea0cf76927c2d5cd74,60.16829,24.94214,00000000afef4555,29.32
1157,2019-08-01T09:06:03Z,1dcff36b6f83b08b6ea87c1c1018c542c270299839908ca446dffb39,60.16762,24.95415,000000006b44cce7,10.78
1158,2019-08-01T09:06:03Z,1e3af5697f0a2ae45f261da79e4ba71c868dc4d78008bd1995fe6259,60.16448,24.97323,0000000053c6c2be,11.7
1159,2019-08-01T09:06:03Z,1e6029f749dce72746f03dcc61a1986b14438610b7ff6a19c8165e6f,60.16829,24.94214,00000000afef4555,21.87
1160,2019-08-01T09:06:03Z,1eadb2c1984aa73c3c2f13eab0a2e793331443c617681e36887f0bcc,60.16629,24.95957,00000000fb7600be,18.79
1161,2019-08-01T09:06:03Z,1ecbc7c6afe89033252e5510cbb893666af2b3bc29f555a3a6287fdb,60.14951,24.92138,0000000006dd41f6,3.4
1162,2019-08-01T09:06:03Z,1f813dc10021899138c12ca17c58ab3dc24db1750dcb1790f9c20e8f,60.15133,24.92329,00000000e8a064a4,14.89
1163,2019-08-01T09:06:03Z,1f9cbaa3c02479549dc1435945c77c94e36d2f63b57b1b37311e0e88,60.16629,24.95957,00000000fb7600be,20.28
1164,2019-08-01T09:06:03Z,20b37aa6c3ad0dfea9c182498905a450537b0efbbd8563b205e93afd,60.16897,24.95222,00000000aa852af1,12.69
1165,2019-08-01T09:06:03Z,227fd98ceb97d84d0c2c3af35c32cee7a87aea62d71b1a5353ae3588,60.17065,24.93641,000000000f4919c9,23.56
1166,2019-08-01T09:06:03Z,22ac1ab1c590ea19b44c61c42f5e8da29a6acbabf56676527811507a,60.15432,24.9211,0000000019fb59c4,2.54
1167,2019-08-01T09:06:03Z,22b68b1dc6e6d815ca8e6afbd434ae0e229670798c443052e7444648,60.16762,24.95415,000000006b44cce7,21.87
1168,2019-08-01T09:06:03Z,25479245e5a8b0fe47e2bd590cdd63256d84afd6c164781dc64e527d,60.149,24.9843,00000000fffb8cf0,5.41
1169,2019-08-01T09:06:03Z,2552cb43d7990bde838673115a742078e343ce93f96257728311655d,60.16897,24.95222,00000000aa852af1,29.32
1170,2019-08-01T09:06:03Z,25d340d14d855b8c18b2c6f2551ec98a1eb047d1fd3457ba881ddf28,60.17918,24.95141,00000000675d5200,10.78
1171,2019-08-01T09:06:03Z,272c160f908f30259011e0e3a4c2e3ea475ffb602ae6864364fe96be,60.149,24.9843,00000000fffb8cf0,25.36
1172,2019-08-01T09:06:03Z,2823bf6afde4a5cc05342c15e7417c9590ba52264be5793bb688faab,60.17065,24.93641,000000000f4919c9,18.79
1173,2019-08-01T09:06:03Z,28ce50ca84cdcd4c17a36ac666e7ac0267b6ab5b77f4bfb08b2573a1,60.16762,24.95415,000000006b44cce7,3.4
1174,2019-08-01T09:06:03Z,28d50861d92f962c7a49eabaa524431aebf52870e44b79f77d7167c6,60.17918,24.95141,00000000675d5200,6.46
1175,2019-08-01T09:06:03Z,2a8ba80ac4fbda4f91ebfa759642c857fd090516070753d41bb7d6ad,60.16829,24.94214,00000000afef4555,13.75
1176,2019-08-01T09:06:03Z,2afa9ac588b2c55e8edf99ee96ecaf63451a7ab1e51571b7e2d1d491,60.16762,24.95415,000000006b44cce7,7.05
1177,2019-08-01T09:06:03Z,2bf8b355af7fc80970ed350e4579dfc9aa8ec85af6c13517cc2dab44,60.17002,24.94407,000000006b087f40,23.56
1178,2019-08-01T09:06:03Z,2c184c9cc9c9a744c6959766a13f23462ffce29c252d073a252b6a7a,60.16762,24.95415,000000006b44cce7,17.4
1179,2019-08-01T09:06:03Z,2c1dcbe1930bbd0596b8dea9e2abc4e49a10db5a1fbd25f103aaf5a4,60.16762,24.95415,000000006b44cce7,13.75
1180,2019-08-01T09:06:03Z,2c6810efb2565383ca0a554f3c51f3f7905484357f5e00756dbf091a,60.17918,24.95141,00000000675d5200,4.94
1181,2019-08-01T09:06:03Z,2dcc113a258bced083c9729d8e62d6001f909ce1c9dac69fa7bead83,60.17065,24.93641,000000000f4919c9,31.5
1182,2019-08-01T09:06:03Z,2ea9a23b1a04016fb4810d1ceb5731d90774224fd9235877005a4e1c,60.16897,24.95222,00000000aa852af1,21.87
1183,2019-08-01T09:06:03Z,2f09364857883d78a23aab14ac85e389ce786d0938e13cee655a7dbc,60.16762,24.95415,000000006b44cce7,11.7
1184,2019-08-01T09:06:03Z,2f43b7a683b0d365a46b6259a032813c293472eaedcdbcc3507adee5,60.17919,24.95181,000000007b5207b6,10.78
1185,2019-08-01T09:06:03Z,2f79108a454c0072885ad1447280ed5098d061b229eaae61a8bb67be,60.15432,24.9211,0000000019fb59c4,17.4
1186,2019-08-01T09:06:03Z,2f82b3546af2df53b58cddc668c9aa196554108cdf39120ea40b417c,60.16629,24.95957,00000000fb7600be,17.4
1187,2019-08-01T09:06:03Z,312e78d3624e87e1645e7d54f96facd8a2321d6e65a3ef0620fb1d42,60.16531,24.9442,00000000fdda10fe,16.1
1188,2019-08-01T09:06:03Z,3227dbecd3a095676006e4ad615dc2aea1f506c310c940230a15ac94,60.17919,24.95181,000000007b5207b6,23.56
1189,2019-08-01T09:06:03Z,32fcb1ab3a9fde533916ca28a0d5b56bbb45fd171dd5bae91f66ec6c,60.16897,24.95222,00000000aa852af1,20.28
1190,2019-08-01T09:06:03Z,33fa4cb82db5b44ffe6e7ae1039635187f90d1df328f8f139da0c693,60.17918,24.95141,00000000675d5200,9.12
1191,2019-08-01T09:06:03Z,3480c16a6649952c388d8902596e332f018e609b9585f483353ae026,60.17065,24.93641,000000000f4919c9,3.4
1192,2019-08-01T09:06:03Z,34e96c7caa63e7ede8f428b18e8fb556ac235d61a50c9d6ac7ff268f,60.17918,24.95141,00000000675d5200,25.36
1193,2019-08-01T09:06:03Z,3609f484ad7e56259f60a61aba44f22dfca5c8b2564fce7e802ad342,60.16829,24.94214,00000000afef4555,0.84
1194,2019-08-01T09:06:03Z,367b1989198ef11170dd9fcfa7e6ebb5ceb58aab87c613ee1bb86e8c,60.16531,24.9442,00000000fdda10fe,9.12
1195,2019-08-01T09:06:03Z,3685ee6d322dcb2ad0ae181f66c3c5427d4531d7896d2f5f7571bb6d,60.16762,24.95415,000000006b44cce7,5.91
1196,2019-08-01T09:06:03Z,36fe97cd2ec69118778c771a87593630f8a6a2cb77d9ce72f845cd3c,60.16762,24.95415,000000006b44cce7,13.75
1197,2019-08-01T09:06:03Z,38fb20c6d55b10dd10a39c0fb41ad61297453e25afda81cf32313ae3,60.16531,24.9442,00000000fdda10fe,31.5
1198,2019-08-01T09:06:03Z,39126ffb278f49e06180cc6abe5b31ab3acdce1534b5b6ffa0b6e567,60.18203,24.91341,00000000342570c2,27.28
1199,2019-08-01T09:06:03Z,39c6456ee66fe96eee3d97cee2a70923cedb3da760bb5d4d413adb9c,60.17918,24.95141,00000000675d5200,1.7
1200,2019-08-01T09:06:03Z,39e9fa7033887b7ab339887aa68753ff94d4771cda2bb8ff4ea7aa0a,60.17918,24.95141,00000000675d5200,10.78
1201,2019-08-01T09:06:03Z,3a1afdcf7c2e5a52cdbcbbe29e8281c184037e8720920c6c75bee339,60.15133,24.92329,00000000e8a064a4,23.56
1202,2019-08-01T09:06:03Z,3a38ba36c098f2741d6c5fb5a751fcd074d05d698ac592ca09ab443c,60.16448,24.97323,0000000053c6c2be,18.79
1203,2019-08-01T09:06:03Z,3a97ae4dcab31eb5e15e5d036d286e9764e25bcf0ad8afcfba854c90,60.16762,24.95415,000000006b44cce7,13.75
1204,2019-08-01T09:06:03Z,3b124e1851087531134d5e5d0a10b6afe3551982609a81a19dd969dd,60.16829,24.94214,00000000afef4555,9.12
1205,2019-08-01T09:06:03Z,3be40c84926a525adbd09eeeb3a12b73b24c633942b2e1fbe8151ac3,60.16448,24.97323,0000000053c6c2be,12.69
1206,2019-08-01T09:06:03Z,3cc82d532d2a768e0c987e2653e32825a8b11fc2f7ba36388535f6e2,60.16075,24.95883,00000000f1124bca,20.28
1207,2019-08-01T09:06:03Z,3eea43670f4f29a90ced59c1af122371340275fb61ff8f14c7120658,60.16762,24.95415,000000006b44cce7,7.05
1208,2019-08-01T09:06:03Z,40646914186edc6142b7fc3daf766121b55f5bb36ea38facff686ea5,60.16897,24.95222,00000000aa852af1,10.78
1209,2019-08-01T09:06:03Z,41a0ca2955e0ae0324f6e14aeb77ebfaac5305e31d86c42a20277b94,60.15133,24.92329,00000000e8a064a4,14.89
1210,2019-08-01T09:06:03Z,4256b81faf420b0636e1bfcf21e8b61482045aed964aae9089c67296,60.16829,24.94214,00000000afef4555,14.89
1211,2019-08-01T09:06:03Z,42844e90c7134ebb3ec325f57cd27cd24711c779548ebc8692a820d5,60.14951,24.92138,0000000006dd41f6,3.4
1212,2019-08-01T09:06:03Z,432417b4972b744ded3410777a6bbb583cf56172bf3436ddbe48a21d,60.16762,24.95415,000000006b44cce7,7.69
1213,2019-08-01T09:06:03Z,43e023a8726ec4c53a8cea6dcaa79e722da4677e37f3f6c9d3cc9873,60.16544,24.95398,0000000038d83d41,31.5
1214,2019-08-01T09:06:03Z,4470412c4b059a920f2699fbfb72b261e0847b3e1caa8c71d2edd5a2,60.16448,24.97323,0000000053c6c2be,17.4
1215,2019-08-01T09:06:03Z,4642dfa1df839f11e64f68bca4e3dce7bde2ff6dd68c54959fcb4788,60.17918,24.95141,00000000675d5200,5.91
1216,2019-08-01T09:06:03Z,4682d95464cedcc021f38271a51bab9c000762b4acf802070e259ba2,60.16629,24.95957,00000000fb7600be,13.75
1217,2019-08-01T09:06:03Z,47bd1492244c444d45674eb48dd2e6f222cb109d820ba807c4e18c1a,60.16629,24.95957,00000000fb7600be,17.4
1218,2019-08-01T09:06:03Z,48004849b2f48b2314aa9175433d754db1641b949bb8cf050e2dd128,60.17918,24.95141,00000000675d5200,5.41
1219,2019-08-01T09:06:03Z,48c0ea6615ac4c02fc9bc0e06f9ea9309f9bf7e73b4324d7a6b14610,60.16829,24.94214,00000000afef4555,3.09
1220,2019-08-01T09:06:03Z,49bbad87e4d6cd03bdb073bde7be91193d74d29943badce7fc536916,60.16448,24.97323,0000000053c6c2be,14.89
1221,2019-08-01T09:06:03Z,49df780a7f20a99ad2810fa4bbb46b5fac9bc5cbe3fc800cd572f63a,60.14947,24.91438,000000004ef3150d,12.69
1222,2019-08-01T09:06:03Z,4ade4f0d92c6157a42d7fd8e353d1c93551324ba47cc134b840a6c63,60.16897,24.95222,00000000aa852af1,4.5
1223,2019-08-01T09:06:03Z,4b4afca270c22aae160d996711ae685b598b87871b3b4ab2f96786b6,60.14951,24.92138,0000000006dd41f6,29.32
1224,2019-08-01T09:06:03Z,4ba529eeafb27285cbbade6e5ece0d4d04bd2d13c98b27a5d17abd22,60.16897,24.95222,00000000aa852af1,3.09
1225,2019-08-01T09:06:03Z,4c8696833edf46025bc9b5f589679b77a73c857736036aa9ef6696e5,60.17002,24.94407,000000006b087f40,18.79
1226,2019-08-01T09:06:03Z,4e2a3b0277341537d1d4cde8e18ee4562952168aa2f7aff200f33c02,60.16629,24.95957,00000000fb7600be,23.56
1227,2019-08-01T09:06:03Z,4f609afde0ba5cb017ba3c549bdd11ff322a2e0227a0f11a9d112220,60.16762,24.95415,000000006b44cce7,23.56
1228,2019-08-01T09:06:03Z,4f9125edf503fe3cb0ba1e1221fe6a67aafd99fcd89fd92d2bf20e97,60.16897,24.95222,00000000aa852af1,16.1
1229,2019-08-01T09:06:03Z,4f93c5c493e876fd65b50774e1c92d808bcddb72337905c0c6bb385b,60.16829,24.94214,00000000afef4555,27.28
1230,2019-08-01T09:06:03Z,5001aabb6808b9fd96b705d1ebe8e7aca52713c2640100d81879dd86,60.17918,24.95141,00000000675d5200,6.46
1231,2019-08-01T09:06:03Z,504f910a0bd104a130b85d0c50467a15e74dc950bcc9eac3ebecc43e,60.16531,24.9442,00000000fdda10fe,18.79
1232,2019-08-01T09:06:03Z,51ec42fdd85671ae93876c3d875b24e56cb45699e9c3d2b623dca70d,60.16762,24.95415,000000006b44cce7,14.89
1233,2019-08-01T09:06:03Z,5372348389197e6c4bc4c5e3dab047e7384d562220e6295904bbda1b,60.17065,24.93641,000000000f4919c9,5.41
1234,2019-08-01T09:06:03Z,53fb53be4440aecb1a1fa63a9da1db08182cc7e252da14685e63373d,60.16762,24.95415,000000006b44cce7,8.38
1235,2019-08-01T09:06:03Z,54bd709173219e8017f317b63ecc83d0a48f64542e6fa1b83c86a56c,60.17918,24.95141,00000000675d5200,11.7
1236,2019-08-01T09:06:03Z,556cae6b2e2dec6fe691a835e8e08bd016b1a65797c0aca46879329f,60.17918,24.95141,00000000675d5200,20.28
1237,2019-08-01T09:06:03Z,559429bba23762a872fc7b1e2219d42125ab101e4355d43fdb94ed7b,60.17918,24.95141,00000000675d5200,7.69
1238,2019-08-01T09:06:03Z,559e6a5225ce35ab844c63ea0d0c1695dc490a3d9cfbafa5d35ac8d8,60.14947,24.91438,000000004ef3150d,9.12
1239,2019-08-01T09:06:03Z,5830a481876da00686f25b17dad06258a39212c0816ed04dda2df1bd,60.16531,24.9442,00000000fdda10fe,29.32
1240,2019-08-01T09:06:03Z,5865a27b5b56a60bca38e4a1403655e3e7fd0232a3ff2079965aff81,60.15432,24.9211,0000000019fb59c4,16.1
1241,2019-08-01T09:06:03Z,5978726eeef638856dafd3a8d199287f8daf9e90ddde750b402f8bb0,60.17065,24.93641,000000000f4919c9,1.12
1242,2019-08-01T09:06:03Z,5a3004325b5a058e02fb9f32ef4f7e9cc465240cbda7a7e4ec89d2de,60.16629,24.95957,00000000fb7600be,12.69
1243,2019-08-01T09:06:03Z,5a34b02faac3189217466888ef1d31cc80f721ac2f18638c5db88d53,60.14947,24.91438,000000004ef3150d,21.87
1244,2019-08-01T09:06:03Z,5a8d671a78b976d212d9746d88b9a754a2d9c8341c529e88b7c6b8f4,60.17065,24.93641,000000000f4919c9,25.36
1245,2019-08-01T09:06:03Z,5a9efbe8f65e35595e70adafcd4cf88fa573bb76f3759331cd95cab0,60.16829,24.94214,00000000afef4555,25.36
1246,2019-08-01T09:06:03Z,5b06617477af6dcee75a94ac347364b50f6f3b5b7d747e5413d9ad58,60.14947,24.91438,000000004ef3150d,9.12
1247,2019-08-01T09:06:03Z,5c1f71098d5d7258d2971061c791c94e0138c8e02225c5f60d6a0428,60.149,24.9843,00000000fffb8cf0,21.87
1248,2019-08-01T09:06:03Z,5dc7341101ac9a971ad3bd8764c172439aa3c351b8b6654e21e2c76f,60.16829,24.94214,00000000afef4555,12.69
1249,2019-08-01T09:06:03Z,5e2c5c20c88ccf362ed8749d1ddc041b1cb1c38d8dbeac7870179322,60.16629,24.95957,00000000fb7600be,4.94
1250,2019-08-01T09:06:03Z,6051ed50496b74a6ff68c86205d23971fcaccd6c91edfe7d78fa71b0,60.16897,24.95222,00000000aa852af1,20.28
1251,2019-08-01T09:06:03Z,60fb71f332cc032172f6238e9ddeaf6911310759fc2cd535746d74f9,60.16629,24.95957,00000000fb7600be,21.87
1252,2019-08-01T09:06:03Z,619c5b31af2a28703a837cc7974ef0d2c5bb6584ba0fcc03076218ac,60.17002,24.94407,000000006b087f40,17.4
1253,2019-08-01T09:06:03Z,626bf35ce16dba1054cfd175d09475d3ee751bf70e56f984ff5c7ab6,60.15133,24.92329,00000000e8a064a4,17.4
1254,2019-08-01T09:06:03Z,63ff2439779051005c18876d20ed53ce060c1de9d7976821bd518fc6,60.15432,24.9211,0000000019fb59c4,10.78
1255,2019-08-01T09:06:03Z,65b6b62b547e11e10f7f83ad497446bee2bb9653097d9d62e9b1b817,60.17065,24.93641,000000000f4919c9,13.75
1256,2019-08-01T09:06:03Z,66ad74b1795a3f2db404e46e89b7cdeb3d6e231b6573e3fd29bb7eef,60.16897,24.95222,00000000aa852af1,27.28
1257,2019-08-01T09:06:03Z,674355e17da9460e58566497be518f2eb537880c67c788fedb5067db,60.16629,24.95957,00000000fb7600be,7.05
1258,2019-08-01T09:06:03Z,67cf7d2881080aa59ed36a6d88ea1946d17e9d1d5e1ad9eee1851969,60.18203,24.91341,00000000342570c2,23.56
1259,2019-08-01T09:06:03Z,685af6b01bd180194d718801bb8b9c9de22050cc392d6c6441fe986b,60.18203,24.91341,00000000342570c2,17.4
1260,2019-08-01T09:06:03Z,68d7ad8fab31b3c5967a814376d0ddc6cf42e1db0d9e09dfbba169bd,60.16762,24.95415,000000006b44cce7,14.89
1261,2019-08-01T09:06:03Z,69e2854c78a472b462941ef730aa9fa7a9dba9c1cc22996396d4c78a,60.17918,24.95141,00000000675d5200,4.11
1262,2019-08-01T09:06:03Z,6adce4d05e58232a97635a2fd7918e4e49d9295afc0989d727f9c712,60.17002,24.94407,000000006b087f40,12.69
1263,2019-08-01T09:06:03Z,6b1470ba4a0c39b3c73624a301dfd10eeec91f5f7e1c0311b8932de0,60.16897,24.95222,00000000aa852af1,29.32
1264,2019-08-01T09:06:03Z,6d5a8ded89f26533ed851d1a0894f0d9045e9cd4baed439f7d9a922b,60.16629,24.95957,00000000fb7600be,11.7
1265,2019-08-01T09:06:03Z,6d98ac1fea7056e5b96d6095caf0e3677a4ec30e9fbcc2e50ae1cf65,60.16629,24.95957,00000000fb7600be,7.69
1266,2019-08-01T09:06:03Z,6e80fcea10d21e1d5e672b554c0f3fe686dc58934f38c3391fd5c262,60.17002,24.94407,000000006b087f40,7.69
1267,2019-08-01T09:06:03Z,6fe2cf6737d40d71251dac8ebef5356a2b765621e97a346c00a6031c,60.15432,24.9211,0000000019fb59c4,3.09
1268,2019-08-01T09:06:03Z,7003a7f6a5523b645634f014e04bea36016953a8af9324e35602bc2e,60.14947,24.91438,000000004ef3150d,21.87
1269,2019-08-01T09:06:03Z,701dc50417b28dba15ad9ff809844f1766b6579389a2e5ebb0562635,60.16629,24.95957,00000000fb7600be,18.79
1270,2019-08-01T09:06:03Z,704c3f3075f13713c363014fa828e4a932e7a05676813b9963a1e554,60.17918,24.95141,00000000675d5200,2.3
1271,2019-08-01T09:06:03Z,70d391038ec56b63a3737605c2c1db6ffbdca8e4490691776dc993f1,60.16829,24.94214,00000000afef4555,9.92
1272,2019-08-01T09:06:03Z,7105a68b527be40338bcf13245fe1975a15988a3c557bbb24fd26422,60.16762,24.95415,000000006b44cce7,23.56
1273,2019-08-01T09:06:03Z,7176ddd6f2dc9be71319e3a2ea67061af7b5277adc890f23882c0afd,60.16829,24.94214,00000000afef4555,17.4
1274,2019-08-01T09:06:03Z,75003dbce84bab66829b2489dc3bff3abc4ec7f1b136c28b0835fa0e,60.15133,24.92329,00000000e8a064a4,10.78
1275,2019-08-01T09:06:03Z,750297d0d8ff0ca837d9c2289c26302d62f38708617150431ab14509,60.16531,24.9442,00000000fdda10fe,20.28
1276,2019-08-01T09:06:03Z,7563b91d728fe470bc4d89aa18128a87b92c747336dd2c70cfbf9e84,60.1538,24.95595,0000000038bf9618,31.5
1277,2019-08-01T09:06:03Z,7700297fec4982ad776529835e2ab46d4e5cbc889e26f368c19efeef,60.16829,24.94214,00000000afef4555,16.1
1278,2019-08-01T09:06:03Z,774131d73accbbb31ec3c43c3501b7969645eb65df1839ca8116526e,60.15432,24.9211,0000000019fb59c4,4.5
1279,2019-08-01T09:06:03Z,78047bec076b1b43b674f39aa6b605b1665404036da0e4dfac3c1e1e,60.14699,24.922,00000000a53ed894,27.28
1280,2019-08-01T09:06:03Z,78ec3b06e6504f54673ca689d2a31a647973ada7b757f2139ecb9f8e,60.16897,24.95222,00000000aa852af1,21.87
1281,2019-08-01T09:06:03Z,79669159e96cc1cdf3879c3db8c5621167f92aaa10df4dd21a9be1de,60.16829,24.94214,00000000afef4555,17.4
1282,2019-08-01T09:06:03Z,79ab7360fcf828dc88bd416dd77fc12910178e0213dd5fb4336ea257,60.16897,24.95222,00000000aa852af1,27.28
1283,2019-08-01T09:06:03Z,7a6e7ba82e6b0c07f13302099a2ffb55e08a56850ee8c1c6c1bd65d3,60.17065,24.93641,000000000f4919c9,23.56
1284,2019-08-01T09:06:03Z,7c1534082e86ff4387878d813207626d8f728aa26b97248e00a3b8d7,60.16629,24.95957,00000000fb7600be,13.75
1285,2019-08-01T09:06:03Z,7cd51189de07d01882cf0a9346f0830a9b21764875334d45e143fbd5,60.17002,24.94407,000000006b087f40,14.89
1286,2019-08-01T09:06:03Z,7d12711d47425111a6dce413faa867542b9532f3b9c5a934b37a0bc8,60.17918,24.95141,00000000675d5200,21.87
1287,2019-08-01T09:06:03Z,7d415f4fd9093fb383b4ebb88961ad74e6a00d3ece39504712dad639,60.17918,24.95141,00000000675d5200,8.38
1288,2019-08-01T09:06:03Z,7e2e3d07c939e3e76e7ce87678faf64e056afe54215e00488839100f,60.14947,24.91438,000000004ef3150d,16.1
1289,2019-08-01T09:06:03Z,7eb4a715919b3eb4085270535ce4d7b57112591ad7242eb189bf652a,60.17065,24.93641,000000000f4919c9,14.89
1290,2019-08-01T09:06:03Z,7f534fc0885ddf5a5c3814e4232de3356affd42f6c3560055079dc1c,60.16829,24.94214,00000000afef4555,9.12
1291,2019-08-01T09:06:03Z,7f59aaecea1eee6c703ec5d46d67b44289ddedf080defee495b73739,60.14947,24.91438,000000004ef3150d,8.38
1292,2019-08-01T09:06:03Z,7faf8705e89a761625aaed50b89538581e25d5950ec8f051d36ed829,60.14947,24.91438,000000004ef3150d,20.28
1293,2019-08-01T09:06:03Z,7fe96255e89da662cb4a10df4705f39989babea20fdc4ef0bf4fb395,60.14951,24.92138,0000000006dd41f6,12.69
1294,2019-08-01T09:06:03Z,809bf2d7a0745ae512b934a578fd5fd47c13c5398b6d06ad350b9e7c,60.14947,24.91438,000000004ef3150d,12.69
1295,2019-08-01T09:06:03Z,8165c5f8d06298ffd56f071c0ad1cc9f1d4f08084936937d712d0b61,60.15133,24.92329,00000000e8a064a4,18.79
1296,2019-08-01T09:06:03Z,8176eaeb262de7f9113561a8e31b6cf6f4c74c882f7f18ba8bb5acf8,60.173,24.92524,0000000096918cfa,17.4
1297,2019-08-01T09:06:03Z,81cabf0ecb3563f645298961619ca623084bb89ab4b7635ffe2de7c0,60.16829,24.94214,00000000afef4555,13.75
1298,2019-08-01T09:06:03Z,8292ad97931f6462dc056eb92748496c2cfa3e22dbad610514a2deab,60.17002,24.94407,000000006b087f40,25.36
1299,2019-08-01T09:06:03Z,82b78c2220aee81a2744ddfaf7ed29663888987dba6b7cdda05731d9,60.14947,24.91438,000000004ef3150d,16.1
1300,2019-08-01T09:06:03Z,82d5e55f1c1dd503d4aaa8804acff7cbaf416a9c58e0888fce7e0cb7,60.16531,24.9442,00000000fdda10fe,23.56
1301,2019-08-01T09:06:03Z,8524898e498c83bde4bc1848aa2b372da84e7b2266f36aabe128cc27,60.17919,24.95181,000000007b5207b6,11.7
1302,2019-08-01T09:06:03Z,85bdce5b262dbd94adcff03e6cad26a1152828b6ab27e6fdd56b2b13,60.16762,24.95415,000000006b44cce7,2.54
1303,2019-08-01T09:06:03Z,865e0ca61059b42592b769e4f1c906aa652b7e6f53612163f6002550,60.16897,24.95222,00000000aa852af1,41.64
1304,2019-08-01T09:06:03Z,87f1cc4c4a9de1ab81fe39cf7fde6cf0d4778e690f1665b62231ce46,60.149,24.9843,00000000fffb8cf0,27.28
1305,2019-08-01T09:06:03Z,880f9cbb91b9caf48ea9c5dd1a0c8e1db72922b6dfcb647b102fc469,60.16629,24.95957,00000000fb7600be,13.75
1306,2019-08-01T09:06:03Z,88c2bc6310f27465b9f08b28fb52075d7703ce7b097e5beb37c7437c,60.14947,24.91438,000000004ef3150d,10.78
1307,2019-08-01T09:06:03Z,893080d82bb28aa3ab91e41ddd4569086c8135ade7be10aa644fca95,60.17065,24.93641,000000000f4919c9,14.89
1308,2019-08-01T09:06:03Z,898cde3317c73907bb23b1b885828c4bf3187c3a757a18dc32abe970,60.16762,24.95415,000000006b44cce7,13.75
1309,2019-08-01T09:06:03Z,8996f41485515f4fe2b7f60962df36a3421c9a14cdb3f381b1ce7052,60.16829,24.94214,00000000afef4555,14.89
1310,2019-08-01T09:06:03Z,89aeff56a0700534bbf2dfd19fc298f5a890c95e1a45b6ca7ad3c33a,60.16829,24.94214,00000000afef4555,18.79
1311,2019-08-01T09:06:03Z,8a01e28fd327e5c56dcf2dc8b2b7762a96d77584c21990a073ceb11f,60.16829,24.94214,00000000afef4555,3.74
1312,2019-08-01T09:06:03Z,8c571538c285dba9d77edacfb1829b282d54b772b62209c6e4004237,60.17918,24.95141,00000000675d5200,4.5
1313,2019-08-01T09:06:03Z,8d5e893f77b3d167ebefad4ecab181fea08513599a6f9450f0b9a827,60.17919,24.95181,000000007b5207b6,16.1
1314,2019-08-01T09:06:03Z,8e20d0d67339e3cf43e77c3a340d9dc6766de8d079197a08a1343ff0,60.17065,24.93641,000000000f4919c9,17.4
1315,2019-08-01T09:06:03Z,904a0fc128c9b7a19f77deebcedd8da5dc7f96ad36aa36930f09f87e,60.16762,24.95415,000000006b44cce7,11.7
1316,2019-08-01T09:06:03Z,941e13893853105c86bfbc6d31d62274937602143ce3bb530c8c17ed,60.17918,24.95141,00000000675d5200,21.87
1317,2019-08-01T09:06:03Z,9609babe3114439a82f93f797f4a6e779b6bab625488b8ff5b63e674,60.16829,24.94214,00000000afef4555,17.4
1318,2019-08-01T09:06:03Z,97673619aef2a748d2dbbd26567b9b3d7bdae3f5860361bc405404ed,60.16897,24.95222,00000000aa852af1,14.89
1319,2019-08-01T09:06:03Z,99a026b5100e23129fa529e9a57a3dbc8490dc03b58f2193f03e2dcf,60.14951,24.92138,0000000006dd41f6,5.41
1320,2019-08-01T09:06:03Z,99f242a3c3e8ef2df75069f2ee802ecf75bc01317cde7e909ac73f66,60.16531,24.9442,00000000fdda10fe,14.89
1321,2019-08-01T09:06:03Z,9a086bc209751cf0e44b4ba24e633962c6370eb8b1cb682d0b320da9,60.17918,24.95141,00000000675d5200,20.28
1322,2019-08-01T09:06:03Z,9a12cdd9d905a294b1c33d220edf652a99509b8916a79081b8e05dae,60.16629,24.95957,00000000fb7600be,20.28
1323,2019-08-01T09:06:03Z,9abbc86fb0fc1c0532042814af76a97e6a17121831d4394749a290a6,60.16762,24.95415,000000006b44cce7,4.94
1324,2019-08-01T09:06:03Z,9b3e6848d8b34e802134d6da0e5a594897ec3fafbbf08b6d0b84068e,60.17918,24.95141,00000000675d5200,7.05
1325,2019-08-01T09:06:03Z,9bdb503344071eddd74d821f537246d8a6c19468b05d38d0170377f9,60.16897,24.95222,00000000aa852af1,9.92
1326,2019-08-01T09:06:03Z,9bef8b28ea93ecaee57d05b037edbfe7f80014aaf56343345fedd7be,60.17918,24.95141,00000000675d5200,14.89
1327,2019-08-01T09:06:03Z,9bf22b3626b1685ebf2cb2f9a5d8065b48a1ce2d6d20757fb45e4277,60.16762,24.95415,000000006b44cce7,27.28
1328,2019-08-01T09:06:03Z,9d8ce84bc91758555bc98dc817e4b3d7cd3dec11d61cafc67020b0cb,60.16531,24.9442,00000000fdda10fe,31.5
1329,2019-08-01T09:06:03Z,9e343a150f07bb3dcce5ecab8ac061b84d65b347b1af5a232e00eeb6,60.16829,24.94214,00000000afef4555,13.75
1330,2019-08-01T09:06:03Z,9e927b1e87f45b2c89a694c49da8922ce180a737f0e8a7cd1476ad29,60.14951,24.92138,0000000006dd41f6,31.5
1331,2019-08-01T09:06:03Z,9ea5b6d54523458f864e06efb821b4738fd3c80375601ea47524a04b,60.16544,24.95398,0000000038d83d41,20.28
1332,2019-08-01T09:06:03Z,9ed556989f4dece5f287131f182cdee15f49d25f285905ce809caf8b,60.17065,24.93641,000000000f4919c9,27.28
1333,2019-08-01T09:06:03Z,9eee6d740f1d483c484d02f0995f35550c09e6a8cf01f02680db5efc,60.16448,24.97323,0000000053c6c2be,17.4
1334,2019-08-01T09:06:03Z,9f2f5e6344efb60ffa5c79880ea57aeb636e51f86587e158039df6cc,60.16531,24.9442,00000000fdda10fe,13.75
1335,2019-08-01T09:06:03Z,a011c570991d42caf54e65589bc732e525fe63af59863bed74bb86c9,60.16762,24.95415,000000006b44cce7,16.1
1336,2019-08-01T09:06:03Z,a04214b56cac7d70680703ee6a28fac742f3c3190b55b46a79c1f76d,60.149,24.9843,00000000fffb8cf0,16.1
1337,2019-08-01T09:06:03Z,a2c53a9ecb3dab08bc3bf70db35ea02e6f15cedb137ce7817751f27c,60.16829,24.94214,00000000afef4555,20.28
1338,2019-08-01T09:06:03Z,a38c11c450b472b9dad2f076e2d9a63651292d3de806331d06af7f46,60.16531,24.9442,00000000fdda10fe,18.79
1339,2019-08-01T09:06:03Z,a3d99fc570ed19522398a09fafe7d264d95d2cd387780feb931b4573,60.17065,24.93641,000000000f4919c9,8.38
1340,2019-08-01T09:06:03Z,a403dc1eebc5d130e12a4c3e4298737c9e00b25b1b6b2cc36a6979c9,60.16629,24.95957,00000000fb7600be,17.4
1341,2019-08-01T09:06:03Z,a43c84bf84005aa17da2549e889c7c09e1035e5290ef5d904ea65e6c,60.16829,24.94214,00000000afef4555,23.56
1342,2019-08-01T09:06:03Z,a4b9f871dcc986c95f1e84fe203bb392ba0fe13164d89119bda2c94a,60.16762,24.95415,000000006b44cce7,9.12
1343,2019-08-01T09:06:03Z,a5423cad01b42682deb516a777f50fd783fd1fd9dc23b7cab01eaedc,60.16897,24.95222,00000000aa852af1,27.28
1344,2019-08-01T09:06:03Z,a66eb6150c36b53f6240acfe16dd98ceb16c43b8e02d0b56993bac73,60.16897,24.95222,00000000aa852af1,23.56
1345,2019-08-01T09:06:03Z,a6d0dd9de406b1201a4e438ec7c5f4a467f38c41e2dec42ff6c71d50,60.16897,24.95222,00000000aa852af1,16.1
1346,2019-08-01T09:06:03Z,a786eb3b8a25c58099a428799e99d0b86401f803ee38d3e5d20e59d3,60.15432,24.9211,0000000019fb59c4,16.1
1347,2019-08-01T09:06:03Z,a808962cb511e5ed2d23e6e33efe252b1be29dc1d2f7c6154817f04f,60.16448,24.97323,0000000053c6c2be,13.75
1348,2019-08-01T09:06:03Z,a83415babca8eac00f69a32371a230fdadda29bf40fd69f75cf2e8fb,60.17919,24.95181,000000007b5207b6,20.28
1349,2019-08-01T09:06:03Z,a838fe521ed943ab5d8f7c5d408246fb2370ea139b12544208826ea9,60.16897,24.95222,00000000aa852af1,25.36
1350,2019-08-01T09:06:03Z,a982f65ed2c57aff3f744dba9f5e9ca929c81c14883516889898f207,60.16762,24.95415,000000006b44cce7,18.79
1351,2019-08-01T09:06:03Z,a9ee2aabbd32919adf0325ca2f2c5f8e0ba801bc168e8756cda957da,60.16629,24.95957,00000000fb7600be,18.79
1352,2019-08-01T09:06:03Z,aa05a7036c3586a79d23f426b78bf158357208bc82d7ddf9a1326dd2,60.16531,24.9442,00000000fdda10fe,29.32
1353,2019-08-01T09:06:03Z,aa5281244780ac8f283c3452639d477cd76e31fc6f0b95b99c51a9b0,60.16762,24.95415,000000006b44cce7,1.7
1354,2019-08-01T09:06:03Z,ab615ee5bbf567aee3505fbb360d09fc6b851f93fb15aef778b57128,60.16531,24.9442,00000000fdda10fe,7.05
1355,2019-08-01T09:06:03Z,aca524ceb3c7373172ecd0d06b26e7d610d441f4a47ab78ae0ad3340,60.15133,24.92329,00000000e8a064a4,21.87
1356,2019-08-01T09:06:03Z,acb3f4b2a6b9fe720b98158caba37c1958df05919990f30368dbbd8b,60.16762,24.95415,000000006b44cce7,11.7
1357,2019-08-01T09:06:03Z,acbbe4765d72f36b0323407c7dbe43db7b4ad5e2da0a6a9e5966db0b,60.16897,24.95222,00000000aa852af1,20.28
1358,2019-08-01T09:06:03Z,ad22512fd6a5ad9e19fdfad7e02b2793ecb01875be243f894c637ae2,60.16829,24.94214,00000000afef4555,10.78
1359,2019-08-01T09:06:03Z,af67ffa8b538058603b74f48e04ab914e8f6cd450f53c47f8c3d683d,60.15432,24.9211,0000000019fb59c4,7.69
1360,2019-08-01T09:06:03Z,afaed9946dbc1509500c6f80f87eed8fe44a74ba3e14328c6efe3971,60.16829,24.94214,00000000afef4555,9.12
1361,2019-08-01T09:06:03Z,b09e9bb62cc49c085c1aee3b752af1bec69dabc939323e5733f73933,60.17065,24.93641,000000000f4919c9,18.79
1362,2019-08-01T09:06:03Z,b32e57a6f5865a23d7a0e9fa346d5ec4e975f99c4df815fe8b1449b2,60.17919,24.95181,000000007b5207b6,8.38
1363,2019-08-01T09:06:03Z,b44326d4e5dc27da53fc8df627bc8a4919f1ecd65130fad3e647a6b2,60.16829,24.94214,00000000afef4555,25.36
1364,2019-08-01T09:06:03Z,b474e34db18d21635ec9ea2654513e6759c326f3aaec96c25f9a204e,60.16897,24.95222,00000000aa852af1,23.56
1365,2019-08-01T09:06:03Z,b50a45ac0708e7b5cca42f3458430eb22ff70a81c575bafe99ffda23,60.17002,24.94407,000000006b087f40,4.94
1366,2019-08-01T09:06:03Z,b5603e758440226e490d1d7d7271a7b0d5c261eccbad198f81110136,60.15432,24.9211,0000000019fb59c4,5.91
1367,2019-08-01T09:06:03Z,b69604356a52f2b1b9c5de09a350f42d87f5b969e3e824d8b6b2368f,60.16829,24.94214,00000000afef4555,13.75
1368,2019-08-01T09:06:03Z,b6b32d1744cab38523e13d061fa256f05d6e01d920275907327c3083,60.16829,24.94214,00000000afef4555,5.91
1369,2019-08-01T09:06:03Z,b6c43126ca83e916a68e57d0178060c24fc61305836b6c8f188f7285,60.17918,24.95141,00000000675d5200,8.38
1370,2019-08-01T09:06:03Z,b6f0f4101a1a258dcb1d82d77ca91000694d4fed15bd882a8e3bfe66,60.149,24.9843,00000000fffb8cf0,33.81
1371,2019-08-01T09:06:03Z,b8038854618ce49585b1b6da449b945625ada46d3a0e8942e9f8137f,60.16629,24.95957,00000000fb7600be,12.69
1372,2019-08-01T09:06:03Z,b8fb70225ee0a2d655e2809da07a2f8cd2feb7295aa256f8b35fcf1e,60.16629,24.95957,00000000fb7600be,10.78
1373,2019-08-01T09:06:03Z,ba2262b5310a223ccb57bf8b1f6c5d904d7aa31939f3ffa28060dbc7,60.16829,24.94214,00000000afef4555,16.1
1374,2019-08-01T09:06:03Z,baca220bc4dd6e05e27f7b99db1588e9c29a5e18a36a70622dea1e65,60.17065,24.93641,000000000f4919c9,25.36
1375,2019-08-01T09:06:03Z,bb2187a4e20012ad694c768ef2c47c9a9055671024ebf4855d4e6243,60.16531,24.9442,00000000fdda10fe,1.7
1376,2019-08-01T09:06:03Z,bc6d5082ca52e6dae7a1689a835434f3f6341e90afea565480eb9674,60.16829,24.94214,00000000afef4555,9.12
1377,2019-08-01T09:06:03Z,bc82f76c979de19b559e9e3aa0cd6cbf5ac361e2d7b1ac9f81fe2f4f,60.17918,24.95141,00000000675d5200,9.92
1378,2019-08-01T09:06:03Z,bd23c66c4df0bd849266a4429a24f23f2c9503cf31eb0cd9780248e6,60.18203,24.91341,00000000342570c2,27.28
1379,2019-08-01T09:06:03Z,be51b2977529ce2d3e07a3778e07ab5b99dd0d0000e85e22c5d0281f,60.17002,24.94407,000000006b087f40,33.81
1380,2019-08-01T09:06:03Z,bee144e090a471427ec7878609f2446cb79f4c8d7e3c3bf0f67cf8d2,60.16762,24.95415,000000006b44cce7,9.12
1381,2019-08-01T09:06:03Z,c004fa64cb7de7e87d3b91639ae5f95304fb1a90b0a0e927cea958af,60.16762,24.95415,000000006b44cce7,10.78
1382,2019-08-01T09:06:03Z,c15da9ed244b57a27a083919c67d0edde078a31b18cb58f13581f173,60.1538,24.95595,0000000038bf9618,17.4
1383,2019-08-01T09:06:03Z,c1674c59c49d5bf74e6808239a91d18a04e47697d298bc61a7618af2,60.16448,24.97323,0000000053c6c2be,13.75
1384,2019-08-01T09:06:03Z,c3695bf11407c4125bf337a593ad455bd0c270c8eb5c3ffa6a66069b,60.16544,24.95398,0000000038d83d41,31.5
1385,2019-08-01T09:06:03Z,c375f2dac85f963c33b2daf76ffb0c32d2c8fd08172419336e308686,60.14947,24.91438,000000004ef3150d,21.87
1386,2019-08-01T09:06:03Z,c434f18b802a764aad7a2dfb46e93546acb1b0975cf9b93fd47363f6,60.15432,24.9211,0000000019fb59c4,13.75
1387,2019-08-01T09:06:03Z,c46895857ca53c3362932d446a58c13b60d297f99ca237d4546589e8,60.16897,24.95222,00000000aa852af1,20.28
1388,2019-08-01T09:06:03Z,c4c936ac80b0ae54c0c8423657bd882256a046f8cc9416db5a725204,60.15432,24.9211,0000000019fb59c4,33.81
1389,2019-08-01T09:06:03Z,c51beff15d228f2dab9416cadfcc60fe269ce3d9202a9cf2ec7e7647,60.16829,24.94214,00000000afef4555,18.79
1390,2019-08-01T09:06:03Z,c5a6d2d62bc00c29fba5a97a29835008abdcf800f70540e4ccf71683,60.17919,24.95181,000000007b5207b6,29.32
1391,2019-08-01T09:06:03Z,c65c11ee6e8b5894ead3ea9b007a39127edb65a67be253aca6f78ed0,60.16448,24.97323,0000000053c6c2be,20.28
1392,2019-08-01T09:06:03Z,c872af9997af535c4615ee0b4194c7c8d644b7962afb3ca321eb386f,60.15133,24.92329,00000000e8a064a4,33.81
1393,2019-08-01T09:06:03Z,c8aef405537103b9d31a7e2dda43949f5844b9a36494f8defaf0d803,60.17002,24.94407,000000006b087f40,23.56
1394,2019-08-01T09:06:03Z,ca7719c7cd8d4496b666f608fc07ba9930e362a0b2d96890b0778618,60.16629,24.95957,00000000fb7600be,14.89
1395,2019-08-01T09:06:03Z,cc1fcf6550ac1eee3eceef1f35de652b641407007a7c0464ac54fdbd,60.16897,24.95222,00000000aa852af1,27.28
1396,2019-08-01T09:06:03Z,cccf3ba2a9d11b9330c18af8064a20aca9995473495bf119162a1619,60.16897,24.95222,00000000aa852af1,16.1
1397,2019-08-01T09:06:03Z,cce3077cdfeedd0674391bec08ce94732557106542574c58a7f378bf,60.16829,24.94214,00000000afef4555,2.3
1398,2019-08-01T09:06:03Z,cf823e18aa21de251222a9ab70c1b76b6218dea694752d56f6f84082,60.149,24.9843,00000000fffb8cf0,25.36
1399,2019-08-01T09:06:03Z,d062562fed5ad0a61560e267310beb0b717d2a1e2a11d1d575507861,60.16897,24.95222,00000000aa852af1,12.69
1400,2019-08-01T09:06:03Z,d0ae4fabf429edbfdad59f8183cc6e5929f68633315448c9b83d4c16,60.16762,24.95415,000000006b44cce7,4.94
1401,2019-08-01T09:06:03Z,d16e16def718519430296afa23976c226aaf720722bce3d92a2aad43,60.14947,24.91438,000000004ef3150d,29.32
1402,2019-08-01T09:06:03Z,d29a5ebd00326d5dedb6c60cab75fd238bdaa9d7f703f6b5974edbc7,60.16762,24.95415,000000006b44cce7,4.94
1403,2019-08-01T09:06:03Z,d31d6921eee92503b486a1b30f5330581c4744a82e6549f375544846,60.17918,24.95141,00000000675d5200,17.4
1404,2019-08-01T09:06:03Z,d327ac6c99e2bd3f17d3041840424e8568b4fbe6d3280c3e04504dac,60.16897,24.95222,00000000aa852af1,16.1
1405,2019-08-01T09:06:03Z,d48c8d6c9167c2eb6e1b8f9bd677138e52ac99b3f5bc81849215a6dd,60.16762,24.95415,000000006b44cce7,18.79
1406,2019-08-01T09:06:03Z,d562afdedae521be241c98441e436608a323fdb944dedc24c835e762,60.17065,24.93641,000000000f4919c9,8.38
1407,2019-08-01T09:06:03Z,d653ef8368d33df4fc7edeb5a381d5826be1471f1470aa9744d47901,60.173,24.92524,0000000096918cfa,4.11
1408,2019-08-01T09:06:03Z,d65b8625c1f24304ff0e3c4a4dce7aa5d434d36be87be41834a49420,60.16531,24.9442,00000000fdda10fe,10.78
1409,2019-08-01T09:06:03Z,d6e217c6592e449e2390b1a874e08cbc9126116901dbdbf84501c6b8,60.17065,24.93641,000000000f4919c9,7.69
1410,2019-08-01T09:06:03Z,d74ea3c9e0aaa523c791aa01f4f9a7c1c43f01f585dc4146b19edf83,60.17918,24.95141,00000000675d5200,8.38
1411,2019-08-01T09:06:03Z,d7734ef0345fcffc0f4bd7579275af62987490aba012209832e92059,60.16629,24.95957,00000000fb7600be,12.69
1412,2019-08-01T09:06:03Z,d87c4d5dc2cd620de54fdd076d4f9b35245053d65b644d9e01f558b5,60.16762,24.95415,000000006b44cce7,6.46
1413,2019-08-01T09:06:03Z,d95956cedfc4dfe06014194cc1071864bd835fcc014c1fd6f4d33337,60.16762,24.95415,000000006b44cce7,9.92
1414,2019-08-01T09:06:03Z,d9f8ff1809ebe23c7e68bb1cbb1aa6fdfaf22375abf2962da2d7cfab,60.16531,24.9442,00000000fdda10fe,18.79
1415,2019-08-01T09:06:03Z,db09e59d30e841073faa26d5c3a781d50a29e13bff061b33681d6ba7,60.17918,24.95141,00000000675d5200,12.69
1416,2019-08-01T09:06:03Z,dbedd81db3d59ee0c6948187e396a34e2fa5dd6670cf8d862bf5e1ff,60.16762,24.95415,000000006b44cce7,4.94
1417,2019-08-01T09:06:03Z,dc00d45c0dd506326fb4dd3692d409df80cb3d871341ffff720dc834,60.16762,24.95415,000000006b44cce7,12.69
1418,2019-08-01T09:06:03Z,dd25a0565e62784c46dff981c89948d84883039a14fc4becfe4d84c5,60.17002,24.94407,000000006b087f40,20.28
1419,2019-08-01T09:06:03Z,ddae2128c72cf011df2a698a8254b8738fd07a971349ea8a5e8bfa9f,60.16829,24.94214,00000000afef4555,17.4
1420,2019-08-01T09:06:03Z,deb8a213e1b4930e676ee8fdb394161ec46adb785171fa37437b4d44,60.15133,24.92329,00000000e8a064a4,18.79
1421,2019-08-01T09:06:03Z,ded712413bfc7de58a469fab75498089b2c3c6b5e0c9cae260102284,60.16829,24.94214,00000000afef4555,20.28
1422,2019-08-01T09:06:03Z,dfe80baf219bd267a459c954a8e3027b3f1ed29fea2a5355456d5652,60.16897,24.95222,00000000aa852af1,21.87
1423,2019-08-01T09:06:03Z,e2bb0ae74deee6cbc4f50c5f85da3f1779ca1db1ae7ff48ab4b33dbc,60.17918,24.95141,00000000675d5200,7.69
1424,2019-08-01T09:06:03Z,e2f445c6711e0e7d48a6a045bec347587f9f398e8928a171cfa2ca38,60.16762,24.95415,000000006b44cce7,9.12
1425,2019-08-01T09:06:03Z,e528235be3e5cc4945024d50d1ed43061e2e2f2845f2b41e081e1721,60.17918,24.95141,00000000675d5200,8.38
1426,2019-08-01T09:06:03Z,e5cad8bb9a6c8dcc067948d7f869033aca5bdd062da175c8734092e6,60.17918,24.95141,00000000675d5200,7.05
1427,2019-08-01T09:06:03Z,e729325b3fe611c9dc2290efdcb3efa71b6d425282d0e683f1435dbf,60.17918,24.95141,00000000675d5200,11.7
1428,2019-08-01T09:06:03Z,e73dcccbc4dd6af49316f19a34c347cc94ff7ab079a93a2672d78a16,60.14947,24.91438,000000004ef3150d,44.58
1429,2019-08-01T09:06:03Z,e8add7e8346b99cd4b67924113f3763441a1899897c6d1ac3a1a40a6,60.17919,24.95181,000000007b5207b6,11.7
1430,2019-08-01T09:06:03Z,e8ed8051f57ad9d9029a5e3b443c5e93e5059f8c487ba45e2583d35a,60.16829,24.94214,00000000afef4555,31.5
1431,2019-08-01T09:06:03Z,e9064a62fac257836cb6fbcf0d84fab1ebdfa46bd6734632f1e6f116,60.16829,24.94214,00000000afef4555,5.91
1432,2019-08-01T09:06:03Z,ea3f8412ed9c4d92448688dd9cc7ff9e3eeb5fe4373d0953bf0349c1,60.16531,24.9442,00000000fdda10fe,13.75
1433,2019-08-01T09:06:03Z,ea94130fbb3464dc656765cfddbad802ddfafb1af8007cb5f42cd41f,60.16829,24.94214,00000000afef4555,3.74
1434,2019-08-01T09:06:03Z,ec2dd83e04d225caca9f6b9d28bd3080ed37c5bf42e5f65123fa2394,60.17065,24.93641,000000000f4919c9,11.7
1435,2019-08-01T09:06:03Z,ec7121833f0e4b509d683b00a9c5e992e4b84882cb857145102e14f4,60.16531,24.9442,00000000fdda10fe,1.88
1436,2019-08-01T09:06:03Z,ec8c0160ac1ee5aeaf6204956c9db2ee4f98f55ae3fe1ec0af07fab8,60.16762,24.95415,000000006b44cce7,5.91
1437,2019-08-01T09:06:03Z,ed86f884272a5a400b55bfd4f22bc8cc5d6fca7fe26eee3c39cb3c52,60.15432,24.9211,0000000019fb59c4,12.69
1438,2019-08-01T09:06:03Z,ef67b9e4617f284b84167b4bdaff71108579a33ced0a2450ff25a1a1,60.16629,24.95957,00000000fb7600be,21.87
1439,2019-08-01T09:06:03Z,f03d20d6bb80ce0745cb0fbed6619e0a6288bfffd08e9aabce1692ba,60.17065,24.93641,000000000f4919c9,7.69
1440,2019-08-01T09:06:03Z,f1447725764ec0dca245fc67f2aa0a0c42e6b05808076aa74f0c1e7e,60.17918,24.95141,00000000675d5200,7.05
1441,2019-08-01T09:06:03Z,f1b28329fc91f4708ca34857c5582c0bf1b7d0ab06127746029cd72c,60.17918,24.95141,00000000675d5200,10.78
1442,2019-08-01T09:06:03Z,f20935810c1567a80c288016c4d4dd32fe86b3479f47ae7dd64d15cc,60.15432,24.9211,0000000019fb59c4,9.92
1443,2019-08-01T09:06:03Z,f29ed00b645af4bbf50174e71f58a9b691d2e2342e59eda242d97380,60.16829,24.94214,00000000afef4555,13.75
1444,2019-08-01T09:06:03Z,f2a253f2741501e675bd4bc055e22329fb09089d8bbe9813fc170cdb,60.16762,24.95415,000000006b44cce7,13.75
1445,2019-08-01T09:06:03Z,f4587b90aec9127805880f7c81fc03b9fb513fe363015399b895089f,60.16829,24.94214,00000000afef4555,21.87
1446,2019-08-01T09:06:03Z,f4bbc3077da0455d4340da2eed204915327b75a792080724548b4956,60.17918,24.95141,00000000675d5200,4.94
1447,2019-08-01T09:06:03Z,f503a41d3e8b9b57628f4f061c1d8e0c53c62dd8a6fe38d212958ee6,60.16075,24.95883,00000000f1124bca,5.91
1448,2019-08-01T09:06:03Z,f50fd3b1715a94dff67461f4b8f252ecaa6acc16459b3d021f34f15e,60.1538,24.95595,0000000038bf9618,21.87
1449,2019-08-01T09:06:03Z,f587de6c8c03387c5e6a66cd7d20c45abad3668c8e2246611122547b,60.14947,24.91438,000000004ef3150d,12.69
1450,2019-08-01T09:06:03Z,f60a6068c654587fa981390a039456a2fdd85e02c009df547e204a45,60.16829,24.94214,00000000afef4555,14.89
1451,2019-08-01T09:06:03Z,f77f8836e641389801309c311e926c1662264ab16efd01cd5bf27baf,60.16762,24.95415,000000006b44cce7,5.41
1452,2019-08-01T09:06:03Z,f9e527876f8dfe750fd29bc42664bbf572aed5d09d344a8934a83d90,60.17065,24.93641,000000000f4919c9,3.74
1453,2019-08-01T09:06:03Z,fa1a3814c680b20020a08346c37ee2853e895984574575312bf262e7,60.14947,24.91438,000000004ef3150d,17.4
1454,2019-08-01T09:06:03Z,fa9f19c58a086fde9429d732b1eec80eacf5fc1b2c0124d17243d008,60.17918,24.95141,00000000675d5200,4.11
1455,2019-08-01T09:06:03Z,fb2df85c8938d6a1bbd1ff0a1cd8aa23480ae08dc39d2b584ed35e14,60.16762,24.95415,000000006b44cce7,8.38
1456,2019-08-01T09:06:03Z,fba6e66dd09200012637e0b454c96fd7a5459b7e8b0ba01863cdbd77,60.16762,24.95415,000000006b44cce7,3.4
1457,2019-08-01T09:06:03Z,fc75e05a713e8733c512a31a3bebec0a122af3e7afb2c5059c3f1a3a,60.17002,24.94407,000000006b087f40,13.75
1458,2019-08-01T09:06:03Z,fea1453360073dfc1896bf1f005f51addb49661f953e16cffba3c63d,60.16531,24.9442,00000000fdda10fe,7.69
1459,2019-08-01T09:06:03Z,ff10218d9a15a3bf160a969fa266f197770d363bc52dce7fa08ae990,60.16762,24.95415,000000006b44cce7,5.91
1460,2019-08-01T09:06:03Z,fff7f9f42d918ac875b7e417a971d942549ba9f38b79d21d2f351959,60.16762,24.95415,000000006b44cce7,21.87
1461,2019-08-01T09:06:04Z,0fff89885f08417f20aadfdbf62a372277e9085bcd024374b772ecac,60.16531,24.9442,00000000fdda10fe,20.28
1462,2019-08-01T09:06:04Z,0ffffc922d45d8063a1ee9f51760d94aa7e3f957374f5a86b3a18d09,60.16897,24.95222,00000000aa852af1,21.87
1463,2019-08-01T09:06:04Z,144afc51fc2443c7031a2912566eff2ce60226a49d6d2bd7c2923700,60.16544,24.95398,0000000038d83d41,27.28
1464,2019-08-01T09:06:04Z,14c7e1511b70f4dd3359cbece1377aebb4d70531f5489eefe53d7c3c,60.16544,24.95398,0000000038d83d41,25.36
1465,2019-08-01T09:06:04Z,15918569de0a46a8eb56b43d8d39f7fc82619ff1006f00822c85745c,60.17918,24.95141,00000000675d5200,1.7
1466,2019-08-01T09:06:04Z,165ebbb4090d47319ae370f0d0854fdc1f6b79499f8b2e4d3c3533c0,60.16544,24.95398,0000000038d83d41,29.32
1467,2019-08-01T09:06:04Z,171d0bf49a26400390df42bc1c9af98d9279bf8ccee92f39288845e1,60.16762,24.95415,000000006b44cce7,1.88
1468,2019-08-01T09:06:04Z,1f0f0628cdc688d76bde2b82bee5b9b4916bf0bbdfe76cf3213e1c65,60.15432,24.9211,0000000019fb59c4,12.69
1469,2019-08-01T09:06:04Z,29f37c7486060f7f74f542c60cf9b1accfa544b255a22aee53b99cec,60.16897,24.95222,00000000aa852af1,9.92
1470,2019-08-01T09:06:04Z,2a93b61a3863ace54349d7a0937e4134fcc6d4dfcf064eefae2b7cf8,60.15432,24.9211,0000000019fb59c4,27.28
1471,2019-08-01T09:06:04Z,2fd87be7f3d38756587d5a0dd1ae934998ca065240c450d0538481e9,60.1538,24.95595,0000000038bf9618,41.64
1472,2019-08-01T09:06:04Z,35c6573a3fdd07d91dacb331df71f349703fbecb50875602452d3b83,60.16762,24.95415,000000006b44cce7,13.75
1473,2019-08-01T09:06:04Z,427140db094a88d1033f8ee0e16865b0ca63c0d06e0aacf4d81cd1ea,60.17002,24.94407,000000006b087f40,29.32
1474,2019-08-01T09:06:04Z,5d65719c4cbf045f068d084b72302f447d5fd034413d97d13be00d0e,60.18203,24.91341,00000000342570c2,23.56
1475,2019-08-01T09:06:04Z,6a657079c1bdc8114c289be1ddd83e5846d4279a920d1697b8ff0033,60.18203,24.91341,00000000342570c2,21.87
1476,2019-08-01T09:06:04Z,6d22b751ff5173035dc85c52c3dff0780126adae67fe33dc62dd45ef,60.16531,24.9442,00000000fdda10fe,20.28
1477,2019-08-01T09:06:04Z,747f2d1ebff218c0ebbdc0fdaef4cbe56633dfb46ae1b1f8c8142201,60.16762,24.95415,000000006b44cce7,20.28
1478,2019-08-01T09:06:04Z,76c7f42283513d0e289bf786d89463b5025b2ae0f4e13519a4cf228b,60.15432,24.9211,0000000019fb59c4,18.79
1479,2019-08-01T09:06:04Z,78d5f60b36b59c06c3988b94e11744bb3aed5dcbc214f91f228bf892,60.16448,24.97323,0000000053c6c2be,20.28
1480,2019-08-01T09:06:04Z,84fdfd8881f633c5f0c71c1480053953ca4b05e848052d97c063ad38,60.1538,24.95595,0000000038bf9618,25.36
1481,2019-08-01T09:06:04Z,87dfaad29a9276ddddb1fa021d3bc23ad14824c1af16f7d87e713689,60.14951,24.92138,0000000006dd41f6,10.78
1482,2019-08-01T09:06:04Z,8c75c3289c84fe4493e1e272a77b615fe1985880c5dc68a7c1a17b53,60.16762,24.95415,000000006b44cce7,11.7
1483,2019-08-01T09:06:04Z,8cc6ddaa460aeae8cc9e8a33f91a01c8cd4c0c8bf8a943210a28c84d,60.1538,24.95595,0000000038bf9618,16.1
1484,2019-08-01T09:06:04Z,90778cdb407c97aacbb3fd01f29f2680b24f7e8b2365e56cf8d9b4c4,60.16531,24.9442,00000000fdda10fe,29.32
1485,2019-08-01T09:06:04Z,9843c6216661048343a0e49cf3d8aa2883cf77f452666a1c873a1052,60.16448,24.97323,0000000053c6c2be,14.89
1486,2019-08-01T09:06:04Z,9d03d14afa49576281aa26db60e517f7c1ec8aa36f7756959a860a8a,60.16629,24.95957,00000000fb7600be,11.7
1487,2019-08-01T09:06:04Z,a08cae03363d2e483a6ea717973088f4bd4276de96a9d438a7358ff4,60.16897,24.95222,00000000aa852af1,11.7
1488,2019-08-01T09:06:04Z,a91d379a4b57c5df22db0d7a041ff69f657b4b31f28554b1011fc03c,60.16544,24.95398,0000000038d83d41,29.32
1489,2019-08-01T09:06:04Z,a9da1ee82e3b670e276c26b483dd50f4a6d0c6f77ef82245d3ae6086,60.18203,24.91341,00000000342570c2,14.89
1490,2019-08-01T09:06:04Z,ab0f67c0c0e1ba5eac9013f9c314feadf340ddf08543b91e70483594,60.16544,24.95398,0000000038d83d41,21.87
1491,2019-08-01T09:06:04Z,b4faf2d3c4d2b199afeab6ab63b583fe3a2e81e14abbef6917f25129,60.15432,24.9211,0000000019fb59c4,17.4
1492,2019-08-01T09:06:04Z,c40c37def6bf11a63a2556519a7c6233fd417cdeea2cf14f28e7c42c,60.16531,24.9442,00000000fdda10fe,23.56
1493,2019-08-01T09:06:04Z,ce783d3c1b06378e5c39c25687746a6f88fbb0ff2b36e3405fb61cf8,60.16762,24.95415,000000006b44cce7,16.1
1494,2019-08-01T09:06:04Z,cf05623e4d87ce0906c0b0b7dbf53aacc1228016cd27c341228b6e76,60.18203,24.91341,00000000342570c2,17.4
1495,2019-08-01T09:06:04Z,d127ead865385b64ae537a703a26be15fae4b5332ce0fbf03d5e0c23,60.1538,24.95595,0000000038bf9618,38.87
1496,2019-08-01T09:06:04Z,dd2c9c82cf3737146294aff6f814a1349fb0bc4bedf518715dacbe8f,60.18203,24.91341,00000000342570c2,16.1
1497,2019-08-01T09:06:04Z,ddc67f72e5e8f9a7d6b2da1da84e1837810b48e399bfa77518b37226,60.16531,24.9442,00000000fdda10fe,33.81
1498,2019-08-01T09:06:04Z,ec72ef080c605e71978aed0d3b5f22c3c3133677a43c614b72eedc6d,60.14699,24.922,00000000a53ed894,29.32
1499,2019-08-01T09:06:04Z,ed70dda6b7faebd4340dacdb452ab224d9d3c308df417b7fa76f54e8,60.14951,24.92138,0000000006dd41f6,21.87
1500,2019-08-01T09:06:04Z,efd1806e1eee5eca948bc2537df8d816e2cce41009b41189c350ce74,60.16531,24.9442,00000000fdda10fe,27.28
1501,2019-08-01T09:06:04Z,f088630d7476dae7d4b7e2bb1f10575f2c89acb4b6e061f3d57c2b40,60.16531,24.9442,00000000fdda10fe,18.79
1502,2019-08-01T09:06:04Z,f22981c21af00fc334b3d8bdd523e23a50384666e97815f0ec1dc0ac,60.16897,24.95222,00000000aa852af1,20.28
1503,2019-08-01T09:06:04Z,f3b0f76f71a56ff166862e0e84f7f9406b270b0311994ddf02eed205,60.16531,24.9442,00000000fdda10fe,25.36
1504,2019-08-01T09:06:04Z,f7e45613ad966fea53fab73b435ba3a087c774e36596b3a5156a3487,60.16829,24.94214,00000000afef4555,1.54
1505,2019-08-01T09:06:04Z,f83d4b6b8ffbf8a674d212e32100b2360b80261b4e9207d77c0b0ed3,60.17918,24.95141,00000000675d5200,11.7
1506,2019-08-01T09:06:04Z,f99c5dd8cc08bd2353083d875ce8bc585fb2c2ff8427b90d92f571de,60.1538,24.95595,0000000038bf9618,31.5
1507,2019-08-01T09:06:04Z,fc4f3a44235f1cfc7b53f14ba2da599976a5a0a220d23b852688e485,60.17918,24.95141,00000000675d5200,17.4
1508,2019-08-01T09:06:04Z,00787dad708490660b0b836fa415681cc57046fa521c0c0aaea14a9e,60.16762,24.95415,000000006b44cce7,7.69
1509,2019-08-01T09:06:04Z,00cf880933075f70a32ca748c0299b5dee3089d042185bd2787eed56,60.16762,24.95415,000000006b44cce7,11.7
1510,2019-08-01T09:06:04Z,00d98e49fc01c16216b630f9fdf19ce9826d27552ce2fa4676de957b,60.16829,24.94214,00000000afef4555,4.11
1511,2019-08-01T09:06:04Z,02050a536056486b1bf139282f0d0a3af63def1d56ff0c73ac51bb19,60.14947,24.91438,000000004ef3150d,12.69
1512,2019-08-01T09:06:04Z,0362cc670dcfab795a3911957b6a177416bf9b99d0e2732716796c4d,60.15432,24.9211,0000000019fb59c4,11.7
1513,2019-08-01T09:06:04Z,03f427d436ba092925de462b11374bdbdab0443620037675621fbc11,60.17919,24.95181,000000007b5207b6,9.92
1514,2019-08-01T09:06:04Z,063935180fff0e58de5d319ecb9320cf794423e3c6aeac0cca8f1a9f,60.16897,24.95222,00000000aa852af1,14.89
1515,2019-08-01T09:06:04Z,0670a01b5d0e505e7ec50165f157d60f57a5bb3b6c65922412509ab2,60.16829,24.94214,00000000afef4555,10.78
1516,2019-08-01T09:06:04Z,084a28a3b7b25fc337905f6c6115a66adb0bea6908a071ada1e2e1b5,60.14951,24.92138,0000000006dd41f6,17.4
1517,2019-08-01T09:06:04Z,08f9fd60f852d3502bfa509c955e9963e73954f961d55ba8cd46cae9,60.16629,24.95957,00000000fb7600be,16.1
1518,2019-08-01T09:06:04Z,0b972945466586fb0b0fe55dce7687825406882c000ba0e60b3ff30f,60.15133,24.92329,00000000e8a064a4,27.28
1519,2019-08-01T09:06:04Z,0c1684b697a63d7f47ebaedcfa060b3b4af294fec1e62d613699291a,60.16897,24.95222,00000000aa852af1,8.38
1520,2019-08-01T09:06:04Z,0f0a47457083121cf6392eb1d6d9a764f269d3c0e33d76403c446678,60.16829,24.94214,00000000afef4555,23.56
1521,2019-08-01T09:06:04Z,0feb7de3b58597dd266ed606e8d3b6e2e4e0be942b17c15be984f51c,60.14951,24.92138,0000000006dd41f6,20.28
1522,2019-08-01T09:06:04Z,104fa538ac0d60a9767adf904a9d871eb65a81fb8577bade30725347,60.16448,24.97323,0000000053c6c2be,29.32
1523,2019-08-01T09:06:04Z,1069967e3921871955b1b2b42e60f829c593a3e024401bfe61ae410e,60.16629,24.95957,00000000fb7600be,13.75
1524,2019-08-01T09:06:04Z,1074ffc7b33a1a8b54ea8f31d0f43ba07ed2ad7841b548f9bd4b9bad,60.17065,24.93641,000000000f4919c9,27.28
1525,2019-08-01T09:06:04Z,10d0fed0f7d40b253b5fc5a53297dc9af8bb76fa6f34d5e71383cb62,60.17918,24.95141,00000000675d5200,14.89
1526,2019-08-01T09:06:04Z,12b9b313e577dbbb9619247e0a5ded14c2b56bede5b421cac44f9597,60.16448,24.97323,0000000053c6c2be,25.36
1527,2019-08-01T09:06:04Z,139a5aa448338146cf9202768e1eeb804d164d71d9bc8c7fa8f5d06f,60.16531,24.9442,00000000fdda10fe,25.36
1528,2019-08-01T09:06:04Z,13cbade1d832c78b1a0a68fd9a6559054370eeae58247347955ee632,60.16897,24.95222,00000000aa852af1,16.1
1529,2019-08-01T09:06:04Z,15b314157b22b2a5bf8a39539a049ce73e7baa21b0ce24f21718ce4a,60.17002,24.94407,000000006b087f40,9.92
1530,2019-08-01T09:06:04Z,164d8280dbb888033f64368dd641bcef597fc327148fcf74374894c5,60.16544,24.95398,0000000038d83d41,21.87
1531,2019-08-01T09:06:04Z,16e18d478be872d2a9801fa885d08edeb3f5ae1840b38478f9baf535,60.17919,24.95181,000000007b5207b6,20.28
1532,2019-08-01T09:06:04Z,186333eb40fcc6f473b8fecb5ff31f07f082740eaef22f8594088862,60.16629,24.95957,00000000fb7600be,17.4
1533,2019-08-01T09:06:04Z,1880dcca5077d4ccd63084e82a411f0cb7abb12f9883625b046f2e24,60.16829,24.94214,00000000afef4555,16.1
1534,2019-08-01T09:06:04Z,190cdde22bc3e3a41cd0f9da7efb3a917bc09e8034b05ca6064ea8a8,60.17919,24.95181,000000007b5207b6,27.28
1535,2019-08-01T09:06:04Z,1ad9bdffafbbf8933ab6b3b695988ad31df32a874eddbf84de369e78,60.16448,24.97323,0000000053c6c2be,23.56
1536,2019-08-01T09:06:04Z,1d70ff49909e1d6fb653ae053aa78084daf385dbbd2ad22b05707309,60.16829,24.94214,00000000afef4555,8.38
1537,2019-08-01T09:06:04Z,1dacfb371d75dd4f90f447aac2a00faad98beb4188a6971c19eb2375,60.16629,24.95957,00000000fb7600be,27.28
1538,2019-08-01T09:06:04Z,1dbecade1f3540eb44c3d86cb1ffc73d5bf422ea0cf76927c2d5cd74,60.16829,24.94214,00000000afef4555,16.1
1539,2019-08-01T09:06:04Z,1dcff36b6f83b08b6ea87c1c1018c542c270299839908ca446dffb39,60.16762,24.95415,000000006b44cce7,13.75
1540,2019-08-01T09:06:04Z,1e3af5697f0a2ae45f261da79e4ba71c868dc4d78008bd1995fe6259,60.16448,24.97323,0000000053c6c2be,13.75
1541,2019-08-01T09:06:04Z,1eadb2c1984aa73c3c2f13eab0a2e793331443c617681e36887f0bcc,60.16629,24.95957,00000000fb7600be,16.1
1542,2019-08-01T09:06:04Z,1ecbc7c6afe89033252e5510cbb893666af2b3bc29f555a3a6287fdb,60.14951,24.92138,0000000006dd41f6,4.94
1543,2019-08-01T09:06:04Z,1f813dc10021899138c12ca17c58ab3dc24db1750dcb1790f9c20e8f,60.15133,24.92329,00000000e8a064a4,23.56
1544,2019-08-01T09:06:04Z,227fd98ceb97d84d0c2c3af35c32cee7a87aea62d71b1a5353ae3588,60.17065,24.93641,000000000f4919c9,21.87
1545,2019-08-01T09:06:04Z,22ac1ab1c590ea19b44c61c42f5e8da29a6acbabf56676527811507a,60.15432,24.9211,0000000019fb59c4,7.69
1546,2019-08-01T09:06:04Z,25479245e5a8b0fe47e2bd590cdd63256d84afd6c164781dc64e527d,60.149,24.9843,00000000fffb8cf0,5.41
1547,2019-08-01T09:06:04Z,2552cb43d7990bde838673115a742078e343ce93f96257728311655d,60.16897,24.95222,00000000aa852af1,27.28
1548,2019-08-01T09:06:04Z,25d340d14d855b8c18b2c6f2551ec98a1eb047d1fd3457ba881ddf28,60.17918,24.95141,00000000675d5200,16.1
1549,2019-08-01T09:06:04Z,272c160f908f30259011e0e3a4c2e3ea475ffb602ae6864364fe96be,60.149,24.9843,00000000fffb8cf0,13.75
1550,2019-08-01T09:06:04Z,277fcf3cc917a89b46a34e0cf5164a78f5bcc88d92bb45ded60f1a91,60.17065,24.93641,000000000f4919c9,9.92
1551,2019-08-01T09:06:04Z,279fb0bcbbad5140c3a5cb21f606be809b1e94f43f38c17ebade63a4,60.16544,24.95398,0000000038d83d41,23.56
1552,2019-08-01T09:06:04Z,2823bf6afde4a5cc05342c15e7417c9590ba52264be5793bb688faab,60.17065,24.93641,000000000f4919c9,18.79
1553,2019-08-01T09:06:04Z,28296ae2b460df2f6807f8a84b81e5ebd24677a05bded29111dc33a4,60.17002,24.94407,000000006b087f40,18.79
1554,2019-08-01T09:06:04Z,2832565094d8e4bd54c7a2442ac8807d97669bc460c1cb75a831bbb8,60.16762,24.95415,000000006b44cce7,16.1
1555,2019-08-01T09:06:04Z,28d50861d92f962c7a49eabaa524431aebf52870e44b79f77d7167c6,60.17918,24.95141,00000000675d5200,6.46
1556,2019-08-01T09:06:04Z,29f1b87bc2ae164c0b2f27f03fea34e002c004764d233e987be597a7,60.15133,24.92329,00000000e8a064a4,21.87
1557,2019-08-01T09:06:04Z,2afa9ac588b2c55e8edf99ee96ecaf63451a7ab1e51571b7e2d1d491,60.16762,24.95415,000000006b44cce7,7.69
1558,2019-08-01T09:06:04Z,2c184c9cc9c9a744c6959766a13f23462ffce29c252d073a252b6a7a,60.16762,24.95415,000000006b44cce7,10.78
1559,2019-08-01T09:06:04Z,2c1dcbe1930bbd0596b8dea9e2abc4e49a10db5a1fbd25f103aaf5a4,60.16762,24.95415,000000006b44cce7,13.75
1560,2019-08-01T09:06:04Z,2c6810efb2565383ca0a554f3c51f3f7905484357f5e00756dbf091a,60.17918,24.95141,00000000675d5200,3.74
1561,2019-08-01T09:06:04Z,2c6f6440161f9061a850e8db96383d5eb111f0d1d8f0b666b7c49f22,60.16897,24.95222,00000000aa852af1,25.36
1562,2019-08-01T09:06:04Z,2dcc113a258bced083c9729d8e62d6001f909ce1c9dac69fa7bead83,60.17065,24.93641,000000000f4919c9,27.28
1563,2019-08-01T09:06:04Z,2f09364857883d78a23aab14ac85e389ce786d0938e13cee655a7dbc,60.16762,24.95415,000000006b44cce7,9.92
1564,2019-08-01T09:06:04Z,2f43b7a683b0d365a46b6259a032813c293472eaedcdbcc3507adee5,60.17919,24.95181,000000007b5207b6,13.75
1565,2019-08-01T09:06:04Z,2f79108a454c0072885ad1447280ed5098d061b229eaae61a8bb67be,60.15432,24.9211,0000000019fb59c4,23.56
1566,2019-08-01T09:06:04Z,2f82b3546af2df53b58cddc668c9aa196554108cdf39120ea40b417c,60.16629,24.95957,00000000fb7600be,8.38
1567,2019-08-01T09:06:04Z,312e78d3624e87e1645e7d54f96facd8a2321d6e65a3ef0620fb1d42,60.16531,24.9442,00000000fdda10fe,21.87
1568,2019-08-01T09:06:04Z,31b02b3b271f6feef9e49d9285929ff1c25a11e608fc5d70bc6a1fac,60.16897,24.95222,00000000aa852af1,16.1
1569,2019-08-01T09:06:04Z,3371cfaa0eed702110b1f5501d188c9e7424a2e018bb905af13896cc,60.16448,24.97323,0000000053c6c2be,23.56
1570,2019-08-01T09:06:04Z,33fa4cb82db5b44ffe6e7ae1039635187f90d1df328f8f139da0c693,60.17918,24.95141,00000000675d5200,4.94
1571,2019-08-01T09:06:04Z,3480c16a6649952c388d8902596e332f018e609b9585f483353ae026,60.17065,24.93641,000000000f4919c9,7.69
1572,2019-08-01T09:06:04Z,34e96c7caa63e7ede8f428b18e8fb556ac235d61a50c9d6ac7ff268f,60.17918,24.95141,00000000675d5200,10.78
1573,2019-08-01T09:06:04Z,359348d27f82b0270a68e954bff8bde5e1a2a32949c7088f12ce7dc8,60.15133,24.92329,00000000e8a064a4,33.81
1574,2019-08-01T09:06:04Z,3609f484ad7e56259f60a61aba44f22dfca5c8b2564fce7e802ad342,60.16829,24.94214,00000000afef4555,1.7
1575,2019-08-01T09:06:04Z,367b1989198ef11170dd9fcfa7e6ebb5ceb58aab87c613ee1bb86e8c,60.16531,24.9442,00000000fdda10fe,7.05
1576,2019-08-01T09:06:04Z,36fe97cd2ec69118778c771a87593630f8a6a2cb77d9ce72f845cd3c,60.16762,24.95415,000000006b44cce7,9.92
1577,2019-08-01T09:06:04Z,38fb20c6d55b10dd10a39c0fb41ad61297453e25afda81cf32313ae3,60.16531,24.9442,00000000fdda10fe,33.81
1578,2019-08-01T09:06:04Z,39126ffb278f49e06180cc6abe5b31ab3acdce1534b5b6ffa0b6e567,60.18203,24.91341,00000000342570c2,20.28
1579,2019-08-01T09:06:04Z,39c6456ee66fe96eee3d97cee2a70923cedb3da760bb5d4d413adb9c,60.17918,24.95141,00000000675d5200,2.08
1580,2019-08-01T09:06:04Z,39e9fa7033887b7ab339887aa68753ff94d4771cda2bb8ff4ea7aa0a,60.17918,24.95141,00000000675d5200,16.1
1581,2019-08-01T09:06:04Z,3a1afdcf7c2e5a52cdbcbbe29e8281c184037e8720920c6c75bee339,60.15133,24.92329,00000000e8a064a4,21.87
1582,2019-08-01T09:06:04Z,3a2f1a2c6c645bd161943b3f19c171d021512d7a8c4273ed3022f5df,60.16829,24.94214,00000000afef4555,16.1
1583,2019-08-01T09:06:04Z,3a38ba36c098f2741d6c5fb5a751fcd074d05d698ac592ca09ab443c,60.16448,24.97323,0000000053c6c2be,20.28
1584,2019-08-01T09:06:04Z,3a97ae4dcab31eb5e15e5d036d286e9764e25bcf0ad8afcfba854c90,60.16762,24.95415,000000006b44cce7,8.38
1585,2019-08-01T09:06:04Z,3b124e1851087531134d5e5d0a10b6afe3551982609a81a19dd969dd,60.16829,24.94214,00000000afef4555,9.92
1586,2019-08-01T09:06:04Z,3be40c84926a525adbd09eeeb3a12b73b24c633942b2e1fbe8151ac3,60.16448,24.97323,0000000053c6c2be,21.87
1587,2019-08-01T09:06:04Z,3cc82d532d2a768e0c987e2653e32825a8b11fc2f7ba36388535f6e2,60.16075,24.95883,00000000f1124bca,18.79
1588,2019-08-01T09:06:04Z,3eea43670f4f29a90ced59c1af122371340275fb61ff8f14c7120658,60.16762,24.95415,000000006b44cce7,5.91
1589,2019-08-01T09:06:04Z,40646914186edc6142b7fc3daf766121b55f5bb36ea38facff686ea5,60.16897,24.95222,00000000aa852af1,12.69
1590,2019-08-01T09:06:04Z,41a0ca2955e0ae0324f6e14aeb77ebfaac5305e31d86c42a20277b94,60.15133,24.92329,00000000e8a064a4,10.78
1591,2019-08-01T09:06:04Z,4256b81faf420b0636e1bfcf21e8b61482045aed964aae9089c67296,60.16829,24.94214,00000000afef4555,16.1
1592,2019-08-01T09:06:04Z,42844e90c7134ebb3ec325f57cd27cd24711c779548ebc8692a820d5,60.14951,24.92138,0000000006dd41f6,3.09
1593,2019-08-01T09:06:04Z,432417b4972b744ded3410777a6bbb583cf56172bf3436ddbe48a21d,60.16762,24.95415,000000006b44cce7,14.89
1594,2019-08-01T09:06:04Z,43e023a8726ec4c53a8cea6dcaa79e722da4677e37f3f6c9d3cc9873,60.16544,24.95398,0000000038d83d41,25.36
1595,2019-08-01T09:06:04Z,4470412c4b059a920f2699fbfb72b261e0847b3e1caa8c71d2edd5a2,60.16448,24.97323,0000000053c6c2be,17.4
1596,2019-08-01T09:06:04Z,44a120ac90dacb4d43fe4d38ee859a1015bcd226ff3d946a1e44c4ca,60.16531,24.9442,00000000fdda10fe,33.81
1597,2019-08-01T09:06:04Z,44cd682aaef3e1d1bc2b0eac71d75bb3a951f74d7c93810d260dfd07,60.16829,24.94214,00000000afef4555,11.7
1598,2019-08-01T09:06:04Z,4642dfa1df839f11e64f68bca4e3dce7bde2ff6dd68c54959fcb4788,60.17918,24.95141,00000000675d5200,4.94
1599,2019-08-01T09:06:04Z,48004849b2f48b2314aa9175433d754db1641b949bb8cf050e2dd128,60.17918,24.95141,00000000675d5200,6.46
1600,2019-08-01T09:06:04Z,48c0ea6615ac4c02fc9bc0e06f9ea9309f9bf7e73b4324d7a6b14610,60.16829,24.94214,00000000afef4555,5.91
1601,2019-08-01T09:06:04Z,49bbad87e4d6cd03bdb073bde7be91193d74d29943badce7fc536916,60.16448,24.97323,0000000053c6c2be,12.69
1602,2019-08-01T09:06:04Z,49df780a7f20a99ad2810fa4bbb46b5fac9bc5cbe3fc800cd572f63a,60.14947,24.91438,000000004ef3150d,13.75
1603,2019-08-01T09:06:04Z,4ade4f0d92c6157a42d7fd8e353d1c93551324ba47cc134b840a6c63,60.16897,24.95222,00000000aa852af1,4.5
1604,2019-08-01T09:06:04Z,4ba529eeafb27285cbbade6e5ece0d4d04bd2d13c98b27a5d17abd22,60.16897,24.95222,00000000aa852af1,3.09
1605,2019-08-01T09:06:04Z,4c8696833edf46025bc9b5f589679b77a73c857736036aa9ef6696e5,60.17002,24.94407,000000006b087f40,23.56
1606,2019-08-01T09:06:04Z,4d4fa91e93bbc2055e82019fc8ce0700b719ed13487f747ff7d25bdd,60.16829,24.94214,00000000afef4555,31.5
1607,2019-08-01T09:06:04Z,4e2a3b0277341537d1d4cde8e18ee4562952168aa2f7aff200f33c02,60.16629,24.95957,00000000fb7600be,27.28
1608,2019-08-01T09:06:04Z,4f609afde0ba5cb017ba3c549bdd11ff322a2e0227a0f11a9d112220,60.16762,24.95415,000000006b44cce7,14.89
1609,2019-08-01T09:06:04Z,4f9125edf503fe3cb0ba1e1221fe6a67aafd99fcd89fd92d2bf20e97,60.16897,24.95222,00000000aa852af1,16.1
1610,2019-08-01T09:06:04Z,4fb4a3650a2a28469dde9c537458d24411aa6075666e047dd756fba9,60.17919,24.95181,000000007b5207b6,23.56
1611,2019-08-01T09:06:04Z,5001aabb6808b9fd96b705d1ebe8e7aca52713c2640100d81879dd86,60.17918,24.95141,00000000675d5200,5.91
1612,2019-08-01T09:06:04Z,504f910a0bd104a130b85d0c50467a15e74dc950bcc9eac3ebecc43e,60.16531,24.9442,00000000fdda10fe,21.87
1613,2019-08-01T09:06:04Z,51ec42fdd85671ae93876c3d875b24e56cb45699e9c3d2b623dca70d,60.16762,24.95415,000000006b44cce7,17.4
1614,2019-08-01T09:06:04Z,52e7ba8caf7e3c36ea9fb39dff84a37643e9a7ee50bfb4c5295c3759,60.17002,24.94407,000000006b087f40,23.56
1615,2019-08-01T09:06:04Z,5372348389197e6c4bc4c5e3dab047e7384d562220e6295904bbda1b,60.17065,24.93641,000000000f4919c9,7.69
1616,2019-08-01T09:06:04Z,5385ddf78e929052bb12c39651fb3ff99e3642aa079d49f687b4c73c,60.16762,24.95415,000000006b44cce7,13.75
1617,2019-08-01T09:06:04Z,53d8fd3162d3b72ea9f77159ab356b46d40de1758d6388e60fe70985,60.16629,24.95957,00000000fb7600be,18.79
1618,2019-08-01T09:06:04Z,53fb53be4440aecb1a1fa63a9da1db08182cc7e252da14685e63373d,60.16762,24.95415,000000006b44cce7,7.69
1619,2019-08-01T09:06:04Z,54b89ed12e25892c9160e029a0379d61425b88db1aa30b06f9ea2d8b,60.17002,24.94407,000000006b087f40,25.36
1620,2019-08-01T09:06:04Z,54bd709173219e8017f317b63ecc83d0a48f64542e6fa1b83c86a56c,60.17919,24.95181,000000007b5207b6,4.11
1621,2019-08-01T09:06:04Z,556cae6b2e2dec6fe691a835e8e08bd016b1a65797c0aca46879329f,60.17918,24.95141,00000000675d5200,10.78
1622,2019-08-01T09:06:04Z,559429bba23762a872fc7b1e2219d42125ab101e4355d43fdb94ed7b,60.17918,24.95141,00000000675d5200,8.38
1623,2019-08-01T09:06:04Z,559e6a5225ce35ab844c63ea0d0c1695dc490a3d9cfbafa5d35ac8d8,60.14947,24.91438,000000004ef3150d,8.38
1624,2019-08-01T09:06:04Z,560816066eb4d44c34d0d56c57c994c0cccbd36fef545059b8e4d9d7,60.14947,24.91438,000000004ef3150d,5.91
1625,2019-08-01T09:06:04Z,580f32ffed6360b30b2f9c7501977fdf5205499bea30d742caf8b2fe,60.14951,24.92138,0000000006dd41f6,38.87
1626,2019-08-01T09:06:04Z,584cb0b0cdd14e608c8b57c8aecc9826f9b40027e365e2438a444ea2,60.16762,24.95415,000000006b44cce7,9.92
1627,2019-08-01T09:06:04Z,5865a27b5b56a60bca38e4a1403655e3e7fd0232a3ff2079965aff81,60.15432,24.9211,0000000019fb59c4,5.41
1628,2019-08-01T09:06:04Z,58754229cd3381042c5ffda79c0108c5f77aa1f0f6d1468b9cb42b4c,60.16829,24.94214,00000000afef4555,18.79
1629,2019-08-01T09:06:04Z,5978726eeef638856dafd3a8d199287f8daf9e90ddde750b402f8bb0,60.17065,24.93641,000000000f4919c9,1.01
1630,2019-08-01T09:06:04Z,5a07851c2c522c6beba70c513f1b1bea2b30d5d860629837ddd845f8,60.16829,24.94214,00000000afef4555,13.75
1631,2019-08-01T09:06:04Z,5a3004325b5a058e02fb9f32ef4f7e9cc465240cbda7a7e4ec89d2de,60.16629,24.95957,00000000fb7600be,11.7
1632,2019-08-01T09:06:04Z,5a34b02faac3189217466888ef1d31cc80f721ac2f18638c5db88d53,60.14947,24.91438,000000004ef3150d,17.4
1633,2019-08-01T09:06:04Z,5a9efbe8f65e35595e70adafcd4cf88fa573bb76f3759331cd95cab0,60.16829,24.94214,00000000afef4555,33.81
1634,2019-08-01T09:06:04Z,5b06617477af6dcee75a94ac347364b50f6f3b5b7d747e5413d9ad58,60.14947,24.91438,000000004ef3150d,9.12
1635,2019-08-01T09:06:04Z,5c1f71098d5d7258d2971061c791c94e0138c8e02225c5f60d6a0428,60.149,24.9843,00000000fffb8cf0,17.4
1636,2019-08-01T09:06:04Z,5daa76852f3e1be6c75fa2185d5787ab9010cf83d6671515769a8649,60.16531,24.9442,00000000fdda10fe,18.79
1637,2019-08-01T09:06:04Z,5dc7341101ac9a971ad3bd8764c172439aa3c351b8b6654e21e2c76f,60.16829,24.94214,00000000afef4555,18.79
1638,2019-08-01T09:06:04Z,5e2c5c20c88ccf362ed8749d1ddc041b1cb1c38d8dbeac7870179322,60.16629,24.95957,00000000fb7600be,6.46
1639,2019-08-01T09:06:04Z,61cad0901875294dc868a6d894b5f275a95e6ab6e4a369eefa0fe4bd,60.16762,24.95415,000000006b44cce7,17.4
1640,2019-08-01T09:06:04Z,61f53bab9eb8d4ebb57a9aaea9ccecc63dbf2a442c4d629c5348903f,60.16629,24.95957,00000000fb7600be,23.56
1641,2019-08-01T09:06:04Z,626bf35ce16dba1054cfd175d09475d3ee751bf70e56f984ff5c7ab6,60.15133,24.92329,00000000e8a064a4,20.28
1642,2019-08-01T09:06:04Z,63ff2439779051005c18876d20ed53ce060c1de9d7976821bd518fc6,60.15432,24.9211,0000000019fb59c4,9.12
1643,2019-08-01T09:06:04Z,648f993da1de9bc56017d18aad25895e4cf79c7f38da67de8e86dd54,60.16829,24.94214,00000000afef4555,21.87
1644,2019-08-01T09:06:04Z,65b6b62b547e11e10f7f83ad497446bee2bb9653097d9d62e9b1b817,60.17065,24.93641,000000000f4919c9,5.41
1645,2019-08-01T09:06:04Z,66ad74b1795a3f2db404e46e89b7cdeb3d6e231b6573e3fd29bb7eef,60.16897,24.95222,00000000aa852af1,14.89
1646,2019-08-01T09:06:04Z,674355e17da9460e58566497be518f2eb537880c67c788fedb5067db,60.16629,24.95957,00000000fb7600be,7.69
1647,2019-08-01T09:06:04Z,67cf7d2881080aa59ed36a6d88ea1946d17e9d1d5e1ad9eee1851969,60.18203,24.91341,00000000342570c2,25.36
1648,2019-08-01T09:06:04Z,685af6b01bd180194d718801bb8b9c9de22050cc392d6c6441fe986b,60.18203,24.91341,00000000342570c2,20.28
1649,2019-08-01T09:06:04Z,69e2854c78a472b462941ef730aa9fa7a9dba9c1cc22996396d4c78a,60.17918,24.95141,00000000675d5200,4.94
1650,2019-08-01T09:06:04Z,6adce4d05e58232a97635a2fd7918e4e49d9295afc0989d727f9c712,60.17002,24.94407,000000006b087f40,21.87
1651,2019-08-01T09:06:04Z,6bd8f29dd69224345723669424cf7a61a7315a6f812ef43e5a7a44da,60.16762,24.95415,000000006b44cce7,23.56
1652,2019-08-01T09:06:04Z,6d98ac1fea7056e5b96d6095caf0e3677a4ec30e9fbcc2e50ae1cf65,60.16629,24.95957,00000000fb7600be,16.1
1653,2019-08-01T09:06:04Z,6dd5463e670c352180c1e912300e21e59f5e2976266df8c3c92b0baf,60.16829,24.94214,00000000afef4555,13.75
1654,2019-08-01T09:06:04Z,6e7752ad629d4259fce88e4af7b24cb9c9c541027aebf01885998449,60.16544,24.95398,0000000038d83d41,14.89
1655,2019-08-01T09:06:04Z,6e80fcea10d21e1d5e672b554c0f3fe686dc58934f38c3391fd5c262,60.17002,24.94407,000000006b087f40,13.75
1656,2019-08-01T09:06:04Z,6fe2cf6737d40d71251dac8ebef5356a2b765621e97a346c00a6031c,60.15432,24.9211,0000000019fb59c4,3.4
1657,2019-08-01T09:06:04Z,7003a7f6a5523b645634f014e04bea36016953a8af9324e35602bc2e,60.14947,24.91438,000000004ef3150d,13.75
1658,2019-08-01T09:06:04Z,704c3f3075f13713c363014fa828e4a932e7a05676813b9963a1e554,60.17918,24.95141,00000000675d5200,5.91
1659,2019-08-01T09:06:04Z,70d391038ec56b63a3737605c2c1db6ffbdca8e4490691776dc993f1,60.16829,24.94214,00000000afef4555,9.12
1660,2019-08-01T09:06:04Z,71b01bb8b8e877dc9ca40e756f441571d12ee3311a945417e8aaa116,60.16762,24.95415,000000006b44cce7,13.75
1661,2019-08-01T09:06:04Z,72439a1f997fd347d46394f31f5789edc877fe61ca34fcd31f9150b1,60.18203,24.91341,00000000342570c2,16.1
1662,2019-08-01T09:06:04Z,7292a4a47ed655e0ce0ead026bb0ae4b8093342f87a9aed5665c1456,60.16762,24.95415,000000006b44cce7,12.69
1663,2019-08-01T09:06:04Z,74cb545f76f0bfc5498607247e26e814276a11ce91f77208054ecbc5,60.17002,24.94407,000000006b087f40,25.36
1664,2019-08-01T09:06:04Z,75003dbce84bab66829b2489dc3bff3abc4ec7f1b136c28b0835fa0e,60.15133,24.92329,00000000e8a064a4,11.7
1665,2019-08-01T09:06:04Z,750297d0d8ff0ca837d9c2289c26302d62f38708617150431ab14509,60.16531,24.9442,00000000fdda10fe,23.56
1666,2019-08-01T09:06:04Z,7563b91d728fe470bc4d89aa18128a87b92c747336dd2c70cfbf9e84,60.1538,24.95595,0000000038bf9618,31.5
1667,2019-08-01T09:06:04Z,774131d73accbbb31ec3c43c3501b7969645eb65df1839ca8116526e,60.15432,24.9211,0000000019fb59c4,4.94
1668,2019-08-01T09:06:04Z,78047bec076b1b43b674f39aa6b605b1665404036da0e4dfac3c1e1e,60.14699,24.922,00000000a53ed894,25.36
1669,2019-08-01T09:06:04Z,78a9535148d256e36a93dcce58f6dac7864c3bcd43b255c37291aa30,60.17002,24.94407,000000006b087f40,17.4
1670,2019-08-01T09:06:04Z,79669159e96cc1cdf3879c3db8c5621167f92aaa10df4dd21a9be1de,60.16829,24.94214,00000000afef4555,16.1
1671,2019-08-01T09:06:04Z,7c1534082e86ff4387878d813207626d8f728aa26b97248e00a3b8d7,60.16629,24.95957,00000000fb7600be,14.89
1672,2019-08-01T09:06:04Z,7d12711d47425111a6dce413faa867542b9532f3b9c5a934b37a0bc8,60.17918,24.95141,00000000675d5200,16.1
1673,2019-08-01T09:06:04Z,7d415f4fd9093fb383b4ebb88961ad74e6a00d3ece39504712dad639,60.17918,24.95141,00000000675d5200,7.05
1674,2019-08-01T09:06:04Z,7e2e3d07c939e3e76e7ce87678faf64e056afe54215e00488839100f,60.14947,24.91438,000000004ef3150d,9.92
1675,2019-08-01T09:06:04Z,7eb4a715919b3eb4085270535ce4d7b57112591ad7242eb189bf652a,60.17065,24.93641,000000000f4919c9,6.46
1676,2019-08-01T09:06:04Z,7f534fc0885ddf5a5c3814e4232de3356affd42f6c3560055079dc1c,60.16829,24.94214,00000000afef4555,25.36
1677,2019-08-01T09:06:04Z,7f59aaecea1eee6c703ec5d46d67b44289ddedf080defee495b73739,60.14947,24.91438,000000004ef3150d,6.46
1678,2019-08-01T09:06:04Z,7faf8705e89a761625aaed50b89538581e25d5950ec8f051d36ed829,60.14947,24.91438,000000004ef3150d,9.92
1679,2019-08-01T09:06:04Z,7fe96255e89da662cb4a10df4705f39989babea20fdc4ef0bf4fb395,60.14951,24.92138,0000000006dd41f6,20.28
1680,2019-08-01T09:06:04Z,809bf2d7a0745ae512b934a578fd5fd47c13c5398b6d06ad350b9e7c,60.14947,24.91438,000000004ef3150d,10.78
1681,2019-08-01T09:06:04Z,8165c5f8d06298ffd56f071c0ad1cc9f1d4f08084936937d712d0b61,60.15133,24.92329,00000000e8a064a4,23.56
1682,2019-08-01T09:06:04Z,8176eaeb262de7f9113561a8e31b6cf6f4c74c882f7f18ba8bb5acf8,60.173,24.92524,0000000096918cfa,27.28
1683,2019-08-01T09:06:04Z,81cabf0ecb3563f645298961619ca623084bb89ab4b7635ffe2de7c0,60.16829,24.94214,00000000afef4555,16.1
1684,2019-08-01T09:06:04Z,8292ad97931f6462dc056eb92748496c2cfa3e22dbad610514a2deab,60.17002,24.94407,000000006b087f40,16.1
1685,2019-08-01T09:06:04Z,82b78c2220aee81a2744ddfaf7ed29663888987dba6b7cdda05731d9,60.14947,24.91438,000000004ef3150d,21.87
1686,2019-08-01T09:06:04Z,82bab0a1bfd11576cf62159546b756e1da44125c76909e270ced391b,60.16897,24.95222,00000000aa852af1,25.36
1687,2019-08-01T09:06:04Z,85bdce5b262dbd94adcff03e6cad26a1152828b6ab27e6fdd56b2b13,60.16762,24.95415,000000006b44cce7,13.75
1688,2019-08-01T09:06:04Z,865e0ca61059b42592b769e4f1c906aa652b7e6f53612163f6002550,60.16897,24.95222,00000000aa852af1,23.56
1689,2019-08-01T09:06:04Z,88c2bc6310f27465b9f08b28fb52075d7703ce7b097e5beb37c7437c,60.14947,24.91438,000000004ef3150d,18.79
1690,2019-08-01T09:06:04Z,8996f41485515f4fe2b7f60962df36a3421c9a14cdb3f381b1ce7052,60.16829,24.94214,00000000afef4555,16.1
1691,2019-08-01T09:06:04Z,89aeff56a0700534bbf2dfd19fc298f5a890c95e1a45b6ca7ad3c33a,60.16829,24.94214,00000000afef4555,12.69
1692,2019-08-01T09:06:04Z,8a01e28fd327e5c56dcf2dc8b2b7762a96d77584c21990a073ceb11f,60.16829,24.94214,00000000afef4555,3.74
1693,2019-08-01T09:06:04Z,8c571538c285dba9d77edacfb1829b282d54b772b62209c6e4004237,60.17918,24.95141,00000000675d5200,8.38
1694,2019-08-01T09:06:04Z,8d5e893f77b3d167ebefad4ecab181fea08513599a6f9450f0b9a827,60.17919,24.95181,000000007b5207b6,20.28
1695,2019-08-01T09:06:04Z,8e20d0d67339e3cf43e77c3a340d9dc6766de8d079197a08a1343ff0,60.17065,24.93641,000000000f4919c9,18.79
1696,2019-08-01T09:06:04Z,904a0fc128c9b7a19f77deebcedd8da5dc7f96ad36aa36930f09f87e,60.16762,24.95415,000000006b44cce7,10.78
1697,2019-08-01T09:06:04Z,941e13893853105c86bfbc6d31d62274937602143ce3bb530c8c17ed,60.17918,24.95141,00000000675d5200,23.56
1698,2019-08-01T09:06:04Z,9609babe3114439a82f93f797f4a6e779b6bab625488b8ff5b63e674,60.16829,24.94214,00000000afef4555,23.56
1699,2019-08-01T09:06:04Z,97673619aef2a748d2dbbd26567b9b3d7bdae3f5860361bc405404ed,60.16897,24.95222,00000000aa852af1,16.1
1700,2019-08-01T09:06:04Z,99a026b5100e23129fa529e9a57a3dbc8490dc03b58f2193f03e2dcf,60.14951,24.92138,0000000006dd41f6,6.46
1701,2019-08-01T09:06:04Z,99f242a3c3e8ef2df75069f2ee802ecf75bc01317cde7e909ac73f66,60.16531,24.9442,00000000fdda10fe,12.69
1702,2019-08-01T09:06:04Z,9a12cdd9d905a294b1c33d220edf652a99509b8916a79081b8e05dae,60.16629,24.95957,00000000fb7600be,21.87
1703,2019-08-01T09:06:04Z,9b3e6848d8b34e802134d6da0e5a594897ec3fafbbf08b6d0b84068e,60.17918,24.95141,00000000675d5200,5.91
1704,2019-08-01T09:06:04Z,9bef8b28ea93ecaee57d05b037edbfe7f80014aaf56343345fedd7be,60.17918,24.95141,00000000675d5200,18.79
1705,2019-08-01T09:06:04Z,9e2fc7d2196f097e688761506eb14b5cf3baa0aecca96c1131ae1767,60.16897,24.95222,00000000aa852af1,33.81
1706,2019-08-01T09:06:04Z,9e343a150f07bb3dcce5ecab8ac061b84d65b347b1af5a232e00eeb6,60.16829,24.94214,00000000afef4555,17.4
1707,2019-08-01T09:06:04Z,9e927b1e87f45b2c89a694c49da8922ce180a737f0e8a7cd1476ad29,60.14951,24.92138,0000000006dd41f6,21.87
1708,2019-08-01T09:06:04Z,9eee6d740f1d483c484d02f0995f35550c09e6a8cf01f02680db5efc,60.16448,24.97323,0000000053c6c2be,23.56
1709,2019-08-01T09:06:04Z,a04214b56cac7d70680703ee6a28fac742f3c3190b55b46a79c1f76d,60.149,24.9843,00000000fffb8cf0,14.89
1710,2019-08-01T09:06:04Z,a2321cbe1ca14defdef3d74ae1f30c9affe99ff38beca31bf3c2959f,60.17002,24.94407,000000006b087f40,25.36
1711,2019-08-01T09:06:04Z,a256ee4e61079f54581967787db25324859ef431207cb182cd468fbe,60.16829,24.94214,00000000afef4555,20.28
1712,2019-08-01T09:06:04Z,a38c11c450b472b9dad2f076e2d9a63651292d3de806331d06af7f46,60.16531,24.9442,00000000fdda10fe,14.89
1713,2019-08-01T09:06:04Z,a3d99fc570ed19522398a09fafe7d264d95d2cd387780feb931b4573,60.17065,24.93641,000000000f4919c9,10.78
1714,2019-08-01T09:06:04Z,a403dc1eebc5d130e12a4c3e4298737c9e00b25b1b6b2cc36a6979c9,60.16629,24.95957,00000000fb7600be,16.1
1715,2019-08-01T09:06:04Z,a4b9f871dcc986c95f1e84fe203bb392ba0fe13164d89119bda2c94a,60.16762,24.95415,000000006b44cce7,10.78
1716,2019-08-01T09:06:04Z,a5423cad01b42682deb516a777f50fd783fd1fd9dc23b7cab01eaedc,60.16897,24.95222,00000000aa852af1,20.28
1717,2019-08-01T09:06:04Z,a66eb6150c36b53f6240acfe16dd98ceb16c43b8e02d0b56993bac73,60.16897,24.95222,00000000aa852af1,17.4
1718,2019-08-01T09:06:04Z,a6d0dd9de406b1201a4e438ec7c5f4a467f38c41e2dec42ff6c71d50,60.16897,24.95222,00000000aa852af1,14.89
1719,2019-08-01T09:06:04Z,a786eb3b8a25c58099a428799e99d0b86401f803ee38d3e5d20e59d3,60.15432,24.9211,0000000019fb59c4,38.87
1720,2019-08-01T09:06:04Z,a808962cb511e5ed2d23e6e33efe252b1be29dc1d2f7c6154817f04f,60.16448,24.97323,0000000053c6c2be,16.1
1721,2019-08-01T09:06:04Z,a8ca7fb815e707c04434a085c4f99e783d56372143afc92225eae622,60.15133,24.92329,00000000e8a064a4,14.89
1722,2019-08-01T09:06:04Z,a955553f8d3b05fb11d9249f1c5418ca2db8c29d4013eb84349a5aa4,60.16762,24.95415,000000006b44cce7,18.79
1723,2019-08-01T09:06:04Z,aa05a7036c3586a79d23f426b78bf158357208bc82d7ddf9a1326dd2,60.16531,24.9442,00000000fdda10fe,11.7
1724,2019-08-01T09:06:04Z,aa5281244780ac8f283c3452639d477cd76e31fc6f0b95b99c51a9b0,60.16762,24.95415,000000006b44cce7,3.4
1725,2019-08-01T09:06:04Z,ab615ee5bbf567aee3505fbb360d09fc6b851f93fb15aef778b57128,60.16531,24.9442,00000000fdda10fe,12.69
1726,2019-08-01T09:06:04Z,abf0be93e7a8aec9fa8284fdbcc2493f32084aa95f15660b23e149c6,60.16629,24.95957,00000000fb7600be,12.69
1727,2019-08-01T09:06:04Z,aca524ceb3c7373172ecd0d06b26e7d610d441f4a47ab78ae0ad3340,60.15133,24.92329,00000000e8a064a4,18.79
1728,2019-08-01T09:06:04Z,acbbe4765d72f36b0323407c7dbe43db7b4ad5e2da0a6a9e5966db0b,60.16897,24.95222,00000000aa852af1,18.79
1729,2019-08-01T09:06:04Z,af67ffa8b538058603b74f48e04ab914e8f6cd450f53c47f8c3d683d,60.15432,24.9211,0000000019fb59c4,7.69
1730,2019-08-01T09:06:04Z,afaed9946dbc1509500c6f80f87eed8fe44a74ba3e14328c6efe3971,60.16829,24.94214,00000000afef4555,6.46
1731,2019-08-01T09:06:04Z,b09e9bb62cc49c085c1aee3b752af1bec69dabc939323e5733f73933,60.17065,24.93641,000000000f4919c9,18.79
1732,2019-08-01T09:06:04Z,b1b845b83b80f3949d2d3d737c6315299213f457d58313f5f6cc7d6b,60.17065,24.93641,000000000f4919c9,41.64
1733,2019-08-01T09:06:04Z,b2728a54ebd2991e59d91f96f73d376de0adccecfef1326c4f51b74a,60.16762,24.95415,000000006b44cce7,13.75
1734,2019-08-01T09:06:04Z,b28757d67868f9471f0d997a935e857fd0ff1095449820929597563b,60.16762,24.95415,000000006b44cce7,11.7
1735,2019-08-01T09:06:04Z,b32e57a6f5865a23d7a0e9fa346d5ec4e975f99c4df815fe8b1449b2,60.17919,24.95181,000000007b5207b6,9.92
1736,2019-08-01T09:06:04Z,b3d94dfd4a1393ebe6b450d53a8c1c172707ab9ae1ab42b50b5b31df,60.16829,24.94214,00000000afef4555,12.69
1737,2019-08-01T09:06:04Z,b474e34db18d21635ec9ea2654513e6759c326f3aaec96c25f9a204e,60.16897,24.95222,00000000aa852af1,21.87
1738,2019-08-01T09:06:04Z,b50a45ac0708e7b5cca42f3458430eb22ff70a81c575bafe99ffda23,60.17002,24.94407,000000006b087f40,4.5
1739,2019-08-01T09:06:04Z,b5603e758440226e490d1d7d7271a7b0d5c261eccbad198f81110136,60.15432,24.9211,0000000019fb59c4,3.74
1740,2019-08-01T09:06:04Z,b69604356a52f2b1b9c5de09a350f42d87f5b969e3e824d8b6b2368f,60.16829,24.94214,00000000afef4555,14.89
1741,2019-08-01T09:06:04Z,b6b32d1744cab38523e13d061fa256f05d6e01d920275907327c3083,60.16829,24.94214,00000000afef4555,10.78
1742,2019-08-01T09:06:04Z,b6c43126ca83e916a68e57d0178060c24fc61305836b6c8f188f7285,60.17918,24.95141,00000000675d5200,6.46
1743,2019-08-01T09:06:04Z,b6f0f4101a1a258dcb1d82d77ca91000694d4fed15bd882a8e3bfe66,60.149,24.9843,00000000fffb8cf0,31.5
1744,2019-08-01T09:06:04Z,b8038854618ce49585b1b6da449b945625ada46d3a0e8942e9f8137f,60.16629,24.95957,00000000fb7600be,16.1
1745,2019-08-01T09:06:04Z,ba2262b5310a223ccb57bf8b1f6c5d904d7aa31939f3ffa28060dbc7,60.16829,24.94214,00000000afef4555,14.89
1746,2019-08-01T09:06:04Z,bb2187a4e20012ad694c768ef2c47c9a9055671024ebf4855d4e6243,60.16531,24.9442,00000000fdda10fe,1.54
1747,2019-08-01T09:06:04Z,bc20b3b236588d3632c07aba05bd43ff4ec70f10290f2feb5175b8ab,60.16762,24.95415,000000006b44cce7,9.92
1748,2019-08-01T09:06:04Z,bc6d5082ca52e6dae7a1689a835434f3f6341e90afea565480eb9674,60.16829,24.94214,00000000afef4555,17.4
1749,2019-08-01T09:06:04Z,bc82f76c979de19b559e9e3aa0cd6cbf5ac361e2d7b1ac9f81fe2f4f,60.17918,24.95141,00000000675d5200,10.78
1750,2019-08-01T09:06:04Z,bd23c66c4df0bd849266a4429a24f23f2c9503cf31eb0cd9780248e6,60.18203,24.91341,00000000342570c2,18.79
1751,2019-08-01T09:06:04Z,bee144e090a471427ec7878609f2446cb79f4c8d7e3c3bf0f67cf8d2,60.16762,24.95415,000000006b44cce7,12.69
1752,2019-08-01T09:06:04Z,c004fa64cb7de7e87d3b91639ae5f95304fb1a90b0a0e927cea958af,60.16762,24.95415,000000006b44cce7,13.75
1753,2019-08-01T09:06:04Z,c15da9ed244b57a27a083919c67d0edde078a31b18cb58f13581f173,60.1538,24.95595,0000000038bf9618,25.36
1754,2019-08-01T09:06:04Z,c1674c59c49d5bf74e6808239a91d18a04e47697d298bc61a7618af2,60.16448,24.97323,0000000053c6c2be,14.89
1755,2019-08-01T09:06:04Z,c1bf1bf699e9bc78ca15c9490d1ef02e3323f0c2c76bf0fca7955a69,60.14947,24.91438,000000004ef3150d,33.81
1756,2019-08-01T09:06:04Z,c375f2dac85f963c33b2daf76ffb0c32d2c8fd08172419336e308686,60.14947,24.91438,000000004ef3150d,23.56
1757,2019-08-01T09:06:04Z,c434f18b802a764aad7a2dfb46e93546acb1b0975cf9b93fd47363f6,60.15432,24.9211,0000000019fb59c4,9.12
1758,2019-08-01T09:06:04Z,c46895857ca53c3362932d446a58c13b60d297f99ca237d4546589e8,60.16897,24.95222,00000000aa852af1,8.38
1759,2019-08-01T09:06:04Z,c51beff15d228f2dab9416cadfcc60fe269ce3d9202a9cf2ec7e7647,60.16829,24.94214,00000000afef4555,9.92
1760,2019-08-01T09:06:04Z,c65c11ee6e8b5894ead3ea9b007a39127edb65a67be253aca6f78ed0,60.16448,24.97323,0000000053c6c2be,20.28
1761,2019-08-01T09:06:04Z,c872af9997af535c4615ee0b4194c7c8d644b7962afb3ca321eb386f,60.15133,24.92329,00000000e8a064a4,27.28
1762,2019-08-01T09:06:04Z,c8aef405537103b9d31a7e2dda43949f5844b9a36494f8defaf0d803,60.17002,24.94407,000000006b087f40,23.56
1763,2019-08-01T09:06:04Z,c8f27660c2e8302459f9f42a38f8c1a1d42cb2de7ac7fb8995a36ed4,60.17919,24.95181,000000007b5207b6,21.87
1764,2019-08-01T09:06:04Z,cce3077cdfeedd0674391bec08ce94732557106542574c58a7f378bf,60.16829,24.94214,00000000afef4555,4.11
1765,2019-08-01T09:06:04Z,ce7de55c7709396c70ce5930097e84449a4889700e605a0b062aaeae,60.16531,24.9442,00000000fdda10fe,13.75
1766,2019-08-01T09:06:04Z,cf9455daa4877b79636eca3ae57056b08dfc0b42f107cedb6f5a3f16,60.16829,24.94214,00000000afef4555,21.87
1767,2019-08-01T09:06:04Z,d062562fed5ad0a61560e267310beb0b717d2a1e2a11d1d575507861,60.16897,24.95222,00000000aa852af1,20.28
1768,2019-08-01T09:06:04Z,d0ae4fabf429edbfdad59f8183cc6e5929f68633315448c9b83d4c16,60.16762,24.95415,000000006b44cce7,6.46
1769,2019-08-01T09:06:04Z,d16e16def718519430296afa23976c226aaf720722bce3d92a2aad43,60.14947,24.91438,000000004ef3150d,21.87
1770,2019-08-01T09:06:04Z,d31d6921eee92503b486a1b30f5330581c4744a82e6549f375544846,60.17918,24.95141,00000000675d5200,21.87
1771,2019-08-01T09:06:04Z,d3f966516acf006031daf47f0af91fa5d59aa383ac5728b0bf05534d,60.16829,24.94214,00000000afef4555,17.4
1772,2019-08-01T09:06:04Z,d562afdedae521be241c98441e436608a323fdb944dedc24c835e762,60.17065,24.93641,000000000f4919c9,10.78
1773,2019-08-01T09:06:04Z,d653ef8368d33df4fc7edeb5a381d5826be1471f1470aa9744d47901,60.173,24.92524,0000000096918cfa,4.11
1774,2019-08-01T09:06:04Z,d65b8625c1f24304ff0e3c4a4dce7aa5d434d36be87be41834a49420,60.16531,24.9442,00000000fdda10fe,7.05
1775,2019-08-01T09:06:04Z,d6e217c6592e449e2390b1a874e08cbc9126116901dbdbf84501c6b8,60.17065,24.93641,000000000f4919c9,7.69
1776,2019-08-01T09:06:04Z,d74ea3c9e0aaa523c791aa01f4f9a7c1c43f01f585dc4146b19edf83,60.17918,24.95141,00000000675d5200,10.78
1777,2019-08-01T09:06:04Z,d7734ef0345fcffc0f4bd7579275af62987490aba012209832e92059,60.16629,24.95957,00000000fb7600be,16.1
1778,2019-08-01T09:06:04Z,d87c4d5dc2cd620de54fdd076d4f9b35245053d65b644d9e01f558b5,60.16762,24.95415,000000006b44cce7,4.94
1779,2019-08-01T09:06:04Z,d8e192aeb0216a9b0596cedcf42e1b5140d6cfbbc830edc10f50c3d1,60.16762,24.95415,000000006b44cce7,18.79
1780,2019-08-01T09:06:04Z,d95956cedfc4dfe06014194cc1071864bd835fcc014c1fd6f4d33337,60.16762,24.95415,000000006b44cce7,7.69
1781,2019-08-01T09:06:04Z,d983db67d9cd171123ba12eeb19c11f34a3ad1d75fc9214ac3ae8a26,60.17002,24.94407,000000006b087f40,21.87
1782,2019-08-01T09:06:04Z,d9f8ff1809ebe23c7e68bb1cbb1aa6fdfaf22375abf2962da2d7cfab,60.16531,24.9442,00000000fdda10fe,23.56
1783,2019-08-01T09:06:04Z,db09e59d30e841073faa26d5c3a781d50a29e13bff061b33681d6ba7,60.17918,24.95141,00000000675d5200,6.46
1784,2019-08-01T09:06:04Z,dc00d45c0dd506326fb4dd3692d409df80cb3d871341ffff720dc834,60.16762,24.95415,000000006b44cce7,9.92
1785,2019-08-01T09:06:04Z,ddae2128c72cf011df2a698a8254b8738fd07a971349ea8a5e8bfa9f,60.16829,24.94214,00000000afef4555,16.1
1786,2019-08-01T09:06:04Z,deb8a213e1b4930e676ee8fdb394161ec46adb785171fa37437b4d44,60.15133,24.92329,00000000e8a064a4,9.92
1787,2019-08-01T09:06:04Z,ded712413bfc7de58a469fab75498089b2c3c6b5e0c9cae260102284,60.16829,24.94214,00000000afef4555,21.87
1788,2019-08-01T09:06:04Z,e0fe7fe5854899c0eb42b75b300339808143419404558ed4d00b0f17,60.17919,24.95181,000000007b5207b6,25.36
1789,2019-08-01T09:06:04Z,e294dde431d68c7b73efcf1f9b916e40bf408111c79228032c7830a4,60.16544,24.95398,0000000038d83d41,31.5
1790,2019-08-01T09:06:04Z,e2bb0ae74deee6cbc4f50c5f85da3f1779ca1db1ae7ff48ab4b33dbc,60.17918,24.95141,00000000675d5200,9.92
1791,2019-08-01T09:06:04Z,e2f445c6711e0e7d48a6a045bec347587f9f398e8928a171cfa2ca38,60.16762,24.95415,000000006b44cce7,8.38
1792,2019-08-01T09:06:04Z,e3f844c56875bd572c3b57a835b884f1060b467d3bbd25c50dcc7e28,60.16762,24.95415,000000006b44cce7,12.69
1793,2019-08-01T09:06:04Z,e508e239ba2ca68b34ad5074f3d7b013e72f6f7df36eb6cdf545be78,60.16762,24.95415,000000006b44cce7,13.75
1794,2019-08-01T09:06:04Z,e528235be3e5cc4945024d50d1ed43061e2e2f2845f2b41e081e1721,60.17919,24.95181,000000007b5207b6,5.41
1795,2019-08-01T09:06:04Z,e5cad8bb9a6c8dcc067948d7f869033aca5bdd062da175c8734092e6,60.17918,24.95141,00000000675d5200,9.92
1796,2019-08-01T09:06:04Z,e6b4461f3fc3ee8613bfea0937b5fd730d6686a68a65ed6fecc1dd9f,60.16629,24.95957,00000000fb7600be,14.89
1797,2019-08-01T09:06:04Z,e729325b3fe611c9dc2290efdcb3efa71b6d425282d0e683f1435dbf,60.17918,24.95141,00000000675d5200,6.46
1798,2019-08-01T09:06:04Z,e8add7e8346b99cd4b67924113f3763441a1899897c6d1ac3a1a40a6,60.17918,24.95141,00000000675d5200,5.91
1799,2019-08-01T09:06:04Z,e8fe5d3b6aa0651dff5b4a9c6dcff3135e3bdcbb1cddc9b871e9d991,60.14947,24.91438,000000004ef3150d,27.28
1800,2019-08-01T09:06:04Z,ea94130fbb3464dc656765cfddbad802ddfafb1af8007cb5f42cd41f,60.16829,24.94214,00000000afef4555,4.94
1801,2019-08-01T09:06:04Z,eaf572301dc5c1eaff007bc1886cce8f0f5e92a233b8686ed2a1a9cc,60.17065,24.93641,000000000f4919c9,17.4
1802,2019-08-01T09:06:04Z,ec2dd83e04d225caca9f6b9d28bd3080ed37c5bf42e5f65123fa2394,60.17065,24.93641,000000000f4919c9,10.78
1803,2019-08-01T09:06:04Z,ec7121833f0e4b509d683b00a9c5e992e4b84882cb857145102e14f4,60.16531,24.9442,00000000fdda10fe,1.88
1804,2019-08-01T09:06:04Z,ec8c0160ac1ee5aeaf6204956c9db2ee4f98f55ae3fe1ec0af07fab8,60.16762,24.95415,000000006b44cce7,4.11
1805,2019-08-01T09:06:04Z,ed86f884272a5a400b55bfd4f22bc8cc5d6fca7fe26eee3c39cb3c52,60.15432,24.9211,0000000019fb59c4,8.38
1806,2019-08-01T09:06:04Z,ee424f3045accaa01434f840d87b26b22f65fb6b2f8d34a4b94d6fcc,60.16762,24.95415,000000006b44cce7,14.89
1807,2019-08-01T09:06:04Z,eef621895ee74145a6d76c5f5493a93d7c728c80abe45a2e1933ae9f,60.16897,24.95222,00000000aa852af1,23.56
1808,2019-08-01T09:06:04Z,ef67b9e4617f284b84167b4bdaff71108579a33ced0a2450ff25a1a1,60.16629,24.95957,00000000fb7600be,11.7
1809,2019-08-01T09:06:04Z,f03d20d6bb80ce0745cb0fbed6619e0a6288bfffd08e9aabce1692ba,60.17065,24.93641,000000000f4919c9,16.1
1810,2019-08-01T09:06:04Z,f1447725764ec0dca245fc67f2aa0a0c42e6b05808076aa74f0c1e7e,60.17918,24.95141,00000000675d5200,12.69
1811,2019-08-01T09:06:04Z,f18c0c32d067aecf5602d70693ac888cab1be6dbb0d154be5153dfcc,60.16829,24.94214,00000000afef4555,17.4
1812,2019-08-01T09:06:04Z,f1b28329fc91f4708ca34857c5582c0bf1b7d0ab06127746029cd72c,60.17918,24.95141,00000000675d5200,12.69
1813,2019-08-01T09:06:04Z,f20935810c1567a80c288016c4d4dd32fe86b3479f47ae7dd64d15cc,60.15432,24.9211,0000000019fb59c4,3.74
1814,2019-08-01T09:06:04Z,f2a253f2741501e675bd4bc055e22329fb09089d8bbe9813fc170cdb,60.16762,24.95415,000000006b44cce7,16.1
1815,2019-08-01T09:06:04Z,f45806c30db425e518d8d483a072900958e0411d9a33cca7c3cf99bb,60.16762,24.95415,000000006b44cce7,20.28
1816,2019-08-01T09:06:04Z,f4bbc3077da0455d4340da2eed204915327b75a792080724548b4956,60.17918,24.95141,00000000675d5200,1.01
1817,2019-08-01T09:06:04Z,f503a41d3e8b9b57628f4f061c1d8e0c53c62dd8a6fe38d212958ee6,60.16075,24.95883,00000000f1124bca,21.87
1818,2019-08-01T09:06:04Z,f50fd3b1715a94dff67461f4b8f252ecaa6acc16459b3d021f34f15e,60.1538,24.95595,0000000038bf9618,31.5
1819,2019-08-01T09:06:04Z,f587de6c8c03387c5e6a66cd7d20c45abad3668c8e2246611122547b,60.14947,24.91438,000000004ef3150d,11.7
1820,2019-08-01T09:06:04Z,f60a6068c654587fa981390a039456a2fdd85e02c009df547e204a45,60.16829,24.94214,00000000afef4555,20.28
1821,2019-08-01T09:06:04Z,f741519cf6f519194bb45b9da0e69bda8edb903e3c24d4140f340467,60.16762,24.95415,000000006b44cce7,8.38
1822,2019-08-01T09:06:04Z,f9e527876f8dfe750fd29bc42664bbf572aed5d09d344a8934a83d90,60.17065,24.93641,000000000f4919c9,4.11
1823,2019-08-01T09:06:04Z,fa1a3814c680b20020a08346c37ee2853e895984574575312bf262e7,60.14947,24.91438,000000004ef3150d,17.4
1824,2019-08-01T09:06:04Z,fa9f19c58a086fde9429d732b1eec80eacf5fc1b2c0124d17243d008,60.17918,24.95141,00000000675d5200,4.11
1825,2019-08-01T09:06:04Z,fba6e66dd09200012637e0b454c96fd7a5459b7e8b0ba01863cdbd77,60.16762,24.95415,000000006b44cce7,3.74
1826,2019-08-01T09:06:04Z,fc75e05a713e8733c512a31a3bebec0a122af3e7afb2c5059c3f1a3a,60.17002,24.94407,000000006b087f40,16.1
1827,2019-08-01T09:06:04Z,fdb3239bb0017def73005dc66a8d674c713493499c8feff7a6c01018,60.16762,24.95415,000000006b44cce7,12.69
1828,2019-08-01T09:06:04Z,fea1453360073dfc1896bf1f005f51addb49661f953e16cffba3c63d,60.16531,24.9442,00000000fdda10fe,9.12
1829,2019-08-01T09:06:05Z,14c7e1511b70f4dd3359cbece1377aebb4d70531f5489eefe53d7c3c,60.16544,24.95398,0000000038d83d41,23.56
1830,2019-08-01T09:06:05Z,15918569de0a46a8eb56b43d8d39f7fc82619ff1006f00822c85745c,60.17919,24.95181,000000007b5207b6,10.78
1831,2019-08-01T09:06:05Z,171d0bf49a26400390df42bc1c9af98d9279bf8ccee92f39288845e1,60.16762,24.95415,000000006b44cce7,3.4
1832,2019-08-01T09:06:05Z,1951291ca064d0fb480d958037c1477427d2ca8db455fef0b741bf9f,60.16448,24.97323,0000000053c6c2be,23.56
1833,2019-08-01T09:06:05Z,1f0f0628cdc688d76bde2b82bee5b9b4916bf0bbdfe76cf3213e1c65,60.15432,24.9211,0000000019fb59c4,13.75
1834,2019-08-01T09:06:05Z,29f37c7486060f7f74f542c60cf9b1accfa544b255a22aee53b99cec,60.16897,24.95222,00000000aa852af1,12.69
1835,2019-08-01T09:06:05Z,2f33dacc8bf2b0b809b88130b46696c922929e1eb8ea92017f05509a,60.16448,24.97323,0000000053c6c2be,23.56
1836,2019-08-01T09:06:05Z,4bbbd31369584c03769c2d0dc01e34a75cc22ae1352f831f62696d2b,60.16762,24.95415,000000006b44cce7,18.79
1837,2019-08-01T09:06:05Z,5d65719c4cbf045f068d084b72302f447d5fd034413d97d13be00d0e,60.18203,24.91341,00000000342570c2,20.28
1838,2019-08-01T09:06:05Z,6a657079c1bdc8114c289be1ddd83e5846d4279a920d1697b8ff0033,60.18203,24.91341,00000000342570c2,20.28
1839,2019-08-01T09:06:05Z,6d22b751ff5173035dc85c52c3dff0780126adae67fe33dc62dd45ef,60.16531,24.9442,00000000fdda10fe,18.79
1840,2019-08-01T09:06:05Z,6f06341f358e61699fe1e55e986dd0554bc8da28b91daf0c5ad99db6,60.16629,24.95957,00000000fb7600be,27.28
1841,2019-08-01T09:06:05Z,6ff437688c444238352c28f64f9d2a7d0f14d19c9ea42c225380501e,60.16762,24.95415,000000006b44cce7,12.69
1842,2019-08-01T09:06:05Z,76c7f42283513d0e289bf786d89463b5025b2ae0f4e13519a4cf228b,60.15432,24.9211,0000000019fb59c4,20.28
1843,2019-08-01T09:06:05Z,78d5f60b36b59c06c3988b94e11744bb3aed5dcbc214f91f228bf892,60.16448,24.97323,0000000053c6c2be,38.87
1844,2019-08-01T09:06:05Z,84fdfd8881f633c5f0c71c1480053953ca4b05e848052d97c063ad38,60.1538,24.95595,0000000038bf9618,38.87
1845,2019-08-01T09:06:05Z,87dfaad29a9276ddddb1fa021d3bc23ad14824c1af16f7d87e713689,60.14951,24.92138,0000000006dd41f6,9.92
1846,2019-08-01T09:06:05Z,89982a6acf91b79a282a6b63978e946ee205f303fcd20e944e06baf0,60.16544,24.95398,0000000038d83d41,36.27
1847,2019-08-01T09:06:05Z,8cc6ddaa460aeae8cc9e8a33f91a01c8cd4c0c8bf8a943210a28c84d,60.1538,24.95595,0000000038bf9618,12.69
1848,2019-08-01T09:06:05Z,9500bab795f51bdd64c3f0f2cd00ad5aa6d9b93195c29484e6e5f92a,60.16762,24.95415,000000006b44cce7,20.28
1849,2019-08-01T09:06:05Z,9843c6216661048343a0e49cf3d8aa2883cf77f452666a1c873a1052,60.16448,24.97323,0000000053c6c2be,17.4
1850,2019-08-01T09:06:05Z,9d03d14afa49576281aa26db60e517f7c1ec8aa36f7756959a860a8a,60.16629,24.95957,00000000fb7600be,11.7
1851,2019-08-01T09:06:05Z,a794b5cd3dff23bb2fe621fa0fa64a9ad4be2ab820bff2b483489903,60.16897,24.95222,00000000aa852af1,27.28
1852,2019-08-01T09:06:05Z,a91d379a4b57c5df22db0d7a041ff69f657b4b31f28554b1011fc03c,60.16544,24.95398,0000000038d83d41,27.28
1853,2019-08-01T09:06:05Z,a9da1ee82e3b670e276c26b483dd50f4a6d0c6f77ef82245d3ae6086,60.18203,24.91341,00000000342570c2,20.28
1854,2019-08-01T09:06:05Z,ab0f67c0c0e1ba5eac9013f9c314feadf340ddf08543b91e70483594,60.16544,24.95398,0000000038d83d41,20.28
1855,2019-08-01T09:06:05Z,b1f358076ba79ef902a36ca8ae3f8ec7c93308a67c479345bfdbdecf,60.1538,24.95595,0000000038bf9618,29.32
1856,2019-08-01T09:06:05Z,b4faf2d3c4d2b199afeab6ab63b583fe3a2e81e14abbef6917f25129,60.15432,24.9211,0000000019fb59c4,16.1
1857,2019-08-01T09:06:05Z,b5026d7cf52e7ab96df2ba76a516d819fb11765e520b765d373d186b,60.16448,24.97323,0000000053c6c2be,18.79
1858,2019-08-01T09:06:05Z,b5fd6b317890e5ab2d79e2cd1abe61626d45a753c7337d0d40728898,60.16762,24.95415,000000006b44cce7,9.12
1859,2019-08-01T09:06:05Z,b986140b3339363c8bd5cc5eed0819ca5a421cb6e5b17c42ccf729f4,60.16829,24.94214,00000000afef4555,7.69
1860,2019-08-01T09:06:05Z,cf05623e4d87ce0906c0b0b7dbf53aacc1228016cd27c341228b6e76,60.18203,24.91341,00000000342570c2,17.4
1861,2019-08-01T09:06:05Z,dd2c9c82cf3737146294aff6f814a1349fb0bc4bedf518715dacbe8f,60.18203,24.91341,00000000342570c2,9.92
1862,2019-08-01T09:06:05Z,ec72ef080c605e71978aed0d3b5f22c3c3133677a43c614b72eedc6d,60.14699,24.922,00000000a53ed894,21.87
1863,2019-08-01T09:06:05Z,ed70dda6b7faebd4340dacdb452ab224d9d3c308df417b7fa76f54e8,60.14951,24.92138,0000000006dd41f6,23.56
1864,2019-08-01T09:06:05Z,f088630d7476dae7d4b7e2bb1f10575f2c89acb4b6e061f3d57c2b40,60.16531,24.9442,00000000fdda10fe,27.28
1865,2019-08-01T09:06:05Z,f22981c21af00fc334b3d8bdd523e23a50384666e97815f0ec1dc0ac,60.16897,24.95222,00000000aa852af1,14.89
1866,2019-08-01T09:06:05Z,f7e45613ad966fea53fab73b435ba3a087c774e36596b3a5156a3487,60.16829,24.94214,00000000afef4555,3.09
1867,2019-08-01T09:06:05Z,f83d4b6b8ffbf8a674d212e32100b2360b80261b4e9207d77c0b0ed3,60.17919,24.95181,000000007b5207b6,11.7
1868,2019-08-01T09:06:05Z,fc4f3a44235f1cfc7b53f14ba2da599976a5a0a220d23b852688e485,60.17918,24.95141,00000000675d5200,17.4
1869,2019-08-01T09:06:05Z,00787dad708490660b0b836fa415681cc57046fa521c0c0aaea14a9e,60.16762,24.95415,000000006b44cce7,7.05
1870,2019-08-01T09:06:05Z,00cf880933075f70a32ca748c0299b5dee3089d042185bd2787eed56,60.16762,24.95415,000000006b44cce7,13.75
1871,2019-08-01T09:06:05Z,00d98e49fc01c16216b630f9fdf19ce9826d27552ce2fa4676de957b,60.16829,24.94214,00000000afef4555,16.1
1872,2019-08-01T09:06:05Z,02050a536056486b1bf139282f0d0a3af63def1d56ff0c73ac51bb19,60.14947,24.91438,000000004ef3150d,14.89
1873,2019-08-01T09:06:05Z,023083c44c772667f1727e01c74518889b2a82d78ceb28c08b6f8a20,60.16531,24.9442,00000000fdda10fe,8.38
1874,2019-08-01T09:06:05Z,031cc7ace40b0f25c93928f5a9f985a46a0a3f62b0a13b2b05b46171,60.18203,24.91341,00000000342570c2,27.28
1875,2019-08-01T09:06:05Z,0483eb7342f4e704caa76b9bc3d6a7bd836282960dafc2c756247134,60.16762,24.95415,000000006b44cce7,11.7
1876,2019-08-01T09:06:05Z,04c26e81b9a9c7fbc6060d74236c616220c3cd580100a0c58a62ea1a,60.16897,24.95222,00000000aa852af1,23.56
1877,2019-08-01T09:06:05Z,063935180fff0e58de5d319ecb9320cf794423e3c6aeac0cca8f1a9f,60.16897,24.95222,00000000aa852af1,12.69
1878,2019-08-01T09:06:05Z,0670a01b5d0e505e7ec50165f157d60f57a5bb3b6c65922412509ab2,60.16829,24.94214,00000000afef4555,12.69
1879,2019-08-01T09:06:05Z,084a28a3b7b25fc337905f6c6115a66adb0bea6908a071ada1e2e1b5,60.14951,24.92138,0000000006dd41f6,31.5
1880,2019-08-01T09:06:05Z,08f9fd60f852d3502bfa509c955e9963e73954f961d55ba8cd46cae9,60.16629,24.95957,00000000fb7600be,14.89
1881,2019-08-01T09:06:05Z,09cfe3ccea2138f9a7a14b633026c75879d915955e4d18d8913efebf,60.14951,24.92138,0000000006dd41f6,23.56
1882,2019-08-01T09:06:05Z,0b3b301285fae363875718a7338dde0194def91b17f92d4553261ed2,60.16762,24.95415,000000006b44cce7,13.75
1883,2019-08-01T09:06:05Z,0be2a3b6b9e65388a4a4610e68e8a155d49d54abdac339e46f273184,60.17002,24.94407,000000006b087f40,33.81
1884,2019-08-01T09:06:05Z,0c1684b697a63d7f47ebaedcfa060b3b4af294fec1e62d613699291a,60.16897,24.95222,00000000aa852af1,7.05
1885,2019-08-01T09:06:05Z,0c2d3bdaf0e8a9d6efcf95298acb85805b31c1c6618f00dd4489dddb,60.16762,24.95415,000000006b44cce7,11.7
1886,2019-08-01T09:06:05Z,0ce136cd78d17c06d7c5673fecf75f44da717c2befaaea18c6bdf0b1,60.1538,24.95595,0000000038bf9618,18.79
1887,2019-08-01T09:06:05Z,0f8637c1e98f21a79714a4d84d3453ac1b96b2bf4ef2361119067e39,60.16629,24.95957,00000000fb7600be,31.5
1888,2019-08-01T09:06:05Z,0ff494fbdd49a307cefdfdc536de069f9e8a04a1a61e279217af85e1,60.16897,24.95222,00000000aa852af1,17.4
1889,2019-08-01T09:06:05Z,1069967e3921871955b1b2b42e60f829c593a3e024401bfe61ae410e,60.16629,24.95957,00000000fb7600be,16.1
1890,2019-08-01T09:06:05Z,1074ffc7b33a1a8b54ea8f31d0f43ba07ed2ad7841b548f9bd4b9bad,60.17065,24.93641,000000000f4919c9,25.36
1891,2019-08-01T09:06:05Z,10d0fed0f7d40b253b5fc5a53297dc9af8bb76fa6f34d5e71383cb62,60.17918,24.95141,00000000675d5200,17.4
1892,2019-08-01T09:06:05Z,1190156a73bf59a847cf2ffe8e6c4216b8658b3898324d94a582c787,60.16762,24.95415,000000006b44cce7,17.4
1893,2019-08-01T09:06:05Z,12b9b313e577dbbb9619247e0a5ded14c2b56bede5b421cac44f9597,60.16448,24.97323,0000000053c6c2be,25.36
1894,2019-08-01T09:06:05Z,139a5aa448338146cf9202768e1eeb804d164d71d9bc8c7fa8f5d06f,60.16531,24.9442,00000000fdda10fe,17.4
1895,2019-08-01T09:06:05Z,13a759fd293cbde0d55db753d853768b718e59036c4007d2e3a8757a,60.16762,24.95415,000000006b44cce7,11.7
1896,2019-08-01T09:06:05Z,13cbade1d832c78b1a0a68fd9a6559054370eeae58247347955ee632,60.16897,24.95222,00000000aa852af1,9.12
1897,2019-08-01T09:06:05Z,15a3cdd20e3ce88c179a07d78a2d5fdda854b0fef8441d8cb3aebde8,60.17065,24.93641,000000000f4919c9,25.36
1898,2019-08-01T09:06:05Z,15b314157b22b2a5bf8a39539a049ce73e7baa21b0ce24f21718ce4a,60.17002,24.94407,000000006b087f40,18.79
1899,2019-08-01T09:06:05Z,16e18d478be872d2a9801fa885d08edeb3f5ae1840b38478f9baf535,60.17919,24.95181,000000007b5207b6,20.28
1900,2019-08-01T09:06:05Z,186333eb40fcc6f473b8fecb5ff31f07f082740eaef22f8594088862,60.16629,24.95957,00000000fb7600be,18.79
1901,2019-08-01T09:06:05Z,1880dcca5077d4ccd63084e82a411f0cb7abb12f9883625b046f2e24,60.16829,24.94214,00000000afef4555,11.7
1902,2019-08-01T09:06:05Z,190cdde22bc3e3a41cd0f9da7efb3a917bc09e8034b05ca6064ea8a8,60.17918,24.95141,00000000675d5200,13.75
1903,2019-08-01T09:06:05Z,1ad9bdffafbbf8933ab6b3b695988ad31df32a874eddbf84de369e78,60.16448,24.97323,0000000053c6c2be,25.36
1904,2019-08-01T09:06:05Z,1be12a4f71b98dc9509141bc1a766b833b6c15dc22303f7006afbe96,60.17065,24.93641,000000000f4919c9,21.87
1905,2019-08-01T09:06:05Z,1d70ff49909e1d6fb653ae053aa78084daf385dbbd2ad22b05707309,60.16829,24.94214,00000000afef4555,6.46
1906,2019-08-01T09:06:05Z,1da40c618e0432bb037d08723b65821f6223509e8b4033a4b4190047,60.17065,24.93641,000000000f4919c9,31.5
1907,2019-08-01T09:06:05Z,1dbecade1f3540eb44c3d86cb1ffc73d5bf422ea0cf76927c2d5cd74,60.16829,24.94214,00000000afef4555,21.87
1908,2019-08-01T09:06:05Z,1dcff36b6f83b08b6ea87c1c1018c542c270299839908ca446dffb39,60.16762,24.95415,000000006b44cce7,16.1
1909,2019-08-01T09:06:05Z,1e3af5697f0a2ae45f261da79e4ba71c868dc4d78008bd1995fe6259,60.16448,24.97323,0000000053c6c2be,20.28
1910,2019-08-01T09:06:05Z,1e6029f749dce72746f03dcc61a1986b14438610b7ff6a19c8165e6f,60.16829,24.94214,00000000afef4555,25.36
1911,2019-08-01T09:06:05Z,1eadb2c1984aa73c3c2f13eab0a2e793331443c617681e36887f0bcc,60.16629,24.95957,00000000fb7600be,21.87
1912,2019-08-01T09:06:05Z,1ecbc7c6afe89033252e5510cbb893666af2b3bc29f555a3a6287fdb,60.14951,24.92138,0000000006dd41f6,3.74
1913,2019-08-01T09:06:05Z,1f813dc10021899138c12ca17c58ab3dc24db1750dcb1790f9c20e8f,60.15133,24.92329,00000000e8a064a4,12.69
1914,2019-08-01T09:06:05Z,20b37aa6c3ad0dfea9c182498905a450537b0efbbd8563b205e93afd,60.16897,24.95222,00000000aa852af1,29.32
1915,2019-08-01T09:06:05Z,227fd98ceb97d84d0c2c3af35c32cee7a87aea62d71b1a5353ae3588,60.17065,24.93641,000000000f4919c9,21.87
1916,2019-08-01T09:06:05Z,2283762fe3af8329ae65aec44de728da8f383810e9f2a3d3b84fa031,60.16897,24.95222,00000000aa852af1,21.87
1917,2019-08-01T09:06:05Z,22ac1ab1c590ea19b44c61c42f5e8da29a6acbabf56676527811507a,60.15432,24.9211,0000000019fb59c4,4.5
1918,2019-08-01T09:06:05Z,22b68b1dc6e6d815ca8e6afbd434ae0e229670798c443052e7444648,60.16762,24.95415,000000006b44cce7,17.4
1919,2019-08-01T09:06:05Z,23717ba5992ad58dbcfa1d06edbd96bab6410d0fccc46410b0c1667d,60.16829,24.94214,00000000afef4555,44.58
1920,2019-08-01T09:06:05Z,25479245e5a8b0fe47e2bd590cdd63256d84afd6c164781dc64e527d,60.149,24.9843,00000000fffb8cf0,4.94
1921,2019-08-01T09:06:05Z,2552cb43d7990bde838673115a742078e343ce93f96257728311655d,60.16897,24.95222,00000000aa852af1,21.87
1922,2019-08-01T09:06:05Z,25d340d14d855b8c18b2c6f2551ec98a1eb047d1fd3457ba881ddf28,60.17918,24.95141,00000000675d5200,16.1
1923,2019-08-01T09:06:05Z,270749ab8e1a83f0dcbf45dc861bcc0e10361d103d7589841787e366,60.16531,24.9442,00000000fdda10fe,17.4
1924,2019-08-01T09:06:05Z,277fcf3cc917a89b46a34e0cf5164a78f5bcc88d92bb45ded60f1a91,60.17065,24.93641,000000000f4919c9,6.46
1925,2019-08-01T09:06:05Z,279fb0bcbbad5140c3a5cb21f606be809b1e94f43f38c17ebade63a4,60.16544,24.95398,0000000038d83d41,29.32
1926,2019-08-01T09:06:05Z,2823bf6afde4a5cc05342c15e7417c9590ba52264be5793bb688faab,60.17065,24.93641,000000000f4919c9,20.28
1927,2019-08-01T09:06:05Z,28296ae2b460df2f6807f8a84b81e5ebd24677a05bded29111dc33a4,60.17002,24.94407,000000006b087f40,21.87
1928,2019-08-01T09:06:05Z,28ce50ca84cdcd4c17a36ac666e7ac0267b6ab5b77f4bfb08b2573a1,60.16762,24.95415,000000006b44cce7,5.91
1929,2019-08-01T09:06:05Z,28d50861d92f962c7a49eabaa524431aebf52870e44b79f77d7167c6,60.17918,24.95141,00000000675d5200,11.7
1930,2019-08-01T09:06:05Z,2bf8b355af7fc80970ed350e4579dfc9aa8ec85af6c13517cc2dab44,60.17002,24.94407,000000006b087f40,14.89
1931,2019-08-01T09:06:05Z,2c6810efb2565383ca0a554f3c51f3f7905484357f5e00756dbf091a,60.17918,24.95141,00000000675d5200,3.74
1932,2019-08-01T09:06:05Z,2dcc113a258bced083c9729d8e62d6001f909ce1c9dac69fa7bead83,60.17065,24.93641,000000000f4919c9,12.69
1933,2019-08-01T09:06:05Z,2f09364857883d78a23aab14ac85e389ce786d0938e13cee655a7dbc,60.16762,24.95415,000000006b44cce7,13.75
1934,2019-08-01T09:06:05Z,2f43b7a683b0d365a46b6259a032813c293472eaedcdbcc3507adee5,60.17919,24.95181,000000007b5207b6,8.38
1935,2019-08-01T09:06:05Z,2f79108a454c0072885ad1447280ed5098d061b229eaae61a8bb67be,60.15432,24.9211,0000000019fb59c4,23.56
1936,2019-08-01T09:06:05Z,2f82b3546af2df53b58cddc668c9aa196554108cdf39120ea40b417c,60.16629,24.95957,00000000fb7600be,13.75
1937,2019-08-01T09:06:05Z,31b02b3b271f6feef9e49d9285929ff1c25a11e608fc5d70bc6a1fac,60.16897,24.95222,00000000aa852af1,16.1
1938,2019-08-01T09:06:05Z,3227dbecd3a095676006e4ad615dc2aea1f506c310c940230a15ac94,60.17919,24.95181,000000007b5207b6,23.56
1939,2019-08-01T09:06:05Z,33fa4cb82db5b44ffe6e7ae1039635187f90d1df328f8f139da0c693,60.17919,24.95181,000000007b5207b6,4.94
1940,2019-08-01T09:06:05Z,34e96c7caa63e7ede8f428b18e8fb556ac235d61a50c9d6ac7ff268f,60.17919,24.95181,000000007b5207b6,5.41
1941,2019-08-01T09:06:05Z,359348d27f82b0270a68e954bff8bde5e1a2a32949c7088f12ce7dc8,60.15133,24.92329,00000000e8a064a4,23.56
1942,2019-08-01T09:06:05Z,3609f484ad7e56259f60a61aba44f22dfca5c8b2564fce7e802ad342,60.16829,24.94214,00000000afef4555,0.19
1943,2019-08-01T09:06:05Z,367b1989198ef11170dd9fcfa7e6ebb5ceb58aab87c613ee1bb86e8c,60.16531,24.9442,00000000fdda10fe,8.38
1944,2019-08-01T09:06:05Z,3685ee6d322dcb2ad0ae181f66c3c5427d4531d7896d2f5f7571bb6d,60.16762,24.95415,000000006b44cce7,7.05
1945,2019-08-01T09:06:05Z,36fe97cd2ec69118778c771a87593630f8a6a2cb77d9ce72f845cd3c,60.16762,24.95415,000000006b44cce7,6.46
1946,2019-08-01T09:06:05Z,370e50e1f77aeb2782c892f70147b6a5749ecd7e9ee41036f693ba0a,60.16762,24.95415,000000006b44cce7,14.89
1947,2019-08-01T09:06:05Z,38fb20c6d55b10dd10a39c0fb41ad61297453e25afda81cf32313ae3,60.16531,24.9442,00000000fdda10fe,18.79
1948,2019-08-01T09:06:05Z,39126ffb278f49e06180cc6abe5b31ab3acdce1534b5b6ffa0b6e567,60.18203,24.91341,00000000342570c2,21.87
1949,2019-08-01T09:06:05Z,39c6456ee66fe96eee3d97cee2a70923cedb3da760bb5d4d413adb9c,60.17919,24.95181,000000007b5207b6,11.7
1950,2019-08-01T09:06:05Z,39e9fa7033887b7ab339887aa68753ff94d4771cda2bb8ff4ea7aa0a,60.17918,24.95141,00000000675d5200,11.7
1951,2019-08-01T09:06:05Z,3a1afdcf7c2e5a52cdbcbbe29e8281c184037e8720920c6c75bee339,60.15133,24.92329,00000000e8a064a4,18.79
1952,2019-08-01T09:06:05Z,3a38ba36c098f2741d6c5fb5a751fcd074d05d698ac592ca09ab443c,60.16448,24.97323,0000000053c6c2be,18.79
1953,2019-08-01T09:06:05Z,3a97ae4dcab31eb5e15e5d036d286e9764e25bcf0ad8afcfba854c90,60.16762,24.95415,000000006b44cce7,11.7
1954,2019-08-01T09:06:05Z,3be40c84926a525adbd09eeeb3a12b73b24c633942b2e1fbe8151ac3,60.16448,24.97323,0000000053c6c2be,16.1
1955,2019-08-01T09:06:05Z,3cc82d532d2a768e0c987e2653e32825a8b11fc2f7ba36388535f6e2,60.16075,24.95883,00000000f1124bca,29.32
1956,2019-08-01T09:06:05Z,3e38f81e326b0b05865281c970ada8f17e15292f3591242542bfb73e,60.16531,24.9442,00000000fdda10fe,20.28
1957,2019-08-01T09:06:05Z,3eea43670f4f29a90ced59c1af122371340275fb61ff8f14c7120658,60.16762,24.95415,000000006b44cce7,6.46
1958,2019-08-01T09:06:05Z,40646914186edc6142b7fc3daf766121b55f5bb36ea38facff686ea5,60.16897,24.95222,00000000aa852af1,14.89
1959,2019-08-01T09:06:05Z,40825cb0d315c92e0e0a73cc8e86c3b763bbf7ce226f112913e05e0f,60.17065,24.93641,000000000f4919c9,27.28
1960,2019-08-01T09:06:05Z,411f63100f0afed103b4e31b3544b8cf0c4c830902efe7da020562c4,60.16629,24.95957,00000000fb7600be,25.36
1961,2019-08-01T09:06:05Z,41a0ca2955e0ae0324f6e14aeb77ebfaac5305e31d86c42a20277b94,60.15133,24.92329,00000000e8a064a4,17.4
1962,2019-08-01T09:06:05Z,4256b81faf420b0636e1bfcf21e8b61482045aed964aae9089c67296,60.16829,24.94214,00000000afef4555,12.69
1963,2019-08-01T09:06:05Z,42844e90c7134ebb3ec325f57cd27cd24711c779548ebc8692a820d5,60.14951,24.92138,0000000006dd41f6,3.74
1964,2019-08-01T09:06:05Z,432417b4972b744ded3410777a6bbb583cf56172bf3436ddbe48a21d,60.16762,24.95415,000000006b44cce7,4.94
1965,2019-08-01T09:06:05Z,4470412c4b059a920f2699fbfb72b261e0847b3e1caa8c71d2edd5a2,60.16448,24.97323,0000000053c6c2be,18.79
1966,2019-08-01T09:06:05Z,44a120ac90dacb4d43fe4d38ee859a1015bcd226ff3d946a1e44c4ca,60.16531,24.9442,00000000fdda10fe,25.36
1967,2019-08-01T09:06:05Z,44cd682aaef3e1d1bc2b0eac71d75bb3a951f74d7c93810d260dfd07,60.16829,24.94214,00000000afef4555,17.4
1968,2019-08-01T09:06:05Z,4642dfa1df839f11e64f68bca4e3dce7bde2ff6dd68c54959fcb4788,60.17918,24.95141,00000000675d5200,8.38
1969,2019-08-01T09:06:05Z,4682d95464cedcc021f38271a51bab9c000762b4acf802070e259ba2,60.16629,24.95957,00000000fb7600be,14.89
1970,2019-08-01T09:06:05Z,47bd1492244c444d45674eb48dd2e6f222cb109d820ba807c4e18c1a,60.16629,24.95957,00000000fb7600be,9.92
1971,2019-08-01T09:06:05Z,484bbaa5a9d6bdd2259f022b6ea4e3c290985c13a1286bd7142d878f,60.16762,24.95415,000000006b44cce7,14.89
1972,2019-08-01T09:06:05Z,48c0ea6615ac4c02fc9bc0e06f9ea9309f9bf7e73b4324d7a6b14610,60.16829,24.94214,00000000afef4555,9.92
1973,2019-08-01T09:06:05Z,49bbad87e4d6cd03bdb073bde7be91193d74d29943badce7fc536916,60.16448,24.97323,0000000053c6c2be,13.75
1974,2019-08-01T09:06:05Z,49df780a7f20a99ad2810fa4bbb46b5fac9bc5cbe3fc800cd572f63a,60.14947,24.91438,000000004ef3150d,12.69
1975,2019-08-01T09:06:05Z,4ade4f0d92c6157a42d7fd8e353d1c93551324ba47cc134b840a6c63,60.16897,24.95222,00000000aa852af1,11.7
1976,2019-08-01T09:06:05Z,4afcc27c652d3d50a44d060f84e33dd4b17529d982928dae936cf10f,60.16448,24.97323,0000000053c6c2be,23.56
1977,2019-08-01T09:06:05Z,4ba529eeafb27285cbbade6e5ece0d4d04bd2d13c98b27a5d17abd22,60.16897,24.95222,00000000aa852af1,3.09
1978,2019-08-01T09:06:05Z,4e262a07e1ea47350f808684444d1d8b3f223288fb219cca9f12af23,60.1538,24.95595,0000000038bf9618,31.5
1979,2019-08-01T09:06:05Z,4e2a3b0277341537d1d4cde8e18ee4562952168aa2f7aff200f33c02,60.16629,24.95957,00000000fb7600be,25.36
1980,2019-08-01T09:06:05Z,4f9125edf503fe3cb0ba1e1221fe6a67aafd99fcd89fd92d2bf20e97,60.16897,24.95222,00000000aa852af1,20.28
1981,2019-08-01T09:06:05Z,4fb4a3650a2a28469dde9c537458d24411aa6075666e047dd756fba9,60.17919,24.95181,000000007b5207b6,17.4
1982,2019-08-01T09:06:05Z,5001aabb6808b9fd96b705d1ebe8e7aca52713c2640100d81879dd86,60.17919,24.95181,000000007b5207b6,3.74
1983,2019-08-01T09:06:05Z,504f910a0bd104a130b85d0c50467a15e74dc950bcc9eac3ebecc43e,60.16531,24.9442,00000000fdda10fe,12.69
1984,2019-08-01T09:06:05Z,52d04561c07e0aab4f89e343cff0691d714ec5284ffb9a71954c93d8,60.16762,24.95415,000000006b44cce7,16.1
1985,2019-08-01T09:06:05Z,52f943aea39f0d3343f079544d9cab3d67d59f2b12aed8dfe74feab1,60.16829,24.94214,00000000afef4555,31.5
1986,2019-08-01T09:06:05Z,5372348389197e6c4bc4c5e3dab047e7384d562220e6295904bbda1b,60.17065,24.93641,000000000f4919c9,2.8
1987,2019-08-01T09:06:05Z,5385ddf78e929052bb12c39651fb3ff99e3642aa079d49f687b4c73c,60.16762,24.95415,000000006b44cce7,12.69
1988,2019-08-01T09:06:05Z,53fb53be4440aecb1a1fa63a9da1db08182cc7e252da14685e63373d,60.16762,24.95415,000000006b44cce7,4.94
1989,2019-08-01T09:06:05Z,54bd709173219e8017f317b63ecc83d0a48f64542e6fa1b83c86a56c,60.17919,24.95181,000000007b5207b6,4.11
1990,2019-08-01T09:06:05Z,556cae6b2e2dec6fe691a835e8e08bd016b1a65797c0aca46879329f,60.17918,24.95141,00000000675d5200,13.75
1991,2019-08-01T09:06:05Z,559429bba23762a872fc7b1e2219d42125ab101e4355d43fdb94ed7b,60.17918,24.95141,00000000675d5200,9.12
1992,2019-08-01T09:06:05Z,559e6a5225ce35ab844c63ea0d0c1695dc490a3d9cfbafa5d35ac8d8,60.14947,24.91438,000000004ef3150d,9.12
1993,2019-08-01T09:06:05Z,5830a481876da00686f25b17dad06258a39212c0816ed04dda2df1bd,60.16531,24.9442,00000000fdda10fe,20.28
1994,2019-08-01T09:06:05Z,584cb0b0cdd14e608c8b57c8aecc9826f9b40027e365e2438a444ea2,60.16762,24.95415,000000006b44cce7,9.92
1995,2019-08-01T09:06:05Z,5865a27b5b56a60bca38e4a1403655e3e7fd0232a3ff2079965aff81,60.15432,24.9211,0000000019fb59c4,3.74
1996,2019-08-01T09:06:05Z,5978726eeef638856dafd3a8d199287f8daf9e90ddde750b402f8bb0,60.17065,24.93641,000000000f4919c9,1.25
1997,2019-08-01T09:06:05Z,5a07851c2c522c6beba70c513f1b1bea2b30d5d860629837ddd845f8,60.16829,24.94214,00000000afef4555,27.28
1998,2019-08-01T09:06:05Z,5a3004325b5a058e02fb9f32ef4f7e9cc465240cbda7a7e4ec89d2de,60.16629,24.95957,00000000fb7600be,13.75
1999,2019-08-01T09:06:05Z,5a34b02faac3189217466888ef1d31cc80f721ac2f18638c5db88d53,60.14947,24.91438,000000004ef3150d,14.89
2000,2019-08-01T09:06:05Z,5a9efbe8f65e35595e70adafcd4cf88fa573bb76f3759331cd95cab0,60.16829,24.94214,00000000afef4555,17.4
2001,2019-08-01T09:06:05Z,5b06617477af6dcee75a94ac347364b50f6f3b5b7d747e5413d9ad58,60.14947,24.91438,000000004ef3150d,8.38
2002,2019-08-01T09:06:05Z,5c1f71098d5d7258d2971061c791c94e0138c8e02225c5f60d6a0428,60.149,24.9843,00000000fffb8cf0,17.4
2003,2019-08-01T09:06:05Z,5daa76852f3e1be6c75fa2185d5787ab9010cf83d6671515769a8649,60.16531,24.9442,00000000fdda10fe,18.79
2004,2019-08-01T09:06:05Z,5dc7341101ac9a971ad3bd8764c172439aa3c351b8b6654e21e2c76f,60.16829,24.94214,00000000afef4555,13.75
2005,2019-08-01T09:06:05Z,5e2c5c20c88ccf362ed8749d1ddc041b1cb1c38d8dbeac7870179322,60.16629,24.95957,00000000fb7600be,4.94
2006,2019-08-01T09:06:05Z,626bf35ce16dba1054cfd175d09475d3ee751bf70e56f984ff5c7ab6,60.15133,24.92329,00000000e8a064a4,21.87
2007,2019-08-01T09:06:05Z,63ff2439779051005c18876d20ed53ce060c1de9d7976821bd518fc6,60.15432,24.9211,0000000019fb59c4,9.92
2008,2019-08-01T09:06:05Z,6470ee836399c5610581ec9de09772d350282ecc4c5c57fa02a5ec68,60.16075,24.95883,00000000f1124bca,25.36
2009,2019-08-01T09:06:05Z,65b6b62b547e11e10f7f83ad497446bee2bb9653097d9d62e9b1b817,60.17065,24.93641,000000000f4919c9,18.79
2010,2019-08-01T09:06:05Z,66ad74b1795a3f2db404e46e89b7cdeb3d6e231b6573e3fd29bb7eef,60.16897,24.95222,00000000aa852af1,14.89
2011,2019-08-01T09:06:05Z,674355e17da9460e58566497be518f2eb537880c67c788fedb5067db,60.16629,24.95957,00000000fb7600be,23.56
2012,2019-08-01T09:06:05Z,685af6b01bd180194d718801bb8b9c9de22050cc392d6c6441fe986b,60.18203,24.91341,00000000342570c2,7.69
2013,2019-08-01T09:06:05Z,68d7ad8fab31b3c5967a814376d0ddc6cf42e1db0d9e09dfbba169bd,60.16762,24.95415,000000006b44cce7,14.89
2014,2019-08-01T09:06:05Z,69e2854c78a472b462941ef730aa9fa7a9dba9c1cc22996396d4c78a,60.17919,24.95181,000000007b5207b6,9.92
2015,2019-08-01T09:06:05Z,6adce4d05e58232a97635a2fd7918e4e49d9295afc0989d727f9c712,60.17002,24.94407,000000006b087f40,13.75
2016,2019-08-01T09:06:05Z,6d98ac1fea7056e5b96d6095caf0e3677a4ec30e9fbcc2e50ae1cf65,60.16629,24.95957,00000000fb7600be,11.7
2017,2019-08-01T09:06:05Z,6dca84ddf4be668487766d17c5d13961ed713d24032f709ae87a497f,60.16829,24.94214,00000000afef4555,14.89
2018,2019-08-01T09:06:05Z,6dd5463e670c352180c1e912300e21e59f5e2976266df8c3c92b0baf,60.16829,24.94214,00000000afef4555,14.89
2019,2019-08-01T09:06:05Z,6e7752ad629d4259fce88e4af7b24cb9c9c541027aebf01885998449,60.16544,24.95398,0000000038d83d41,23.56
2020,2019-08-01T09:06:05Z,6e80fcea10d21e1d5e672b554c0f3fe686dc58934f38c3391fd5c262,60.17002,24.94407,000000006b087f40,13.75
2021,2019-08-01T09:06:05Z,6eb390f743af2f8f87ce6c2ab53228450ccce1d21de54f8abba160df,60.16829,24.94214,00000000afef4555,31.5
2022,2019-08-01T09:06:05Z,7003a7f6a5523b645634f014e04bea36016953a8af9324e35602bc2e,60.14947,24.91438,000000004ef3150d,12.69
2023,2019-08-01T09:06:05Z,704c3f3075f13713c363014fa828e4a932e7a05676813b9963a1e554,60.17919,24.95181,000000007b5207b6,1.38
2024,2019-08-01T09:06:05Z,70d391038ec56b63a3737605c2c1db6ffbdca8e4490691776dc993f1,60.16829,24.94214,00000000afef4555,11.7
2025,2019-08-01T09:06:05Z,71b01bb8b8e877dc9ca40e756f441571d12ee3311a945417e8aaa116,60.16762,24.95415,000000006b44cce7,11.7
2026,2019-08-01T09:06:05Z,7283c4d2fe45c53905b540a5180dc566f6f964a8e1482c9611e7d7a2,60.15133,24.92329,00000000e8a064a4,20.28
2027,2019-08-01T09:06:05Z,73d6b97f785fc0a0a9ed2a397fe1bf1cfa199679f6262451d10e0382,60.16762,24.95415,000000006b44cce7,13.75
2028,2019-08-01T09:06:05Z,75003dbce84bab66829b2489dc3bff3abc4ec7f1b136c28b0835fa0e,60.15133,24.92329,00000000e8a064a4,9.92
2029,2019-08-01T09:06:05Z,750297d0d8ff0ca837d9c2289c26302d62f38708617150431ab14509,60.16531,24.9442,00000000fdda10fe,18.79
2030,2019-08-01T09:06:05Z,7563b91d728fe470bc4d89aa18128a87b92c747336dd2c70cfbf9e84,60.1538,24.95595,0000000038bf9618,36.27
2031,2019-08-01T09:06:05Z,7700297fec4982ad776529835e2ab46d4e5cbc889e26f368c19efeef,60.16829,24.94214,00000000afef4555,18.79
2032,2019-08-01T09:06:05Z,774131d73accbbb31ec3c43c3501b7969645eb65df1839ca8116526e,60.15432,24.9211,0000000019fb59c4,3.74
2033,2019-08-01T09:06:05Z,79669159e96cc1cdf3879c3db8c5621167f92aaa10df4dd21a9be1de,60.16829,24.94214,00000000afef4555,18.79
2034,2019-08-01T09:06:05Z,7c1534082e86ff4387878d813207626d8f728aa26b97248e00a3b8d7,60.16629,24.95957,00000000fb7600be,16.1
2035,2019-08-01T09:06:05Z,7ccf0231e25c4a2ff5abcbb7cb3fe96604d014c3fa05c2829580801d,60.16829,24.94214,00000000afef4555,20.28
2036,2019-08-01T09:06:05Z,7cd51189de07d01882cf0a9346f0830a9b21764875334d45e143fbd5,60.17002,24.94407,000000006b087f40,11.7
2037,2019-08-01T09:06:05Z,7d12711d47425111a6dce413faa867542b9532f3b9c5a934b37a0bc8,60.17918,24.95141,00000000675d5200,14.89
2038,2019-08-01T09:06:05Z,7d415f4fd9093fb383b4ebb88961ad74e6a00d3ece39504712dad639,60.17918,24.95141,00000000675d5200,7.69
2039,2019-08-01T09:06:05Z,7e2e3d07c939e3e76e7ce87678faf64e056afe54215e00488839100f,60.14947,24.91438,000000004ef3150d,13.75
2040,2019-08-01T09:06:05Z,7eb4a715919b3eb4085270535ce4d7b57112591ad7242eb189bf652a,60.17065,24.93641,000000000f4919c9,14.89
2041,2019-08-01T09:06:05Z,7f534fc0885ddf5a5c3814e4232de3356affd42f6c3560055079dc1c,60.16829,24.94214,00000000afef4555,13.75
2042,2019-08-01T09:06:05Z,7f59aaecea1eee6c703ec5d46d67b44289ddedf080defee495b73739,60.14947,24.91438,000000004ef3150d,9.92
2043,2019-08-01T09:06:05Z,7faf8705e89a761625aaed50b89538581e25d5950ec8f051d36ed829,60.14947,24.91438,000000004ef3150d,12.69
2044,2019-08-01T09:06:05Z,7fe96255e89da662cb4a10df4705f39989babea20fdc4ef0bf4fb395,60.14951,24.92138,0000000006dd41f6,23.56
2045,2019-08-01T09:06:05Z,809bf2d7a0745ae512b934a578fd5fd47c13c5398b6d06ad350b9e7c,60.14947,24.91438,000000004ef3150d,16.1
2046,2019-08-01T09:06:05Z,8165c5f8d06298ffd56f071c0ad1cc9f1d4f08084936937d712d0b61,60.15133,24.92329,00000000e8a064a4,25.36
2047,2019-08-01T09:06:05Z,8176eaeb262de7f9113561a8e31b6cf6f4c74c882f7f18ba8bb5acf8,60.173,24.92524,0000000096918cfa,17.4
2048,2019-08-01T09:06:05Z,81cabf0ecb3563f645298961619ca623084bb89ab4b7635ffe2de7c0,60.16829,24.94214,00000000afef4555,20.28
2049,2019-08-01T09:06:05Z,8292ad97931f6462dc056eb92748496c2cfa3e22dbad610514a2deab,60.17002,24.94407,000000006b087f40,20.28
2050,2019-08-01T09:06:05Z,82b78c2220aee81a2744ddfaf7ed29663888987dba6b7cdda05731d9,60.14947,24.91438,000000004ef3150d,14.89
2051,2019-08-01T09:06:05Z,82bab0a1bfd11576cf62159546b756e1da44125c76909e270ced391b,60.16897,24.95222,00000000aa852af1,25.36
2052,2019-08-01T09:06:05Z,85bdce5b262dbd94adcff03e6cad26a1152828b6ab27e6fdd56b2b13,60.16762,24.95415,000000006b44cce7,3.09
2053,2019-08-01T09:06:05Z,865e0ca61059b42592b769e4f1c906aa652b7e6f53612163f6002550,60.16897,24.95222,00000000aa852af1,18.79
2054,2019-08-01T09:06:05Z,880f9cbb91b9caf48ea9c5dd1a0c8e1db72922b6dfcb647b102fc469,60.16629,24.95957,00000000fb7600be,18.79
2055,2019-08-01T09:06:05Z,88c2bc6310f27465b9f08b28fb52075d7703ce7b097e5beb37c7437c,60.14947,24.91438,000000004ef3150d,14.89
2056,2019-08-01T09:06:05Z,893080d82bb28aa3ab91e41ddd4569086c8135ade7be10aa644fca95,60.17065,24.93641,000000000f4919c9,18.79
2057,2019-08-01T09:06:05Z,898cde3317c73907bb23b1b885828c4bf3187c3a757a18dc32abe970,60.16762,24.95415,000000006b44cce7,7.69
2058,2019-08-01T09:06:05Z,8996f41485515f4fe2b7f60962df36a3421c9a14cdb3f381b1ce7052,60.16829,24.94214,00000000afef4555,12.69
2059,2019-08-01T09:06:05Z,89aeff56a0700534bbf2dfd19fc298f5a890c95e1a45b6ca7ad3c33a,60.16829,24.94214,00000000afef4555,9.12
2060,2019-08-01T09:06:05Z,8a01e28fd327e5c56dcf2dc8b2b7762a96d77584c21990a073ceb11f,60.16829,24.94214,00000000afef4555,5.41
2061,2019-08-01T09:06:05Z,8c2c35fb6ebc0f07014a3291523f291bea82160dee13d091314cde65,60.16762,24.95415,000000006b44cce7,8.38
2062,2019-08-01T09:06:05Z,8c5680a91dc767437f030236c6bf02223c9f54a69b06b29583d2876c,60.14699,24.922,00000000a53ed894,41.64
2063,2019-08-01T09:06:05Z,8c571538c285dba9d77edacfb1829b282d54b772b62209c6e4004237,60.17919,24.95181,000000007b5207b6,14.89
2064,2019-08-01T09:06:05Z,8d5e893f77b3d167ebefad4ecab181fea08513599a6f9450f0b9a827,60.17919,24.95181,000000007b5207b6,11.7
2065,2019-08-01T09:06:05Z,8e20d0d67339e3cf43e77c3a340d9dc6766de8d079197a08a1343ff0,60.17065,24.93641,000000000f4919c9,20.28
2066,2019-08-01T09:06:05Z,8ff363623484e942b5555694468900717744f957e1a6221903490bac,60.16762,24.95415,000000006b44cce7,18.79
2067,2019-08-01T09:06:05Z,941e13893853105c86bfbc6d31d62274937602143ce3bb530c8c17ed,60.17918,24.95141,00000000675d5200,9.92
2068,2019-08-01T09:06:05Z,94b54a06b97b71144684ec289acfd57fa5ef17038131748fe839f728,60.16762,24.95415,000000006b44cce7,10.78
2069,2019-08-01T09:06:05Z,97673619aef2a748d2dbbd26567b9b3d7bdae3f5860361bc405404ed,60.16897,24.95222,00000000aa852af1,12.69
2070,2019-08-01T09:06:05Z,9895eb1b16709e4d13b4f48b3370501a15b60673cd2eba7a2581113f,60.16762,24.95415,000000006b44cce7,20.28
2071,2019-08-01T09:06:05Z,99f242a3c3e8ef2df75069f2ee802ecf75bc01317cde7e909ac73f66,60.16531,24.9442,00000000fdda10fe,18.79
2072,2019-08-01T09:06:05Z,9a12cdd9d905a294b1c33d220edf652a99509b8916a79081b8e05dae,60.16629,24.95957,00000000fb7600be,21.87
2073,2019-08-01T09:06:05Z,9abbc86fb0fc1c0532042814af76a97e6a17121831d4394749a290a6,60.16762,24.95415,000000006b44cce7,5.91
2074,2019-08-01T09:06:05Z,9b3e6848d8b34e802134d6da0e5a594897ec3fafbbf08b6d0b84068e,60.17918,24.95141,00000000675d5200,7.05
2075,2019-08-01T09:06:05Z,9bc129708b07f3c5bbf4195e83f0e5b9a663b6f371f416a8e3a605f0,60.16897,24.95222,00000000aa852af1,18.79
2076,2019-08-01T09:06:05Z,9bdb503344071eddd74d821f537246d8a6c19468b05d38d0170377f9,60.16897,24.95222,00000000aa852af1,7.69
2077,2019-08-01T09:06:05Z,9bef8b28ea93ecaee57d05b037edbfe7f80014aaf56343345fedd7be,60.17919,24.95181,000000007b5207b6,4.11
2078,2019-08-01T09:06:05Z,9e343a150f07bb3dcce5ecab8ac061b84d65b347b1af5a232e00eeb6,60.16829,24.94214,00000000afef4555,20.28
2079,2019-08-01T09:06:05Z,9e927b1e87f45b2c89a694c49da8922ce180a737f0e8a7cd1476ad29,60.14951,24.92138,0000000006dd41f6,25.36
2080,2019-08-01T09:06:05Z,9ea5b6d54523458f864e06efb821b4738fd3c80375601ea47524a04b,60.16544,24.95398,0000000038d83d41,21.87
2081,2019-08-01T09:06:05Z,9f2f5e6344efb60ffa5c79880ea57aeb636e51f86587e158039df6cc,60.16531,24.9442,00000000fdda10fe,16.1
2082,2019-08-01T09:06:05Z,9fa57cff946eb6b758bd810321b0bb80d6f0c46ca5fb40b0ec22ca0d,60.16762,24.95415,000000006b44cce7,9.92
2083,2019-08-01T09:06:05Z,a04214b56cac7d70680703ee6a28fac742f3c3190b55b46a79c1f76d,60.149,24.9843,00000000fffb8cf0,14.89
2084,2019-08-01T09:06:05Z,a256ee4e61079f54581967787db25324859ef431207cb182cd468fbe,60.16829,24.94214,00000000afef4555,17.4
2085,2019-08-01T09:06:05Z,a38c11c450b472b9dad2f076e2d9a63651292d3de806331d06af7f46,60.16531,24.9442,00000000fdda10fe,13.75
2086,2019-08-01T09:06:05Z,a3d99fc570ed19522398a09fafe7d264d95d2cd387780feb931b4573,60.17065,24.93641,000000000f4919c9,18.79
2087,2019-08-01T09:06:05Z,a403dc1eebc5d130e12a4c3e4298737c9e00b25b1b6b2cc36a6979c9,60.16629,24.95957,00000000fb7600be,16.1
2088,2019-08-01T09:06:05Z,a472689af087ab2fb40cf3e19bd38e5c017259c163212c448f1a9b20,60.16829,24.94214,00000000afef4555,27.28
2089,2019-08-01T09:06:05Z,a4b9f871dcc986c95f1e84fe203bb392ba0fe13164d89119bda2c94a,60.16762,24.95415,000000006b44cce7,4.94
2090,2019-08-01T09:06:05Z,a5423cad01b42682deb516a777f50fd783fd1fd9dc23b7cab01eaedc,60.16897,24.95222,00000000aa852af1,13.75
2091,2019-08-01T09:06:05Z,a6d010615b0732a971c180467cd17865327688c7e6c60628c3d452d3,60.16762,24.95415,000000006b44cce7,16.1
2092,2019-08-01T09:06:05Z,a6d0dd9de406b1201a4e438ec7c5f4a467f38c41e2dec42ff6c71d50,60.16897,24.95222,00000000aa852af1,10.78
2093,2019-08-01T09:06:05Z,a786eb3b8a25c58099a428799e99d0b86401f803ee38d3e5d20e59d3,60.15432,24.9211,0000000019fb59c4,13.75
2094,2019-08-01T09:06:05Z,a808962cb511e5ed2d23e6e33efe252b1be29dc1d2f7c6154817f04f,60.16448,24.97323,0000000053c6c2be,17.4
2095,2019-08-01T09:06:05Z,a83415babca8eac00f69a32371a230fdadda29bf40fd69f75cf2e8fb,60.17919,24.95181,000000007b5207b6,23.56
2096,2019-08-01T09:06:05Z,a837f2314938b1510f3b4cc5900d5d67bc7212d234d9fed1c64f3861,60.16762,24.95415,000000006b44cce7,17.4
2097,2019-08-01T09:06:05Z,a838fe521ed943ab5d8f7c5d408246fb2370ea139b12544208826ea9,60.16897,24.95222,00000000aa852af1,21.87
2098,2019-08-01T09:06:05Z,a8ca7fb815e707c04434a085c4f99e783d56372143afc92225eae622,60.15133,24.92329,00000000e8a064a4,12.69
2099,2019-08-01T09:06:05Z,aa05a7036c3586a79d23f426b78bf158357208bc82d7ddf9a1326dd2,60.16531,24.9442,00000000fdda10fe,11.7
2100,2019-08-01T09:06:05Z,ab615ee5bbf567aee3505fbb360d09fc6b851f93fb15aef778b57128,60.16531,24.9442,00000000fdda10fe,9.12
2101,2019-08-01T09:06:05Z,aca524ceb3c7373172ecd0d06b26e7d610d441f4a47ab78ae0ad3340,60.15133,24.92329,00000000e8a064a4,20.28
2102,2019-08-01T09:06:05Z,acbbe4765d72f36b0323407c7dbe43db7b4ad5e2da0a6a9e5966db0b,60.16897,24.95222,00000000aa852af1,16.1
2103,2019-08-01T09:06:05Z,ad22512fd6a5ad9e19fdfad7e02b2793ecb01875be243f894c637ae2,60.16829,24.94214,00000000afef4555,17.4
2104,2019-08-01T09:06:05Z,af67ffa8b538058603b74f48e04ab914e8f6cd450f53c47f8c3d683d,60.15432,24.9211,0000000019fb59c4,7.05
2105,2019-08-01T09:06:05Z,afaed9946dbc1509500c6f80f87eed8fe44a74ba3e14328c6efe3971,60.16829,24.94214,00000000afef4555,10.78
2106,2019-08-01T09:06:05Z,b09e9bb62cc49c085c1aee3b752af1bec69dabc939323e5733f73933,60.17065,24.93641,000000000f4919c9,29.32
2107,2019-08-01T09:06:05Z,b28757d67868f9471f0d997a935e857fd0ff1095449820929597563b,60.16762,24.95415,000000006b44cce7,7.05
2108,2019-08-01T09:06:05Z,b32d22dd18cf9161a46f185f162147d8f4d9f2f6e1d121c3e5b0714e,60.16629,24.95957,00000000fb7600be,25.36
2109,2019-08-01T09:06:05Z,b32e57a6f5865a23d7a0e9fa346d5ec4e975f99c4df815fe8b1449b2,60.17918,24.95141,00000000675d5200,27.28
2110,2019-08-01T09:06:05Z,b3d94dfd4a1393ebe6b450d53a8c1c172707ab9ae1ab42b50b5b31df,60.16829,24.94214,00000000afef4555,18.79
2111,2019-08-01T09:06:05Z,b50a45ac0708e7b5cca42f3458430eb22ff70a81c575bafe99ffda23,60.17002,24.94407,000000006b087f40,9.92
2112,2019-08-01T09:06:05Z,b5603e758440226e490d1d7d7271a7b0d5c261eccbad198f81110136,60.15432,24.9211,0000000019fb59c4,9.12
2113,2019-08-01T09:06:05Z,b69604356a52f2b1b9c5de09a350f42d87f5b969e3e824d8b6b2368f,60.16829,24.94214,00000000afef4555,10.78
2114,2019-08-01T09:06:05Z,b6b32d1744cab38523e13d061fa256f05d6e01d920275907327c3083,60.16829,24.94214,00000000afef4555,13.75
2115,2019-08-01T09:06:05Z,b6c43126ca83e916a68e57d0178060c24fc61305836b6c8f188f7285,60.17919,24.95181,000000007b5207b6,17.4
2116,2019-08-01T09:06:05Z,b6f0f4101a1a258dcb1d82d77ca91000694d4fed15bd882a8e3bfe66,60.149,24.9843,00000000fffb8cf0,21.87
2117,2019-08-01T09:06:05Z,b8038854618ce49585b1b6da449b945625ada46d3a0e8942e9f8137f,60.16629,24.95957,00000000fb7600be,16.1
2118,2019-08-01T09:06:05Z,b8fb70225ee0a2d655e2809da07a2f8cd2feb7295aa256f8b35fcf1e,60.16629,24.95957,00000000fb7600be,11.7
2119,2019-08-01T09:06:05Z,bb2187a4e20012ad694c768ef2c47c9a9055671024ebf4855d4e6243,60.16531,24.9442,00000000fdda10fe,1.25
2120,2019-08-01T09:06:05Z,bbb86467d71e5ec5bd140995d266fd33a85efe89654eb13ee0471416,60.17002,24.94407,000000006b087f40,21.87
2121,2019-08-01T09:06:05Z,bc20b3b236588d3632c07aba05bd43ff4ec70f10290f2feb5175b8ab,60.16762,24.95415,000000006b44cce7,9.12
2122,2019-08-01T09:06:05Z,bc6d5082ca52e6dae7a1689a835434f3f6341e90afea565480eb9674,60.16829,24.94214,00000000afef4555,16.1
2123,2019-08-01T09:06:05Z,bc82f76c979de19b559e9e3aa0cd6cbf5ac361e2d7b1ac9f81fe2f4f,60.17918,24.95141,00000000675d5200,16.1
2124,2019-08-01T09:06:05Z,bd23c66c4df0bd849266a4429a24f23f2c9503cf31eb0cd9780248e6,60.18203,24.91341,00000000342570c2,18.79
2125,2019-08-01T09:06:05Z,bee144e090a471427ec7878609f2446cb79f4c8d7e3c3bf0f67cf8d2,60.16762,24.95415,000000006b44cce7,13.75
2126,2019-08-01T09:06:05Z,c15da9ed244b57a27a083919c67d0edde078a31b18cb58f13581f173,60.1538,24.95595,0000000038bf9618,16.1
2127,2019-08-01T09:06:05Z,c1674c59c49d5bf74e6808239a91d18a04e47697d298bc61a7618af2,60.16448,24.97323,0000000053c6c2be,13.75
2128,2019-08-01T09:06:05Z,c1bf1bf699e9bc78ca15c9490d1ef02e3323f0c2c76bf0fca7955a69,60.14947,24.91438,000000004ef3150d,14.89
2129,2019-08-01T09:06:05Z,c375f2dac85f963c33b2daf76ffb0c32d2c8fd08172419336e308686,60.14947,24.91438,000000004ef3150d,21.87
2130,2019-08-01T09:06:05Z,c434f18b802a764aad7a2dfb46e93546acb1b0975cf9b93fd47363f6,60.15432,24.9211,0000000019fb59c4,6.46
2131,2019-08-01T09:06:05Z,c46895857ca53c3362932d446a58c13b60d297f99ca237d4546589e8,60.16897,24.95222,00000000aa852af1,13.75
2132,2019-08-01T09:06:05Z,c55f651c108f569fe59364de834d31b122908186d2f95d20ed519564,60.16762,24.95415,000000006b44cce7,13.75
2133,2019-08-01T09:06:05Z,c71ca1a0d84d8b380a2d73e225e3300b3aaa1f0bf494129f8dbed55f,60.17918,24.95141,00000000675d5200,21.87
2134,2019-08-01T09:06:05Z,c872af9997af535c4615ee0b4194c7c8d644b7962afb3ca321eb386f,60.15133,24.92329,00000000e8a064a4,25.36
2135,2019-08-01T09:06:05Z,c8b9856a261673c3360915cd9a4dabb4afe22b63a86d7f59f7dc5f20,60.17002,24.94407,000000006b087f40,25.36
2136,2019-08-01T09:06:05Z,c98bce1cc275ed0a1b833011f8cd251ac848fdc84501fe87eb8b5d54,60.17918,24.95141,00000000675d5200,18.79
2137,2019-08-01T09:06:05Z,ca7719c7cd8d4496b666f608fc07ba9930e362a0b2d96890b0778618,60.16629,24.95957,00000000fb7600be,9.92
2138,2019-08-01T09:06:05Z,cccf3ba2a9d11b9330c18af8064a20aca9995473495bf119162a1619,60.16897,24.95222,00000000aa852af1,16.1
2139,2019-08-01T09:06:05Z,cce3077cdfeedd0674391bec08ce94732557106542574c58a7f378bf,60.16829,24.94214,00000000afef4555,5.41
2140,2019-08-01T09:06:05Z,ce7de55c7709396c70ce5930097e84449a4889700e605a0b062aaeae,60.16531,24.9442,00000000fdda10fe,18.79
2141,2019-08-01T09:06:05Z,d16e16def718519430296afa23976c226aaf720722bce3d92a2aad43,60.14947,24.91438,000000004ef3150d,9.12
2142,2019-08-01T09:06:05Z,d31d6921eee92503b486a1b30f5330581c4744a82e6549f375544846,60.17919,24.95181,000000007b5207b6,29.32
2143,2019-08-01T09:06:05Z,d3f966516acf006031daf47f0af91fa5d59aa383ac5728b0bf05534d,60.16829,24.94214,00000000afef4555,18.79
2144,2019-08-01T09:06:05Z,d562afdedae521be241c98441e436608a323fdb944dedc24c835e762,60.17065,24.93641,000000000f4919c9,4.5
2145,2019-08-01T09:06:05Z,d653ef8368d33df4fc7edeb5a381d5826be1471f1470aa9744d47901,60.173,24.92524,0000000096918cfa,4.11
2146,2019-08-01T09:06:05Z,d65b8625c1f24304ff0e3c4a4dce7aa5d434d36be87be41834a49420,60.16531,24.9442,00000000fdda10fe,4.5
2147,2019-08-01T09:06:05Z,d6e217c6592e449e2390b1a874e08cbc9126116901dbdbf84501c6b8,60.17065,24.93641,000000000f4919c9,8.38
2148,2019-08-01T09:06:05Z,d74ea3c9e0aaa523c791aa01f4f9a7c1c43f01f585dc4146b19edf83,60.17918,24.95141,00000000675d5200,8.38
2149,2019-08-01T09:06:05Z,d7734ef0345fcffc0f4bd7579275af62987490aba012209832e92059,60.16629,24.95957,00000000fb7600be,18.79
2150,2019-08-01T09:06:05Z,d81eea3c8bf927d879268dc01665b897d48eecc647bbf61f91f37a33,60.16544,24.95398,0000000038d83d41,29.32
2151,2019-08-01T09:06:05Z,d8778698d75313bf43f7255696e14eda9502d5d7a6e7315071181cc8,60.16629,24.95957,00000000fb7600be,20.28
2152,2019-08-01T09:06:05Z,d95956cedfc4dfe06014194cc1071864bd835fcc014c1fd6f4d33337,60.16762,24.95415,000000006b44cce7,7.05
2153,2019-08-01T09:06:05Z,d9f8ff1809ebe23c7e68bb1cbb1aa6fdfaf22375abf2962da2d7cfab,60.16531,24.9442,00000000fdda10fe,23.56
2154,2019-08-01T09:06:05Z,db09e59d30e841073faa26d5c3a781d50a29e13bff061b33681d6ba7,60.17919,24.95181,000000007b5207b6,4.94
2155,2019-08-01T09:06:05Z,dbedd81db3d59ee0c6948187e396a34e2fa5dd6670cf8d862bf5e1ff,60.16762,24.95415,000000006b44cce7,4.11
2156,2019-08-01T09:06:05Z,dc00d45c0dd506326fb4dd3692d409df80cb3d871341ffff720dc834,60.16762,24.95415,000000006b44cce7,7.69
2157,2019-08-01T09:06:05Z,dc786895c819070347a0a268463f0a8b15f5eec1647f016a9e78e9e0,60.1538,24.95595,0000000038bf9618,27.28
2158,2019-08-01T09:06:05Z,deb8a213e1b4930e676ee8fdb394161ec46adb785171fa37437b4d44,60.15133,24.92329,00000000e8a064a4,8.38
2159,2019-08-01T09:06:05Z,ded712413bfc7de58a469fab75498089b2c3c6b5e0c9cae260102284,60.16829,24.94214,00000000afef4555,36.27
2160,2019-08-01T09:06:05Z,dfe80baf219bd267a459c954a8e3027b3f1ed29fea2a5355456d5652,60.16897,24.95222,00000000aa852af1,10.78
2161,2019-08-01T09:06:05Z,e0c59f531f6234be7be4e5c837903b1cddbb2538dcd2767c76ed6593,60.16762,24.95415,000000006b44cce7,21.87
2162,2019-08-01T09:06:05Z,e0fe7fe5854899c0eb42b75b300339808143419404558ed4d00b0f17,60.17918,24.95141,00000000675d5200,13.75
2163,2019-08-01T09:06:05Z,e234769b1ce1634554f5fa4a290d11b2a30c3dfd009d4c39a2e9dd3d,60.17065,24.93641,000000000f4919c9,11.7
2164,2019-08-01T09:06:05Z,e294dde431d68c7b73efcf1f9b916e40bf408111c79228032c7830a4,60.16544,24.95398,0000000038d83d41,31.5
2165,2019-08-01T09:06:05Z,e2bb0ae74deee6cbc4f50c5f85da3f1779ca1db1ae7ff48ab4b33dbc,60.17918,24.95141,00000000675d5200,5.91
2166,2019-08-01T09:06:05Z,e2f445c6711e0e7d48a6a045bec347587f9f398e8928a171cfa2ca38,60.16762,24.95415,000000006b44cce7,5.91
2167,2019-08-01T09:06:05Z,e3f844c56875bd572c3b57a835b884f1060b467d3bbd25c50dcc7e28,60.16762,24.95415,000000006b44cce7,7.69
2168,2019-08-01T09:06:05Z,e508e239ba2ca68b34ad5074f3d7b013e72f6f7df36eb6cdf545be78,60.16762,24.95415,000000006b44cce7,20.28
2169,2019-08-01T09:06:05Z,e528235be3e5cc4945024d50d1ed43061e2e2f2845f2b41e081e1721,60.17919,24.95181,000000007b5207b6,3.09
2170,2019-08-01T09:06:05Z,e5cad8bb9a6c8dcc067948d7f869033aca5bdd062da175c8734092e6,60.17919,24.95181,000000007b5207b6,4.5
2171,2019-08-01T09:06:05Z,e6b4461f3fc3ee8613bfea0937b5fd730d6686a68a65ed6fecc1dd9f,60.16629,24.95957,00000000fb7600be,20.28
2172,2019-08-01T09:06:05Z,e729325b3fe611c9dc2290efdcb3efa71b6d425282d0e683f1435dbf,60.17918,24.95141,00000000675d5200,6.46
2173,2019-08-01T09:06:05Z,e73dcccbc4dd6af49316f19a34c347cc94ff7ab079a93a2672d78a16,60.14947,24.91438,000000004ef3150d,20.28
2174,2019-08-01T09:06:05Z,e8add7e8346b99cd4b67924113f3763441a1899897c6d1ac3a1a40a6,60.17918,24.95141,00000000675d5200,17.4
2175,2019-08-01T09:06:05Z,e9064a62fac257836cb6fbcf0d84fab1ebdfa46bd6734632f1e6f116,60.16829,24.94214,00000000afef4555,9.92
2176,2019-08-01T09:06:05Z,ea3f8412ed9c4d92448688dd9cc7ff9e3eeb5fe4373d0953bf0349c1,60.16531,24.9442,00000000fdda10fe,16.1
2177,2019-08-01T09:06:05Z,ea94130fbb3464dc656765cfddbad802ddfafb1af8007cb5f42cd41f,60.16829,24.94214,00000000afef4555,7.69
2178,2019-08-01T09:06:05Z,ebd0852b7b3d92f8aa70b6c15b533366d222e08c68a2a20ee828de4c,60.16897,24.95222,00000000aa852af1,31.5
2179,2019-08-01T09:06:05Z,ec1b32ec04ebb476b877029ee98f5d3e5ccff5719605e3f61570caa2,60.16762,24.95415,000000006b44cce7,18.79
2180,2019-08-01T09:06:05Z,ec2dd83e04d225caca9f6b9d28bd3080ed37c5bf42e5f65123fa2394,60.17065,24.93641,000000000f4919c9,11.7
2181,2019-08-01T09:06:05Z,ec7121833f0e4b509d683b00a9c5e992e4b84882cb857145102e14f4,60.16531,24.9442,00000000fdda10fe,1.38
2182,2019-08-01T09:06:05Z,ec8c0160ac1ee5aeaf6204956c9db2ee4f98f55ae3fe1ec0af07fab8,60.16762,24.95415,000000006b44cce7,6.46
2183,2019-08-01T09:06:05Z,ed86f884272a5a400b55bfd4f22bc8cc5d6fca7fe26eee3c39cb3c52,60.15432,24.9211,0000000019fb59c4,10.78
2184,2019-08-01T09:06:05Z,ee06dc571acc6f8cad13e6cd588349958dc601934f851b25d2ebee6c,60.16762,24.95415,000000006b44cce7,18.79
2185,2019-08-01T09:06:05Z,ee424f3045accaa01434f840d87b26b22f65fb6b2f8d34a4b94d6fcc,60.16762,24.95415,000000006b44cce7,16.1
2186,2019-08-01T09:06:05Z,eef621895ee74145a6d76c5f5493a93d7c728c80abe45a2e1933ae9f,60.16897,24.95222,00000000aa852af1,29.32
2187,2019-08-01T09:06:05Z,ef67b9e4617f284b84167b4bdaff71108579a33ced0a2450ff25a1a1,60.16629,24.95957,00000000fb7600be,6.46
2188,2019-08-01T09:06:05Z,f03d20d6bb80ce0745cb0fbed6619e0a6288bfffd08e9aabce1692ba,60.17065,24.93641,000000000f4919c9,13.75
2189,2019-08-01T09:06:05Z,f18c0c32d067aecf5602d70693ac888cab1be6dbb0d154be5153dfcc,60.16829,24.94214,00000000afef4555,25.36
2190,2019-08-01T09:06:05Z,f20935810c1567a80c288016c4d4dd32fe86b3479f47ae7dd64d15cc,60.15432,24.9211,0000000019fb59c4,9.92
2191,2019-08-01T09:06:05Z,f29ed00b645af4bbf50174e71f58a9b691d2e2342e59eda242d97380,60.16829,24.94214,00000000afef4555,16.1
2192,2019-08-01T09:06:05Z,f4bbc3077da0455d4340da2eed204915327b75a792080724548b4956,60.17918,24.95141,00000000675d5200,7.05
2193,2019-08-01T09:06:05Z,f503a41d3e8b9b57628f4f061c1d8e0c53c62dd8a6fe38d212958ee6,60.16075,24.95883,00000000f1124bca,4.94
2194,2019-08-01T09:06:05Z,f587de6c8c03387c5e6a66cd7d20c45abad3668c8e2246611122547b,60.14947,24.91438,000000004ef3150d,23.56
2195,2019-08-01T09:06:05Z,f60a6068c654587fa981390a039456a2fdd85e02c009df547e204a45,60.16829,24.94214,00000000afef4555,17.4
2196,2019-08-01T09:06:05Z,f741519cf6f519194bb45b9da0e69bda8edb903e3c24d4140f340467,60.16762,24.95415,000000006b44cce7,9.92
2197,2019-08-01T09:06:05Z,f9e527876f8dfe750fd29bc42664bbf572aed5d09d344a8934a83d90,60.17065,24.93641,000000000f4919c9,3.4
2198,2019-08-01T09:06:05Z,fa1a3814c680b20020a08346c37ee2853e895984574575312bf262e7,60.14947,24.91438,000000004ef3150d,25.36
2199,2019-08-01T09:06:05Z,fa63dbf5999ebbf46864d144ca4cde0c355b6bd369afa04c4b55ff0f,60.16762,24.95415,000000006b44cce7,17.4
2200,2019-08-01T09:06:05Z,fa9f19c58a086fde9429d732b1eec80eacf5fc1b2c0124d17243d008,60.17918,24.95141,00000000675d5200,2.8
2201,2019-08-01T09:06:05Z,fba6e66dd09200012637e0b454c96fd7a5459b7e8b0ba01863cdbd77,60.16762,24.95415,000000006b44cce7,3.74
2202,2019-08-01T09:06:05Z,fc75e05a713e8733c512a31a3bebec0a122af3e7afb2c5059c3f1a3a,60.17002,24.94407,000000006b087f40,18.79
2203,2019-08-01T09:06:05Z,fd2b362c58c85c1064c1729154fa6443b30f2bcb216ef86cd250207e,60.17002,24.94407,000000006b087f40,38.87
2204,2019-08-01T09:06:05Z,fea1453360073dfc1896bf1f005f51addb49661f953e16cffba3c63d,60.16531,24.9442,00000000fdda10fe,10.78
2205,2019-08-01T09:06:05Z,ff10218d9a15a3bf160a969fa266f197770d363bc52dce7fa08ae990,60.16762,24.95415,000000006b44cce7,7.69
2206,2019-08-01T09:06:06Z,03e0fc996a589ccdf1871b3c78e089c08c93ba1f2a02d740fb384aac,60.16531,24.9442,00000000fdda10fe,36.27
2207,2019-08-01T09:06:06Z,0fff89885f08417f20aadfdbf62a372277e9085bcd024374b772ecac,60.16531,24.9442,00000000fdda10fe,25.36
2208,2019-08-01T09:06:06Z,14c7e1511b70f4dd3359cbece1377aebb4d70531f5489eefe53d7c3c,60.16544,24.95398,0000000038d83d41,23.56
2209,2019-08-01T09:06:06Z,15918569de0a46a8eb56b43d8d39f7fc82619ff1006f00822c85745c,60.17919,24.95181,000000007b5207b6,6.46
2210,2019-08-01T09:06:06Z,165ebbb4090d47319ae370f0d0854fdc1f6b79499f8b2e4d3c3533c0,60.16544,24.95398,0000000038d83d41,33.81
2211,2019-08-01T09:06:06Z,171d0bf49a26400390df42bc1c9af98d9279bf8ccee92f39288845e1,60.16762,24.95415,000000006b44cce7,2.3
2212,2019-08-01T09:06:06Z,1951291ca064d0fb480d958037c1477427d2ca8db455fef0b741bf9f,60.16448,24.97323,0000000053c6c2be,21.87
2213,2019-08-01T09:06:06Z,1f0f0628cdc688d76bde2b82bee5b9b4916bf0bbdfe76cf3213e1c65,60.15432,24.9211,0000000019fb59c4,17.4
2214,2019-08-01T09:06:06Z,29f37c7486060f7f74f542c60cf9b1accfa544b255a22aee53b99cec,60.16897,24.95222,00000000aa852af1,21.87
2215,2019-08-01T09:06:06Z,2f33dacc8bf2b0b809b88130b46696c922929e1eb8ea92017f05509a,60.16448,24.97323,0000000053c6c2be,21.87
2216,2019-08-01T09:06:06Z,5d65719c4cbf045f068d084b72302f447d5fd034413d97d13be00d0e,60.18203,24.91341,00000000342570c2,20.28
2217,2019-08-01T09:06:06Z,6a657079c1bdc8114c289be1ddd83e5846d4279a920d1697b8ff0033,60.18203,24.91341,00000000342570c2,23.56
2218,2019-08-01T09:06:06Z,6d22b751ff5173035dc85c52c3dff0780126adae67fe33dc62dd45ef,60.16531,24.9442,00000000fdda10fe,20.28
2219,2019-08-01T09:06:06Z,6ff437688c444238352c28f64f9d2a7d0f14d19c9ea42c225380501e,60.16762,24.95415,000000006b44cce7,11.7
2220,2019-08-01T09:06:06Z,747f2d1ebff218c0ebbdc0fdaef4cbe56633dfb46ae1b1f8c8142201,60.16762,24.95415,000000006b44cce7,20.28
2221,2019-08-01T09:06:06Z,76c7f42283513d0e289bf786d89463b5025b2ae0f4e13519a4cf228b,60.15432,24.9211,0000000019fb59c4,18.79
2222,2019-08-01T09:06:06Z,78d5f60b36b59c06c3988b94e11744bb3aed5dcbc214f91f228bf892,60.16448,24.97323,0000000053c6c2be,23.56
2223,2019-08-01T09:06:06Z,79f136afa0dd8717337c01c70b457c464aaf0fa25b440f51a394ec23,60.16762,24.95415,000000006b44cce7,16.1
2224,2019-08-01T09:06:06Z,84fdfd8881f633c5f0c71c1480053953ca4b05e848052d97c063ad38,60.1538,24.95595,0000000038bf9618,27.28
2225,2019-08-01T09:06:06Z,87dfaad29a9276ddddb1fa021d3bc23ad14824c1af16f7d87e713689,60.14951,24.92138,0000000006dd41f6,10.78
2226,2019-08-01T09:06:06Z,8cc6ddaa460aeae8cc9e8a33f91a01c8cd4c0c8bf8a943210a28c84d,60.1538,24.95595,0000000038bf9618,13.75
2227,2019-08-01T09:06:06Z,9843c6216661048343a0e49cf3d8aa2883cf77f452666a1c873a1052,60.16448,24.97323,0000000053c6c2be,14.89
2228,2019-08-01T09:06:06Z,9d03d14afa49576281aa26db60e517f7c1ec8aa36f7756959a860a8a,60.16629,24.95957,00000000fb7600be,11.7
2229,2019-08-01T09:06:06Z,9ff35a7f150d05ef75c3777dbae4f91e5b1a4d0830a984c50f6da1bc,60.16897,24.95222,00000000aa852af1,31.5
2230,2019-08-01T09:06:06Z,a08cae03363d2e483a6ea717973088f4bd4276de96a9d438a7358ff4,60.16897,24.95222,00000000aa852af1,29.32
2231,2019-08-01T09:06:06Z,a91d379a4b57c5df22db0d7a041ff69f657b4b31f28554b1011fc03c,60.16544,24.95398,0000000038d83d41,33.81
2232,2019-08-01T09:06:06Z,a9b50603a8ce82f4a65641e87bfdbed6f3e6e03894372af444a42f2c,60.16762,24.95415,000000006b44cce7,23.56
2233,2019-08-01T09:06:06Z,a9da1ee82e3b670e276c26b483dd50f4a6d0c6f77ef82245d3ae6086,60.18203,24.91341,00000000342570c2,18.79
2234,2019-08-01T09:06:06Z,ab0f67c0c0e1ba5eac9013f9c314feadf340ddf08543b91e70483594,60.16544,24.95398,0000000038d83d41,20.28
2235,2019-08-01T09:06:06Z,b1f358076ba79ef902a36ca8ae3f8ec7c93308a67c479345bfdbdecf,60.1538,24.95595,0000000038bf9618,33.81
2236,2019-08-01T09:06:06Z,b4faf2d3c4d2b199afeab6ab63b583fe3a2e81e14abbef6917f25129,60.15432,24.9211,0000000019fb59c4,23.56
2237,2019-08-01T09:06:06Z,b5fd6b317890e5ab2d79e2cd1abe61626d45a753c7337d0d40728898,60.16762,24.95415,000000006b44cce7,11.7
2238,2019-08-01T09:06:06Z,b986140b3339363c8bd5cc5eed0819ca5a421cb6e5b17c42ccf729f4,60.16829,24.94214,00000000afef4555,11.7
2239,2019-08-01T09:06:06Z,cb65d9149ed0c4b936fa3dd930cf98d16ea7610207135a6f1689be01,60.18203,24.91341,00000000342570c2,23.56
2240,2019-08-01T09:06:06Z,cf05623e4d87ce0906c0b0b7dbf53aacc1228016cd27c341228b6e76,60.18203,24.91341,00000000342570c2,18.79
2241,2019-08-01T09:06:06Z,d127ead865385b64ae537a703a26be15fae4b5332ce0fbf03d5e0c23,60.1538,24.95595,0000000038bf9618,29.32
2242,2019-08-01T09:06:06Z,d178749a24c32676d0da0f51ae6ff63c456499d4b1814af8fa75ca9e,60.16448,24.97323,0000000053c6c2be,8.38
2243,2019-08-01T09:06:06Z,dd2c9c82cf3737146294aff6f814a1349fb0bc4bedf518715dacbe8f,60.18203,24.91341,00000000342570c2,16.1
2244,2019-08-01T09:06:06Z,ec72ef080c605e71978aed0d3b5f22c3c3133677a43c614b72eedc6d,60.14699,24.922,00000000a53ed894,25.36
2245,2019-08-01T09:06:06Z,efd1806e1eee5eca948bc2537df8d816e2cce41009b41189c350ce74,60.16531,24.9442,00000000fdda10fe,29.32
2246,2019-08-01T09:06:06Z,f088630d7476dae7d4b7e2bb1f10575f2c89acb4b6e061f3d57c2b40,60.16531,24.9442,00000000fdda10fe,25.36
2247,2019-08-01T09:06:06Z,f22981c21af00fc334b3d8bdd523e23a50384666e97815f0ec1dc0ac,60.16897,24.95222,00000000aa852af1,13.75
2248,2019-08-01T09:06:06Z,f7e45613ad966fea53fab73b435ba3a087c774e36596b3a5156a3487,60.16829,24.94214,00000000afef4555,2.08
2249,2019-08-01T09:06:06Z,f83d4b6b8ffbf8a674d212e32100b2360b80261b4e9207d77c0b0ed3,60.17919,24.95181,000000007b5207b6,11.7
2250,2019-08-01T09:06:06Z,fc4f3a44235f1cfc7b53f14ba2da599976a5a0a220d23b852688e485,60.17918,24.95141,00000000675d5200,18.79
2251,2019-08-01T09:06:06Z,0097b685a95e22fc898384590c0f5bf87d9831b8750326fbf9a740c3,60.16829,24.94214,00000000afef4555,20.28
2252,2019-08-01T09:06:06Z,00d98e49fc01c16216b630f9fdf19ce9826d27552ce2fa4676de957b,60.16829,24.94214,00000000afef4555,7.05
2253,2019-08-01T09:06:06Z,02050a536056486b1bf139282f0d0a3af63def1d56ff0c73ac51bb19,60.14947,24.91438,000000004ef3150d,12.69
2254,2019-08-01T09:06:06Z,023083c44c772667f1727e01c74518889b2a82d78ceb28c08b6f8a20,60.16531,24.9442,00000000fdda10fe,16.1
2255,2019-08-01T09:06:06Z,026f61905925674212a1c7d1e14b2ee5d1039bb4ecb5159f7d522150,60.16762,24.95415,000000006b44cce7,14.89
2256,2019-08-01T09:06:06Z,0362cc670dcfab795a3911957b6a177416bf9b99d0e2732716796c4d,60.15432,24.9211,0000000019fb59c4,16.1
2257,2019-08-01T09:06:06Z,03f427d436ba092925de462b11374bdbdab0443620037675621fbc11,60.17918,24.95141,00000000675d5200,16.1
2258,2019-08-01T09:06:06Z,04ea66c9d014e7e72c902ac6d8ac6b7e5045738ebf2d6d086525b361,60.16829,24.94214,00000000afef4555,20.28
2259,2019-08-01T09:06:06Z,063935180fff0e58de5d319ecb9320cf794423e3c6aeac0cca8f1a9f,60.16897,24.95222,00000000aa852af1,16.1
2260,2019-08-01T09:06:06Z,0670a01b5d0e505e7ec50165f157d60f57a5bb3b6c65922412509ab2,60.16829,24.94214,00000000afef4555,17.4
2261,2019-08-01T09:06:06Z,08f9fd60f852d3502bfa509c955e9963e73954f961d55ba8cd46cae9,60.16629,24.95957,00000000fb7600be,16.1
2262,2019-08-01T09:06:06Z,0951ec0c700dba7330b8e8181fc852becde054d0dc7474d1488db3cd,60.17065,24.93641,000000000f4919c9,25.36
2263,2019-08-01T09:06:06Z,09784c350285a2908ee2d0acc9c8390a0f8841785e7cfd630597231d,60.16762,24.95415,000000006b44cce7,17.4
2264,2019-08-01T09:06:06Z,09cfe3ccea2138f9a7a14b633026c75879d915955e4d18d8913efebf,60.14951,24.92138,0000000006dd41f6,25.36
2265,2019-08-01T09:06:06Z,0c1684b697a63d7f47ebaedcfa060b3b4af294fec1e62d613699291a,60.16897,24.95222,00000000aa852af1,7.69
2266,2019-08-01T09:06:06Z,0ce136cd78d17c06d7c5673fecf75f44da717c2befaaea18c6bdf0b1,60.1538,24.95595,0000000038bf9618,17.4
2267,2019-08-01T09:06:06Z,0f0a47457083121cf6392eb1d6d9a764f269d3c0e33d76403c446678,60.16829,24.94214,00000000afef4555,23.56
2268,2019-08-01T09:06:06Z,1069967e3921871955b1b2b42e60f829c593a3e024401bfe61ae410e,60.16629,24.95957,00000000fb7600be,16.1
2269,2019-08-01T09:06:06Z,11402877d08ee84d016ef8e86d3033bf6da0948f6e6bd2defce32338,60.16762,24.95415,000000006b44cce7,20.28
2270,2019-08-01T09:06:06Z,1190156a73bf59a847cf2ffe8e6c4216b8658b3898324d94a582c787,60.16762,24.95415,000000006b44cce7,20.28
2271,2019-08-01T09:06:06Z,12b9b313e577dbbb9619247e0a5ded14c2b56bede5b421cac44f9597,60.16448,24.97323,0000000053c6c2be,29.32
2272,2019-08-01T09:06:06Z,139a5aa448338146cf9202768e1eeb804d164d71d9bc8c7fa8f5d06f,60.16531,24.9442,00000000fdda10fe,5.91
2273,2019-08-01T09:06:06Z,13a759fd293cbde0d55db753d853768b718e59036c4007d2e3a8757a,60.16762,24.95415,000000006b44cce7,9.12
2274,2019-08-01T09:06:06Z,13cbade1d832c78b1a0a68fd9a6559054370eeae58247347955ee632,60.16897,24.95222,00000000aa852af1,11.7
2275,2019-08-01T09:06:06Z,1564db6ab71666bfe0865d19fd134f7018f49bc12ff1969853697784,60.16531,24.9442,00000000fdda10fe,27.28
2276,2019-08-01T09:06:06Z,15a3cdd20e3ce88c179a07d78a2d5fdda854b0fef8441d8cb3aebde8,60.17065,24.93641,000000000f4919c9,31.5
2277,2019-08-01T09:06:06Z,15b314157b22b2a5bf8a39539a049ce73e7baa21b0ce24f21718ce4a,60.17002,24.94407,000000006b087f40,20.28
2278,2019-08-01T09:06:06Z,16e18d478be872d2a9801fa885d08edeb3f5ae1840b38478f9baf535,60.17919,24.95181,000000007b5207b6,20.28
2279,2019-08-01T09:06:06Z,1880dcca5077d4ccd63084e82a411f0cb7abb12f9883625b046f2e24,60.16829,24.94214,00000000afef4555,16.1
2280,2019-08-01T09:06:06Z,190cdde22bc3e3a41cd0f9da7efb3a917bc09e8034b05ca6064ea8a8,60.17918,24.95141,00000000675d5200,14.89
2281,2019-08-01T09:06:06Z,1be12a4f71b98dc9509141bc1a766b833b6c15dc22303f7006afbe96,60.17065,24.93641,000000000f4919c9,25.36
2282,2019-08-01T09:06:06Z,1cfafdaa3ff1975bcf6f699641431e88775ba2183074d825eeb81dd3,60.149,24.9843,00000000fffb8cf0,16.1
2283,2019-08-01T09:06:06Z,1d70ff49909e1d6fb653ae053aa78084daf385dbbd2ad22b05707309,60.16829,24.94214,00000000afef4555,14.89
2284,2019-08-01T09:06:06Z,1da40c618e0432bb037d08723b65821f6223509e8b4033a4b4190047,60.17065,24.93641,000000000f4919c9,18.79
2285,2019-08-01T09:06:06Z,1dcff36b6f83b08b6ea87c1c1018c542c270299839908ca446dffb39,60.16762,24.95415,000000006b44cce7,14.89
2286,2019-08-01T09:06:06Z,1e3af5697f0a2ae45f261da79e4ba71c868dc4d78008bd1995fe6259,60.16448,24.97323,0000000053c6c2be,9.92
2287,2019-08-01T09:06:06Z,1e6029f749dce72746f03dcc61a1986b14438610b7ff6a19c8165e6f,60.16829,24.94214,00000000afef4555,17.4
2288,2019-08-01T09:06:06Z,1eadb2c1984aa73c3c2f13eab0a2e793331443c617681e36887f0bcc,60.16629,24.95957,00000000fb7600be,18.79
2289,2019-08-01T09:06:06Z,1ecbc7c6afe89033252e5510cbb893666af2b3bc29f555a3a6287fdb,60.14951,24.92138,0000000006dd41f6,4.5
2290,2019-08-01T09:06:06Z,1f813dc10021899138c12ca17c58ab3dc24db1750dcb1790f9c20e8f,60.15133,24.92329,00000000e8a064a4,13.75
2291,2019-08-01T09:06:06Z,227fd98ceb97d84d0c2c3af35c32cee7a87aea62d71b1a5353ae3588,60.17065,24.93641,000000000f4919c9,21.87
2292,2019-08-01T09:06:06Z,22ac1ab1c590ea19b44c61c42f5e8da29a6acbabf56676527811507a,60.15432,24.9211,0000000019fb59c4,18.79
2293,2019-08-01T09:06:06Z,25479245e5a8b0fe47e2bd590cdd63256d84afd6c164781dc64e527d,60.149,24.9843,00000000fffb8cf0,4.94
2294,2019-08-01T09:06:06Z,25d340d14d855b8c18b2c6f2551ec98a1eb047d1fd3457ba881ddf28,60.17918,24.95141,00000000675d5200,20.28
2295,2019-08-01T09:06:06Z,270749ab8e1a83f0dcbf45dc861bcc0e10361d103d7589841787e366,60.16531,24.9442,00000000fdda10fe,25.36
2296,2019-08-01T09:06:06Z,272c160f908f30259011e0e3a4c2e3ea475ffb602ae6864364fe96be,60.149,24.9843,00000000fffb8cf0,23.56
2297,2019-08-01T09:06:06Z,277fcf3cc917a89b46a34e0cf5164a78f5bcc88d92bb45ded60f1a91,60.17065,24.93641,000000000f4919c9,5.91
2298,2019-08-01T09:06:06Z,2823bf6afde4a5cc05342c15e7417c9590ba52264be5793bb688faab,60.17065,24.93641,000000000f4919c9,21.87
2299,2019-08-01T09:06:06Z,28296ae2b460df2f6807f8a84b81e5ebd24677a05bded29111dc33a4,60.17002,24.94407,000000006b087f40,29.32
2300,2019-08-01T09:06:06Z,28ce50ca84cdcd4c17a36ac666e7ac0267b6ab5b77f4bfb08b2573a1,60.16762,24.95415,000000006b44cce7,4.11
2301,2019-08-01T09:06:06Z,28d50861d92f962c7a49eabaa524431aebf52870e44b79f77d7167c6,60.17918,24.95141,00000000675d5200,5.41
2302,2019-08-01T09:06:06Z,29795b9ff1f5a6605d8cd112953fbcc6f466c5eed26286a73fffba91,60.16544,24.95398,0000000038d83d41,31.5
2303,2019-08-01T09:06:06Z,2a8ba80ac4fbda4f91ebfa759642c857fd090516070753d41bb7d6ad,60.16829,24.94214,00000000afef4555,21.87
2304,2019-08-01T09:06:06Z,2ab97eb72424d3a245ddd77691854f564f939b5bacf84648d4211da2,60.16762,24.95415,000000006b44cce7,18.79
2305,2019-08-01T09:06:06Z,2afa9ac588b2c55e8edf99ee96ecaf63451a7ab1e51571b7e2d1d491,60.16762,24.95415,000000006b44cce7,7.05
2306,2019-08-01T09:06:06Z,2bf8b355af7fc80970ed350e4579dfc9aa8ec85af6c13517cc2dab44,60.17002,24.94407,000000006b087f40,12.69
2307,2019-08-01T09:06:06Z,2c6810efb2565383ca0a554f3c51f3f7905484357f5e00756dbf091a,60.17918,24.95141,00000000675d5200,2.54
2308,2019-08-01T09:06:06Z,2ea9a23b1a04016fb4810d1ceb5731d90774224fd9235877005a4e1c,60.16897,24.95222,00000000aa852af1,20.28
2309,2019-08-01T09:06:06Z,2f43b7a683b0d365a46b6259a032813c293472eaedcdbcc3507adee5,60.17919,24.95181,000000007b5207b6,8.38
2310,2019-08-01T09:06:06Z,2f7636d34066fc720664bb0b85ba6e0a9db63eadebf93248bdf9e941,60.16762,24.95415,000000006b44cce7,10.78
2311,2019-08-01T09:06:06Z,2f82b3546af2df53b58cddc668c9aa196554108cdf39120ea40b417c,60.16629,24.95957,00000000fb7600be,9.92
2312,2019-08-01T09:06:06Z,312e78d3624e87e1645e7d54f96facd8a2321d6e65a3ef0620fb1d42,60.16531,24.9442,00000000fdda10fe,16.1
2313,2019-08-01T09:06:06Z,31b02b3b271f6feef9e49d9285929ff1c25a11e608fc5d70bc6a1fac,60.16897,24.95222,00000000aa852af1,18.79
2314,2019-08-01T09:06:06Z,32fcb1ab3a9fde533916ca28a0d5b56bbb45fd171dd5bae91f66ec6c,60.16897,24.95222,00000000aa852af1,17.4
2315,2019-08-01T09:06:06Z,3371cfaa0eed702110b1f5501d188c9e7424a2e018bb905af13896cc,60.16448,24.97323,0000000053c6c2be,21.87
2316,2019-08-01T09:06:06Z,33fa4cb82db5b44ffe6e7ae1039635187f90d1df328f8f139da0c693,60.17919,24.95181,000000007b5207b6,5.91
2317,2019-08-01T09:06:06Z,3480c16a6649952c388d8902596e332f018e609b9585f483353ae026,60.17065,24.93641,000000000f4919c9,5.91
2318,2019-08-01T09:06:06Z,34e96c7caa63e7ede8f428b18e8fb556ac235d61a50c9d6ac7ff268f,60.17919,24.95181,000000007b5207b6,4.11
2319,2019-08-01T09:06:06Z,359348d27f82b0270a68e954bff8bde5e1a2a32949c7088f12ce7dc8,60.15133,24.92329,00000000e8a064a4,29.32
2320,2019-08-01T09:06:06Z,3609f484ad7e56259f60a61aba44f22dfca5c8b2564fce7e802ad342,60.16829,24.94214,00000000afef4555,0.1
2321,2019-08-01T09:06:06Z,367b1989198ef11170dd9fcfa7e6ebb5ceb58aab87c613ee1bb86e8c,60.16531,24.9442,00000000fdda10fe,9.12
2322,2019-08-01T09:06:06Z,3685ee6d322dcb2ad0ae181f66c3c5427d4531d7896d2f5f7571bb6d,60.16762,24.95415,000000006b44cce7,3.4
2323,2019-08-01T09:06:06Z,36fe97cd2ec69118778c771a87593630f8a6a2cb77d9ce72f845cd3c,60.16762,24.95415,000000006b44cce7,4.5
2324,2019-08-01T09:06:06Z,3939d8e76349cd03d948f91b09b8329cdcb613021d18979a4e4d36ee,60.16897,24.95222,00000000aa852af1,36.27
2325,2019-08-01T09:06:06Z,39c6456ee66fe96eee3d97cee2a70923cedb3da760bb5d4d413adb9c,60.17919,24.95181,000000007b5207b6,21.87
2326,2019-08-01T09:06:06Z,39e9fa7033887b7ab339887aa68753ff94d4771cda2bb8ff4ea7aa0a,60.17918,24.95141,00000000675d5200,12.69
2327,2019-08-01T09:06:06Z,3a1afdcf7c2e5a52cdbcbbe29e8281c184037e8720920c6c75bee339,60.15133,24.92329,00000000e8a064a4,18.79
2328,2019-08-01T09:06:06Z,3a38ba36c098f2741d6c5fb5a751fcd074d05d698ac592ca09ab443c,60.16448,24.97323,0000000053c6c2be,29.32
2329,2019-08-01T09:06:06Z,3a97ae4dcab31eb5e15e5d036d286e9764e25bcf0ad8afcfba854c90,60.16762,24.95415,000000006b44cce7,14.89
2330,2019-08-01T09:06:06Z,3b124e1851087531134d5e5d0a10b6afe3551982609a81a19dd969dd,60.16829,24.94214,00000000afef4555,7.05
2331,2019-08-01T09:06:06Z,3be40c84926a525adbd09eeeb3a12b73b24c633942b2e1fbe8151ac3,60.16448,24.97323,0000000053c6c2be,17.4
2332,2019-08-01T09:06:06Z,3cc82d532d2a768e0c987e2653e32825a8b11fc2f7ba36388535f6e2,60.16075,24.95883,00000000f1124bca,23.56
2333,2019-08-01T09:06:06Z,3d0437a1d090cd3cad05629e69a61c519aa6218e1b7fb47811e5a4ae,60.16762,24.95415,000000006b44cce7,12.69
2334,2019-08-01T09:06:06Z,40825cb0d315c92e0e0a73cc8e86c3b763bbf7ce226f112913e05e0f,60.17065,24.93641,000000000f4919c9,21.87
2335,2019-08-01T09:06:06Z,41a0ca2955e0ae0324f6e14aeb77ebfaac5305e31d86c42a20277b94,60.15133,24.92329,00000000e8a064a4,9.92
2336,2019-08-01T09:06:06Z,4256b81faf420b0636e1bfcf21e8b61482045aed964aae9089c67296,60.16829,24.94214,00000000afef4555,10.78
2337,2019-08-01T09:06:06Z,4470412c4b059a920f2699fbfb72b261e0847b3e1caa8c71d2edd5a2,60.16448,24.97323,0000000053c6c2be,17.4
2338,2019-08-01T09:06:06Z,44cd682aaef3e1d1bc2b0eac71d75bb3a951f74d7c93810d260dfd07,60.16829,24.94214,00000000afef4555,16.1
2339,2019-08-01T09:06:06Z,4642dfa1df839f11e64f68bca4e3dce7bde2ff6dd68c54959fcb4788,60.17918,24.95141,00000000675d5200,9.92
2340,2019-08-01T09:06:06Z,48004849b2f48b2314aa9175433d754db1641b949bb8cf050e2dd128,60.17918,24.95141,00000000675d5200,12.69
2341,2019-08-01T09:06:06Z,48c0ea6615ac4c02fc9bc0e06f9ea9309f9bf7e73b4324d7a6b14610,60.16829,24.94214,00000000afef4555,3.4
2342,2019-08-01T09:06:06Z,49bbad87e4d6cd03bdb073bde7be91193d74d29943badce7fc536916,60.16448,24.97323,0000000053c6c2be,12.69
2343,2019-08-01T09:06:06Z,49df780a7f20a99ad2810fa4bbb46b5fac9bc5cbe3fc800cd572f63a,60.14947,24.91438,000000004ef3150d,23.56
2344,2019-08-01T09:06:06Z,4ade4f0d92c6157a42d7fd8e353d1c93551324ba47cc134b840a6c63,60.16897,24.95222,00000000aa852af1,8.38
2345,2019-08-01T09:06:06Z,4ba529eeafb27285cbbade6e5ece0d4d04bd2d13c98b27a5d17abd22,60.16897,24.95222,00000000aa852af1,4.94
2346,2019-08-01T09:06:06Z,4e2a3b0277341537d1d4cde8e18ee4562952168aa2f7aff200f33c02,60.16629,24.95957,00000000fb7600be,20.28
2347,2019-08-01T09:06:06Z,4f609afde0ba5cb017ba3c549bdd11ff322a2e0227a0f11a9d112220,60.16762,24.95415,000000006b44cce7,16.1
2348,2019-08-01T09:06:06Z,5001aabb6808b9fd96b705d1ebe8e7aca52713c2640100d81879dd86,60.17919,24.95181,000000007b5207b6,6.46
2349,2019-08-01T09:06:06Z,504f910a0bd104a130b85d0c50467a15e74dc950bcc9eac3ebecc43e,60.16531,24.9442,00000000fdda10fe,14.89
2350,2019-08-01T09:06:06Z,51ec42fdd85671ae93876c3d875b24e56cb45699e9c3d2b623dca70d,60.16762,24.95415,000000006b44cce7,12.69
2351,2019-08-01T09:06:06Z,52e7ba8caf7e3c36ea9fb39dff84a37643e9a7ee50bfb4c5295c3759,60.17002,24.94407,000000006b087f40,27.28
2352,2019-08-01T09:06:06Z,5372348389197e6c4bc4c5e3dab047e7384d562220e6295904bbda1b,60.17065,24.93641,000000000f4919c9,3.09
2353,2019-08-01T09:06:06Z,53fb53be4440aecb1a1fa63a9da1db08182cc7e252da14685e63373d,60.16762,24.95415,000000006b44cce7,7.05
2354,2019-08-01T09:06:06Z,54bd709173219e8017f317b63ecc83d0a48f64542e6fa1b83c86a56c,60.17919,24.95181,000000007b5207b6,7.05
2355,2019-08-01T09:06:06Z,556cae6b2e2dec6fe691a835e8e08bd016b1a65797c0aca46879329f,60.17918,24.95141,00000000675d5200,25.36
2356,2019-08-01T09:06:06Z,559429bba23762a872fc7b1e2219d42125ab101e4355d43fdb94ed7b,60.17918,24.95141,00000000675d5200,4.11
2357,2019-08-01T09:06:06Z,559e6a5225ce35ab844c63ea0d0c1695dc490a3d9cfbafa5d35ac8d8,60.14947,24.91438,000000004ef3150d,8.38
2358,2019-08-01T09:06:06Z,560816066eb4d44c34d0d56c57c994c0cccbd36fef545059b8e4d9d7,60.14947,24.91438,000000004ef3150d,7.69
2359,2019-08-01T09:06:06Z,5865a27b5b56a60bca38e4a1403655e3e7fd0232a3ff2079965aff81,60.15432,24.9211,0000000019fb59c4,6.46
2360,2019-08-01T09:06:06Z,58754229cd3381042c5ffda79c0108c5f77aa1f0f6d1468b9cb42b4c,60.16829,24.94214,00000000afef4555,9.92
2361,2019-08-01T09:06:06Z,5978726eeef638856dafd3a8d199287f8daf9e90ddde750b402f8bb0,60.17065,24.93641,000000000f4919c9,1.12
2362,2019-08-01T09:06:06Z,5a07851c2c522c6beba70c513f1b1bea2b30d5d860629837ddd845f8,60.16829,24.94214,00000000afef4555,16.1
2363,2019-08-01T09:06:06Z,5a3004325b5a058e02fb9f32ef4f7e9cc465240cbda7a7e4ec89d2de,60.16629,24.95957,00000000fb7600be,13.75
2364,2019-08-01T09:06:06Z,5a34b02faac3189217466888ef1d31cc80f721ac2f18638c5db88d53,60.14947,24.91438,000000004ef3150d,21.87
2365,2019-08-01T09:06:06Z,5a9efbe8f65e35595e70adafcd4cf88fa573bb76f3759331cd95cab0,60.16829,24.94214,00000000afef4555,16.1
2366,2019-08-01T09:06:06Z,5b06617477af6dcee75a94ac347364b50f6f3b5b7d747e5413d9ad58,60.14947,24.91438,000000004ef3150d,7.69
2367,2019-08-01T09:06:06Z,5c1f71098d5d7258d2971061c791c94e0138c8e02225c5f60d6a0428,60.149,24.9843,00000000fffb8cf0,25.36
2368,2019-08-01T09:06:06Z,5daa76852f3e1be6c75fa2185d5787ab9010cf83d6671515769a8649,60.16531,24.9442,00000000fdda10fe,11.7
2369,2019-08-01T09:06:06Z,5e2c5c20c88ccf362ed8749d1ddc041b1cb1c38d8dbeac7870179322,60.16629,24.95957,00000000fb7600be,6.46
2370,2019-08-01T09:06:06Z,5fe0284ec0eb11405b1a7060df33e93f8a659e348c4e7a21b3559267,60.16762,24.95415,000000006b44cce7,13.75
2371,2019-08-01T09:06:06Z,6051ed50496b74a6ff68c86205d23971fcaccd6c91edfe7d78fa71b0,60.16897,24.95222,00000000aa852af1,16.1
2372,2019-08-01T09:06:06Z,619c5b31af2a28703a837cc7974ef0d2c5bb6584ba0fcc03076218ac,60.17002,24.94407,000000006b087f40,29.32
2373,2019-08-01T09:06:06Z,61f53bab9eb8d4ebb57a9aaea9ccecc63dbf2a442c4d629c5348903f,60.16629,24.95957,00000000fb7600be,18.79
2374,2019-08-01T09:06:06Z,626bf35ce16dba1054cfd175d09475d3ee751bf70e56f984ff5c7ab6,60.15133,24.92329,00000000e8a064a4,23.56
2375,2019-08-01T09:06:06Z,63ff2439779051005c18876d20ed53ce060c1de9d7976821bd518fc6,60.15432,24.9211,0000000019fb59c4,23.56
2376,2019-08-01T09:06:06Z,6470ee836399c5610581ec9de09772d350282ecc4c5c57fa02a5ec68,60.16075,24.95883,00000000f1124bca,23.56
2377,2019-08-01T09:06:06Z,66ad74b1795a3f2db404e46e89b7cdeb3d6e231b6573e3fd29bb7eef,60.16897,24.95222,00000000aa852af1,16.1
2378,2019-08-01T09:06:06Z,674355e17da9460e58566497be518f2eb537880c67c788fedb5067db,60.16629,24.95957,00000000fb7600be,7.69
2379,2019-08-01T09:06:06Z,67cf7d2881080aa59ed36a6d88ea1946d17e9d1d5e1ad9eee1851969,60.18203,24.91341,00000000342570c2,31.5
2380,2019-08-01T09:06:06Z,685af6b01bd180194d718801bb8b9c9de22050cc392d6c6441fe986b,60.18203,24.91341,00000000342570c2,17.4
2381,2019-08-01T09:06:06Z,68d7ad8fab31b3c5967a814376d0ddc6cf42e1db0d9e09dfbba169bd,60.16762,24.95415,000000006b44cce7,14.89
2382,2019-08-01T09:06:06Z,69e2854c78a472b462941ef730aa9fa7a9dba9c1cc22996396d4c78a,60.17918,24.95141,00000000675d5200,4.11
2383,2019-08-01T09:06:06Z,6adce4d05e58232a97635a2fd7918e4e49d9295afc0989d727f9c712,60.17002,24.94407,000000006b087f40,17.4
2384,2019-08-01T09:06:06Z,6be747c7ea296d5a1f3e2942a6208d5f61fe895abb9a13c65372b130,60.16829,24.94214,00000000afef4555,23.56
2385,2019-08-01T09:06:06Z,6c48841a532bcffd2ea10ab292e6f543fd8b434a08dacf740a7d85af,60.16762,24.95415,000000006b44cce7,13.75
2386,2019-08-01T09:06:06Z,6d98ac1fea7056e5b96d6095caf0e3677a4ec30e9fbcc2e50ae1cf65,60.16629,24.95957,00000000fb7600be,11.7
2387,2019-08-01T09:06:06Z,6dca84ddf4be668487766d17c5d13961ed713d24032f709ae87a497f,60.16829,24.94214,00000000afef4555,13.75
2388,2019-08-01T09:06:06Z,6e7752ad629d4259fce88e4af7b24cb9c9c541027aebf01885998449,60.16544,24.95398,0000000038d83d41,20.28
2389,2019-08-01T09:06:06Z,6e80fcea10d21e1d5e672b554c0f3fe686dc58934f38c3391fd5c262,60.17002,24.94407,000000006b087f40,8.38
2390,2019-08-01T09:06:06Z,7003a7f6a5523b645634f014e04bea36016953a8af9324e35602bc2e,60.14947,24.91438,000000004ef3150d,11.7
2391,2019-08-01T09:06:06Z,704c3f3075f13713c363014fa828e4a932e7a05676813b9963a1e554,60.17918,24.95141,00000000675d5200,3.09
2392,2019-08-01T09:06:06Z,70d391038ec56b63a3737605c2c1db6ffbdca8e4490691776dc993f1,60.16829,24.94214,00000000afef4555,10.78
2393,2019-08-01T09:06:06Z,71b01bb8b8e877dc9ca40e756f441571d12ee3311a945417e8aaa116,60.16762,24.95415,000000006b44cce7,17.4
2394,2019-08-01T09:06:06Z,724072d538972ea4a03fff836d9e5031b56f024e452157547da7a70b,60.14699,24.922,00000000a53ed894,36.27
2395,2019-08-01T09:06:06Z,72439a1f997fd347d46394f31f5789edc877fe61ca34fcd31f9150b1,60.18203,24.91341,00000000342570c2,18.79
2396,2019-08-01T09:06:06Z,7283c4d2fe45c53905b540a5180dc566f6f964a8e1482c9611e7d7a2,60.15133,24.92329,00000000e8a064a4,23.56
2397,2019-08-01T09:06:06Z,72f088587da3409c5a4bec360a52a230a7551c3671441baaaabc6357,60.16829,24.94214,00000000afef4555,12.69
2398,2019-08-01T09:06:06Z,73d6b97f785fc0a0a9ed2a397fe1bf1cfa199679f6262451d10e0382,60.16762,24.95415,000000006b44cce7,14.89
2399,2019-08-01T09:06:06Z,75003dbce84bab66829b2489dc3bff3abc4ec7f1b136c28b0835fa0e,60.15133,24.92329,00000000e8a064a4,27.28
2400,2019-08-01T09:06:06Z,750297d0d8ff0ca837d9c2289c26302d62f38708617150431ab14509,60.16531,24.9442,00000000fdda10fe,18.79
2401,2019-08-01T09:06:06Z,7563b91d728fe470bc4d89aa18128a87b92c747336dd2c70cfbf9e84,60.1538,24.95595,0000000038bf9618,21.87
2402,2019-08-01T09:06:06Z,76c2f7b3773d4bebd4dabada1c2b98fe4ea9762e9c98b4a6371d7746,60.16762,24.95415,000000006b44cce7,10.78
2403,2019-08-01T09:06:06Z,774131d73accbbb31ec3c43c3501b7969645eb65df1839ca8116526e,60.15432,24.9211,0000000019fb59c4,18.79
2404,2019-08-01T09:06:06Z,7803e2d46157a5482e745447d4c2c332fbd818d87a20b0f6187c628d,60.17065,24.93641,000000000f4919c9,23.56
2405,2019-08-01T09:06:06Z,78047bec076b1b43b674f39aa6b605b1665404036da0e4dfac3c1e1e,60.14699,24.922,00000000a53ed894,25.36
2406,2019-08-01T09:06:06Z,79669159e96cc1cdf3879c3db8c5621167f92aaa10df4dd21a9be1de,60.16829,24.94214,00000000afef4555,9.12
2407,2019-08-01T09:06:06Z,7a62d9e7c260ee9d4896ace1bd129198320f0fb15d96a8016f9b84c2,60.16829,24.94214,00000000afef4555,17.4
2408,2019-08-01T09:06:06Z,7a6e7ba82e6b0c07f13302099a2ffb55e08a56850ee8c1c6c1bd65d3,60.17065,24.93641,000000000f4919c9,23.56
2409,2019-08-01T09:06:06Z,7c1534082e86ff4387878d813207626d8f728aa26b97248e00a3b8d7,60.16629,24.95957,00000000fb7600be,11.7
2410,2019-08-01T09:06:06Z,7d12711d47425111a6dce413faa867542b9532f3b9c5a934b37a0bc8,60.17918,24.95141,00000000675d5200,14.89
2411,2019-08-01T09:06:06Z,7d415f4fd9093fb383b4ebb88961ad74e6a00d3ece39504712dad639,60.17918,24.95141,00000000675d5200,8.38
2412,2019-08-01T09:06:06Z,7e2e3d07c939e3e76e7ce87678faf64e056afe54215e00488839100f,60.14947,24.91438,000000004ef3150d,20.28
2413,2019-08-01T09:06:06Z,7eb4a715919b3eb4085270535ce4d7b57112591ad7242eb189bf652a,60.17065,24.93641,000000000f4919c9,6.46
2414,2019-08-01T09:06:06Z,7f534fc0885ddf5a5c3814e4232de3356affd42f6c3560055079dc1c,60.16829,24.94214,00000000afef4555,14.89
2415,2019-08-01T09:06:06Z,7f59aaecea1eee6c703ec5d46d67b44289ddedf080defee495b73739,60.14947,24.91438,000000004ef3150d,14.89
2416,2019-08-01T09:06:06Z,7faf8705e89a761625aaed50b89538581e25d5950ec8f051d36ed829,60.14947,24.91438,000000004ef3150d,17.4
2417,2019-08-01T09:06:06Z,7fe96255e89da662cb4a10df4705f39989babea20fdc4ef0bf4fb395,60.14951,24.92138,0000000006dd41f6,27.28
2418,2019-08-01T09:06:06Z,809bf2d7a0745ae512b934a578fd5fd47c13c5398b6d06ad350b9e7c,60.14947,24.91438,000000004ef3150d,12.69
2419,2019-08-01T09:06:06Z,8165c5f8d06298ffd56f071c0ad1cc9f1d4f08084936937d712d0b61,60.15133,24.92329,00000000e8a064a4,21.87
2420,2019-08-01T09:06:06Z,8176eaeb262de7f9113561a8e31b6cf6f4c74c882f7f18ba8bb5acf8,60.173,24.92524,0000000096918cfa,29.32
2421,2019-08-01T09:06:06Z,81cabf0ecb3563f645298961619ca623084bb89ab4b7635ffe2de7c0,60.16829,24.94214,00000000afef4555,16.1
2422,2019-08-01T09:06:06Z,82b78c2220aee81a2744ddfaf7ed29663888987dba6b7cdda05731d9,60.14947,24.91438,000000004ef3150d,18.79
2423,2019-08-01T09:06:06Z,85bdce5b262dbd94adcff03e6cad26a1152828b6ab27e6fdd56b2b13,60.16762,24.95415,000000006b44cce7,2.8
2424,2019-08-01T09:06:06Z,87f1cc4c4a9de1ab81fe39cf7fde6cf0d4778e690f1665b62231ce46,60.149,24.9843,00000000fffb8cf0,27.28
2425,2019-08-01T09:06:06Z,880f9cbb91b9caf48ea9c5dd1a0c8e1db72922b6dfcb647b102fc469,60.16629,24.95957,00000000fb7600be,7.69
2426,2019-08-01T09:06:06Z,88c2bc6310f27465b9f08b28fb52075d7703ce7b097e5beb37c7437c,60.14947,24.91438,000000004ef3150d,11.7
2427,2019-08-01T09:06:06Z,893080d82bb28aa3ab91e41ddd4569086c8135ade7be10aa644fca95,60.17065,24.93641,000000000f4919c9,20.28
2428,2019-08-01T09:06:06Z,898cde3317c73907bb23b1b885828c4bf3187c3a757a18dc32abe970,60.16762,24.95415,000000006b44cce7,8.38
2429,2019-08-01T09:06:06Z,89aeff56a0700534bbf2dfd19fc298f5a890c95e1a45b6ca7ad3c33a,60.16829,24.94214,00000000afef4555,8.38
2430,2019-08-01T09:06:06Z,8a01e28fd327e5c56dcf2dc8b2b7762a96d77584c21990a073ceb11f,60.16829,24.94214,00000000afef4555,6.46
2431,2019-08-01T09:06:06Z,8c5680a91dc767437f030236c6bf02223c9f54a69b06b29583d2876c,60.14699,24.922,00000000a53ed894,36.27
2432,2019-08-01T09:06:06Z,8c571538c285dba9d77edacfb1829b282d54b772b62209c6e4004237,60.17919,24.95181,000000007b5207b6,21.87
2433,2019-08-01T09:06:06Z,8d5e893f77b3d167ebefad4ecab181fea08513599a6f9450f0b9a827,60.17919,24.95181,000000007b5207b6,20.28
2434,2019-08-01T09:06:06Z,8e20d0d67339e3cf43e77c3a340d9dc6766de8d079197a08a1343ff0,60.17065,24.93641,000000000f4919c9,21.87
2435,2019-08-01T09:06:06Z,904a0fc128c9b7a19f77deebcedd8da5dc7f96ad36aa36930f09f87e,60.16762,24.95415,000000006b44cce7,13.75
2436,2019-08-01T09:06:06Z,941e13893853105c86bfbc6d31d62274937602143ce3bb530c8c17ed,60.17918,24.95141,00000000675d5200,10.78
2437,2019-08-01T09:06:06Z,94b54a06b97b71144684ec289acfd57fa5ef17038131748fe839f728,60.16762,24.95415,000000006b44cce7,14.89
2438,2019-08-01T09:06:06Z,9609babe3114439a82f93f797f4a6e779b6bab625488b8ff5b63e674,60.16829,24.94214,00000000afef4555,23.56
2439,2019-08-01T09:06:06Z,97673619aef2a748d2dbbd26567b9b3d7bdae3f5860361bc405404ed,60.16897,24.95222,00000000aa852af1,12.69
2440,2019-08-01T09:06:06Z,99a026b5100e23129fa529e9a57a3dbc8490dc03b58f2193f03e2dcf,60.14951,24.92138,0000000006dd41f6,6.46
2441,2019-08-01T09:06:06Z,99f242a3c3e8ef2df75069f2ee802ecf75bc01317cde7e909ac73f66,60.16531,24.9442,00000000fdda10fe,12.69
2442,2019-08-01T09:06:06Z,9a12cdd9d905a294b1c33d220edf652a99509b8916a79081b8e05dae,60.16629,24.95957,00000000fb7600be,20.28
2443,2019-08-01T09:06:06Z,9abbc86fb0fc1c0532042814af76a97e6a17121831d4394749a290a6,60.16762,24.95415,000000006b44cce7,9.92
2444,2019-08-01T09:06:06Z,9b3e6848d8b34e802134d6da0e5a594897ec3fafbbf08b6d0b84068e,60.17918,24.95141,00000000675d5200,6.46
2445,2019-08-01T09:06:06Z,9bc129708b07f3c5bbf4195e83f0e5b9a663b6f371f416a8e3a605f0,60.16897,24.95222,00000000aa852af1,20.28
2446,2019-08-01T09:06:06Z,9bdb503344071eddd74d821f537246d8a6c19468b05d38d0170377f9,60.16897,24.95222,00000000aa852af1,7.69
2447,2019-08-01T09:06:06Z,9bef8b28ea93ecaee57d05b037edbfe7f80014aaf56343345fedd7be,60.17919,24.95181,000000007b5207b6,4.5
2448,2019-08-01T09:06:06Z,9ce214896068957a21bc57af08680d84debbd091b49ad5e6402c4cc8,60.16629,24.95957,00000000fb7600be,16.1
2449,2019-08-01T09:06:06Z,9e2fc7d2196f097e688761506eb14b5cf3baa0aecca96c1131ae1767,60.16897,24.95222,00000000aa852af1,23.56
2450,2019-08-01T09:06:06Z,9e343a150f07bb3dcce5ecab8ac061b84d65b347b1af5a232e00eeb6,60.16829,24.94214,00000000afef4555,10.78
2451,2019-08-01T09:06:06Z,9eee6d740f1d483c484d02f0995f35550c09e6a8cf01f02680db5efc,60.16448,24.97323,0000000053c6c2be,12.69
2452,2019-08-01T09:06:06Z,a04214b56cac7d70680703ee6a28fac742f3c3190b55b46a79c1f76d,60.149,24.9843,00000000fffb8cf0,16.1
2453,2019-08-01T09:06:06Z,a1049deed97cd1989c882cb47bb39f0d93d1fddbac4e9307e8a4249e,60.16544,24.95398,0000000038d83d41,20.28
2454,2019-08-01T09:06:06Z,a256ee4e61079f54581967787db25324859ef431207cb182cd468fbe,60.16829,24.94214,00000000afef4555,12.69
2455,2019-08-01T09:06:06Z,a38c11c450b472b9dad2f076e2d9a63651292d3de806331d06af7f46,60.16531,24.9442,00000000fdda10fe,18.79
2456,2019-08-01T09:06:06Z,a3d99fc570ed19522398a09fafe7d264d95d2cd387780feb931b4573,60.17065,24.93641,000000000f4919c9,13.75
2457,2019-08-01T09:06:06Z,a403dc1eebc5d130e12a4c3e4298737c9e00b25b1b6b2cc36a6979c9,60.16629,24.95957,00000000fb7600be,17.4
2458,2019-08-01T09:06:06Z,a4b9f871dcc986c95f1e84fe203bb392ba0fe13164d89119bda2c94a,60.16762,24.95415,000000006b44cce7,5.91
2459,2019-08-01T09:06:06Z,a5423cad01b42682deb516a777f50fd783fd1fd9dc23b7cab01eaedc,60.16897,24.95222,00000000aa852af1,18.79
2460,2019-08-01T09:06:06Z,a66eb6150c36b53f6240acfe16dd98ceb16c43b8e02d0b56993bac73,60.16897,24.95222,00000000aa852af1,25.36
2461,2019-08-01T09:06:06Z,a6d010615b0732a971c180467cd17865327688c7e6c60628c3d452d3,60.16762,24.95415,000000006b44cce7,21.87
2462,2019-08-01T09:06:06Z,a6d0dd9de406b1201a4e438ec7c5f4a467f38c41e2dec42ff6c71d50,60.16897,24.95222,00000000aa852af1,12.69
2463,2019-08-01T09:06:06Z,a786eb3b8a25c58099a428799e99d0b86401f803ee38d3e5d20e59d3,60.15432,24.9211,0000000019fb59c4,20.28
2464,2019-08-01T09:06:06Z,a83415babca8eac00f69a32371a230fdadda29bf40fd69f75cf2e8fb,60.17919,24.95181,000000007b5207b6,13.75
2465,2019-08-01T09:06:06Z,a8ca7fb815e707c04434a085c4f99e783d56372143afc92225eae622,60.15133,24.92329,00000000e8a064a4,21.87
2466,2019-08-01T09:06:06Z,aa05a7036c3586a79d23f426b78bf158357208bc82d7ddf9a1326dd2,60.16531,24.9442,00000000fdda10fe,8.38
2467,2019-08-01T09:06:06Z,aa5281244780ac8f283c3452639d477cd76e31fc6f0b95b99c51a9b0,60.16762,24.95415,000000006b44cce7,1.7
2468,2019-08-01T09:06:06Z,abf0be93e7a8aec9fa8284fdbcc2493f32084aa95f15660b23e149c6,60.16629,24.95957,00000000fb7600be,17.4
2469,2019-08-01T09:06:06Z,aca524ceb3c7373172ecd0d06b26e7d610d441f4a47ab78ae0ad3340,60.15133,24.92329,00000000e8a064a4,29.32
2470,2019-08-01T09:06:06Z,acb3f4b2a6b9fe720b98158caba37c1958df05919990f30368dbbd8b,60.16762,24.95415,000000006b44cce7,6.46
2471,2019-08-01T09:06:06Z,acbbe4765d72f36b0323407c7dbe43db7b4ad5e2da0a6a9e5966db0b,60.16897,24.95222,00000000aa852af1,11.7
2472,2019-08-01T09:06:06Z,ad22512fd6a5ad9e19fdfad7e02b2793ecb01875be243f894c637ae2,60.16829,24.94214,00000000afef4555,13.75
2473,2019-08-01T09:06:06Z,af67ffa8b538058603b74f48e04ab914e8f6cd450f53c47f8c3d683d,60.15432,24.9211,0000000019fb59c4,11.7
2474,2019-08-01T09:06:06Z,afaed9946dbc1509500c6f80f87eed8fe44a74ba3e14328c6efe3971,60.16829,24.94214,00000000afef4555,14.89
2475,2019-08-01T09:06:06Z,b09e9bb62cc49c085c1aee3b752af1bec69dabc939323e5733f73933,60.17065,24.93641,000000000f4919c9,18.79
2476,2019-08-01T09:06:06Z,b28757d67868f9471f0d997a935e857fd0ff1095449820929597563b,60.16762,24.95415,000000006b44cce7,8.38
2477,2019-08-01T09:06:06Z,b32e57a6f5865a23d7a0e9fa346d5ec4e975f99c4df815fe8b1449b2,60.17919,24.95181,000000007b5207b6,17.4
2478,2019-08-01T09:06:06Z,b474e34db18d21635ec9ea2654513e6759c326f3aaec96c25f9a204e,60.16897,24.95222,00000000aa852af1,18.79
2479,2019-08-01T09:06:06Z,b4ad2ae124ba06d650fd30de0b19851bff32daef16a95b7f1bb96a00,60.16897,24.95222,00000000aa852af1,27.28
2480,2019-08-01T09:06:06Z,b50a45ac0708e7b5cca42f3458430eb22ff70a81c575bafe99ffda23,60.17002,24.94407,000000006b087f40,7.05
2481,2019-08-01T09:06:06Z,b5914d43ee79b7856a7c687a2a1f9f79057d63ba414f409f43cee118,60.16762,24.95415,000000006b44cce7,17.4
2482,2019-08-01T09:06:06Z,b6b32d1744cab38523e13d061fa256f05d6e01d920275907327c3083,60.16829,24.94214,00000000afef4555,7.05
2483,2019-08-01T09:06:06Z,b6c43126ca83e916a68e57d0178060c24fc61305836b6c8f188f7285,60.17918,24.95141,00000000675d5200,9.12
2484,2019-08-01T09:06:06Z,b6f0f4101a1a258dcb1d82d77ca91000694d4fed15bd882a8e3bfe66,60.149,24.9843,00000000fffb8cf0,16.1
2485,2019-08-01T09:06:06Z,b7c3b37b32d534f6824ac8d99b4c79d0cb915cab104fdb745550ea22,60.16762,24.95415,000000006b44cce7,10.78
2486,2019-08-01T09:06:06Z,b8038854618ce49585b1b6da449b945625ada46d3a0e8942e9f8137f,60.16629,24.95957,00000000fb7600be,13.75
2487,2019-08-01T09:06:06Z,bb2187a4e20012ad694c768ef2c47c9a9055671024ebf4855d4e6243,60.16531,24.9442,00000000fdda10fe,1.38
2488,2019-08-01T09:06:06Z,bc20b3b236588d3632c07aba05bd43ff4ec70f10290f2feb5175b8ab,60.16762,24.95415,000000006b44cce7,9.12
2489,2019-08-01T09:06:06Z,bc6d5082ca52e6dae7a1689a835434f3f6341e90afea565480eb9674,60.16829,24.94214,00000000afef4555,11.7
2490,2019-08-01T09:06:06Z,bc82f76c979de19b559e9e3aa0cd6cbf5ac361e2d7b1ac9f81fe2f4f,60.17918,24.95141,00000000675d5200,9.92
2491,2019-08-01T09:06:06Z,bd23c66c4df0bd849266a4429a24f23f2c9503cf31eb0cd9780248e6,60.18203,24.91341,00000000342570c2,20.28
2492,2019-08-01T09:06:06Z,be12d6aaccf354197284a8c92b960bd6a4e1705f7d948823e7891fde,60.16762,24.95415,000000006b44cce7,11.7
2493,2019-08-01T09:06:06Z,bee144e090a471427ec7878609f2446cb79f4c8d7e3c3bf0f67cf8d2,60.16762,24.95415,000000006b44cce7,12.69
2494,2019-08-01T09:06:06Z,bf546b1abc8eba5c7f399f527508a7304dea62586aa297896d71ea5c,60.18203,24.91341,00000000342570c2,41.64
2495,2019-08-01T09:06:06Z,c004fa64cb7de7e87d3b91639ae5f95304fb1a90b0a0e927cea958af,60.16762,24.95415,000000006b44cce7,8.38
2496,2019-08-01T09:06:06Z,c15da9ed244b57a27a083919c67d0edde078a31b18cb58f13581f173,60.1538,24.95595,0000000038bf9618,23.56
2497,2019-08-01T09:06:06Z,c1674c59c49d5bf74e6808239a91d18a04e47697d298bc61a7618af2,60.16448,24.97323,0000000053c6c2be,14.89
2498,2019-08-01T09:06:06Z,c434f18b802a764aad7a2dfb46e93546acb1b0975cf9b93fd47363f6,60.15432,24.9211,0000000019fb59c4,4.5
2499,2019-08-01T09:06:06Z,c46895857ca53c3362932d446a58c13b60d297f99ca237d4546589e8,60.16897,24.95222,00000000aa852af1,11.7
2500,2019-08-01T09:06:06Z,c51beff15d228f2dab9416cadfcc60fe269ce3d9202a9cf2ec7e7647,60.16829,24.94214,00000000afef4555,12.69
2501,2019-08-01T09:06:06Z,c71ca1a0d84d8b380a2d73e225e3300b3aaa1f0bf494129f8dbed55f,60.17918,24.95141,00000000675d5200,18.79
2502,2019-08-01T09:06:06Z,c8aef405537103b9d31a7e2dda43949f5844b9a36494f8defaf0d803,60.17002,24.94407,000000006b087f40,25.36
2503,2019-08-01T09:06:06Z,c8b9856a261673c3360915cd9a4dabb4afe22b63a86d7f59f7dc5f20,60.17002,24.94407,000000006b087f40,20.28
2504,2019-08-01T09:06:06Z,c93d1c42f65728f190bd80e34d3615e0b6852f7672565cbbc1be83fe,60.17002,24.94407,000000006b087f40,29.32
2505,2019-08-01T09:06:06Z,c98bce1cc275ed0a1b833011f8cd251ac848fdc84501fe87eb8b5d54,60.17918,24.95141,00000000675d5200,17.4
2506,2019-08-01T09:06:06Z,ca7719c7cd8d4496b666f608fc07ba9930e362a0b2d96890b0778618,60.16629,24.95957,00000000fb7600be,9.12
2507,2019-08-01T09:06:06Z,cccf3ba2a9d11b9330c18af8064a20aca9995473495bf119162a1619,60.16897,24.95222,00000000aa852af1,9.12
2508,2019-08-01T09:06:06Z,cce3077cdfeedd0674391bec08ce94732557106542574c58a7f378bf,60.16829,24.94214,00000000afef4555,10.78
2509,2019-08-01T09:06:06Z,cf823e18aa21de251222a9ab70c1b76b6218dea694752d56f6f84082,60.149,24.9843,00000000fffb8cf0,20.28
2510,2019-08-01T09:06:06Z,d16e16def718519430296afa23976c226aaf720722bce3d92a2aad43,60.14947,24.91438,000000004ef3150d,11.7
2511,2019-08-01T09:06:06Z,d29a5ebd00326d5dedb6c60cab75fd238bdaa9d7f703f6b5974edbc7,60.16762,24.95415,000000006b44cce7,8.38
2512,2019-08-01T09:06:06Z,d31d6921eee92503b486a1b30f5330581c4744a82e6549f375544846,60.17919,24.95181,000000007b5207b6,16.1
2513,2019-08-01T09:06:06Z,d562afdedae521be241c98441e436608a323fdb944dedc24c835e762,60.17065,24.93641,000000000f4919c9,4.94
2514,2019-08-01T09:06:06Z,d653ef8368d33df4fc7edeb5a381d5826be1471f1470aa9744d47901,60.173,24.92524,0000000096918cfa,4.11
2515,2019-08-01T09:06:06Z,d65b8625c1f24304ff0e3c4a4dce7aa5d434d36be87be41834a49420,60.16531,24.9442,00000000fdda10fe,4.94
2516,2019-08-01T09:06:06Z,d6e217c6592e449e2390b1a874e08cbc9126116901dbdbf84501c6b8,60.17065,24.93641,000000000f4919c9,7.69
2517,2019-08-01T09:06:06Z,d74ea3c9e0aaa523c791aa01f4f9a7c1c43f01f585dc4146b19edf83,60.17919,24.95181,000000007b5207b6,11.7
2518,2019-08-01T09:06:06Z,d7734ef0345fcffc0f4bd7579275af62987490aba012209832e92059,60.16629,24.95957,00000000fb7600be,10.78
2519,2019-08-01T09:06:06Z,d80b1d1a63e542cbbdb6a33c8fba0b0dcfa324d17f2f3173c3d5a37b,60.18203,24.91341,00000000342570c2,31.5
2520,2019-08-01T09:06:06Z,d81eea3c8bf927d879268dc01665b897d48eecc647bbf61f91f37a33,60.16544,24.95398,0000000038d83d41,23.56
2521,2019-08-01T09:06:06Z,d87c4d5dc2cd620de54fdd076d4f9b35245053d65b644d9e01f558b5,60.16762,24.95415,000000006b44cce7,8.38
2522,2019-08-01T09:06:06Z,d983db67d9cd171123ba12eeb19c11f34a3ad1d75fc9214ac3ae8a26,60.17002,24.94407,000000006b087f40,20.28
2523,2019-08-01T09:06:06Z,db09e59d30e841073faa26d5c3a781d50a29e13bff061b33681d6ba7,60.17919,24.95181,000000007b5207b6,7.05
2524,2019-08-01T09:06:06Z,dbedd81db3d59ee0c6948187e396a34e2fa5dd6670cf8d862bf5e1ff,60.16762,24.95415,000000006b44cce7,9.12
2525,2019-08-01T09:06:06Z,deb8a213e1b4930e676ee8fdb394161ec46adb785171fa37437b4d44,60.15133,24.92329,00000000e8a064a4,7.69
2526,2019-08-01T09:06:06Z,dfe80baf219bd267a459c954a8e3027b3f1ed29fea2a5355456d5652,60.16897,24.95222,00000000aa852af1,12.69
2527,2019-08-01T09:06:06Z,e0fe7fe5854899c0eb42b75b300339808143419404558ed4d00b0f17,60.17918,24.95141,00000000675d5200,5.91
2528,2019-08-01T09:06:06Z,e234769b1ce1634554f5fa4a290d11b2a30c3dfd009d4c39a2e9dd3d,60.17065,24.93641,000000000f4919c9,12.69
2529,2019-08-01T09:06:06Z,e2bb0ae74deee6cbc4f50c5f85da3f1779ca1db1ae7ff48ab4b33dbc,60.17918,24.95141,00000000675d5200,4.5
2530,2019-08-01T09:06:06Z,e2f445c6711e0e7d48a6a045bec347587f9f398e8928a171cfa2ca38,60.16762,24.95415,000000006b44cce7,18.79
2531,2019-08-01T09:06:06Z,e3f844c56875bd572c3b57a835b884f1060b467d3bbd25c50dcc7e28,60.16762,24.95415,000000006b44cce7,9.92
2532,2019-08-01T09:06:06Z,e508e239ba2ca68b34ad5074f3d7b013e72f6f7df36eb6cdf545be78,60.16762,24.95415,000000006b44cce7,12.69
2533,2019-08-01T09:06:06Z,e528235be3e5cc4945024d50d1ed43061e2e2f2845f2b41e081e1721,60.17919,24.95181,000000007b5207b6,12.69
2534,2019-08-01T09:06:06Z,e5cad8bb9a6c8dcc067948d7f869033aca5bdd062da175c8734092e6,60.17919,24.95181,000000007b5207b6,5.41
2535,2019-08-01T09:06:06Z,e729325b3fe611c9dc2290efdcb3efa71b6d425282d0e683f1435dbf,60.17918,24.95141,00000000675d5200,13.75
2536,2019-08-01T09:06:06Z,e73dcccbc4dd6af49316f19a34c347cc94ff7ab079a93a2672d78a16,60.14947,24.91438,000000004ef3150d,27.28
2537,2019-08-01T09:06:06Z,e8ed8051f57ad9d9029a5e3b443c5e93e5059f8c487ba45e2583d35a,60.16829,24.94214,00000000afef4555,20.28
2538,2019-08-01T09:06:06Z,e9064a62fac257836cb6fbcf0d84fab1ebdfa46bd6734632f1e6f116,60.16829,24.94214,00000000afef4555,7.05
2539,2019-08-01T09:06:06Z,e9275b4d525e0593374e00e9cf9885062a1699ecb3462c758a025ef1,60.16762,24.95415,000000006b44cce7,17.4
2540,2019-08-01T09:06:06Z,ea3f8412ed9c4d92448688dd9cc7ff9e3eeb5fe4373d0953bf0349c1,60.16531,24.9442,00000000fdda10fe,17.4
2541,2019-08-01T09:06:06Z,ea94130fbb3464dc656765cfddbad802ddfafb1af8007cb5f42cd41f,60.16829,24.94214,00000000afef4555,12.69
2542,2019-08-01T09:06:06Z,eaf572301dc5c1eaff007bc1886cce8f0f5e92a233b8686ed2a1a9cc,60.17065,24.93641,000000000f4919c9,18.79
2543,2019-08-01T09:06:06Z,ec2dd83e04d225caca9f6b9d28bd3080ed37c5bf42e5f65123fa2394,60.17065,24.93641,000000000f4919c9,13.75
2544,2019-08-01T09:06:06Z,ec7121833f0e4b509d683b00a9c5e992e4b84882cb857145102e14f4,60.16531,24.9442,00000000fdda10fe,1.54
2545,2019-08-01T09:06:06Z,ec8c0160ac1ee5aeaf6204956c9db2ee4f98f55ae3fe1ec0af07fab8,60.16762,24.95415,000000006b44cce7,6.46
2546,2019-08-01T09:06:06Z,ed86f884272a5a400b55bfd4f22bc8cc5d6fca7fe26eee3c39cb3c52,60.15432,24.9211,0000000019fb59c4,10.78
2547,2019-08-01T09:06:06Z,eef621895ee74145a6d76c5f5493a93d7c728c80abe45a2e1933ae9f,60.16897,24.95222,00000000aa852af1,14.89
2548,2019-08-01T09:06:06Z,ef67b9e4617f284b84167b4bdaff71108579a33ced0a2450ff25a1a1,60.16629,24.95957,00000000fb7600be,9.12
2549,2019-08-01T09:06:06Z,f03d20d6bb80ce0745cb0fbed6619e0a6288bfffd08e9aabce1692ba,60.17065,24.93641,000000000f4919c9,9.92
2550,2019-08-01T09:06:06Z,f1447725764ec0dca245fc67f2aa0a0c42e6b05808076aa74f0c1e7e,60.17918,24.95141,00000000675d5200,7.05
2551,2019-08-01T09:06:06Z,f1b28329fc91f4708ca34857c5582c0bf1b7d0ab06127746029cd72c,60.17919,24.95181,000000007b5207b6,7.05
2552,2019-08-01T09:06:06Z,f20935810c1567a80c288016c4d4dd32fe86b3479f47ae7dd64d15cc,60.15432,24.9211,0000000019fb59c4,3.74
2553,2019-08-01T09:06:06Z,f29ed00b645af4bbf50174e71f58a9b691d2e2342e59eda242d97380,60.16829,24.94214,00000000afef4555,11.7
2554,2019-08-01T09:06:06Z,f4bbc3077da0455d4340da2eed204915327b75a792080724548b4956,60.17918,24.95141,00000000675d5200,4.94
2555,2019-08-01T09:06:06Z,f503a41d3e8b9b57628f4f061c1d8e0c53c62dd8a6fe38d212958ee6,60.16075,24.95883,00000000f1124bca,5.41
2556,2019-08-01T09:06:06Z,f55165f87792f06aaca9b79eea536f4bd692c8ee806294be5fb014df,60.16829,24.94214,00000000afef4555,25.36
2557,2019-08-01T09:06:06Z,f587de6c8c03387c5e6a66cd7d20c45abad3668c8e2246611122547b,60.14947,24.91438,000000004ef3150d,18.79
2558,2019-08-01T09:06:06Z,f741519cf6f519194bb45b9da0e69bda8edb903e3c24d4140f340467,60.16762,24.95415,000000006b44cce7,9.12
2559,2019-08-01T09:06:06Z,f9ac563cc5339e1d4c1de5a94bf0dfb35deeb2d3935cd67306b95025,60.16829,24.94214,00000000afef4555,41.64
2560,2019-08-01T09:06:06Z,f9e527876f8dfe750fd29bc42664bbf572aed5d09d344a8934a83d90,60.17065,24.93641,000000000f4919c9,3.4
2561,2019-08-01T09:06:06Z,fa9f19c58a086fde9429d732b1eec80eacf5fc1b2c0124d17243d008,60.17919,24.95181,000000007b5207b6,5.41
2562,2019-08-01T09:06:06Z,fba6e66dd09200012637e0b454c96fd7a5459b7e8b0ba01863cdbd77,60.16762,24.95415,000000006b44cce7,1.88
2563,2019-08-01T09:06:06Z,fc75e05a713e8733c512a31a3bebec0a122af3e7afb2c5059c3f1a3a,60.17002,24.94407,000000006b087f40,17.4
2564,2019-08-01T09:06:06Z,fdb3239bb0017def73005dc66a8d674c713493499c8feff7a6c01018,60.16762,24.95415,000000006b44cce7,9.92
2565,2019-08-01T09:06:06Z,fea1453360073dfc1896bf1f005f51addb49661f953e16cffba3c63d,60.16531,24.9442,00000000fdda10fe,9.12
2566,2019-08-01T09:06:07Z,0fff89885f08417f20aadfdbf62a372277e9085bcd024374b772ecac,60.16531,24.9442,00000000fdda10fe,25.36
2567,2019-08-01T09:06:07Z,0ffffc922d45d8063a1ee9f51760d94aa7e3f957374f5a86b3a18d09,60.16897,24.95222,00000000aa852af1,23.56
2568,2019-08-01T09:06:07Z,144afc51fc2443c7031a2912566eff2ce60226a49d6d2bd7c2923700,60.16544,24.95398,0000000038d83d41,23.56
2569,2019-08-01T09:06:07Z,14c7e1511b70f4dd3359cbece1377aebb4d70531f5489eefe53d7c3c,60.16544,24.95398,0000000038d83d41,31.5
2570,2019-08-01T09:06:07Z,15918569de0a46a8eb56b43d8d39f7fc82619ff1006f00822c85745c,60.17919,24.95181,000000007b5207b6,14.89
2571,2019-08-01T09:06:07Z,165ebbb4090d47319ae370f0d0854fdc1f6b79499f8b2e4d3c3533c0,60.16544,24.95398,0000000038d83d41,25.36
2572,2019-08-01T09:06:07Z,1f0f0628cdc688d76bde2b82bee5b9b4916bf0bbdfe76cf3213e1c65,60.15432,24.9211,0000000019fb59c4,21.87
2573,2019-08-01T09:06:07Z,292606f67d727ffe99f3d106b447f4be48f7a9d57bab0871c46eeb58,60.1538,24.95595,0000000038bf9618,41.64
2574,2019-08-01T09:06:07Z,2a93b61a3863ace54349d7a0937e4134fcc6d4dfcf064eefae2b7cf8,60.15432,24.9211,0000000019fb59c4,18.79
2575,2019-08-01T09:06:07Z,2dd6ca2c889266702d554569764346cf583b74b0890b10e00ecd4f82,60.16544,24.95398,0000000038d83d41,29.32
2576,2019-08-01T09:06:07Z,2f33dacc8bf2b0b809b88130b46696c922929e1eb8ea92017f05509a,60.16448,24.97323,0000000053c6c2be,20.28
2577,2019-08-01T09:06:07Z,35c6573a3fdd07d91dacb331df71f349703fbecb50875602452d3b83,60.16762,24.95415,000000006b44cce7,16.1
2578,2019-08-01T09:06:07Z,5d65719c4cbf045f068d084b72302f447d5fd034413d97d13be00d0e,60.18203,24.91341,00000000342570c2,18.79
2579,2019-08-01T09:06:07Z,6a657079c1bdc8114c289be1ddd83e5846d4279a920d1697b8ff0033,60.18203,24.91341,00000000342570c2,18.79
2580,2019-08-01T09:06:07Z,6d22b751ff5173035dc85c52c3dff0780126adae67fe33dc62dd45ef,60.16531,24.9442,00000000fdda10fe,18.79
2581,2019-08-01T09:06:07Z,6ff437688c444238352c28f64f9d2a7d0f14d19c9ea42c225380501e,60.16762,24.95415,000000006b44cce7,9.92
2582,2019-08-01T09:06:07Z,76c7f42283513d0e289bf786d89463b5025b2ae0f4e13519a4cf228b,60.15432,24.9211,0000000019fb59c4,21.87
2583,2019-08-01T09:06:07Z,78d5f60b36b59c06c3988b94e11744bb3aed5dcbc214f91f228bf892,60.16448,24.97323,0000000053c6c2be,23.56
2584,2019-08-01T09:06:07Z,84fdfd8881f633c5f0c71c1480053953ca4b05e848052d97c063ad38,60.1538,24.95595,0000000038bf9618,25.36
2585,2019-08-01T09:06:07Z,87dfaad29a9276ddddb1fa021d3bc23ad14824c1af16f7d87e713689,60.14951,24.92138,0000000006dd41f6,10.78
2586,2019-08-01T09:06:07Z,89982a6acf91b79a282a6b63978e946ee205f303fcd20e944e06baf0,60.16544,24.95398,0000000038d83d41,27.28
2587,2019-08-01T09:06:07Z,8c75c3289c84fe4493e1e272a77b615fe1985880c5dc68a7c1a17b53,60.16762,24.95415,000000006b44cce7,12.69
2588,2019-08-01T09:06:07Z,8cc6ddaa460aeae8cc9e8a33f91a01c8cd4c0c8bf8a943210a28c84d,60.1538,24.95595,0000000038bf9618,11.7
2589,2019-08-01T09:06:07Z,9843c6216661048343a0e49cf3d8aa2883cf77f452666a1c873a1052,60.16448,24.97323,0000000053c6c2be,10.78
2590,2019-08-01T09:06:07Z,9d03d14afa49576281aa26db60e517f7c1ec8aa36f7756959a860a8a,60.16629,24.95957,00000000fb7600be,11.7
2591,2019-08-01T09:06:07Z,a14995de8d7238548ad864b3af34ee5e2003a3e4df9d516744be66a9,60.16544,24.95398,0000000038d83d41,29.32
2592,2019-08-01T09:06:07Z,a91d379a4b57c5df22db0d7a041ff69f657b4b31f28554b1011fc03c,60.16544,24.95398,0000000038d83d41,33.81
2593,2019-08-01T09:06:07Z,a9da1ee82e3b670e276c26b483dd50f4a6d0c6f77ef82245d3ae6086,60.18203,24.91341,00000000342570c2,21.87
2594,2019-08-01T09:06:07Z,ab0f67c0c0e1ba5eac9013f9c314feadf340ddf08543b91e70483594,60.16544,24.95398,0000000038d83d41,21.87
2595,2019-08-01T09:06:07Z,b1f358076ba79ef902a36ca8ae3f8ec7c93308a67c479345bfdbdecf,60.1538,24.95595,0000000038bf9618,36.27
2596,2019-08-01T09:06:07Z,b4faf2d3c4d2b199afeab6ab63b583fe3a2e81e14abbef6917f25129,60.15432,24.9211,0000000019fb59c4,18.79
2597,2019-08-01T09:06:07Z,b5fd6b317890e5ab2d79e2cd1abe61626d45a753c7337d0d40728898,60.16762,24.95415,000000006b44cce7,9.92
2598,2019-08-01T09:06:07Z,b986140b3339363c8bd5cc5eed0819ca5a421cb6e5b17c42ccf729f4,60.16829,24.94214,00000000afef4555,8.38
2599,2019-08-01T09:06:07Z,c40c37def6bf11a63a2556519a7c6233fd417cdeea2cf14f28e7c42c,60.16531,24.9442,00000000fdda10fe,27.28
2600,2019-08-01T09:06:07Z,cf05623e4d87ce0906c0b0b7dbf53aacc1228016cd27c341228b6e76,60.18203,24.91341,00000000342570c2,17.4
2601,2019-08-01T09:06:07Z,dd2c9c82cf3737146294aff6f814a1349fb0bc4bedf518715dacbe8f,60.18203,24.91341,00000000342570c2,10.78
2602,2019-08-01T09:06:07Z,df89b51aeaaa1a8c64db45d6c35f918b650806b37aea9b50246a3267,60.16829,24.94214,00000000afef4555,27.28
2603,2019-08-01T09:06:07Z,ec72ef080c605e71978aed0d3b5f22c3c3133677a43c614b72eedc6d,60.14699,24.922,00000000a53ed894,29.32
2604,2019-08-01T09:06:07Z,ed70dda6b7faebd4340dacdb452ab224d9d3c308df417b7fa76f54e8,60.14951,24.92138,0000000006dd41f6,23.56
2605,2019-08-01T09:06:07Z,f088630d7476dae7d4b7e2bb1f10575f2c89acb4b6e061f3d57c2b40,60.16531,24.9442,00000000fdda10fe,25.36
2606,2019-08-01T09:06:07Z,f7e45613ad966fea53fab73b435ba3a087c774e36596b3a5156a3487,60.16829,24.94214,00000000afef4555,5.91
2607,2019-08-01T09:06:07Z,f83d4b6b8ffbf8a674d212e32100b2360b80261b4e9207d77c0b0ed3,60.17919,24.95181,000000007b5207b6,16.1
2608,2019-08-01T09:06:07Z,fc4f3a44235f1cfc7b53f14ba2da599976a5a0a220d23b852688e485,60.17918,24.95141,00000000675d5200,14.89
2609,2019-08-01T09:06:07Z,02050a536056486b1bf139282f0d0a3af63def1d56ff0c73ac51bb19,60.14947,24.91438,000000004ef3150d,17.4
2610,2019-08-01T09:06:07Z,023083c44c772667f1727e01c74518889b2a82d78ceb28c08b6f8a20,60.16531,24.9442,00000000fdda10fe,12.69
2611,2019-08-01T09:06:07Z,028149b8bfaf37d1f064cb0b4f23ae118f00d8eff41679fb8830396a,60.16531,24.9442,00000000fdda10fe,29.32
2612,2019-08-01T09:06:07Z,02fb8c740573d86a30d1a85d4b270f0d198cd0487446d6ca84453f3f,60.16544,24.95398,0000000038d83d41,20.28
2613,2019-08-01T09:06:07Z,0362cc670dcfab795a3911957b6a177416bf9b99d0e2732716796c4d,60.15432,24.9211,0000000019fb59c4,10.78
2614,2019-08-01T09:06:07Z,03f427d436ba092925de462b11374bdbdab0443620037675621fbc11,60.17919,24.95181,000000007b5207b6,13.75
2615,2019-08-01T09:06:07Z,04ea66c9d014e7e72c902ac6d8ac6b7e5045738ebf2d6d086525b361,60.16829,24.94214,00000000afef4555,29.32
2616,2019-08-01T09:06:07Z,063935180fff0e58de5d319ecb9320cf794423e3c6aeac0cca8f1a9f,60.16897,24.95222,00000000aa852af1,12.69
2617,2019-08-01T09:06:07Z,084a28a3b7b25fc337905f6c6115a66adb0bea6908a071ada1e2e1b5,60.14951,24.92138,0000000006dd41f6,36.27
2618,2019-08-01T09:06:07Z,08f10568d1e90d000e41196f141e0c1a52bab88fcf08f4753a3c055e,60.16897,24.95222,00000000aa852af1,16.1
2619,2019-08-01T09:06:07Z,08f9fd60f852d3502bfa509c955e9963e73954f961d55ba8cd46cae9,60.16629,24.95957,00000000fb7600be,12.69
2620,2019-08-01T09:06:07Z,0951ec0c700dba7330b8e8181fc852becde054d0dc7474d1488db3cd,60.17065,24.93641,000000000f4919c9,17.4
2621,2019-08-01T09:06:07Z,09cfe3ccea2138f9a7a14b633026c75879d915955e4d18d8913efebf,60.14951,24.92138,0000000006dd41f6,27.28
2622,2019-08-01T09:06:07Z,0b1e470de9987c18967cad858b6f79c135ffd2e9ad00bb9c470d0eb3,60.1538,24.95595,0000000038bf9618,31.5
2623,2019-08-01T09:06:07Z,0c1684b697a63d7f47ebaedcfa060b3b4af294fec1e62d613699291a,60.16897,24.95222,00000000aa852af1,9.92
2624,2019-08-01T09:06:07Z,0e8d646fc7b4b57d136a79e8a7c83c470ca0d37fd6cdabafed7cee9a,60.16544,24.95398,0000000038d83d41,17.4
2625,2019-08-01T09:06:07Z,1069967e3921871955b1b2b42e60f829c593a3e024401bfe61ae410e,60.16629,24.95957,00000000fb7600be,16.1
2626,2019-08-01T09:06:07Z,1074ffc7b33a1a8b54ea8f31d0f43ba07ed2ad7841b548f9bd4b9bad,60.17065,24.93641,000000000f4919c9,27.28
2627,2019-08-01T09:06:07Z,13a759fd293cbde0d55db753d853768b718e59036c4007d2e3a8757a,60.16762,24.95415,000000006b44cce7,13.75
2628,2019-08-01T09:06:07Z,13cbade1d832c78b1a0a68fd9a6559054370eeae58247347955ee632,60.16897,24.95222,00000000aa852af1,16.1
2629,2019-08-01T09:06:07Z,15b314157b22b2a5bf8a39539a049ce73e7baa21b0ce24f21718ce4a,60.17002,24.94407,000000006b087f40,18.79
2630,2019-08-01T09:06:07Z,16e18d478be872d2a9801fa885d08edeb3f5ae1840b38478f9baf535,60.17919,24.95181,000000007b5207b6,20.28
2631,2019-08-01T09:06:07Z,190cdde22bc3e3a41cd0f9da7efb3a917bc09e8034b05ca6064ea8a8,60.17918,24.95141,00000000675d5200,9.92
2632,2019-08-01T09:06:07Z,1cfafdaa3ff1975bcf6f699641431e88775ba2183074d825eeb81dd3,60.149,24.9843,00000000fffb8cf0,13.75
2633,2019-08-01T09:06:07Z,1d70ff49909e1d6fb653ae053aa78084daf385dbbd2ad22b05707309,60.16829,24.94214,00000000afef4555,10.78
2634,2019-08-01T09:06:07Z,1da40c618e0432bb037d08723b65821f6223509e8b4033a4b4190047,60.17065,24.93641,000000000f4919c9,27.28
2635,2019-08-01T09:06:07Z,1dacfb371d75dd4f90f447aac2a00faad98beb4188a6971c19eb2375,60.16629,24.95957,00000000fb7600be,27.28
2636,2019-08-01T09:06:07Z,1dbecade1f3540eb44c3d86cb1ffc73d5bf422ea0cf76927c2d5cd74,60.16829,24.94214,00000000afef4555,17.4
2637,2019-08-01T09:06:07Z,1dcff36b6f83b08b6ea87c1c1018c542c270299839908ca446dffb39,60.16762,24.95415,000000006b44cce7,12.69
2638,2019-08-01T09:06:07Z,1e3af5697f0a2ae45f261da79e4ba71c868dc4d78008bd1995fe6259,60.16448,24.97323,0000000053c6c2be,10.78
2639,2019-08-01T09:06:07Z,1e6029f749dce72746f03dcc61a1986b14438610b7ff6a19c8165e6f,60.16829,24.94214,00000000afef4555,10.78
2640,2019-08-01T09:06:07Z,1ecbc7c6afe89033252e5510cbb893666af2b3bc29f555a3a6287fdb,60.14951,24.92138,0000000006dd41f6,3.4
2641,2019-08-01T09:06:07Z,1f813dc10021899138c12ca17c58ab3dc24db1750dcb1790f9c20e8f,60.15133,24.92329,00000000e8a064a4,14.89
2642,2019-08-01T09:06:07Z,20b37aa6c3ad0dfea9c182498905a450537b0efbbd8563b205e93afd,60.16897,24.95222,00000000aa852af1,11.7
2643,2019-08-01T09:06:07Z,22ac1ab1c590ea19b44c61c42f5e8da29a6acbabf56676527811507a,60.15432,24.9211,0000000019fb59c4,9.12
2644,2019-08-01T09:06:07Z,22b68b1dc6e6d815ca8e6afbd434ae0e229670798c443052e7444648,60.16762,24.95415,000000006b44cce7,18.79
2645,2019-08-01T09:06:07Z,25479245e5a8b0fe47e2bd590cdd63256d84afd6c164781dc64e527d,60.149,24.9843,00000000fffb8cf0,4.94
2646,2019-08-01T09:06:07Z,25d340d14d855b8c18b2c6f2551ec98a1eb047d1fd3457ba881ddf28,60.17918,24.95141,00000000675d5200,16.1
2647,2019-08-01T09:06:07Z,272c160f908f30259011e0e3a4c2e3ea475ffb602ae6864364fe96be,60.149,24.9843,00000000fffb8cf0,21.87
2648,2019-08-01T09:06:07Z,277fcf3cc917a89b46a34e0cf5164a78f5bcc88d92bb45ded60f1a91,60.17065,24.93641,000000000f4919c9,8.38
2649,2019-08-01T09:06:07Z,279fb0bcbbad5140c3a5cb21f606be809b1e94f43f38c17ebade63a4,60.16544,24.95398,0000000038d83d41,17.4
2650,2019-08-01T09:06:07Z,2823bf6afde4a5cc05342c15e7417c9590ba52264be5793bb688faab,60.17065,24.93641,000000000f4919c9,33.81
2651,2019-08-01T09:06:07Z,28296ae2b460df2f6807f8a84b81e5ebd24677a05bded29111dc33a4,60.17002,24.94407,000000006b087f40,21.87
2652,2019-08-01T09:06:07Z,2832565094d8e4bd54c7a2442ac8807d97669bc460c1cb75a831bbb8,60.16762,24.95415,000000006b44cce7,25.36
2653,2019-08-01T09:06:07Z,28ce50ca84cdcd4c17a36ac666e7ac0267b6ab5b77f4bfb08b2573a1,60.16762,24.95415,000000006b44cce7,2.3
2654,2019-08-01T09:06:07Z,28d50861d92f962c7a49eabaa524431aebf52870e44b79f77d7167c6,60.17918,24.95141,00000000675d5200,6.46
2655,2019-08-01T09:06:07Z,2a8ba80ac4fbda4f91ebfa759642c857fd090516070753d41bb7d6ad,60.16829,24.94214,00000000afef4555,10.78
2656,2019-08-01T09:06:07Z,2bf8b355af7fc80970ed350e4579dfc9aa8ec85af6c13517cc2dab44,60.17002,24.94407,000000006b087f40,27.28
2657,2019-08-01T09:06:07Z,2c1dcbe1930bbd0596b8dea9e2abc4e49a10db5a1fbd25f103aaf5a4,60.16762,24.95415,000000006b44cce7,16.1
2658,2019-08-01T09:06:07Z,2c6810efb2565383ca0a554f3c51f3f7905484357f5e00756dbf091a,60.17918,24.95141,00000000675d5200,3.09
2659,2019-08-01T09:06:07Z,2c6f6440161f9061a850e8db96383d5eb111f0d1d8f0b666b7c49f22,60.16897,24.95222,00000000aa852af1,17.4
2660,2019-08-01T09:06:07Z,2dcc113a258bced083c9729d8e62d6001f909ce1c9dac69fa7bead83,60.17065,24.93641,000000000f4919c9,27.28
2661,2019-08-01T09:06:07Z,2f43b7a683b0d365a46b6259a032813c293472eaedcdbcc3507adee5,60.17919,24.95181,000000007b5207b6,8.38
2662,2019-08-01T09:06:07Z,2f79108a454c0072885ad1447280ed5098d061b229eaae61a8bb67be,60.15432,24.9211,0000000019fb59c4,18.79
2663,2019-08-01T09:06:07Z,2f82b3546af2df53b58cddc668c9aa196554108cdf39120ea40b417c,60.16629,24.95957,00000000fb7600be,14.89
2664,2019-08-01T09:06:07Z,2ff189e5846383641192cafb595a7a8f77394239ee03aabd1bf3c49f,60.16829,24.94214,00000000afef4555,25.36
2665,2019-08-01T09:06:07Z,305fbd6210068d9850f2080e20d5f4674db13ed9e5b56d5f71c4d21f,60.16629,24.95957,00000000fb7600be,20.28
2666,2019-08-01T09:06:07Z,312e78d3624e87e1645e7d54f96facd8a2321d6e65a3ef0620fb1d42,60.16531,24.9442,00000000fdda10fe,27.28
2667,2019-08-01T09:06:07Z,31b02b3b271f6feef9e49d9285929ff1c25a11e608fc5d70bc6a1fac,60.16897,24.95222,00000000aa852af1,14.89
2668,2019-08-01T09:06:07Z,32fcb1ab3a9fde533916ca28a0d5b56bbb45fd171dd5bae91f66ec6c,60.16897,24.95222,00000000aa852af1,23.56
2669,2019-08-01T09:06:07Z,3371cfaa0eed702110b1f5501d188c9e7424a2e018bb905af13896cc,60.16448,24.97323,0000000053c6c2be,21.87
2670,2019-08-01T09:06:07Z,33fa4cb82db5b44ffe6e7ae1039635187f90d1df328f8f139da0c693,60.17919,24.95181,000000007b5207b6,5.91
2671,2019-08-01T09:06:07Z,3480c16a6649952c388d8902596e332f018e609b9585f483353ae026,60.17065,24.93641,000000000f4919c9,3.4
2672,2019-08-01T09:06:07Z,34e96c7caa63e7ede8f428b18e8fb556ac235d61a50c9d6ac7ff268f,60.17919,24.95181,000000007b5207b6,3.74
2673,2019-08-01T09:06:07Z,359348d27f82b0270a68e954bff8bde5e1a2a32949c7088f12ce7dc8,60.15133,24.92329,00000000e8a064a4,25.36
2674,2019-08-01T09:06:07Z,3609f484ad7e56259f60a61aba44f22dfca5c8b2564fce7e802ad342,60.16829,24.94214,00000000afef4555,0.41
2675,2019-08-01T09:06:07Z,367b1989198ef11170dd9fcfa7e6ebb5ceb58aab87c613ee1bb86e8c,60.16531,24.9442,00000000fdda10fe,7.05
2676,2019-08-01T09:06:07Z,3685ee6d322dcb2ad0ae181f66c3c5427d4531d7896d2f5f7571bb6d,60.16762,24.95415,000000006b44cce7,5.91
2677,2019-08-01T09:06:07Z,36fe97cd2ec69118778c771a87593630f8a6a2cb77d9ce72f845cd3c,60.16762,24.95415,000000006b44cce7,11.7
2678,2019-08-01T09:06:07Z,370e50e1f77aeb2782c892f70147b6a5749ecd7e9ee41036f693ba0a,60.16762,24.95415,000000006b44cce7,12.69
2679,2019-08-01T09:06:07Z,38fb20c6d55b10dd10a39c0fb41ad61297453e25afda81cf32313ae3,60.16531,24.9442,00000000fdda10fe,21.87
2680,2019-08-01T09:06:07Z,39126ffb278f49e06180cc6abe5b31ab3acdce1534b5b6ffa0b6e567,60.18203,24.91341,00000000342570c2,29.32
2681,2019-08-01T09:06:07Z,39c6456ee66fe96eee3d97cee2a70923cedb3da760bb5d4d413adb9c,60.17919,24.95181,000000007b5207b6,9.92
2682,2019-08-01T09:06:07Z,39e9fa7033887b7ab339887aa68753ff94d4771cda2bb8ff4ea7aa0a,60.17918,24.95141,00000000675d5200,13.75
2683,2019-08-01T09:06:07Z,3a1afdcf7c2e5a52cdbcbbe29e8281c184037e8720920c6c75bee339,60.15133,24.92329,00000000e8a064a4,13.75
2684,2019-08-01T09:06:07Z,3a2f1a2c6c645bd161943b3f19c171d021512d7a8c4273ed3022f5df,60.16829,24.94214,00000000afef4555,9.92
2685,2019-08-01T09:06:07Z,3a38ba36c098f2741d6c5fb5a751fcd074d05d698ac592ca09ab443c,60.16448,24.97323,0000000053c6c2be,41.64
2686,2019-08-01T09:06:07Z,3b124e1851087531134d5e5d0a10b6afe3551982609a81a19dd969dd,60.16829,24.94214,00000000afef4555,9.92
2687,2019-08-01T09:06:07Z,3be40c84926a525adbd09eeeb3a12b73b24c633942b2e1fbe8151ac3,60.16448,24.97323,0000000053c6c2be,14.89
2688,2019-08-01T09:06:07Z,3cc82d532d2a768e0c987e2653e32825a8b11fc2f7ba36388535f6e2,60.16075,24.95883,00000000f1124bca,23.56
2689,2019-08-01T09:06:07Z,3e38f81e326b0b05865281c970ada8f17e15292f3591242542bfb73e,60.16531,24.9442,00000000fdda10fe,27.28
2690,2019-08-01T09:06:07Z,3eea43670f4f29a90ced59c1af122371340275fb61ff8f14c7120658,60.16762,24.95415,000000006b44cce7,5.41
2691,2019-08-01T09:06:07Z,40646914186edc6142b7fc3daf766121b55f5bb36ea38facff686ea5,60.16897,24.95222,00000000aa852af1,18.79
2692,2019-08-01T09:06:07Z,40825cb0d315c92e0e0a73cc8e86c3b763bbf7ce226f112913e05e0f,60.17065,24.93641,000000000f4919c9,25.36
2693,2019-08-01T09:06:07Z,411f63100f0afed103b4e31b3544b8cf0c4c830902efe7da020562c4,60.16629,24.95957,00000000fb7600be,23.56
2694,2019-08-01T09:06:07Z,41a0ca2955e0ae0324f6e14aeb77ebfaac5305e31d86c42a20277b94,60.15133,24.92329,00000000e8a064a4,10.78
2695,2019-08-01T09:06:07Z,4256b81faf420b0636e1bfcf21e8b61482045aed964aae9089c67296,60.16829,24.94214,00000000afef4555,13.75
2696,2019-08-01T09:06:07Z,42844e90c7134ebb3ec325f57cd27cd24711c779548ebc8692a820d5,60.14951,24.92138,0000000006dd41f6,4.11
2697,2019-08-01T09:06:07Z,432417b4972b744ded3410777a6bbb583cf56172bf3436ddbe48a21d,60.16762,24.95415,000000006b44cce7,10.78
2698,2019-08-01T09:06:07Z,43e023a8726ec4c53a8cea6dcaa79e722da4677e37f3f6c9d3cc9873,60.16544,24.95398,0000000038d83d41,20.28
2699,2019-08-01T09:06:07Z,4470412c4b059a920f2699fbfb72b261e0847b3e1caa8c71d2edd5a2,60.16448,24.97323,0000000053c6c2be,17.4
2700,2019-08-01T09:06:07Z,44cd682aaef3e1d1bc2b0eac71d75bb3a951f74d7c93810d260dfd07,60.16829,24.94214,00000000afef4555,14.89
2701,2019-08-01T09:06:07Z,4642dfa1df839f11e64f68bca4e3dce7bde2ff6dd68c54959fcb4788,60.17918,24.95141,00000000675d5200,5.41
2702,2019-08-01T09:06:07Z,4682d95464cedcc021f38271a51bab9c000762b4acf802070e259ba2,60.16629,24.95957,00000000fb7600be,10.78
2703,2019-08-01T09:06:07Z,47bd1492244c444d45674eb48dd2e6f222cb109d820ba807c4e18c1a,60.16629,24.95957,00000000fb7600be,20.28
2704,2019-08-01T09:06:07Z,48004849b2f48b2314aa9175433d754db1641b949bb8cf050e2dd128,60.17918,24.95141,00000000675d5200,17.4
2705,2019-08-01T09:06:07Z,48c0ea6615ac4c02fc9bc0e06f9ea9309f9bf7e73b4324d7a6b14610,60.16829,24.94214,00000000afef4555,5.41
2706,2019-08-01T09:06:07Z,49bbad87e4d6cd03bdb073bde7be91193d74d29943badce7fc536916,60.16448,24.97323,0000000053c6c2be,11.7
2707,2019-08-01T09:06:07Z,49df780a7f20a99ad2810fa4bbb46b5fac9bc5cbe3fc800cd572f63a,60.14947,24.91438,000000004ef3150d,14.89
2708,2019-08-01T09:06:07Z,49f30a741207cbfec775d36d911b5e67735df0f53762d3d5e0de05a8,60.16531,24.9442,00000000fdda10fe,23.56
2709,2019-08-01T09:06:07Z,4ade4f0d92c6157a42d7fd8e353d1c93551324ba47cc134b840a6c63,60.16897,24.95222,00000000aa852af1,4.5
2710,2019-08-01T09:06:07Z,4ba529eeafb27285cbbade6e5ece0d4d04bd2d13c98b27a5d17abd22,60.16897,24.95222,00000000aa852af1,3.09
2711,2019-08-01T09:06:07Z,4c8696833edf46025bc9b5f589679b77a73c857736036aa9ef6696e5,60.17002,24.94407,000000006b087f40,18.79
2712,2019-08-01T09:06:07Z,4f93c5c493e876fd65b50774e1c92d808bcddb72337905c0c6bb385b,60.16829,24.94214,00000000afef4555,21.87
2713,2019-08-01T09:06:07Z,4fb4a3650a2a28469dde9c537458d24411aa6075666e047dd756fba9,60.17919,24.95181,000000007b5207b6,31.5
2714,2019-08-01T09:06:07Z,5001aabb6808b9fd96b705d1ebe8e7aca52713c2640100d81879dd86,60.17919,24.95181,000000007b5207b6,8.38
2715,2019-08-01T09:06:07Z,52dafb8d2f758077fde6a37220aa103d803e9c58d64ac234a45708ee,60.16531,24.9442,00000000fdda10fe,36.27
2716,2019-08-01T09:06:07Z,5372348389197e6c4bc4c5e3dab047e7384d562220e6295904bbda1b,60.17065,24.93641,000000000f4919c9,12.69
2717,2019-08-01T09:06:07Z,53d8fd3162d3b72ea9f77159ab356b46d40de1758d6388e60fe70985,60.16629,24.95957,00000000fb7600be,21.87
2718,2019-08-01T09:06:07Z,53fb53be4440aecb1a1fa63a9da1db08182cc7e252da14685e63373d,60.16762,24.95415,000000006b44cce7,9.12
2719,2019-08-01T09:06:07Z,54bd709173219e8017f317b63ecc83d0a48f64542e6fa1b83c86a56c,60.17919,24.95181,000000007b5207b6,13.75
2720,2019-08-01T09:06:07Z,556cae6b2e2dec6fe691a835e8e08bd016b1a65797c0aca46879329f,60.17918,24.95141,00000000675d5200,12.69
2721,2019-08-01T09:06:07Z,559429bba23762a872fc7b1e2219d42125ab101e4355d43fdb94ed7b,60.17918,24.95141,00000000675d5200,4.94
2722,2019-08-01T09:06:07Z,559e6a5225ce35ab844c63ea0d0c1695dc490a3d9cfbafa5d35ac8d8,60.14947,24.91438,000000004ef3150d,13.75
2723,2019-08-01T09:06:07Z,584cb0b0cdd14e608c8b57c8aecc9826f9b40027e365e2438a444ea2,60.16762,24.95415,000000006b44cce7,11.7
2724,2019-08-01T09:06:07Z,5865a27b5b56a60bca38e4a1403655e3e7fd0232a3ff2079965aff81,60.15432,24.9211,0000000019fb59c4,8.38
2725,2019-08-01T09:06:07Z,58754229cd3381042c5ffda79c0108c5f77aa1f0f6d1468b9cb42b4c,60.16829,24.94214,00000000afef4555,25.36
2726,2019-08-01T09:06:07Z,5978726eeef638856dafd3a8d199287f8daf9e90ddde750b402f8bb0,60.17065,24.93641,000000000f4919c9,0.41
2727,2019-08-01T09:06:07Z,5a07851c2c522c6beba70c513f1b1bea2b30d5d860629837ddd845f8,60.16829,24.94214,00000000afef4555,17.4
2728,2019-08-01T09:06:07Z,5a3004325b5a058e02fb9f32ef4f7e9cc465240cbda7a7e4ec89d2de,60.16629,24.95957,00000000fb7600be,17.4
2729,2019-08-01T09:06:07Z,5a34b02faac3189217466888ef1d31cc80f721ac2f18638c5db88d53,60.14947,24.91438,000000004ef3150d,20.28
2730,2019-08-01T09:06:07Z,5a8d671a78b976d212d9746d88b9a754a2d9c8341c529e88b7c6b8f4,60.17065,24.93641,000000000f4919c9,29.32
2731,2019-08-01T09:06:07Z,5b06617477af6dcee75a94ac347364b50f6f3b5b7d747e5413d9ad58,60.14947,24.91438,000000004ef3150d,16.1
2732,2019-08-01T09:06:07Z,5b8d7790d251f068844cdf9a038ea91552c75dfd06e0b0b74fdc5808,60.16829,24.94214,00000000afef4555,20.28
2733,2019-08-01T09:06:07Z,5c1f71098d5d7258d2971061c791c94e0138c8e02225c5f60d6a0428,60.149,24.9843,00000000fffb8cf0,20.28
2734,2019-08-01T09:06:07Z,5daa76852f3e1be6c75fa2185d5787ab9010cf83d6671515769a8649,60.16531,24.9442,00000000fdda10fe,10.78
2735,2019-08-01T09:06:07Z,5dc7341101ac9a971ad3bd8764c172439aa3c351b8b6654e21e2c76f,60.16829,24.94214,00000000afef4555,17.4
2736,2019-08-01T09:06:07Z,5e2c5c20c88ccf362ed8749d1ddc041b1cb1c38d8dbeac7870179322,60.16629,24.95957,00000000fb7600be,3.09
2737,2019-08-01T09:06:07Z,60fb71f332cc032172f6238e9ddeaf6911310759fc2cd535746d74f9,60.16629,24.95957,00000000fb7600be,23.56
2738,2019-08-01T09:06:07Z,619c5b31af2a28703a837cc7974ef0d2c5bb6584ba0fcc03076218ac,60.17002,24.94407,000000006b087f40,27.28
2739,2019-08-01T09:06:07Z,61e4465b011a94bbf6341adebb1aed56100967cac117b368910b36de,60.16544,24.95398,0000000038d83d41,23.56
2740,2019-08-01T09:06:07Z,61f53bab9eb8d4ebb57a9aaea9ccecc63dbf2a442c4d629c5348903f,60.16629,24.95957,00000000fb7600be,20.28
2741,2019-08-01T09:06:07Z,626bf35ce16dba1054cfd175d09475d3ee751bf70e56f984ff5c7ab6,60.15133,24.92329,00000000e8a064a4,20.28
2742,2019-08-01T09:06:07Z,63ff2439779051005c18876d20ed53ce060c1de9d7976821bd518fc6,60.15432,24.9211,0000000019fb59c4,20.28
2743,2019-08-01T09:06:07Z,65b6b62b547e11e10f7f83ad497446bee2bb9653097d9d62e9b1b817,60.17065,24.93641,000000000f4919c9,5.41
2744,2019-08-01T09:06:07Z,66ad74b1795a3f2db404e46e89b7cdeb3d6e231b6573e3fd29bb7eef,60.16897,24.95222,00000000aa852af1,16.1
2745,2019-08-01T09:06:07Z,674355e17da9460e58566497be518f2eb537880c67c788fedb5067db,60.16629,24.95957,00000000fb7600be,4.94
2746,2019-08-01T09:06:07Z,67cf7d2881080aa59ed36a6d88ea1946d17e9d1d5e1ad9eee1851969,60.18203,24.91341,00000000342570c2,29.32
2747,2019-08-01T09:06:07Z,685af6b01bd180194d718801bb8b9c9de22050cc392d6c6441fe986b,60.18203,24.91341,00000000342570c2,8.38
2748,2019-08-01T09:06:07Z,68d7ad8fab31b3c5967a814376d0ddc6cf42e1db0d9e09dfbba169bd,60.16762,24.95415,000000006b44cce7,16.1
2749,2019-08-01T09:06:07Z,69e2854c78a472b462941ef730aa9fa7a9dba9c1cc22996396d4c78a,60.17919,24.95181,000000007b5207b6,16.1
2750,2019-08-01T09:06:07Z,6a10589866d3928c96556bf2a61fc0426579b5f948f98bc9ddc1ba05,60.17002,24.94407,000000006b087f40,23.56
2751,2019-08-01T09:06:07Z,6adce4d05e58232a97635a2fd7918e4e49d9295afc0989d727f9c712,60.17002,24.94407,000000006b087f40,20.28
2752,2019-08-01T09:06:07Z,6be747c7ea296d5a1f3e2942a6208d5f61fe895abb9a13c65372b130,60.16829,24.94214,00000000afef4555,23.56
2753,2019-08-01T09:06:07Z,6d98ac1fea7056e5b96d6095caf0e3677a4ec30e9fbcc2e50ae1cf65,60.16629,24.95957,00000000fb7600be,14.89
2754,2019-08-01T09:06:07Z,6dd5463e670c352180c1e912300e21e59f5e2976266df8c3c92b0baf,60.16829,24.94214,00000000afef4555,18.79
2755,2019-08-01T09:06:07Z,6e7752ad629d4259fce88e4af7b24cb9c9c541027aebf01885998449,60.16544,24.95398,0000000038d83d41,17.4
2756,2019-08-01T09:06:07Z,6e80fcea10d21e1d5e672b554c0f3fe686dc58934f38c3391fd5c262,60.17002,24.94407,000000006b087f40,11.7
2757,2019-08-01T09:06:07Z,6fe2cf6737d40d71251dac8ebef5356a2b765621e97a346c00a6031c,60.15432,24.9211,0000000019fb59c4,3.4
2758,2019-08-01T09:06:07Z,7003a7f6a5523b645634f014e04bea36016953a8af9324e35602bc2e,60.14947,24.91438,000000004ef3150d,11.7
2759,2019-08-01T09:06:07Z,704c3f3075f13713c363014fa828e4a932e7a05676813b9963a1e554,60.17918,24.95141,00000000675d5200,4.94
2760,2019-08-01T09:06:07Z,70d391038ec56b63a3737605c2c1db6ffbdca8e4490691776dc993f1,60.16829,24.94214,00000000afef4555,13.75
2761,2019-08-01T09:06:07Z,72439a1f997fd347d46394f31f5789edc877fe61ca34fcd31f9150b1,60.18203,24.91341,00000000342570c2,16.1
2762,2019-08-01T09:06:07Z,7283c4d2fe45c53905b540a5180dc566f6f964a8e1482c9611e7d7a2,60.15133,24.92329,00000000e8a064a4,14.89
2763,2019-08-01T09:06:07Z,75003dbce84bab66829b2489dc3bff3abc4ec7f1b136c28b0835fa0e,60.15133,24.92329,00000000e8a064a4,12.69
2764,2019-08-01T09:06:07Z,750297d0d8ff0ca837d9c2289c26302d62f38708617150431ab14509,60.16531,24.9442,00000000fdda10fe,23.56
2765,2019-08-01T09:06:07Z,7563b91d728fe470bc4d89aa18128a87b92c747336dd2c70cfbf9e84,60.1538,24.95595,0000000038bf9618,29.32
2766,2019-08-01T09:06:07Z,76c2f7b3773d4bebd4dabada1c2b98fe4ea9762e9c98b4a6371d7746,60.16762,24.95415,000000006b44cce7,9.12
2767,2019-08-01T09:06:07Z,7700297fec4982ad776529835e2ab46d4e5cbc889e26f368c19efeef,60.16829,24.94214,00000000afef4555,18.79
2768,2019-08-01T09:06:07Z,774131d73accbbb31ec3c43c3501b7969645eb65df1839ca8116526e,60.15432,24.9211,0000000019fb59c4,4.94
2769,2019-08-01T09:06:07Z,78047bec076b1b43b674f39aa6b605b1665404036da0e4dfac3c1e1e,60.14699,24.922,00000000a53ed894,21.87
2770,2019-08-01T09:06:07Z,78ec3b06e6504f54673ca689d2a31a647973ada7b757f2139ecb9f8e,60.16897,24.95222,00000000aa852af1,18.79
2771,2019-08-01T09:06:07Z,79669159e96cc1cdf3879c3db8c5621167f92aaa10df4dd21a9be1de,60.16829,24.94214,00000000afef4555,5.41
2772,2019-08-01T09:06:07Z,7a62d9e7c260ee9d4896ace1bd129198320f0fb15d96a8016f9b84c2,60.16829,24.94214,00000000afef4555,7.05
2773,2019-08-01T09:06:07Z,7a6e7ba82e6b0c07f13302099a2ffb55e08a56850ee8c1c6c1bd65d3,60.17065,24.93641,000000000f4919c9,25.36
2774,2019-08-01T09:06:07Z,7c1534082e86ff4387878d813207626d8f728aa26b97248e00a3b8d7,60.16629,24.95957,00000000fb7600be,14.89
2775,2019-08-01T09:06:07Z,7cd51189de07d01882cf0a9346f0830a9b21764875334d45e143fbd5,60.17002,24.94407,000000006b087f40,16.1
2776,2019-08-01T09:06:07Z,7d12711d47425111a6dce413faa867542b9532f3b9c5a934b37a0bc8,60.17918,24.95141,00000000675d5200,16.1
2777,2019-08-01T09:06:07Z,7d415f4fd9093fb383b4ebb88961ad74e6a00d3ece39504712dad639,60.17918,24.95141,00000000675d5200,9.92
2778,2019-08-01T09:06:07Z,7e2e3d07c939e3e76e7ce87678faf64e056afe54215e00488839100f,60.14947,24.91438,000000004ef3150d,14.89
2779,2019-08-01T09:06:07Z,7eb4a715919b3eb4085270535ce4d7b57112591ad7242eb189bf652a,60.17065,24.93641,000000000f4919c9,17.4
2780,2019-08-01T09:06:07Z,7f534fc0885ddf5a5c3814e4232de3356affd42f6c3560055079dc1c,60.16829,24.94214,00000000afef4555,12.69
2781,2019-08-01T09:06:07Z,7f59aaecea1eee6c703ec5d46d67b44289ddedf080defee495b73739,60.14947,24.91438,000000004ef3150d,11.7
2782,2019-08-01T09:06:07Z,7f65f2b0e1d24ec91081d53cec843f31d1593a3cde561066fe1a024c,60.16762,24.95415,000000006b44cce7,18.79
2783,2019-08-01T09:06:07Z,7faf8705e89a761625aaed50b89538581e25d5950ec8f051d36ed829,60.14947,24.91438,000000004ef3150d,13.75
2784,2019-08-01T09:06:07Z,7fe96255e89da662cb4a10df4705f39989babea20fdc4ef0bf4fb395,60.14951,24.92138,0000000006dd41f6,25.36
2785,2019-08-01T09:06:07Z,803aa69b96b908a7c0c6aa220ec55e2e4040a754d002d81d9ff1a7a6,60.16762,24.95415,000000006b44cce7,21.87
2786,2019-08-01T09:06:07Z,809bf2d7a0745ae512b934a578fd5fd47c13c5398b6d06ad350b9e7c,60.14947,24.91438,000000004ef3150d,7.05
2787,2019-08-01T09:06:07Z,8165c5f8d06298ffd56f071c0ad1cc9f1d4f08084936937d712d0b61,60.15133,24.92329,00000000e8a064a4,17.4
2788,2019-08-01T09:06:07Z,81cabf0ecb3563f645298961619ca623084bb89ab4b7635ffe2de7c0,60.16829,24.94214,00000000afef4555,16.1
2789,2019-08-01T09:06:07Z,82bab0a1bfd11576cf62159546b756e1da44125c76909e270ced391b,60.16897,24.95222,00000000aa852af1,33.81
2790,2019-08-01T09:06:07Z,84d1d9aa30ee8522d093db9e804511ce266eafc2488c6d3af73dd762,60.16531,24.9442,00000000fdda10fe,18.79
2791,2019-08-01T09:06:07Z,85bdce5b262dbd94adcff03e6cad26a1152828b6ab27e6fdd56b2b13,60.16762,24.95415,000000006b44cce7,2.54
2792,2019-08-01T09:06:07Z,865e0ca61059b42592b769e4f1c906aa652b7e6f53612163f6002550,60.16897,24.95222,00000000aa852af1,17.4
2793,2019-08-01T09:06:07Z,86e7584bf95733cef59d74bb4955881e99dc86b73a0d5b4e3ef58b50,60.18203,24.91341,00000000342570c2,23.56
2794,2019-08-01T09:06:07Z,87f1cc4c4a9de1ab81fe39cf7fde6cf0d4778e690f1665b62231ce46,60.149,24.9843,00000000fffb8cf0,27.28
2795,2019-08-01T09:06:07Z,880f9cbb91b9caf48ea9c5dd1a0c8e1db72922b6dfcb647b102fc469,60.16629,24.95957,00000000fb7600be,9.92
2796,2019-08-01T09:06:07Z,88c2bc6310f27465b9f08b28fb52075d7703ce7b097e5beb37c7437c,60.14947,24.91438,000000004ef3150d,17.4
2797,2019-08-01T09:06:07Z,893080d82bb28aa3ab91e41ddd4569086c8135ade7be10aa644fca95,60.17065,24.93641,000000000f4919c9,20.28
2798,2019-08-01T09:06:07Z,898cde3317c73907bb23b1b885828c4bf3187c3a757a18dc32abe970,60.16762,24.95415,000000006b44cce7,9.12
2799,2019-08-01T09:06:07Z,89aeff56a0700534bbf2dfd19fc298f5a890c95e1a45b6ca7ad3c33a,60.16829,24.94214,00000000afef4555,11.7
2800,2019-08-01T09:06:07Z,8a01e28fd327e5c56dcf2dc8b2b7762a96d77584c21990a073ceb11f,60.16829,24.94214,00000000afef4555,1.38
2801,2019-08-01T09:06:07Z,8c2c35fb6ebc0f07014a3291523f291bea82160dee13d091314cde65,60.16762,24.95415,000000006b44cce7,20.28
2802,2019-08-01T09:06:07Z,8c571538c285dba9d77edacfb1829b282d54b772b62209c6e4004237,60.17919,24.95181,000000007b5207b6,18.79
2803,2019-08-01T09:06:07Z,8d5e893f77b3d167ebefad4ecab181fea08513599a6f9450f0b9a827,60.17919,24.95181,000000007b5207b6,16.1
2804,2019-08-01T09:06:07Z,8e20d0d67339e3cf43e77c3a340d9dc6766de8d079197a08a1343ff0,60.17065,24.93641,000000000f4919c9,36.27
2805,2019-08-01T09:06:07Z,8ec54dc2fd63fcef9c0df9dffc12f40ebbada360614e04849594479a,60.17002,24.94407,000000006b087f40,25.36
2806,2019-08-01T09:06:07Z,8ff363623484e942b5555694468900717744f957e1a6221903490bac,60.16762,24.95415,000000006b44cce7,20.28
2807,2019-08-01T09:06:07Z,941e13893853105c86bfbc6d31d62274937602143ce3bb530c8c17ed,60.17918,24.95141,00000000675d5200,13.75
2808,2019-08-01T09:06:07Z,94de25728748a75e0ae17bd3f75d246c22fa741c669973ccb86ea813,60.16531,24.9442,00000000fdda10fe,18.79
2809,2019-08-01T09:06:07Z,9998e64e3b5162fd8890fc4e2dfe41a3e875f08500f1cef0c4820855,60.16829,24.94214,00000000afef4555,25.36
2810,2019-08-01T09:06:07Z,99a026b5100e23129fa529e9a57a3dbc8490dc03b58f2193f03e2dcf,60.14951,24.92138,0000000006dd41f6,4.94
2811,2019-08-01T09:06:07Z,9abbc86fb0fc1c0532042814af76a97e6a17121831d4394749a290a6,60.16762,24.95415,000000006b44cce7,8.38
2812,2019-08-01T09:06:07Z,9b3e6848d8b34e802134d6da0e5a594897ec3fafbbf08b6d0b84068e,60.17918,24.95141,00000000675d5200,6.46
2813,2019-08-01T09:06:07Z,9bc129708b07f3c5bbf4195e83f0e5b9a663b6f371f416a8e3a605f0,60.16897,24.95222,00000000aa852af1,18.79
2814,2019-08-01T09:06:07Z,9bdb503344071eddd74d821f537246d8a6c19468b05d38d0170377f9,60.16897,24.95222,00000000aa852af1,7.69
2815,2019-08-01T09:06:07Z,9e343a150f07bb3dcce5ecab8ac061b84d65b347b1af5a232e00eeb6,60.16829,24.94214,00000000afef4555,9.12
2816,2019-08-01T09:06:07Z,9eee6d740f1d483c484d02f0995f35550c09e6a8cf01f02680db5efc,60.16448,24.97323,0000000053c6c2be,16.1
2817,2019-08-01T09:06:07Z,9f2f5e6344efb60ffa5c79880ea57aeb636e51f86587e158039df6cc,60.16531,24.9442,00000000fdda10fe,21.87
2818,2019-08-01T09:06:07Z,a04214b56cac7d70680703ee6a28fac742f3c3190b55b46a79c1f76d,60.149,24.9843,00000000fffb8cf0,11.7
2819,2019-08-01T09:06:07Z,a256ee4e61079f54581967787db25324859ef431207cb182cd468fbe,60.16829,24.94214,00000000afef4555,20.28
2820,2019-08-01T09:06:07Z,a38c11c450b472b9dad2f076e2d9a63651292d3de806331d06af7f46,60.16531,24.9442,00000000fdda10fe,14.89
2821,2019-08-01T09:06:07Z,a3d99fc570ed19522398a09fafe7d264d95d2cd387780feb931b4573,60.17065,24.93641,000000000f4919c9,17.4
2822,2019-08-01T09:06:07Z,a403dc1eebc5d130e12a4c3e4298737c9e00b25b1b6b2cc36a6979c9,60.16629,24.95957,00000000fb7600be,21.87
2823,2019-08-01T09:06:07Z,a4b9f871dcc986c95f1e84fe203bb392ba0fe13164d89119bda2c94a,60.16762,24.95415,000000006b44cce7,5.91
2824,2019-08-01T09:06:07Z,a5423cad01b42682deb516a777f50fd783fd1fd9dc23b7cab01eaedc,60.16897,24.95222,00000000aa852af1,13.75
2825,2019-08-01T09:06:07Z,a66eb6150c36b53f6240acfe16dd98ceb16c43b8e02d0b56993bac73,60.16897,24.95222,00000000aa852af1,36.27
2826,2019-08-01T09:06:07Z,a6d0dd9de406b1201a4e438ec7c5f4a467f38c41e2dec42ff6c71d50,60.16897,24.95222,00000000aa852af1,18.79
2827,2019-08-01T09:06:07Z,a786eb3b8a25c58099a428799e99d0b86401f803ee38d3e5d20e59d3,60.15432,24.9211,0000000019fb59c4,18.79
2828,2019-08-01T09:06:07Z,a83415babca8eac00f69a32371a230fdadda29bf40fd69f75cf2e8fb,60.17919,24.95181,000000007b5207b6,16.1
2829,2019-08-01T09:06:07Z,a838fe521ed943ab5d8f7c5d408246fb2370ea139b12544208826ea9,60.16897,24.95222,00000000aa852af1,18.79
2830,2019-08-01T09:06:07Z,a8ca7fb815e707c04434a085c4f99e783d56372143afc92225eae622,60.15133,24.92329,00000000e8a064a4,16.1
2831,2019-08-01T09:06:07Z,a955553f8d3b05fb11d9249f1c5418ca2db8c29d4013eb84349a5aa4,60.16762,24.95415,000000006b44cce7,10.78
2832,2019-08-01T09:06:07Z,aa05a7036c3586a79d23f426b78bf158357208bc82d7ddf9a1326dd2,60.16531,24.9442,00000000fdda10fe,11.7
2833,2019-08-01T09:06:07Z,aa5281244780ac8f283c3452639d477cd76e31fc6f0b95b99c51a9b0,60.16762,24.95415,000000006b44cce7,3.09
2834,2019-08-01T09:06:07Z,ab615ee5bbf567aee3505fbb360d09fc6b851f93fb15aef778b57128,60.16531,24.9442,00000000fdda10fe,14.89
2835,2019-08-01T09:06:07Z,abf0be93e7a8aec9fa8284fdbcc2493f32084aa95f15660b23e149c6,60.16629,24.95957,00000000fb7600be,10.78
2836,2019-08-01T09:06:07Z,aca524ceb3c7373172ecd0d06b26e7d610d441f4a47ab78ae0ad3340,60.15133,24.92329,00000000e8a064a4,20.28
2837,2019-08-01T09:06:07Z,acbbe4765d72f36b0323407c7dbe43db7b4ad5e2da0a6a9e5966db0b,60.16897,24.95222,00000000aa852af1,18.79
2838,2019-08-01T09:06:07Z,ad22512fd6a5ad9e19fdfad7e02b2793ecb01875be243f894c637ae2,60.16829,24.94214,00000000afef4555,21.87
2839,2019-08-01T09:06:07Z,ad5e622021f5cd6eb717468b8e6b4978aced59d5dd0d2ad0e3f37cf4,60.16829,24.94214,00000000afef4555,23.56
2840,2019-08-01T09:06:07Z,af67ffa8b538058603b74f48e04ab914e8f6cd450f53c47f8c3d683d,60.15432,24.9211,0000000019fb59c4,18.79
2841,2019-08-01T09:06:07Z,b09e9bb62cc49c085c1aee3b752af1bec69dabc939323e5733f73933,60.17065,24.93641,000000000f4919c9,17.4
2842,2019-08-01T09:06:07Z,b32e57a6f5865a23d7a0e9fa346d5ec4e975f99c4df815fe8b1449b2,60.17918,24.95141,00000000675d5200,14.89
2843,2019-08-01T09:06:07Z,b50a45ac0708e7b5cca42f3458430eb22ff70a81c575bafe99ffda23,60.17002,24.94407,000000006b087f40,8.38
2844,2019-08-01T09:06:07Z,b5603e758440226e490d1d7d7271a7b0d5c261eccbad198f81110136,60.15432,24.9211,0000000019fb59c4,3.09
2845,2019-08-01T09:06:07Z,b6b32d1744cab38523e13d061fa256f05d6e01d920275907327c3083,60.16829,24.94214,00000000afef4555,13.75
2846,2019-08-01T09:06:07Z,b6c43126ca83e916a68e57d0178060c24fc61305836b6c8f188f7285,60.17919,24.95181,000000007b5207b6,12.69
2847,2019-08-01T09:06:07Z,b6f0f4101a1a258dcb1d82d77ca91000694d4fed15bd882a8e3bfe66,60.149,24.9843,00000000fffb8cf0,9.12
2848,2019-08-01T09:06:07Z,b7c3b37b32d534f6824ac8d99b4c79d0cb915cab104fdb745550ea22,60.16762,24.95415,000000006b44cce7,10.78
2849,2019-08-01T09:06:07Z,b8038854618ce49585b1b6da449b945625ada46d3a0e8942e9f8137f,60.16629,24.95957,00000000fb7600be,17.4
2850,2019-08-01T09:06:07Z,b8fb70225ee0a2d655e2809da07a2f8cd2feb7295aa256f8b35fcf1e,60.16629,24.95957,00000000fb7600be,12.69
2851,2019-08-01T09:06:07Z,bb0509d8cfed23727a055008086076320415d2f40ddad63b703fbe2a,60.17065,24.93641,000000000f4919c9,23.56
2852,2019-08-01T09:06:07Z,bb2187a4e20012ad694c768ef2c47c9a9055671024ebf4855d4e6243,60.16531,24.9442,00000000fdda10fe,1.38
2853,2019-08-01T09:06:07Z,bc20b3b236588d3632c07aba05bd43ff4ec70f10290f2feb5175b8ab,60.16762,24.95415,000000006b44cce7,9.92
2854,2019-08-01T09:06:07Z,bc6d5082ca52e6dae7a1689a835434f3f6341e90afea565480eb9674,60.16829,24.94214,00000000afef4555,8.38
2855,2019-08-01T09:06:07Z,bc82f76c979de19b559e9e3aa0cd6cbf5ac361e2d7b1ac9f81fe2f4f,60.17918,24.95141,00000000675d5200,13.75
2856,2019-08-01T09:06:07Z,bd23c66c4df0bd849266a4429a24f23f2c9503cf31eb0cd9780248e6,60.18203,24.91341,00000000342570c2,16.1
2857,2019-08-01T09:06:07Z,c004fa64cb7de7e87d3b91639ae5f95304fb1a90b0a0e927cea958af,60.16762,24.95415,000000006b44cce7,12.69
2858,2019-08-01T09:06:07Z,c15da9ed244b57a27a083919c67d0edde078a31b18cb58f13581f173,60.1538,24.95595,0000000038bf9618,20.28
2859,2019-08-01T09:06:07Z,c1674c59c49d5bf74e6808239a91d18a04e47697d298bc61a7618af2,60.16448,24.97323,0000000053c6c2be,13.75
2860,2019-08-01T09:06:07Z,c1bf1bf699e9bc78ca15c9490d1ef02e3323f0c2c76bf0fca7955a69,60.14947,24.91438,000000004ef3150d,12.69
2861,2019-08-01T09:06:07Z,c375f2dac85f963c33b2daf76ffb0c32d2c8fd08172419336e308686,60.14947,24.91438,000000004ef3150d,27.28
2862,2019-08-01T09:06:07Z,c434f18b802a764aad7a2dfb46e93546acb1b0975cf9b93fd47363f6,60.15432,24.9211,0000000019fb59c4,4.5
2863,2019-08-01T09:06:07Z,c46895857ca53c3362932d446a58c13b60d297f99ca237d4546589e8,60.16897,24.95222,00000000aa852af1,12.69
2864,2019-08-01T09:06:07Z,c5a6d2d62bc00c29fba5a97a29835008abdcf800f70540e4ccf71683,60.17919,24.95181,000000007b5207b6,18.79
2865,2019-08-01T09:06:07Z,c65c11ee6e8b5894ead3ea9b007a39127edb65a67be253aca6f78ed0,60.16448,24.97323,0000000053c6c2be,23.56
2866,2019-08-01T09:06:07Z,c872af9997af535c4615ee0b4194c7c8d644b7962afb3ca321eb386f,60.15133,24.92329,00000000e8a064a4,27.28
2867,2019-08-01T09:06:07Z,c8b9856a261673c3360915cd9a4dabb4afe22b63a86d7f59f7dc5f20,60.17002,24.94407,000000006b087f40,17.4
2868,2019-08-01T09:06:07Z,c98bce1cc275ed0a1b833011f8cd251ac848fdc84501fe87eb8b5d54,60.17918,24.95141,00000000675d5200,21.87
2869,2019-08-01T09:06:07Z,c9a8056db9219e3b8d153b1063e67e81b23ffcb104c6cc03b4c7bbe2,60.15133,24.92329,00000000e8a064a4,20.28
2870,2019-08-01T09:06:07Z,cc1fcf6550ac1eee3eceef1f35de652b641407007a7c0464ac54fdbd,60.16897,24.95222,00000000aa852af1,16.1
2871,2019-08-01T09:06:07Z,cccf3ba2a9d11b9330c18af8064a20aca9995473495bf119162a1619,60.16897,24.95222,00000000aa852af1,10.78
2872,2019-08-01T09:06:07Z,cce3077cdfeedd0674391bec08ce94732557106542574c58a7f378bf,60.16829,24.94214,00000000afef4555,3.74
2873,2019-08-01T09:06:07Z,ce7de55c7709396c70ce5930097e84449a4889700e605a0b062aaeae,60.16531,24.9442,00000000fdda10fe,29.32
2874,2019-08-01T09:06:07Z,d062562fed5ad0a61560e267310beb0b717d2a1e2a11d1d575507861,60.16897,24.95222,00000000aa852af1,23.56
2875,2019-08-01T09:06:07Z,d0ae4fabf429edbfdad59f8183cc6e5929f68633315448c9b83d4c16,60.16762,24.95415,000000006b44cce7,5.91
2876,2019-08-01T09:06:07Z,d16e16def718519430296afa23976c226aaf720722bce3d92a2aad43,60.14947,24.91438,000000004ef3150d,18.79
2877,2019-08-01T09:06:07Z,d29a5ebd00326d5dedb6c60cab75fd238bdaa9d7f703f6b5974edbc7,60.16762,24.95415,000000006b44cce7,9.12
2878,2019-08-01T09:06:07Z,d562afdedae521be241c98441e436608a323fdb944dedc24c835e762,60.17065,24.93641,000000000f4919c9,6.46
2879,2019-08-01T09:06:07Z,d653ef8368d33df4fc7edeb5a381d5826be1471f1470aa9744d47901,60.173,24.92524,0000000096918cfa,2.54
2880,2019-08-01T09:06:07Z,d65b8625c1f24304ff0e3c4a4dce7aa5d434d36be87be41834a49420,60.16531,24.9442,00000000fdda10fe,6.46
2881,2019-08-01T09:06:07Z,d6e217c6592e449e2390b1a874e08cbc9126116901dbdbf84501c6b8,60.17065,24.93641,000000000f4919c9,7.69
2882,2019-08-01T09:06:07Z,d74ea3c9e0aaa523c791aa01f4f9a7c1c43f01f585dc4146b19edf83,60.17918,24.95141,00000000675d5200,8.38
2883,2019-08-01T09:06:07Z,d80b1d1a63e542cbbdb6a33c8fba0b0dcfa324d17f2f3173c3d5a37b,60.18203,24.91341,00000000342570c2,29.32
2884,2019-08-01T09:06:07Z,d87c4d5dc2cd620de54fdd076d4f9b35245053d65b644d9e01f558b5,60.16762,24.95415,000000006b44cce7,8.38
2885,2019-08-01T09:06:07Z,d983db67d9cd171123ba12eeb19c11f34a3ad1d75fc9214ac3ae8a26,60.17002,24.94407,000000006b087f40,27.28
2886,2019-08-01T09:06:07Z,db09e59d30e841073faa26d5c3a781d50a29e13bff061b33681d6ba7,60.17919,24.95181,000000007b5207b6,13.75
2887,2019-08-01T09:06:07Z,deb8a213e1b4930e676ee8fdb394161ec46adb785171fa37437b4d44,60.15133,24.92329,00000000e8a064a4,9.12
2888,2019-08-01T09:06:07Z,e234769b1ce1634554f5fa4a290d11b2a30c3dfd009d4c39a2e9dd3d,60.17065,24.93641,000000000f4919c9,25.36
2889,2019-08-01T09:06:07Z,e2bb0ae74deee6cbc4f50c5f85da3f1779ca1db1ae7ff48ab4b33dbc,60.17918,24.95141,00000000675d5200,8.38
2890,2019-08-01T09:06:07Z,e508e239ba2ca68b34ad5074f3d7b013e72f6f7df36eb6cdf545be78,60.16762,24.95415,000000006b44cce7,20.28
2891,2019-08-01T09:06:07Z,e528235be3e5cc4945024d50d1ed43061e2e2f2845f2b41e081e1721,60.17919,24.95181,000000007b5207b6,4.94
2892,2019-08-01T09:06:07Z,e5cad8bb9a6c8dcc067948d7f869033aca5bdd062da175c8734092e6,60.17919,24.95181,000000007b5207b6,3.74
2893,2019-08-01T09:06:07Z,e6b4461f3fc3ee8613bfea0937b5fd730d6686a68a65ed6fecc1dd9f,60.16629,24.95957,00000000fb7600be,14.89
2894,2019-08-01T09:06:07Z,e729325b3fe611c9dc2290efdcb3efa71b6d425282d0e683f1435dbf,60.17918,24.95141,00000000675d5200,11.7
2895,2019-08-01T09:06:07Z,e73dcccbc4dd6af49316f19a34c347cc94ff7ab079a93a2672d78a16,60.14947,24.91438,000000004ef3150d,31.5
2896,2019-08-01T09:06:07Z,e8add7e8346b99cd4b67924113f3763441a1899897c6d1ac3a1a40a6,60.17918,24.95141,00000000675d5200,9.92
2897,2019-08-01T09:06:07Z,e8fe5d3b6aa0651dff5b4a9c6dcff3135e3bdcbb1cddc9b871e9d991,60.14947,24.91438,000000004ef3150d,21.87
2898,2019-08-01T09:06:07Z,e9064a62fac257836cb6fbcf0d84fab1ebdfa46bd6734632f1e6f116,60.16829,24.94214,00000000afef4555,10.78
2899,2019-08-01T09:06:07Z,e9275b4d525e0593374e00e9cf9885062a1699ecb3462c758a025ef1,60.16762,24.95415,000000006b44cce7,25.36
2900,2019-08-01T09:06:07Z,ea50f6f80eaa525619ee29fcf9715827f0d160aa5b6b1b0f3bcc54d9,60.14699,24.922,00000000a53ed894,27.28
2901,2019-08-01T09:06:07Z,ea94130fbb3464dc656765cfddbad802ddfafb1af8007cb5f42cd41f,60.16829,24.94214,00000000afef4555,11.7
2902,2019-08-01T09:06:07Z,eaf572301dc5c1eaff007bc1886cce8f0f5e92a233b8686ed2a1a9cc,60.17065,24.93641,000000000f4919c9,17.4
2903,2019-08-01T09:06:07Z,ec2dd83e04d225caca9f6b9d28bd3080ed37c5bf42e5f65123fa2394,60.17065,24.93641,000000000f4919c9,8.38
2904,2019-08-01T09:06:07Z,ec7121833f0e4b509d683b00a9c5e992e4b84882cb857145102e14f4,60.16531,24.9442,00000000fdda10fe,1.7
2905,2019-08-01T09:06:07Z,ec8c0160ac1ee5aeaf6204956c9db2ee4f98f55ae3fe1ec0af07fab8,60.16762,24.95415,000000006b44cce7,5.41
2906,2019-08-01T09:06:07Z,ed86f884272a5a400b55bfd4f22bc8cc5d6fca7fe26eee3c39cb3c52,60.15432,24.9211,0000000019fb59c4,9.92
2907,2019-08-01T09:06:07Z,ee424f3045accaa01434f840d87b26b22f65fb6b2f8d34a4b94d6fcc,60.16762,24.95415,000000006b44cce7,27.28
2908,2019-08-01T09:06:07Z,eedbd720e471fc3c0653bce4eb38b2f3225c8ee78a75d6b9c94a0f86,60.16629,24.95957,00000000fb7600be,21.87
2909,2019-08-01T09:06:07Z,eef621895ee74145a6d76c5f5493a93d7c728c80abe45a2e1933ae9f,60.16897,24.95222,00000000aa852af1,16.1
2910,2019-08-01T09:06:07Z,ef67b9e4617f284b84167b4bdaff71108579a33ced0a2450ff25a1a1,60.16629,24.95957,00000000fb7600be,10.78
2911,2019-08-01T09:06:07Z,f03d20d6bb80ce0745cb0fbed6619e0a6288bfffd08e9aabce1692ba,60.17065,24.93641,000000000f4919c9,14.89
2912,2019-08-01T09:06:07Z,f1447725764ec0dca245fc67f2aa0a0c42e6b05808076aa74f0c1e7e,60.17918,24.95141,00000000675d5200,9.12
2913,2019-08-01T09:06:07Z,f1b28329fc91f4708ca34857c5582c0bf1b7d0ab06127746029cd72c,60.17919,24.95181,000000007b5207b6,3.09
2914,2019-08-01T09:06:07Z,f20935810c1567a80c288016c4d4dd32fe86b3479f47ae7dd64d15cc,60.15432,24.9211,0000000019fb59c4,3.74
2915,2019-08-01T09:06:07Z,f29ed00b645af4bbf50174e71f58a9b691d2e2342e59eda242d97380,60.16829,24.94214,00000000afef4555,13.75
2916,2019-08-01T09:06:07Z,f2a253f2741501e675bd4bc055e22329fb09089d8bbe9813fc170cdb,60.16762,24.95415,000000006b44cce7,13.75
2917,2019-08-01T09:06:07Z,f3919086bf89b45ea90abf40ffd1372519057bda5b604c1901e841bb,60.17002,24.94407,000000006b087f40,23.56
2918,2019-08-01T09:06:07Z,f4bbc3077da0455d4340da2eed204915327b75a792080724548b4956,60.17918,24.95141,00000000675d5200,2.8
2919,2019-08-01T09:06:07Z,f503a41d3e8b9b57628f4f061c1d8e0c53c62dd8a6fe38d212958ee6,60.16075,24.95883,00000000f1124bca,20.28
2920,2019-08-01T09:06:07Z,f55165f87792f06aaca9b79eea536f4bd692c8ee806294be5fb014df,60.16829,24.94214,00000000afef4555,23.56
2921,2019-08-01T09:06:07Z,f587de6c8c03387c5e6a66cd7d20c45abad3668c8e2246611122547b,60.14947,24.91438,000000004ef3150d,10.78
2922,2019-08-01T09:06:07Z,f5d9e90c37840670f09005aa28a20ca561c4d6bc36ffd28c9ca80584,60.16829,24.94214,00000000afef4555,21.87
2923,2019-08-01T09:06:07Z,f665079710528911e7b7844aa55433e09506580c7fed342e1febfaa5,60.16762,24.95415,000000006b44cce7,13.75
2924,2019-08-01T09:06:07Z,f9e527876f8dfe750fd29bc42664bbf572aed5d09d344a8934a83d90,60.17065,24.93641,000000000f4919c9,4.11
2925,2019-08-01T09:06:07Z,fa1a3814c680b20020a08346c37ee2853e895984574575312bf262e7,60.14947,24.91438,000000004ef3150d,18.79
2926,2019-08-01T09:06:07Z,fa9f19c58a086fde9429d732b1eec80eacf5fc1b2c0124d17243d008,60.17919,24.95181,000000007b5207b6,12.69
2927,2019-08-01T09:06:07Z,fb2df85c8938d6a1bbd1ff0a1cd8aa23480ae08dc39d2b584ed35e14,60.16762,24.95415,000000006b44cce7,7.05
2928,2019-08-01T09:06:07Z,fba6e66dd09200012637e0b454c96fd7a5459b7e8b0ba01863cdbd77,60.16762,24.95415,000000006b44cce7,2.3
2929,2019-08-01T09:06:07Z,fc75e05a713e8733c512a31a3bebec0a122af3e7afb2c5059c3f1a3a,60.17002,24.94407,000000006b087f40,13.75
2930,2019-08-01T09:06:07Z,fe88879502b9755093db192b4ea06a7b5b568f7e8b92970727636c68,60.16762,24.95415,000000006b44cce7,16.1
2931,2019-08-01T09:06:07Z,fea1453360073dfc1896bf1f005f51addb49661f953e16cffba3c63d,60.16531,24.9442,00000000fdda10fe,9.12
2932,2019-08-01T09:06:07Z,fff7f9f42d918ac875b7e417a971d942549ba9f38b79d21d2f351959,60.16762,24.95415,000000006b44cce7,12.69
2933,2019-08-01T09:06:08Z,0fff89885f08417f20aadfdbf62a372277e9085bcd024374b772ecac,60.16531,24.9442,00000000fdda10fe,23.56
2934,2019-08-01T09:06:08Z,144afc51fc2443c7031a2912566eff2ce60226a49d6d2bd7c2923700,60.16544,24.95398,0000000038d83d41,36.27
2935,2019-08-01T09:06:08Z,14c7e1511b70f4dd3359cbece1377aebb4d70531f5489eefe53d7c3c,60.16544,24.95398,0000000038d83d41,21.87
2936,2019-08-01T09:06:08Z,15918569de0a46a8eb56b43d8d39f7fc82619ff1006f00822c85745c,60.17919,24.95181,000000007b5207b6,7.05
2937,2019-08-01T09:06:08Z,165ebbb4090d47319ae370f0d0854fdc1f6b79499f8b2e4d3c3533c0,60.16544,24.95398,0000000038d83d41,21.87
2938,2019-08-01T09:06:08Z,171d0bf49a26400390df42bc1c9af98d9279bf8ccee92f39288845e1,60.16762,24.95415,000000006b44cce7,2.8
2939,2019-08-01T09:06:08Z,1951291ca064d0fb480d958037c1477427d2ca8db455fef0b741bf9f,60.16448,24.97323,0000000053c6c2be,20.28
2940,2019-08-01T09:06:08Z,1f0f0628cdc688d76bde2b82bee5b9b4916bf0bbdfe76cf3213e1c65,60.15432,24.9211,0000000019fb59c4,16.1
2941,2019-08-01T09:06:08Z,2a93b61a3863ace54349d7a0937e4134fcc6d4dfcf064eefae2b7cf8,60.15432,24.9211,0000000019fb59c4,23.56
2942,2019-08-01T09:06:08Z,2f33dacc8bf2b0b809b88130b46696c922929e1eb8ea92017f05509a,60.16448,24.97323,0000000053c6c2be,31.5
2943,2019-08-01T09:06:08Z,5d65719c4cbf045f068d084b72302f447d5fd034413d97d13be00d0e,60.18203,24.91341,00000000342570c2,18.79
2944,2019-08-01T09:06:08Z,6a657079c1bdc8114c289be1ddd83e5846d4279a920d1697b8ff0033,60.18203,24.91341,00000000342570c2,16.1
2945,2019-08-01T09:06:08Z,6d22b751ff5173035dc85c52c3dff0780126adae67fe33dc62dd45ef,60.16531,24.9442,00000000fdda10fe,21.87
2946,2019-08-01T09:06:08Z,6ff437688c444238352c28f64f9d2a7d0f14d19c9ea42c225380501e,60.16762,24.95415,000000006b44cce7,18.79
2947,2019-08-01T09:06:08Z,76c7f42283513d0e289bf786d89463b5025b2ae0f4e13519a4cf228b,60.15432,24.9211,0000000019fb59c4,21.87
2948,2019-08-01T09:06:08Z,78d5f60b36b59c06c3988b94e11744bb3aed5dcbc214f91f228bf892,60.16448,24.97323,0000000053c6c2be,25.36
2949,2019-08-01T09:06:08Z,84fdfd8881f633c5f0c71c1480053953ca4b05e848052d97c063ad38,60.1538,24.95595,0000000038bf9618,27.28
2950,2019-08-01T09:06:08Z,87dfaad29a9276ddddb1fa021d3bc23ad14824c1af16f7d87e713689,60.14951,24.92138,0000000006dd41f6,9.92
2951,2019-08-01T09:06:08Z,8c75c3289c84fe4493e1e272a77b615fe1985880c5dc68a7c1a17b53,60.16762,24.95415,000000006b44cce7,9.12
2952,2019-08-01T09:06:08Z,8cc6ddaa460aeae8cc9e8a33f91a01c8cd4c0c8bf8a943210a28c84d,60.1538,24.95595,0000000038bf9618,16.1
2953,2019-08-01T09:06:08Z,9500bab795f51bdd64c3f0f2cd00ad5aa6d9b93195c29484e6e5f92a,60.16762,24.95415,000000006b44cce7,20.28
2954,2019-08-01T09:06:08Z,9843c6216661048343a0e49cf3d8aa2883cf77f452666a1c873a1052,60.16448,24.97323,0000000053c6c2be,14.89
2955,2019-08-01T09:06:08Z,987e83b8bf78f756fa09dbeb561bf778fd00003818fbe7a45de52b6c,60.16531,24.9442,00000000fdda10fe,36.27
2956,2019-08-01T09:06:08Z,9d03d14afa49576281aa26db60e517f7c1ec8aa36f7756959a860a8a,60.16629,24.95957,00000000fb7600be,11.7
2957,2019-08-01T09:06:08Z,a08cae03363d2e483a6ea717973088f4bd4276de96a9d438a7358ff4,60.16897,24.95222,00000000aa852af1,10.78
2958,2019-08-01T09:06:08Z,a91d379a4b57c5df22db0d7a041ff69f657b4b31f28554b1011fc03c,60.16544,24.95398,0000000038d83d41,27.28
2959,2019-08-01T09:06:08Z,a9da1ee82e3b670e276c26b483dd50f4a6d0c6f77ef82245d3ae6086,60.18203,24.91341,00000000342570c2,13.75
2960,2019-08-01T09:06:08Z,ab0f67c0c0e1ba5eac9013f9c314feadf340ddf08543b91e70483594,60.16544,24.95398,0000000038d83d41,18.79
2961,2019-08-01T09:06:08Z,b1f358076ba79ef902a36ca8ae3f8ec7c93308a67c479345bfdbdecf,60.1538,24.95595,0000000038bf9618,31.5
2962,2019-08-01T09:06:08Z,b4faf2d3c4d2b199afeab6ab63b583fe3a2e81e14abbef6917f25129,60.15432,24.9211,0000000019fb59c4,18.79
2963,2019-08-01T09:06:08Z,b5fd6b317890e5ab2d79e2cd1abe61626d45a753c7337d0d40728898,60.16762,24.95415,000000006b44cce7,12.69
2964,2019-08-01T09:06:08Z,b986140b3339363c8bd5cc5eed0819ca5a421cb6e5b17c42ccf729f4,60.16829,24.94214,00000000afef4555,17.4
2965,2019-08-01T09:06:08Z,c40c37def6bf11a63a2556519a7c6233fd417cdeea2cf14f28e7c42c,60.16531,24.9442,00000000fdda10fe,21.87
2966,2019-08-01T09:06:08Z,cb65d9149ed0c4b936fa3dd930cf98d16ea7610207135a6f1689be01,60.18203,24.91341,00000000342570c2,31.5
2967,2019-08-01T09:06:08Z,ce197d5eedb5498917afe7ca3f7275ffeb191f0c5d050bffa154c1d2,60.16531,24.9442,00000000fdda10fe,33.81
2968,2019-08-01T09:06:08Z,ce783d3c1b06378e5c39c25687746a6f88fbb0ff2b36e3405fb61cf8,60.16762,24.95415,000000006b44cce7,16.1
2969,2019-08-01T09:06:08Z,cf05623e4d87ce0906c0b0b7dbf53aacc1228016cd27c341228b6e76,60.18203,24.91341,00000000342570c2,18.79
2970,2019-08-01T09:06:08Z,d127ead865385b64ae537a703a26be15fae4b5332ce0fbf03d5e0c23,60.1538,24.95595,0000000038bf9618,33.81
2971,2019-08-01T09:06:08Z,d178749a24c32676d0da0f51ae6ff63c456499d4b1814af8fa75ca9e,60.16448,24.97323,0000000053c6c2be,10.78
2972,2019-08-01T09:06:08Z,dd2c9c82cf3737146294aff6f814a1349fb0bc4bedf518715dacbe8f,60.18203,24.91341,00000000342570c2,14.89
2973,2019-08-01T09:06:08Z,ec72ef080c605e71978aed0d3b5f22c3c3133677a43c614b72eedc6d,60.14699,24.922,00000000a53ed894,23.56
2974,2019-08-01T09:06:08Z,ed70dda6b7faebd4340dacdb452ab224d9d3c308df417b7fa76f54e8,60.14951,24.92138,0000000006dd41f6,23.56
2975,2019-08-01T09:06:08Z,efd1806e1eee5eca948bc2537df8d816e2cce41009b41189c350ce74,60.16531,24.9442,00000000fdda10fe,31.5
2976,2019-08-01T09:06:08Z,f088630d7476dae7d4b7e2bb1f10575f2c89acb4b6e061f3d57c2b40,60.16531,24.9442,00000000fdda10fe,25.36
2977,2019-08-01T09:06:08Z,f7e45613ad966fea53fab73b435ba3a087c774e36596b3a5156a3487,60.16829,24.94214,00000000afef4555,1.88
2978,2019-08-01T09:06:08Z,f99c5dd8cc08bd2353083d875ce8bc585fb2c2ff8427b90d92f571de,60.1538,24.95595,0000000038bf9618,31.5
2979,2019-08-01T09:06:08Z,fc4f3a44235f1cfc7b53f14ba2da599976a5a0a220d23b852688e485,60.17918,24.95141,00000000675d5200,11.7
2980,2019-08-01T09:06:08Z,023083c44c772667f1727e01c74518889b2a82d78ceb28c08b6f8a20,60.16531,24.9442,00000000fdda10fe,12.69
2981,2019-08-01T09:06:08Z,028149b8bfaf37d1f064cb0b4f23ae118f00d8eff41679fb8830396a,60.16531,24.9442,00000000fdda10fe,14.89
2982,2019-08-01T09:06:08Z,02fb8c740573d86a30d1a85d4b270f0d198cd0487446d6ca84453f3f,60.16544,24.95398,0000000038d83d41,29.32
2983,2019-08-01T09:06:08Z,0362cc670dcfab795a3911957b6a177416bf9b99d0e2732716796c4d,60.15432,24.9211,0000000019fb59c4,12.69
2984,2019-08-01T09:06:08Z,03f427d436ba092925de462b11374bdbdab0443620037675621fbc11,60.17919,24.95181,000000007b5207b6,9.12
2985,2019-08-01T09:06:08Z,0483eb7342f4e704caa76b9bc3d6a7bd836282960dafc2c756247134,60.16762,24.95415,000000006b44cce7,17.4
2986,2019-08-01T09:06:08Z,063935180fff0e58de5d319ecb9320cf794423e3c6aeac0cca8f1a9f,60.16897,24.95222,00000000aa852af1,18.79
2987,2019-08-01T09:06:08Z,0670a01b5d0e505e7ec50165f157d60f57a5bb3b6c65922412509ab2,60.16829,24.94214,00000000afef4555,12.69
2988,2019-08-01T09:06:08Z,084a28a3b7b25fc337905f6c6115a66adb0bea6908a071ada1e2e1b5,60.14951,24.92138,0000000006dd41f6,27.28
2989,2019-08-01T09:06:08Z,08f10568d1e90d000e41196f141e0c1a52bab88fcf08f4753a3c055e,60.16897,24.95222,00000000aa852af1,25.36
2990,2019-08-01T09:06:08Z,08f9fd60f852d3502bfa509c955e9963e73954f961d55ba8cd46cae9,60.16629,24.95957,00000000fb7600be,11.7
2991,2019-08-01T09:06:08Z,0951ec0c700dba7330b8e8181fc852becde054d0dc7474d1488db3cd,60.17065,24.93641,000000000f4919c9,36.27
2992,2019-08-01T09:06:08Z,0b1e470de9987c18967cad858b6f79c135ffd2e9ad00bb9c470d0eb3,60.1538,24.95595,0000000038bf9618,31.5
2993,2019-08-01T09:06:08Z,0be2a3b6b9e65388a4a4610e68e8a155d49d54abdac339e46f273184,60.17002,24.94407,000000006b087f40,18.79
2994,2019-08-01T09:06:08Z,0c1684b697a63d7f47ebaedcfa060b3b4af294fec1e62d613699291a,60.16897,24.95222,00000000aa852af1,7.69
2995,2019-08-01T09:06:08Z,0c2d3bdaf0e8a9d6efcf95298acb85805b31c1c6618f00dd4489dddb,60.16762,24.95415,000000006b44cce7,9.92
2996,2019-08-01T09:06:08Z,0ce136cd78d17c06d7c5673fecf75f44da717c2befaaea18c6bdf0b1,60.1538,24.95595,0000000038bf9618,25.36
2997,2019-08-01T09:06:08Z,0e62c7194170ff5abcdede8e7bb2dc9370e053dcd7957fc62f077453,60.16829,24.94214,00000000afef4555,20.28
2998,2019-08-01T09:06:08Z,0e8d646fc7b4b57d136a79e8a7c83c470ca0d37fd6cdabafed7cee9a,60.16544,24.95398,0000000038d83d41,27.28
2999,2019-08-01T09:06:08Z,0f8637c1e98f21a79714a4d84d3453ac1b96b2bf4ef2361119067e39,60.16629,24.95957,00000000fb7600be,18.79
3000,2019-08-01T09:06:08Z,1069967e3921871955b1b2b42e60f829c593a3e024401bfe61ae410e,60.16629,24.95957,00000000fb7600be,14.89
3001,2019-08-01T09:06:08Z,1074ffc7b33a1a8b54ea8f31d0f43ba07ed2ad7841b548f9bd4b9bad,60.17065,24.93641,000000000f4919c9,25.36
3002,2019-08-01T09:06:08Z,10cd81594fd56fa1f2c4799419a45b70833d3d8583b817324ee96da7,60.16897,24.95222,00000000aa852af1,23.56
3003,2019-08-01T09:06:08Z,10d0fed0f7d40b253b5fc5a53297dc9af8bb76fa6f34d5e71383cb62,60.17918,24.95141,00000000675d5200,18.79
3004,2019-08-01T09:06:08Z,11402877d08ee84d016ef8e86d3033bf6da0948f6e6bd2defce32338,60.16762,24.95415,000000006b44cce7,12.69
3005,2019-08-01T09:06:08Z,1271bcd33c0056265a5bdf6df4092a3c9e2209abee80570cb172031b,60.16897,24.95222,00000000aa852af1,27.28
3006,2019-08-01T09:06:08Z,139a5aa448338146cf9202768e1eeb804d164d71d9bc8c7fa8f5d06f,60.16531,24.9442,00000000fdda10fe,12.69
3007,2019-08-01T09:06:08Z,13a759fd293cbde0d55db753d853768b718e59036c4007d2e3a8757a,60.16762,24.95415,000000006b44cce7,9.92
3008,2019-08-01T09:06:08Z,13cbade1d832c78b1a0a68fd9a6559054370eeae58247347955ee632,60.16897,24.95222,00000000aa852af1,10.78
3009,2019-08-01T09:06:08Z,15a3cdd20e3ce88c179a07d78a2d5fdda854b0fef8441d8cb3aebde8,60.17065,24.93641,000000000f4919c9,25.36
3010,2019-08-01T09:06:08Z,15b314157b22b2a5bf8a39539a049ce73e7baa21b0ce24f21718ce4a,60.17002,24.94407,000000006b087f40,29.32
3011,2019-08-01T09:06:08Z,16e18d478be872d2a9801fa885d08edeb3f5ae1840b38478f9baf535,60.17919,24.95181,000000007b5207b6,13.75
3012,2019-08-01T09:06:08Z,1880dcca5077d4ccd63084e82a411f0cb7abb12f9883625b046f2e24,60.16829,24.94214,00000000afef4555,25.36
3013,2019-08-01T09:06:08Z,190cdde22bc3e3a41cd0f9da7efb3a917bc09e8034b05ca6064ea8a8,60.17918,24.95141,00000000675d5200,12.69
3014,2019-08-01T09:06:08Z,1ad9bdffafbbf8933ab6b3b695988ad31df32a874eddbf84de369e78,60.16448,24.97323,0000000053c6c2be,13.75
3015,2019-08-01T09:06:08Z,1b4a6be5c1125aa14a89475b490ebff5ffbc62f3b6ef08d185dab136,60.16829,24.94214,00000000afef4555,12.69
3016,2019-08-01T09:06:08Z,1be12a4f71b98dc9509141bc1a766b833b6c15dc22303f7006afbe96,60.17065,24.93641,000000000f4919c9,18.79
3017,2019-08-01T09:06:08Z,1cfafdaa3ff1975bcf6f699641431e88775ba2183074d825eeb81dd3,60.149,24.9843,00000000fffb8cf0,17.4
3018,2019-08-01T09:06:08Z,1d70ff49909e1d6fb653ae053aa78084daf385dbbd2ad22b05707309,60.16829,24.94214,00000000afef4555,16.1
3019,2019-08-01T09:06:08Z,1da40c618e0432bb037d08723b65821f6223509e8b4033a4b4190047,60.17065,24.93641,000000000f4919c9,27.28
3020,2019-08-01T09:06:08Z,1dbecade1f3540eb44c3d86cb1ffc73d5bf422ea0cf76927c2d5cd74,60.16829,24.94214,00000000afef4555,20.28
3021,2019-08-01T09:06:08Z,1e3af5697f0a2ae45f261da79e4ba71c868dc4d78008bd1995fe6259,60.16448,24.97323,0000000053c6c2be,16.1
3022,2019-08-01T09:06:08Z,1eadb2c1984aa73c3c2f13eab0a2e793331443c617681e36887f0bcc,60.16629,24.95957,00000000fb7600be,18.79
3023,2019-08-01T09:06:08Z,1f813dc10021899138c12ca17c58ab3dc24db1750dcb1790f9c20e8f,60.15133,24.92329,00000000e8a064a4,10.78
3024,2019-08-01T09:06:08Z,20b37aa6c3ad0dfea9c182498905a450537b0efbbd8563b205e93afd,60.16897,24.95222,00000000aa852af1,12.69
3025,2019-08-01T09:06:08Z,21ff3f9badc2cd312e927be8dc77d26c74dc6ec118b1c74ca01b491a,60.18203,24.91341,00000000342570c2,25.36
3026,2019-08-01T09:06:08Z,22ac1ab1c590ea19b44c61c42f5e8da29a6acbabf56676527811507a,60.15432,24.9211,0000000019fb59c4,5.91
3027,2019-08-01T09:06:08Z,22b68b1dc6e6d815ca8e6afbd434ae0e229670798c443052e7444648,60.16762,24.95415,000000006b44cce7,11.7
3028,2019-08-01T09:06:08Z,25479245e5a8b0fe47e2bd590cdd63256d84afd6c164781dc64e527d,60.149,24.9843,00000000fffb8cf0,5.41
3029,2019-08-01T09:06:08Z,25d340d14d855b8c18b2c6f2551ec98a1eb047d1fd3457ba881ddf28,60.17918,24.95141,00000000675d5200,12.69
3030,2019-08-01T09:06:08Z,270749ab8e1a83f0dcbf45dc861bcc0e10361d103d7589841787e366,60.16531,24.9442,00000000fdda10fe,33.81
3031,2019-08-01T09:06:08Z,277fcf3cc917a89b46a34e0cf5164a78f5bcc88d92bb45ded60f1a91,60.17065,24.93641,000000000f4919c9,8.38
3032,2019-08-01T09:06:08Z,27b591b33a56a542440b53031a24f42290b0ec1a194af27700b75a3a,60.17918,24.95141,00000000675d5200,12.69
3033,2019-08-01T09:06:08Z,2823bf6afde4a5cc05342c15e7417c9590ba52264be5793bb688faab,60.17065,24.93641,000000000f4919c9,18.79
3034,2019-08-01T09:06:08Z,28296ae2b460df2f6807f8a84b81e5ebd24677a05bded29111dc33a4,60.17002,24.94407,000000006b087f40,21.87
3035,2019-08-01T09:06:08Z,28ce50ca84cdcd4c17a36ac666e7ac0267b6ab5b77f4bfb08b2573a1,60.16762,24.95415,000000006b44cce7,2.54
3036,2019-08-01T09:06:08Z,28d50861d92f962c7a49eabaa524431aebf52870e44b79f77d7167c6,60.17918,24.95141,00000000675d5200,5.91
3037,2019-08-01T09:06:08Z,2a8ba80ac4fbda4f91ebfa759642c857fd090516070753d41bb7d6ad,60.16829,24.94214,00000000afef4555,10.78
3038,2019-08-01T09:06:08Z,2afa9ac588b2c55e8edf99ee96ecaf63451a7ab1e51571b7e2d1d491,60.16762,24.95415,000000006b44cce7,5.91
3039,2019-08-01T09:06:08Z,2bf8b355af7fc80970ed350e4579dfc9aa8ec85af6c13517cc2dab44,60.17002,24.94407,000000006b087f40,31.5
3040,2019-08-01T09:06:08Z,2c184c9cc9c9a744c6959766a13f23462ffce29c252d073a252b6a7a,60.16762,24.95415,000000006b44cce7,12.69
3041,2019-08-01T09:06:08Z,2c1dcbe1930bbd0596b8dea9e2abc4e49a10db5a1fbd25f103aaf5a4,60.16762,24.95415,000000006b44cce7,12.69
3042,2019-08-01T09:06:08Z,2c6810efb2565383ca0a554f3c51f3f7905484357f5e00756dbf091a,60.17918,24.95141,00000000675d5200,6.46
3043,2019-08-01T09:06:08Z,2dcc113a258bced083c9729d8e62d6001f909ce1c9dac69fa7bead83,60.17065,24.93641,000000000f4919c9,29.32
3044,2019-08-01T09:06:08Z,2ea9a23b1a04016fb4810d1ceb5731d90774224fd9235877005a4e1c,60.16897,24.95222,00000000aa852af1,18.79
3045,2019-08-01T09:06:08Z,2f43b7a683b0d365a46b6259a032813c293472eaedcdbcc3507adee5,60.17919,24.95181,000000007b5207b6,10.78
3046,2019-08-01T09:06:08Z,2f79108a454c0072885ad1447280ed5098d061b229eaae61a8bb67be,60.15432,24.9211,0000000019fb59c4,29.32
3047,2019-08-01T09:06:08Z,2f82b3546af2df53b58cddc668c9aa196554108cdf39120ea40b417c,60.16629,24.95957,00000000fb7600be,7.05
3048,2019-08-01T09:06:08Z,312e78d3624e87e1645e7d54f96facd8a2321d6e65a3ef0620fb1d42,60.16531,24.9442,00000000fdda10fe,21.87
3049,2019-08-01T09:06:08Z,3371cfaa0eed702110b1f5501d188c9e7424a2e018bb905af13896cc,60.16448,24.97323,0000000053c6c2be,23.56
3050,2019-08-01T09:06:08Z,33fa4cb82db5b44ffe6e7ae1039635187f90d1df328f8f139da0c693,60.17919,24.95181,000000007b5207b6,7.05
3051,2019-08-01T09:06:08Z,3480c16a6649952c388d8902596e332f018e609b9585f483353ae026,60.17065,24.93641,000000000f4919c9,4.5
3052,2019-08-01T09:06:08Z,34e96c7caa63e7ede8f428b18e8fb556ac235d61a50c9d6ac7ff268f,60.17919,24.95181,000000007b5207b6,8.38
3053,2019-08-01T09:06:08Z,359348d27f82b0270a68e954bff8bde5e1a2a32949c7088f12ce7dc8,60.15133,24.92329,00000000e8a064a4,21.87
3054,2019-08-01T09:06:08Z,3609f484ad7e56259f60a61aba44f22dfca5c8b2564fce7e802ad342,60.16829,24.94214,00000000afef4555,0.41
3055,2019-08-01T09:06:08Z,3685ee6d322dcb2ad0ae181f66c3c5427d4531d7896d2f5f7571bb6d,60.16762,24.95415,000000006b44cce7,5.41
3056,2019-08-01T09:06:08Z,36ad599941ef5f8fe261bf8d0942a32c22483b301e53661bf17c9866,60.16829,24.94214,00000000afef4555,29.32
3057,2019-08-01T09:06:08Z,38fb20c6d55b10dd10a39c0fb41ad61297453e25afda81cf32313ae3,60.16531,24.9442,00000000fdda10fe,23.56
3058,2019-08-01T09:06:08Z,39126ffb278f49e06180cc6abe5b31ab3acdce1534b5b6ffa0b6e567,60.18203,24.91341,00000000342570c2,27.28
3059,2019-08-01T09:06:08Z,397e4b6a0e6c50fbb45ede1cb6e48156c508b36115e703cc5bac6e96,60.173,24.92524,0000000096918cfa,29.32
3060,2019-08-01T09:06:08Z,39c6456ee66fe96eee3d97cee2a70923cedb3da760bb5d4d413adb9c,60.17919,24.95181,000000007b5207b6,6.46
3061,2019-08-01T09:06:08Z,39e9fa7033887b7ab339887aa68753ff94d4771cda2bb8ff4ea7aa0a,60.17918,24.95141,00000000675d5200,11.7
3062,2019-08-01T09:06:08Z,3a1afdcf7c2e5a52cdbcbbe29e8281c184037e8720920c6c75bee339,60.15133,24.92329,00000000e8a064a4,9.92
3063,2019-08-01T09:06:08Z,3a253f272d2781dc2001addfbddcac5f3dbf18610988531707b80b60,60.16829,24.94214,00000000afef4555,17.4
3064,2019-08-01T09:06:08Z,3a2f1a2c6c645bd161943b3f19c171d021512d7a8c4273ed3022f5df,60.16829,24.94214,00000000afef4555,11.7
3065,2019-08-01T09:06:08Z,3a38ba36c098f2741d6c5fb5a751fcd074d05d698ac592ca09ab443c,60.16448,24.97323,0000000053c6c2be,21.87
3066,2019-08-01T09:06:08Z,3b124e1851087531134d5e5d0a10b6afe3551982609a81a19dd969dd,60.16829,24.94214,00000000afef4555,17.4
3067,2019-08-01T09:06:08Z,3cc82d532d2a768e0c987e2653e32825a8b11fc2f7ba36388535f6e2,60.16075,24.95883,00000000f1124bca,20.28
3068,2019-08-01T09:06:08Z,40646914186edc6142b7fc3daf766121b55f5bb36ea38facff686ea5,60.16897,24.95222,00000000aa852af1,13.75
3069,2019-08-01T09:06:08Z,41a0ca2955e0ae0324f6e14aeb77ebfaac5305e31d86c42a20277b94,60.15133,24.92329,00000000e8a064a4,13.75
3070,2019-08-01T09:06:08Z,4256b81faf420b0636e1bfcf21e8b61482045aed964aae9089c67296,60.16829,24.94214,00000000afef4555,18.79
3071,2019-08-01T09:06:08Z,42844e90c7134ebb3ec325f57cd27cd24711c779548ebc8692a820d5,60.14951,24.92138,0000000006dd41f6,3.4
3072,2019-08-01T09:06:08Z,43e023a8726ec4c53a8cea6dcaa79e722da4677e37f3f6c9d3cc9873,60.16544,24.95398,0000000038d83d41,31.5
3073,2019-08-01T09:06:08Z,4470412c4b059a920f2699fbfb72b261e0847b3e1caa8c71d2edd5a2,60.16448,24.97323,0000000053c6c2be,17.4
3074,2019-08-01T09:06:08Z,44cd682aaef3e1d1bc2b0eac71d75bb3a951f74d7c93810d260dfd07,60.16829,24.94214,00000000afef4555,23.56
3075,2019-08-01T09:06:08Z,4642dfa1df839f11e64f68bca4e3dce7bde2ff6dd68c54959fcb4788,60.17918,24.95141,00000000675d5200,9.12
3076,2019-08-01T09:06:08Z,4682d95464cedcc021f38271a51bab9c000762b4acf802070e259ba2,60.16629,24.95957,00000000fb7600be,9.92
3077,2019-08-01T09:06:08Z,478830e26b1b9314c3f35b4ca62aba9828872733abbc7f32b78daac3,60.16531,24.9442,00000000fdda10fe,36.27
3078,2019-08-01T09:06:08Z,48004849b2f48b2314aa9175433d754db1641b949bb8cf050e2dd128,60.17918,24.95141,00000000675d5200,5.91
3079,2019-08-01T09:06:08Z,484bbaa5a9d6bdd2259f022b6ea4e3c290985c13a1286bd7142d878f,60.16762,24.95415,000000006b44cce7,21.87
3080,2019-08-01T09:06:08Z,48c0ea6615ac4c02fc9bc0e06f9ea9309f9bf7e73b4324d7a6b14610,60.16829,24.94214,00000000afef4555,3.09
3081,2019-08-01T09:06:08Z,49bbad87e4d6cd03bdb073bde7be91193d74d29943badce7fc536916,60.16448,24.97323,0000000053c6c2be,12.69
3082,2019-08-01T09:06:08Z,49df780a7f20a99ad2810fa4bbb46b5fac9bc5cbe3fc800cd572f63a,60.14947,24.91438,000000004ef3150d,14.89
3083,2019-08-01T09:06:08Z,4ade4f0d92c6157a42d7fd8e353d1c93551324ba47cc134b840a6c63,60.16897,24.95222,00000000aa852af1,4.94
3084,2019-08-01T09:06:08Z,4ba529eeafb27285cbbade6e5ece0d4d04bd2d13c98b27a5d17abd22,60.16897,24.95222,00000000aa852af1,4.94
3085,2019-08-01T09:06:08Z,4c8696833edf46025bc9b5f589679b77a73c857736036aa9ef6696e5,60.17002,24.94407,000000006b087f40,27.28
3086,2019-08-01T09:06:08Z,4ece1c33c3c88529357429f0f3481471e9f42b6aace7878130350cbd,60.16762,24.95415,000000006b44cce7,14.89
3087,2019-08-01T09:06:08Z,4f9125edf503fe3cb0ba1e1221fe6a67aafd99fcd89fd92d2bf20e97,60.16897,24.95222,00000000aa852af1,11.7
3088,2019-08-01T09:06:08Z,4fb4a3650a2a28469dde9c537458d24411aa6075666e047dd756fba9,60.17919,24.95181,000000007b5207b6,33.81
3089,2019-08-01T09:06:08Z,5001aabb6808b9fd96b705d1ebe8e7aca52713c2640100d81879dd86,60.17919,24.95181,000000007b5207b6,3.74
3090,2019-08-01T09:06:08Z,504f910a0bd104a130b85d0c50467a15e74dc950bcc9eac3ebecc43e,60.16531,24.9442,00000000fdda10fe,16.1
3091,2019-08-01T09:06:08Z,51ec42fdd85671ae93876c3d875b24e56cb45699e9c3d2b623dca70d,60.16762,24.95415,000000006b44cce7,13.75
3092,2019-08-01T09:06:08Z,52f943aea39f0d3343f079544d9cab3d67d59f2b12aed8dfe74feab1,60.16829,24.94214,00000000afef4555,29.32
3093,2019-08-01T09:06:08Z,5372348389197e6c4bc4c5e3dab047e7384d562220e6295904bbda1b,60.17065,24.93641,000000000f4919c9,4.11
3094,2019-08-01T09:06:08Z,53d8fd3162d3b72ea9f77159ab356b46d40de1758d6388e60fe70985,60.16629,24.95957,00000000fb7600be,20.28
3095,2019-08-01T09:06:08Z,54bd709173219e8017f317b63ecc83d0a48f64542e6fa1b83c86a56c,60.17919,24.95181,000000007b5207b6,7.69
3096,2019-08-01T09:06:08Z,556cae6b2e2dec6fe691a835e8e08bd016b1a65797c0aca46879329f,60.17918,24.95141,00000000675d5200,12.69
3097,2019-08-01T09:06:08Z,559e6a5225ce35ab844c63ea0d0c1695dc490a3d9cfbafa5d35ac8d8,60.14947,24.91438,000000004ef3150d,9.92
3098,2019-08-01T09:06:08Z,5830a481876da00686f25b17dad06258a39212c0816ed04dda2df1bd,60.16531,24.9442,00000000fdda10fe,36.27
3099,2019-08-01T09:06:08Z,584adabea16213fba5e201e8dddabc4a069951e35fb1731180ebf8b3,60.16762,24.95415,000000006b44cce7,33.81
3100,2019-08-01T09:06:08Z,584cb0b0cdd14e608c8b57c8aecc9826f9b40027e365e2438a444ea2,60.16762,24.95415,000000006b44cce7,9.92
3101,2019-08-01T09:06:08Z,5865a27b5b56a60bca38e4a1403655e3e7fd0232a3ff2079965aff81,60.15432,24.9211,0000000019fb59c4,3.4
3102,2019-08-01T09:06:08Z,5978726eeef638856dafd3a8d199287f8daf9e90ddde750b402f8bb0,60.17065,24.93641,000000000f4919c9,0.5
3103,2019-08-01T09:06:08Z,5a07851c2c522c6beba70c513f1b1bea2b30d5d860629837ddd845f8,60.16829,24.94214,00000000afef4555,20.28
3104,2019-08-01T09:06:08Z,5a3004325b5a058e02fb9f32ef4f7e9cc465240cbda7a7e4ec89d2de,60.16629,24.95957,00000000fb7600be,16.1
3105,2019-08-01T09:06:08Z,5a34b02faac3189217466888ef1d31cc80f721ac2f18638c5db88d53,60.14947,24.91438,000000004ef3150d,16.1
3106,2019-08-01T09:06:08Z,5a8d671a78b976d212d9746d88b9a754a2d9c8341c529e88b7c6b8f4,60.17065,24.93641,000000000f4919c9,21.87
3107,2019-08-01T09:06:08Z,5b06617477af6dcee75a94ac347364b50f6f3b5b7d747e5413d9ad58,60.14947,24.91438,000000004ef3150d,9.92
3108,2019-08-01T09:06:08Z,5b8d7790d251f068844cdf9a038ea91552c75dfd06e0b0b74fdc5808,60.16829,24.94214,00000000afef4555,18.79
3109,2019-08-01T09:06:08Z,5c1f71098d5d7258d2971061c791c94e0138c8e02225c5f60d6a0428,60.149,24.9843,00000000fffb8cf0,25.36
3110,2019-08-01T09:06:08Z,5e2c5c20c88ccf362ed8749d1ddc041b1cb1c38d8dbeac7870179322,60.16629,24.95957,00000000fb7600be,4.5
3111,2019-08-01T09:06:08Z,5fe0284ec0eb11405b1a7060df33e93f8a659e348c4e7a21b3559267,60.16762,24.95415,000000006b44cce7,21.87
3112,2019-08-01T09:06:08Z,60fb71f332cc032172f6238e9ddeaf6911310759fc2cd535746d74f9,60.16629,24.95957,00000000fb7600be,23.56
3113,2019-08-01T09:06:08Z,61f53bab9eb8d4ebb57a9aaea9ccecc63dbf2a442c4d629c5348903f,60.16629,24.95957,00000000fb7600be,20.28
3114,2019-08-01T09:06:08Z,626bf35ce16dba1054cfd175d09475d3ee751bf70e56f984ff5c7ab6,60.15133,24.92329,00000000e8a064a4,21.87
3115,2019-08-01T09:06:08Z,63ff2439779051005c18876d20ed53ce060c1de9d7976821bd518fc6,60.15432,24.9211,0000000019fb59c4,9.92
3116,2019-08-01T09:06:08Z,65b6b62b547e11e10f7f83ad497446bee2bb9653097d9d62e9b1b817,60.17065,24.93641,000000000f4919c9,4.94
3117,2019-08-01T09:06:08Z,66ad74b1795a3f2db404e46e89b7cdeb3d6e231b6573e3fd29bb7eef,60.16897,24.95222,00000000aa852af1,18.79
3118,2019-08-01T09:06:08Z,674355e17da9460e58566497be518f2eb537880c67c788fedb5067db,60.16629,24.95957,00000000fb7600be,5.91
3119,2019-08-01T09:06:08Z,685af6b01bd180194d718801bb8b9c9de22050cc392d6c6441fe986b,60.18203,24.91341,00000000342570c2,8.38
3120,2019-08-01T09:06:08Z,68d7ad8fab31b3c5967a814376d0ddc6cf42e1db0d9e09dfbba169bd,60.16762,24.95415,000000006b44cce7,17.4
3121,2019-08-01T09:06:08Z,697a5816c3cb91cd83830169431c903bcea3643096500246189fd8e2,60.18203,24.91341,00000000342570c2,27.28
3122,2019-08-01T09:06:08Z,69e2854c78a472b462941ef730aa9fa7a9dba9c1cc22996396d4c78a,60.17919,24.95181,000000007b5207b6,17.4
3123,2019-08-01T09:06:08Z,6a10589866d3928c96556bf2a61fc0426579b5f948f98bc9ddc1ba05,60.17002,24.94407,000000006b087f40,23.56
3124,2019-08-01T09:06:08Z,6adce4d05e58232a97635a2fd7918e4e49d9295afc0989d727f9c712,60.17002,24.94407,000000006b087f40,18.79
3125,2019-08-01T09:06:08Z,6be747c7ea296d5a1f3e2942a6208d5f61fe895abb9a13c65372b130,60.16829,24.94214,00000000afef4555,20.28
3126,2019-08-01T09:06:08Z,6d98ac1fea7056e5b96d6095caf0e3677a4ec30e9fbcc2e50ae1cf65,60.16629,24.95957,00000000fb7600be,12.69
3127,2019-08-01T09:06:08Z,6dca84ddf4be668487766d17c5d13961ed713d24032f709ae87a497f,60.16829,24.94214,00000000afef4555,12.69
3128,2019-08-01T09:06:08Z,6eb390f743af2f8f87ce6c2ab53228450ccce1d21de54f8abba160df,60.16829,24.94214,00000000afef4555,25.36
3129,2019-08-01T09:06:08Z,6fe2cf6737d40d71251dac8ebef5356a2b765621e97a346c00a6031c,60.15432,24.9211,0000000019fb59c4,3.09
3130,2019-08-01T09:06:08Z,7003a7f6a5523b645634f014e04bea36016953a8af9324e35602bc2e,60.14947,24.91438,000000004ef3150d,12.69
3131,2019-08-01T09:06:08Z,704c3f3075f13713c363014fa828e4a932e7a05676813b9963a1e554,60.17918,24.95141,00000000675d5200,3.4
3132,2019-08-01T09:06:08Z,70d391038ec56b63a3737605c2c1db6ffbdca8e4490691776dc993f1,60.16829,24.94214,00000000afef4555,9.92
3133,2019-08-01T09:06:08Z,7176ddd6f2dc9be71319e3a2ea67061af7b5277adc890f23882c0afd,60.16829,24.94214,00000000afef4555,20.28
3134,2019-08-01T09:06:08Z,72439a1f997fd347d46394f31f5789edc877fe61ca34fcd31f9150b1,60.18203,24.91341,00000000342570c2,20.28
3135,2019-08-01T09:06:08Z,74cb545f76f0bfc5498607247e26e814276a11ce91f77208054ecbc5,60.17002,24.94407,000000006b087f40,25.36
3136,2019-08-01T09:06:08Z,75003dbce84bab66829b2489dc3bff3abc4ec7f1b136c28b0835fa0e,60.15133,24.92329,00000000e8a064a4,11.7
3137,2019-08-01T09:06:08Z,750297d0d8ff0ca837d9c2289c26302d62f38708617150431ab14509,60.16531,24.9442,00000000fdda10fe,16.1
3138,2019-08-01T09:06:08Z,76c2f7b3773d4bebd4dabada1c2b98fe4ea9762e9c98b4a6371d7746,60.16762,24.95415,000000006b44cce7,10.78
3139,2019-08-01T09:06:08Z,7700297fec4982ad776529835e2ab46d4e5cbc889e26f368c19efeef,60.16829,24.94214,00000000afef4555,17.4
3140,2019-08-01T09:06:08Z,774131d73accbbb31ec3c43c3501b7969645eb65df1839ca8116526e,60.15432,24.9211,0000000019fb59c4,4.94
3141,2019-08-01T09:06:08Z,7803e2d46157a5482e745447d4c2c332fbd818d87a20b0f6187c628d,60.17065,24.93641,000000000f4919c9,27.28
3142,2019-08-01T09:06:08Z,78047bec076b1b43b674f39aa6b605b1665404036da0e4dfac3c1e1e,60.14699,24.922,00000000a53ed894,21.87
3143,2019-08-01T09:06:08Z,79669159e96cc1cdf3879c3db8c5621167f92aaa10df4dd21a9be1de,60.16829,24.94214,00000000afef4555,10.78
3144,2019-08-01T09:06:08Z,79ab7360fcf828dc88bd416dd77fc12910178e0213dd5fb4336ea257,60.16897,24.95222,00000000aa852af1,21.87
3145,2019-08-01T09:06:08Z,7a62d9e7c260ee9d4896ace1bd129198320f0fb15d96a8016f9b84c2,60.16829,24.94214,00000000afef4555,14.89
3146,2019-08-01T09:06:08Z,7c1534082e86ff4387878d813207626d8f728aa26b97248e00a3b8d7,60.16629,24.95957,00000000fb7600be,16.1
3147,2019-08-01T09:06:08Z,7d12711d47425111a6dce413faa867542b9532f3b9c5a934b37a0bc8,60.17918,24.95141,00000000675d5200,13.75
3148,2019-08-01T09:06:08Z,7d415f4fd9093fb383b4ebb88961ad74e6a00d3ece39504712dad639,60.17918,24.95141,00000000675d5200,8.38
3149,2019-08-01T09:06:08Z,7e2e3d07c939e3e76e7ce87678faf64e056afe54215e00488839100f,60.14947,24.91438,000000004ef3150d,16.1
3150,2019-08-01T09:06:08Z,7eb4a715919b3eb4085270535ce4d7b57112591ad7242eb189bf652a,60.17065,24.93641,000000000f4919c9,13.75
3151,2019-08-01T09:06:08Z,7f534fc0885ddf5a5c3814e4232de3356affd42f6c3560055079dc1c,60.16829,24.94214,00000000afef4555,11.7
3152,2019-08-01T09:06:08Z,7f59aaecea1eee6c703ec5d46d67b44289ddedf080defee495b73739,60.14947,24.91438,000000004ef3150d,12.69
3153,2019-08-01T09:06:08Z,7faf8705e89a761625aaed50b89538581e25d5950ec8f051d36ed829,60.14947,24.91438,000000004ef3150d,17.4
3154,2019-08-01T09:06:08Z,809bf2d7a0745ae512b934a578fd5fd47c13c5398b6d06ad350b9e7c,60.14947,24.91438,000000004ef3150d,9.12
3155,2019-08-01T09:06:08Z,8165c5f8d06298ffd56f071c0ad1cc9f1d4f08084936937d712d0b61,60.15133,24.92329,00000000e8a064a4,14.89
3156,2019-08-01T09:06:08Z,8176eaeb262de7f9113561a8e31b6cf6f4c74c882f7f18ba8bb5acf8,60.173,24.92524,0000000096918cfa,33.81
3157,2019-08-01T09:06:08Z,81cabf0ecb3563f645298961619ca623084bb89ab4b7635ffe2de7c0,60.16829,24.94214,00000000afef4555,10.78
3158,2019-08-01T09:06:08Z,8292ad97931f6462dc056eb92748496c2cfa3e22dbad610514a2deab,60.17002,24.94407,000000006b087f40,31.5
3159,2019-08-01T09:06:08Z,84d1d9aa30ee8522d093db9e804511ce266eafc2488c6d3af73dd762,60.16531,24.9442,00000000fdda10fe,31.5
3160,2019-08-01T09:06:08Z,8524898e498c83bde4bc1848aa2b372da84e7b2266f36aabe128cc27,60.17919,24.95181,000000007b5207b6,17.4
3161,2019-08-01T09:06:08Z,85bdce5b262dbd94adcff03e6cad26a1152828b6ab27e6fdd56b2b13,60.16762,24.95415,000000006b44cce7,3.74
3162,2019-08-01T09:06:08Z,87f1cc4c4a9de1ab81fe39cf7fde6cf0d4778e690f1665b62231ce46,60.149,24.9843,00000000fffb8cf0,27.28
3163,2019-08-01T09:06:08Z,880f9cbb91b9caf48ea9c5dd1a0c8e1db72922b6dfcb647b102fc469,60.16629,24.95957,00000000fb7600be,9.12
3164,2019-08-01T09:06:08Z,88c2bc6310f27465b9f08b28fb52075d7703ce7b097e5beb37c7437c,60.14947,24.91438,000000004ef3150d,11.7
3165,2019-08-01T09:06:08Z,898cde3317c73907bb23b1b885828c4bf3187c3a757a18dc32abe970,60.16762,24.95415,000000006b44cce7,16.1
3166,2019-08-01T09:06:08Z,8996f41485515f4fe2b7f60962df36a3421c9a14cdb3f381b1ce7052,60.16829,24.94214,00000000afef4555,13.75
3167,2019-08-01T09:06:08Z,89aeff56a0700534bbf2dfd19fc298f5a890c95e1a45b6ca7ad3c33a,60.16829,24.94214,00000000afef4555,12.69
3168,2019-08-01T09:06:08Z,8a01e28fd327e5c56dcf2dc8b2b7762a96d77584c21990a073ceb11f,60.16829,24.94214,00000000afef4555,2.08
3169,2019-08-01T09:06:08Z,8c571538c285dba9d77edacfb1829b282d54b772b62209c6e4004237,60.17919,24.95181,000000007b5207b6,23.56
3170,2019-08-01T09:06:08Z,8d5e893f77b3d167ebefad4ecab181fea08513599a6f9450f0b9a827,60.17919,24.95181,000000007b5207b6,16.1
3171,2019-08-01T09:06:08Z,8e20d0d67339e3cf43e77c3a340d9dc6766de8d079197a08a1343ff0,60.17065,24.93641,000000000f4919c9,10.78
3172,2019-08-01T09:06:08Z,904a0fc128c9b7a19f77deebcedd8da5dc7f96ad36aa36930f09f87e,60.16762,24.95415,000000006b44cce7,10.78
3173,2019-08-01T09:06:08Z,90cbd42bb0b87275465292e47bc317061e603480906cbc5a277cb157,60.16629,24.95957,00000000fb7600be,18.79
3174,2019-08-01T09:06:08Z,92d558faaf274f5fac1ccabea7bd30042fdd6fee95770c60123653a3,60.16762,24.95415,000000006b44cce7,12.69
3175,2019-08-01T09:06:08Z,941e13893853105c86bfbc6d31d62274937602143ce3bb530c8c17ed,60.17919,24.95181,000000007b5207b6,9.92
3176,2019-08-01T09:06:08Z,97673619aef2a748d2dbbd26567b9b3d7bdae3f5860361bc405404ed,60.16897,24.95222,00000000aa852af1,16.1
3177,2019-08-01T09:06:08Z,9998e64e3b5162fd8890fc4e2dfe41a3e875f08500f1cef0c4820855,60.16829,24.94214,00000000afef4555,20.28
3178,2019-08-01T09:06:08Z,99a026b5100e23129fa529e9a57a3dbc8490dc03b58f2193f03e2dcf,60.14951,24.92138,0000000006dd41f6,7.05
3179,2019-08-01T09:06:08Z,9abbc86fb0fc1c0532042814af76a97e6a17121831d4394749a290a6,60.16762,24.95415,000000006b44cce7,7.69
3180,2019-08-01T09:06:08Z,9b3e6848d8b34e802134d6da0e5a594897ec3fafbbf08b6d0b84068e,60.17918,24.95141,00000000675d5200,7.05
3181,2019-08-01T09:06:08Z,9bc129708b07f3c5bbf4195e83f0e5b9a663b6f371f416a8e3a605f0,60.16897,24.95222,00000000aa852af1,20.28
3182,2019-08-01T09:06:08Z,9bdb503344071eddd74d821f537246d8a6c19468b05d38d0170377f9,60.16897,24.95222,00000000aa852af1,7.05
3183,2019-08-01T09:06:08Z,9bef8b28ea93ecaee57d05b037edbfe7f80014aaf56343345fedd7be,60.17919,24.95181,000000007b5207b6,5.41
3184,2019-08-01T09:06:08Z,9e343a150f07bb3dcce5ecab8ac061b84d65b347b1af5a232e00eeb6,60.16829,24.94214,00000000afef4555,18.79
3185,2019-08-01T09:06:08Z,9ea5b6d54523458f864e06efb821b4738fd3c80375601ea47524a04b,60.16544,24.95398,0000000038d83d41,17.4
3186,2019-08-01T09:06:08Z,9eee6d740f1d483c484d02f0995f35550c09e6a8cf01f02680db5efc,60.16448,24.97323,0000000053c6c2be,29.32
3187,2019-08-01T09:06:08Z,a04214b56cac7d70680703ee6a28fac742f3c3190b55b46a79c1f76d,60.149,24.9843,00000000fffb8cf0,16.1
3188,2019-08-01T09:06:08Z,a1049deed97cd1989c882cb47bb39f0d93d1fddbac4e9307e8a4249e,60.16544,24.95398,0000000038d83d41,21.87
3189,2019-08-01T09:06:08Z,a256ee4e61079f54581967787db25324859ef431207cb182cd468fbe,60.16829,24.94214,00000000afef4555,18.79
3190,2019-08-01T09:06:08Z,a2e761fd97d8bdf78601300822b531e306b9ab7a1a43b6bfb07eba52,60.14947,24.91438,000000004ef3150d,31.5
3191,2019-08-01T09:06:08Z,a38c11c450b472b9dad2f076e2d9a63651292d3de806331d06af7f46,60.16531,24.9442,00000000fdda10fe,12.69
3192,2019-08-01T09:06:08Z,a3d99fc570ed19522398a09fafe7d264d95d2cd387780feb931b4573,60.17065,24.93641,000000000f4919c9,25.36
3193,2019-08-01T09:06:08Z,a4b9f871dcc986c95f1e84fe203bb392ba0fe13164d89119bda2c94a,60.16762,24.95415,000000006b44cce7,9.92
3194,2019-08-01T09:06:08Z,a5423cad01b42682deb516a777f50fd783fd1fd9dc23b7cab01eaedc,60.16897,24.95222,00000000aa852af1,14.89
3195,2019-08-01T09:06:08Z,a6d0dd9de406b1201a4e438ec7c5f4a467f38c41e2dec42ff6c71d50,60.16897,24.95222,00000000aa852af1,17.4
3196,2019-08-01T09:06:08Z,a786eb3b8a25c58099a428799e99d0b86401f803ee38d3e5d20e59d3,60.15432,24.9211,0000000019fb59c4,14.89
3197,2019-08-01T09:06:08Z,a808962cb511e5ed2d23e6e33efe252b1be29dc1d2f7c6154817f04f,60.16448,24.97323,0000000053c6c2be,9.92
3198,2019-08-01T09:06:08Z,a83415babca8eac00f69a32371a230fdadda29bf40fd69f75cf2e8fb,60.17919,24.95181,000000007b5207b6,16.1
3199,2019-08-01T09:06:08Z,a838fe521ed943ab5d8f7c5d408246fb2370ea139b12544208826ea9,60.16897,24.95222,00000000aa852af1,20.28
3200,2019-08-01T09:06:08Z,a8ca7fb815e707c04434a085c4f99e783d56372143afc92225eae622,60.15133,24.92329,00000000e8a064a4,20.28
3201,2019-08-01T09:06:08Z,aa05a7036c3586a79d23f426b78bf158357208bc82d7ddf9a1326dd2,60.16531,24.9442,00000000fdda10fe,21.87
3202,2019-08-01T09:06:08Z,aa5281244780ac8f283c3452639d477cd76e31fc6f0b95b99c51a9b0,60.16762,24.95415,000000006b44cce7,3.09
3203,2019-08-01T09:06:08Z,ab615ee5bbf567aee3505fbb360d09fc6b851f93fb15aef778b57128,60.16531,24.9442,00000000fdda10fe,11.7
3204,2019-08-01T09:06:08Z,abf0be93e7a8aec9fa8284fdbcc2493f32084aa95f15660b23e149c6,60.16629,24.95957,00000000fb7600be,13.75
3205,2019-08-01T09:06:08Z,aca524ceb3c7373172ecd0d06b26e7d610d441f4a47ab78ae0ad3340,60.15133,24.92329,00000000e8a064a4,12.69
3206,2019-08-01T09:06:08Z,acbbe4765d72f36b0323407c7dbe43db7b4ad5e2da0a6a9e5966db0b,60.16897,24.95222,00000000aa852af1,25.36
3207,2019-08-01T09:06:08Z,ad22512fd6a5ad9e19fdfad7e02b2793ecb01875be243f894c637ae2,60.16829,24.94214,00000000afef4555,5.41
3208,2019-08-01T09:06:08Z,aef9493ffdbcaf1d1a27c9ae807b055ac0b7ba8fb2d6b6d307ecb617,60.16629,24.95957,00000000fb7600be,23.56
3209,2019-08-01T09:06:08Z,af67ffa8b538058603b74f48e04ab914e8f6cd450f53c47f8c3d683d,60.15432,24.9211,0000000019fb59c4,16.1
3210,2019-08-01T09:06:08Z,afaed9946dbc1509500c6f80f87eed8fe44a74ba3e14328c6efe3971,60.16829,24.94214,00000000afef4555,13.75
3211,2019-08-01T09:06:08Z,b09e9bb62cc49c085c1aee3b752af1bec69dabc939323e5733f73933,60.17065,24.93641,000000000f4919c9,25.36
3212,2019-08-01T09:06:08Z,b28757d67868f9471f0d997a935e857fd0ff1095449820929597563b,60.16762,24.95415,000000006b44cce7,14.89
3213,2019-08-01T09:06:08Z,b32e57a6f5865a23d7a0e9fa346d5ec4e975f99c4df815fe8b1449b2,60.17918,24.95141,00000000675d5200,23.56
3214,2019-08-01T09:06:08Z,b3db56525c6f3ff72a79295f87b3cf4b427d36412732d43f857b2d81,60.16531,24.9442,00000000fdda10fe,25.36
3215,2019-08-01T09:06:08Z,b474e34db18d21635ec9ea2654513e6759c326f3aaec96c25f9a204e,60.16897,24.95222,00000000aa852af1,23.56
3216,2019-08-01T09:06:08Z,b50a45ac0708e7b5cca42f3458430eb22ff70a81c575bafe99ffda23,60.17002,24.94407,000000006b087f40,9.12
3217,2019-08-01T09:06:08Z,b5603e758440226e490d1d7d7271a7b0d5c261eccbad198f81110136,60.15432,24.9211,0000000019fb59c4,10.78
3218,2019-08-01T09:06:08Z,b63403593be0fc8c87a5e66ed93730278a0dc1410ca32d999f57a350,60.16762,24.95415,000000006b44cce7,18.79
3219,2019-08-01T09:06:08Z,b6b32d1744cab38523e13d061fa256f05d6e01d920275907327c3083,60.16829,24.94214,00000000afef4555,10.78
3220,2019-08-01T09:06:08Z,b6c43126ca83e916a68e57d0178060c24fc61305836b6c8f188f7285,60.17919,24.95181,000000007b5207b6,14.89
3221,2019-08-01T09:06:08Z,b6f0f4101a1a258dcb1d82d77ca91000694d4fed15bd882a8e3bfe66,60.149,24.9843,00000000fffb8cf0,8.38
3222,2019-08-01T09:06:08Z,b7c3b37b32d534f6824ac8d99b4c79d0cb915cab104fdb745550ea22,60.16762,24.95415,000000006b44cce7,10.78
3223,2019-08-01T09:06:08Z,b8038854618ce49585b1b6da449b945625ada46d3a0e8942e9f8137f,60.16629,24.95957,00000000fb7600be,20.28
3224,2019-08-01T09:06:08Z,bb2187a4e20012ad694c768ef2c47c9a9055671024ebf4855d4e6243,60.16531,24.9442,00000000fdda10fe,1.54
3225,2019-08-01T09:06:08Z,bc20b3b236588d3632c07aba05bd43ff4ec70f10290f2feb5175b8ab,60.16762,24.95415,000000006b44cce7,8.38
3226,2019-08-01T09:06:08Z,bc82f76c979de19b559e9e3aa0cd6cbf5ac361e2d7b1ac9f81fe2f4f,60.17918,24.95141,00000000675d5200,9.12
3227,2019-08-01T09:06:08Z,bd23c66c4df0bd849266a4429a24f23f2c9503cf31eb0cd9780248e6,60.18203,24.91341,00000000342570c2,20.28
3228,2019-08-01T09:06:08Z,be12d6aaccf354197284a8c92b960bd6a4e1705f7d948823e7891fde,60.16762,24.95415,000000006b44cce7,7.69
3229,2019-08-01T09:06:08Z,bf49d47a337e26ce22d9f900a012f227185efed1dc30802b35273839,60.16762,24.95415,000000006b44cce7,17.4
3230,2019-08-01T09:06:08Z,c004fa64cb7de7e87d3b91639ae5f95304fb1a90b0a0e927cea958af,60.16762,24.95415,000000006b44cce7,11.7
3231,2019-08-01T09:06:08Z,c15da9ed244b57a27a083919c67d0edde078a31b18cb58f13581f173,60.1538,24.95595,0000000038bf9618,31.5
3232,2019-08-01T09:06:08Z,c1674c59c49d5bf74e6808239a91d18a04e47697d298bc61a7618af2,60.16448,24.97323,0000000053c6c2be,14.89
3233,2019-08-01T09:06:08Z,c1bf1bf699e9bc78ca15c9490d1ef02e3323f0c2c76bf0fca7955a69,60.14947,24.91438,000000004ef3150d,25.36
3234,2019-08-01T09:06:08Z,c3695bf11407c4125bf337a593ad455bd0c270c8eb5c3ffa6a66069b,60.16544,24.95398,0000000038d83d41,25.36
3235,2019-08-01T09:06:08Z,c434f18b802a764aad7a2dfb46e93546acb1b0975cf9b93fd47363f6,60.15432,24.9211,0000000019fb59c4,9.92
3236,2019-08-01T09:06:08Z,c46895857ca53c3362932d446a58c13b60d297f99ca237d4546589e8,60.16897,24.95222,00000000aa852af1,9.92
3237,2019-08-01T09:06:08Z,c51beff15d228f2dab9416cadfcc60fe269ce3d9202a9cf2ec7e7647,60.16829,24.94214,00000000afef4555,14.89
3238,2019-08-01T09:06:08Z,c5a6d2d62bc00c29fba5a97a29835008abdcf800f70540e4ccf71683,60.17919,24.95181,000000007b5207b6,18.79
3239,2019-08-01T09:06:08Z,c65c11ee6e8b5894ead3ea9b007a39127edb65a67be253aca6f78ed0,60.16448,24.97323,0000000053c6c2be,25.36
3240,2019-08-01T09:06:08Z,c872af9997af535c4615ee0b4194c7c8d644b7962afb3ca321eb386f,60.15133,24.92329,00000000e8a064a4,25.36
3241,2019-08-01T09:06:08Z,c8aef405537103b9d31a7e2dda43949f5844b9a36494f8defaf0d803,60.17002,24.94407,000000006b087f40,25.36
3242,2019-08-01T09:06:08Z,ca7719c7cd8d4496b666f608fc07ba9930e362a0b2d96890b0778618,60.16629,24.95957,00000000fb7600be,13.75
3243,2019-08-01T09:06:08Z,cccf3ba2a9d11b9330c18af8064a20aca9995473495bf119162a1619,60.16897,24.95222,00000000aa852af1,10.78
3244,2019-08-01T09:06:08Z,cce3077cdfeedd0674391bec08ce94732557106542574c58a7f378bf,60.16829,24.94214,00000000afef4555,3.74
3245,2019-08-01T09:06:08Z,cdac044b0b1896d284492c14301798e2f2534db67c03cfbef7722fb3,60.17919,24.95181,000000007b5207b6,27.28
3246,2019-08-01T09:06:08Z,cf823e18aa21de251222a9ab70c1b76b6218dea694752d56f6f84082,60.149,24.9843,00000000fffb8cf0,29.32
3247,2019-08-01T09:06:08Z,d062562fed5ad0a61560e267310beb0b717d2a1e2a11d1d575507861,60.16897,24.95222,00000000aa852af1,20.28
3248,2019-08-01T09:06:08Z,d0ae4fabf429edbfdad59f8183cc6e5929f68633315448c9b83d4c16,60.16762,24.95415,000000006b44cce7,7.05
3249,2019-08-01T09:06:08Z,d16e16def718519430296afa23976c226aaf720722bce3d92a2aad43,60.14947,24.91438,000000004ef3150d,17.4
3250,2019-08-01T09:06:08Z,d29a5ebd00326d5dedb6c60cab75fd238bdaa9d7f703f6b5974edbc7,60.16762,24.95415,000000006b44cce7,12.69
3251,2019-08-01T09:06:08Z,d562afdedae521be241c98441e436608a323fdb944dedc24c835e762,60.17065,24.93641,000000000f4919c9,5.91
3252,2019-08-01T09:06:08Z,d653ef8368d33df4fc7edeb5a381d5826be1471f1470aa9744d47901,60.173,24.92524,0000000096918cfa,4.94
3253,2019-08-01T09:06:08Z,d65b8625c1f24304ff0e3c4a4dce7aa5d434d36be87be41834a49420,60.16531,24.9442,00000000fdda10fe,7.05
3254,2019-08-01T09:06:08Z,d6e217c6592e449e2390b1a874e08cbc9126116901dbdbf84501c6b8,60.17065,24.93641,000000000f4919c9,9.92
3255,2019-08-01T09:06:08Z,d74ea3c9e0aaa523c791aa01f4f9a7c1c43f01f585dc4146b19edf83,60.17919,24.95181,000000007b5207b6,5.41
3256,2019-08-01T09:06:08Z,d7734ef0345fcffc0f4bd7579275af62987490aba012209832e92059,60.16629,24.95957,00000000fb7600be,17.4
3257,2019-08-01T09:06:08Z,d87c4d5dc2cd620de54fdd076d4f9b35245053d65b644d9e01f558b5,60.16762,24.95415,000000006b44cce7,5.91
3258,2019-08-01T09:06:08Z,d8e192aeb0216a9b0596cedcf42e1b5140d6cfbbc830edc10f50c3d1,60.16762,24.95415,000000006b44cce7,20.28
3259,2019-08-01T09:06:08Z,d95956cedfc4dfe06014194cc1071864bd835fcc014c1fd6f4d33337,60.16762,24.95415,000000006b44cce7,9.92
3260,2019-08-01T09:06:08Z,db09e59d30e841073faa26d5c3a781d50a29e13bff061b33681d6ba7,60.17918,24.95141,00000000675d5200,16.1
3261,2019-08-01T09:06:08Z,dbedd81db3d59ee0c6948187e396a34e2fa5dd6670cf8d862bf5e1ff,60.16762,24.95415,000000006b44cce7,7.05
3262,2019-08-01T09:06:08Z,ddae2128c72cf011df2a698a8254b8738fd07a971349ea8a5e8bfa9f,60.16829,24.94214,00000000afef4555,21.87
3263,2019-08-01T09:06:08Z,deb8a213e1b4930e676ee8fdb394161ec46adb785171fa37437b4d44,60.15133,24.92329,00000000e8a064a4,11.7
3264,2019-08-01T09:06:08Z,dfe80baf219bd267a459c954a8e3027b3f1ed29fea2a5355456d5652,60.16897,24.95222,00000000aa852af1,11.7
3265,2019-08-01T09:06:08Z,e0fe7fe5854899c0eb42b75b300339808143419404558ed4d00b0f17,60.17918,24.95141,00000000675d5200,7.05
3266,2019-08-01T09:06:08Z,e2bb0ae74deee6cbc4f50c5f85da3f1779ca1db1ae7ff48ab4b33dbc,60.17918,24.95141,00000000675d5200,6.46
3267,2019-08-01T09:06:08Z,e2f445c6711e0e7d48a6a045bec347587f9f398e8928a171cfa2ca38,60.16762,24.95415,000000006b44cce7,6.46
3268,2019-08-01T09:06:08Z,e508e239ba2ca68b34ad5074f3d7b013e72f6f7df36eb6cdf545be78,60.16762,24.95415,000000006b44cce7,12.69
3269,2019-08-01T09:06:08Z,e528235be3e5cc4945024d50d1ed43061e2e2f2845f2b41e081e1721,60.17919,24.95181,000000007b5207b6,4.94
3270,2019-08-01T09:06:08Z,e5cad8bb9a6c8dcc067948d7f869033aca5bdd062da175c8734092e6,60.17918,24.95141,00000000675d5200,9.92
3271,2019-08-01T09:06:08Z,e6b4461f3fc3ee8613bfea0937b5fd730d6686a68a65ed6fecc1dd9f,60.16629,24.95957,00000000fb7600be,17.4
3272,2019-08-01T09:06:08Z,e729325b3fe611c9dc2290efdcb3efa71b6d425282d0e683f1435dbf,60.17918,24.95141,00000000675d5200,9.92
3273,2019-08-01T09:06:08Z,e73dcccbc4dd6af49316f19a34c347cc94ff7ab079a93a2672d78a16,60.14947,24.91438,000000004ef3150d,20.28
3274,2019-08-01T09:06:08Z,e8add7e8346b99cd4b67924113f3763441a1899897c6d1ac3a1a40a6,60.17918,24.95141,00000000675d5200,9.92
3275,2019-08-01T09:06:08Z,e8ed8051f57ad9d9029a5e3b443c5e93e5059f8c487ba45e2583d35a,60.16829,24.94214,00000000afef4555,11.7
3276,2019-08-01T09:06:08Z,e9064a62fac257836cb6fbcf0d84fab1ebdfa46bd6734632f1e6f116,60.16829,24.94214,00000000afef4555,13.75
3277,2019-08-01T09:06:08Z,e9275b4d525e0593374e00e9cf9885062a1699ecb3462c758a025ef1,60.16762,24.95415,000000006b44cce7,10.78
3278,2019-08-01T09:06:08Z,e9e1a66ce9f699fc1713bb44cd67a332f584f0c51d18774fc72b8eea,60.16762,24.95415,000000006b44cce7,9.92
3279,2019-08-01T09:06:08Z,ea3f8412ed9c4d92448688dd9cc7ff9e3eeb5fe4373d0953bf0349c1,60.16531,24.9442,00000000fdda10fe,13.75
3280,2019-08-01T09:06:08Z,ea94130fbb3464dc656765cfddbad802ddfafb1af8007cb5f42cd41f,60.16829,24.94214,00000000afef4555,16.1
3281,2019-08-01T09:06:08Z,eaf572301dc5c1eaff007bc1886cce8f0f5e92a233b8686ed2a1a9cc,60.17065,24.93641,000000000f4919c9,18.79
3282,2019-08-01T09:06:08Z,ec2dd83e04d225caca9f6b9d28bd3080ed37c5bf42e5f65123fa2394,60.17065,24.93641,000000000f4919c9,9.12
3283,2019-08-01T09:06:08Z,ec7121833f0e4b509d683b00a9c5e992e4b84882cb857145102e14f4,60.16531,24.9442,00000000fdda10fe,1.7
3284,2019-08-01T09:06:08Z,ec8c0160ac1ee5aeaf6204956c9db2ee4f98f55ae3fe1ec0af07fab8,60.16762,24.95415,000000006b44cce7,3.74
3285,2019-08-01T09:06:08Z,ed86f884272a5a400b55bfd4f22bc8cc5d6fca7fe26eee3c39cb3c52,60.15432,24.9211,0000000019fb59c4,10.78
3286,2019-08-01T09:06:08Z,eef621895ee74145a6d76c5f5493a93d7c728c80abe45a2e1933ae9f,60.16897,24.95222,00000000aa852af1,12.69
3287,2019-08-01T09:06:08Z,ef67b9e4617f284b84167b4bdaff71108579a33ced0a2450ff25a1a1,60.16629,24.95957,00000000fb7600be,9.92
3288,2019-08-01T09:06:08Z,efb0235d2d9cd06b8377959fc3e5e144c222db88b6578a8fa7a48475,60.16762,24.95415,000000006b44cce7,14.89
3289,2019-08-01T09:06:08Z,f1447725764ec0dca245fc67f2aa0a0c42e6b05808076aa74f0c1e7e,60.17918,24.95141,00000000675d5200,9.92
3290,2019-08-01T09:06:08Z,f18c0c32d067aecf5602d70693ac888cab1be6dbb0d154be5153dfcc,60.16829,24.94214,00000000afef4555,17.4
3291,2019-08-01T09:06:08Z,f1b28329fc91f4708ca34857c5582c0bf1b7d0ab06127746029cd72c,60.17919,24.95181,000000007b5207b6,7.69
3292,2019-08-01T09:06:08Z,f20935810c1567a80c288016c4d4dd32fe86b3479f47ae7dd64d15cc,60.15432,24.9211,0000000019fb59c4,8.38
3293,2019-08-01T09:06:08Z,f3919086bf89b45ea90abf40ffd1372519057bda5b604c1901e841bb,60.17002,24.94407,000000006b087f40,17.4
3294,2019-08-01T09:06:08Z,f4bbc3077da0455d4340da2eed204915327b75a792080724548b4956,60.17918,24.95141,00000000675d5200,1.88
3295,2019-08-01T09:06:08Z,f503a41d3e8b9b57628f4f061c1d8e0c53c62dd8a6fe38d212958ee6,60.16075,24.95883,00000000f1124bca,5.41
3296,2019-08-01T09:06:08Z,f50fd3b1715a94dff67461f4b8f252ecaa6acc16459b3d021f34f15e,60.1538,24.95595,0000000038bf9618,27.28
3297,2019-08-01T09:06:08Z,f587de6c8c03387c5e6a66cd7d20c45abad3668c8e2246611122547b,60.14947,24.91438,000000004ef3150d,9.92
3298,2019-08-01T09:06:08Z,f60a6068c654587fa981390a039456a2fdd85e02c009df547e204a45,60.16829,24.94214,00000000afef4555,11.7
3299,2019-08-01T09:06:08Z,f741519cf6f519194bb45b9da0e69bda8edb903e3c24d4140f340467,60.16762,24.95415,000000006b44cce7,10.78
3300,2019-08-01T09:06:08Z,f77f8836e641389801309c311e926c1662264ab16efd01cd5bf27baf,60.16762,24.95415,000000006b44cce7,7.69
3301,2019-08-01T09:06:08Z,f803aeb1f00a057ed31451d0f3d132f27fec17305dc699176ac5339a,60.16897,24.95222,00000000aa852af1,27.28
3302,2019-08-01T09:06:08Z,f9e527876f8dfe750fd29bc42664bbf572aed5d09d344a8934a83d90,60.17065,24.93641,000000000f4919c9,11.7
3303,2019-08-01T09:06:08Z,fa9f19c58a086fde9429d732b1eec80eacf5fc1b2c0124d17243d008,60.17919,24.95181,000000007b5207b6,7.69
3304,2019-08-01T09:06:08Z,fb2df85c8938d6a1bbd1ff0a1cd8aa23480ae08dc39d2b584ed35e14,60.16762,24.95415,000000006b44cce7,7.69
3305,2019-08-01T09:06:08Z,fba6e66dd09200012637e0b454c96fd7a5459b7e8b0ba01863cdbd77,60.16762,24.95415,000000006b44cce7,3.4
3306,2019-08-01T09:06:08Z,fc75e05a713e8733c512a31a3bebec0a122af3e7afb2c5059c3f1a3a,60.17002,24.94407,000000006b087f40,14.89
3307,2019-08-01T09:06:08Z,fea1453360073dfc1896bf1f005f51addb49661f953e16cffba3c63d,60.16531,24.9442,00000000fdda10fe,9.12
3308,2019-08-01T09:06:09Z,144afc51fc2443c7031a2912566eff2ce60226a49d6d2bd7c2923700,60.16544,24.95398,0000000038d83d41,25.36
3309,2019-08-01T09:06:09Z,14c7e1511b70f4dd3359cbece1377aebb4d70531f5489eefe53d7c3c,60.16544,24.95398,0000000038d83d41,29.32
3310,2019-08-01T09:06:09Z,15918569de0a46a8eb56b43d8d39f7fc82619ff1006f00822c85745c,60.17918,24.95141,00000000675d5200,2.08
3311,2019-08-01T09:06:09Z,165ebbb4090d47319ae370f0d0854fdc1f6b79499f8b2e4d3c3533c0,60.16544,24.95398,0000000038d83d41,25.36
3312,2019-08-01T09:06:09Z,1f0f0628cdc688d76bde2b82bee5b9b4916bf0bbdfe76cf3213e1c65,60.15432,24.9211,0000000019fb59c4,18.79
3313,2019-08-01T09:06:09Z,2a93b61a3863ace54349d7a0937e4134fcc6d4dfcf064eefae2b7cf8,60.15432,24.9211,0000000019fb59c4,20.28
3314,2019-08-01T09:06:09Z,2f33dacc8bf2b0b809b88130b46696c922929e1eb8ea92017f05509a,60.16448,24.97323,0000000053c6c2be,27.28
3315,2019-08-01T09:06:09Z,2fd87be7f3d38756587d5a0dd1ae934998ca065240c450d0538481e9,60.1538,24.95595,0000000038bf9618,33.81
3316,2019-08-01T09:06:09Z,5d65719c4cbf045f068d084b72302f447d5fd034413d97d13be00d0e,60.18203,24.91341,00000000342570c2,21.87
3317,2019-08-01T09:06:09Z,6a657079c1bdc8114c289be1ddd83e5846d4279a920d1697b8ff0033,60.18203,24.91341,00000000342570c2,17.4
3318,2019-08-01T09:06:09Z,6d22b751ff5173035dc85c52c3dff0780126adae67fe33dc62dd45ef,60.16531,24.9442,00000000fdda10fe,17.4
3319,2019-08-01T09:06:09Z,6f06341f358e61699fe1e55e986dd0554bc8da28b91daf0c5ad99db6,60.16629,24.95957,00000000fb7600be,25.36
3320,2019-08-01T09:06:09Z,6ff437688c444238352c28f64f9d2a7d0f14d19c9ea42c225380501e,60.16762,24.95415,000000006b44cce7,12.69
3321,2019-08-01T09:06:09Z,76c7f42283513d0e289bf786d89463b5025b2ae0f4e13519a4cf228b,60.15432,24.9211,0000000019fb59c4,27.28
3322,2019-08-01T09:06:09Z,78d5f60b36b59c06c3988b94e11744bb3aed5dcbc214f91f228bf892,60.16448,24.97323,0000000053c6c2be,20.28
3323,2019-08-01T09:06:09Z,84fdfd8881f633c5f0c71c1480053953ca4b05e848052d97c063ad38,60.1538,24.95595,0000000038bf9618,25.36
3324,2019-08-01T09:06:09Z,87dfaad29a9276ddddb1fa021d3bc23ad14824c1af16f7d87e713689,60.14951,24.92138,0000000006dd41f6,9.92
3325,2019-08-01T09:06:09Z,8c75c3289c84fe4493e1e272a77b615fe1985880c5dc68a7c1a17b53,60.16762,24.95415,000000006b44cce7,13.75
3326,2019-08-01T09:06:09Z,8cc6ddaa460aeae8cc9e8a33f91a01c8cd4c0c8bf8a943210a28c84d,60.1538,24.95595,0000000038bf9618,13.75
3327,2019-08-01T09:06:09Z,9843c6216661048343a0e49cf3d8aa2883cf77f452666a1c873a1052,60.16448,24.97323,0000000053c6c2be,14.89
3328,2019-08-01T09:06:09Z,9d03d14afa49576281aa26db60e517f7c1ec8aa36f7756959a860a8a,60.16629,24.95957,00000000fb7600be,10.78
3329,2019-08-01T09:06:09Z,9ff35a7f150d05ef75c3777dbae4f91e5b1a4d0830a984c50f6da1bc,60.16897,24.95222,00000000aa852af1,25.36
3330,2019-08-01T09:06:09Z,a14995de8d7238548ad864b3af34ee5e2003a3e4df9d516744be66a9,60.16544,24.95398,0000000038d83d41,29.32
3331,2019-08-01T09:06:09Z,a91d379a4b57c5df22db0d7a041ff69f657b4b31f28554b1011fc03c,60.16544,24.95398,0000000038d83d41,27.28
3332,2019-08-01T09:06:09Z,a9da1ee82e3b670e276c26b483dd50f4a6d0c6f77ef82245d3ae6086,60.18203,24.91341,00000000342570c2,11.7
3333,2019-08-01T09:06:09Z,ab0f67c0c0e1ba5eac9013f9c314feadf340ddf08543b91e70483594,60.16544,24.95398,0000000038d83d41,23.56
3334,2019-08-01T09:06:09Z,b1f358076ba79ef902a36ca8ae3f8ec7c93308a67c479345bfdbdecf,60.1538,24.95595,0000000038bf9618,25.36
3335,2019-08-01T09:06:09Z,b4faf2d3c4d2b199afeab6ab63b583fe3a2e81e14abbef6917f25129,60.15432,24.9211,0000000019fb59c4,18.79
3336,2019-08-01T09:06:09Z,b5fd6b317890e5ab2d79e2cd1abe61626d45a753c7337d0d40728898,60.16762,24.95415,000000006b44cce7,9.12
3337,2019-08-01T09:06:09Z,b986140b3339363c8bd5cc5eed0819ca5a421cb6e5b17c42ccf729f4,60.16829,24.94214,00000000afef4555,13.75
3338,2019-08-01T09:06:09Z,c40c37def6bf11a63a2556519a7c6233fd417cdeea2cf14f28e7c42c,60.16531,24.9442,00000000fdda10fe,23.56
3339,2019-08-01T09:06:09Z,ce783d3c1b06378e5c39c25687746a6f88fbb0ff2b36e3405fb61cf8,60.16762,24.95415,000000006b44cce7,20.28
3340,2019-08-01T09:06:09Z,cf05623e4d87ce0906c0b0b7dbf53aacc1228016cd27c341228b6e76,60.18203,24.91341,00000000342570c2,18.79
3341,2019-08-01T09:06:09Z,d127ead865385b64ae537a703a26be15fae4b5332ce0fbf03d5e0c23,60.1538,24.95595,0000000038bf9618,29.32
3342,2019-08-01T09:06:09Z,d178749a24c32676d0da0f51ae6ff63c456499d4b1814af8fa75ca9e,60.16448,24.97323,0000000053c6c2be,9.92
3343,2019-08-01T09:06:09Z,dd2c9c82cf3737146294aff6f814a1349fb0bc4bedf518715dacbe8f,60.18203,24.91341,00000000342570c2,11.7
3344,2019-08-01T09:06:09Z,ec72ef080c605e71978aed0d3b5f22c3c3133677a43c614b72eedc6d,60.14699,24.922,00000000a53ed894,25.36
3345,2019-08-01T09:06:09Z,ed70dda6b7faebd4340dacdb452ab224d9d3c308df417b7fa76f54e8,60.14951,24.92138,0000000006dd41f6,21.87
3346,2019-08-01T09:06:09Z,efd1806e1eee5eca948bc2537df8d816e2cce41009b41189c350ce74,60.16531,24.9442,00000000fdda10fe,36.27
3347,2019-08-01T09:06:09Z,f088630d7476dae7d4b7e2bb1f10575f2c89acb4b6e061f3d57c2b40,60.16531,24.9442,00000000fdda10fe,27.28
3348,2019-08-01T09:06:09Z,f22981c21af00fc334b3d8bdd523e23a50384666e97815f0ec1dc0ac,60.16897,24.95222,00000000aa852af1,14.89
3349,2019-08-01T09:06:09Z,f83d4b6b8ffbf8a674d212e32100b2360b80261b4e9207d77c0b0ed3,60.17918,24.95141,00000000675d5200,12.69
3350,2019-08-01T09:06:09Z,f99c5dd8cc08bd2353083d875ce8bc585fb2c2ff8427b90d92f571de,60.1538,24.95595,0000000038bf9618,29.32
3351,2019-08-01T09:06:09Z,fc4f3a44235f1cfc7b53f14ba2da599976a5a0a220d23b852688e485,60.17918,24.95141,00000000675d5200,13.75
3352,2019-08-01T09:06:09Z,00787dad708490660b0b836fa415681cc57046fa521c0c0aaea14a9e,60.16762,24.95415,000000006b44cce7,5.91
3353,2019-08-01T09:06:09Z,00cf880933075f70a32ca748c0299b5dee3089d042185bd2787eed56,60.16762,24.95415,000000006b44cce7,17.4
3354,2019-08-01T09:06:09Z,00d98e49fc01c16216b630f9fdf19ce9826d27552ce2fa4676de957b,60.16829,24.94214,00000000afef4555,9.92
3355,2019-08-01T09:06:09Z,011372b726688a0c953368b50bc5a1cb0212c17dbecc587d9f9d75ce,60.16629,24.95957,00000000fb7600be,25.36
3356,2019-08-01T09:06:09Z,02050a536056486b1bf139282f0d0a3af63def1d56ff0c73ac51bb19,60.14947,24.91438,000000004ef3150d,14.89
3357,2019-08-01T09:06:09Z,0362cc670dcfab795a3911957b6a177416bf9b99d0e2732716796c4d,60.15432,24.9211,0000000019fb59c4,12.69
3358,2019-08-01T09:06:09Z,03f427d436ba092925de462b11374bdbdab0443620037675621fbc11,60.17919,24.95181,000000007b5207b6,7.05
3359,2019-08-01T09:06:09Z,0483eb7342f4e704caa76b9bc3d6a7bd836282960dafc2c756247134,60.16762,24.95415,000000006b44cce7,13.75
3360,2019-08-01T09:06:09Z,063935180fff0e58de5d319ecb9320cf794423e3c6aeac0cca8f1a9f,60.16897,24.95222,00000000aa852af1,9.12
3361,2019-08-01T09:06:09Z,0670a01b5d0e505e7ec50165f157d60f57a5bb3b6c65922412509ab2,60.16829,24.94214,00000000afef4555,20.28
3362,2019-08-01T09:06:09Z,084a28a3b7b25fc337905f6c6115a66adb0bea6908a071ada1e2e1b5,60.14951,24.92138,0000000006dd41f6,21.87
3363,2019-08-01T09:06:09Z,08f10568d1e90d000e41196f141e0c1a52bab88fcf08f4753a3c055e,60.16897,24.95222,00000000aa852af1,20.28
3364,2019-08-01T09:06:09Z,08f9fd60f852d3502bfa509c955e9963e73954f961d55ba8cd46cae9,60.16629,24.95957,00000000fb7600be,11.7
3365,2019-08-01T09:06:09Z,0be2a3b6b9e65388a4a4610e68e8a155d49d54abdac339e46f273184,60.17002,24.94407,000000006b087f40,18.79
3366,2019-08-01T09:06:09Z,0c1684b697a63d7f47ebaedcfa060b3b4af294fec1e62d613699291a,60.16897,24.95222,00000000aa852af1,10.78
3367,2019-08-01T09:06:09Z,0ce136cd78d17c06d7c5673fecf75f44da717c2befaaea18c6bdf0b1,60.1538,24.95595,0000000038bf9618,27.28
3368,2019-08-01T09:06:09Z,0f8637c1e98f21a79714a4d84d3453ac1b96b2bf4ef2361119067e39,60.16629,24.95957,00000000fb7600be,20.28
3369,2019-08-01T09:06:09Z,0ff494fbdd49a307cefdfdc536de069f9e8a04a1a61e279217af85e1,60.16897,24.95222,00000000aa852af1,33.81
3370,2019-08-01T09:06:09Z,1069967e3921871955b1b2b42e60f829c593a3e024401bfe61ae410e,60.16629,24.95957,00000000fb7600be,12.69
3371,2019-08-01T09:06:09Z,12b9b313e577dbbb9619247e0a5ded14c2b56bede5b421cac44f9597,60.16448,24.97323,0000000053c6c2be,21.87
3372,2019-08-01T09:06:09Z,139a5aa448338146cf9202768e1eeb804d164d71d9bc8c7fa8f5d06f,60.16531,24.9442,00000000fdda10fe,7.05
3373,2019-08-01T09:06:09Z,13a759fd293cbde0d55db753d853768b718e59036c4007d2e3a8757a,60.16762,24.95415,000000006b44cce7,9.92
3374,2019-08-01T09:06:09Z,13cbade1d832c78b1a0a68fd9a6559054370eeae58247347955ee632,60.16897,24.95222,00000000aa852af1,7.69
3375,2019-08-01T09:06:09Z,1564db6ab71666bfe0865d19fd134f7018f49bc12ff1969853697784,60.16531,24.9442,00000000fdda10fe,23.56
3376,2019-08-01T09:06:09Z,16e18d478be872d2a9801fa885d08edeb3f5ae1840b38478f9baf535,60.17919,24.95181,000000007b5207b6,25.36
3377,2019-08-01T09:06:09Z,1880dcca5077d4ccd63084e82a411f0cb7abb12f9883625b046f2e24,60.16829,24.94214,00000000afef4555,11.7
3378,2019-08-01T09:06:09Z,190cdde22bc3e3a41cd0f9da7efb3a917bc09e8034b05ca6064ea8a8,60.17918,24.95141,00000000675d5200,17.4
3379,2019-08-01T09:06:09Z,1ad9bdffafbbf8933ab6b3b695988ad31df32a874eddbf84de369e78,60.16448,24.97323,0000000053c6c2be,16.1
3380,2019-08-01T09:06:09Z,1b4a6be5c1125aa14a89475b490ebff5ffbc62f3b6ef08d185dab136,60.16829,24.94214,00000000afef4555,25.36
3381,2019-08-01T09:06:09Z,1cfafdaa3ff1975bcf6f699641431e88775ba2183074d825eeb81dd3,60.149,24.9843,00000000fffb8cf0,17.4
3382,2019-08-01T09:06:09Z,1d70ff49909e1d6fb653ae053aa78084daf385dbbd2ad22b05707309,60.16829,24.94214,00000000afef4555,13.75
3383,2019-08-01T09:06:09Z,1dbecade1f3540eb44c3d86cb1ffc73d5bf422ea0cf76927c2d5cd74,60.16829,24.94214,00000000afef4555,20.28
3384,2019-08-01T09:06:09Z,1dcff36b6f83b08b6ea87c1c1018c542c270299839908ca446dffb39,60.16762,24.95415,000000006b44cce7,9.12
3385,2019-08-01T09:06:09Z,1e3af5697f0a2ae45f261da79e4ba71c868dc4d78008bd1995fe6259,60.16448,24.97323,0000000053c6c2be,23.56
3386,2019-08-01T09:06:09Z,1eadb2c1984aa73c3c2f13eab0a2e793331443c617681e36887f0bcc,60.16629,24.95957,00000000fb7600be,18.79
3387,2019-08-01T09:06:09Z,1ecbc7c6afe89033252e5510cbb893666af2b3bc29f555a3a6287fdb,60.14951,24.92138,0000000006dd41f6,4.94
3388,2019-08-01T09:06:09Z,2283762fe3af8329ae65aec44de728da8f383810e9f2a3d3b84fa031,60.16897,24.95222,00000000aa852af1,18.79
3389,2019-08-01T09:06:09Z,22ac1ab1c590ea19b44c61c42f5e8da29a6acbabf56676527811507a,60.15432,24.9211,0000000019fb59c4,2.54
3390,2019-08-01T09:06:09Z,25479245e5a8b0fe47e2bd590cdd63256d84afd6c164781dc64e527d,60.149,24.9843,00000000fffb8cf0,5.91
3391,2019-08-01T09:06:09Z,25d340d14d855b8c18b2c6f2551ec98a1eb047d1fd3457ba881ddf28,60.17918,24.95141,00000000675d5200,13.75
3392,2019-08-01T09:06:09Z,270749ab8e1a83f0dcbf45dc861bcc0e10361d103d7589841787e366,60.16531,24.9442,00000000fdda10fe,31.5
3393,2019-08-01T09:06:09Z,272c160f908f30259011e0e3a4c2e3ea475ffb602ae6864364fe96be,60.149,24.9843,00000000fffb8cf0,17.4
3394,2019-08-01T09:06:09Z,277fcf3cc917a89b46a34e0cf5164a78f5bcc88d92bb45ded60f1a91,60.17065,24.93641,000000000f4919c9,8.38
3395,2019-08-01T09:06:09Z,279fb0bcbbad5140c3a5cb21f606be809b1e94f43f38c17ebade63a4,60.16544,24.95398,0000000038d83d41,25.36
3396,2019-08-01T09:06:09Z,27b591b33a56a542440b53031a24f42290b0ec1a194af27700b75a3a,60.17918,24.95141,00000000675d5200,7.05
3397,2019-08-01T09:06:09Z,2823bf6afde4a5cc05342c15e7417c9590ba52264be5793bb688faab,60.17065,24.93641,000000000f4919c9,23.56
3398,2019-08-01T09:06:09Z,28296ae2b460df2f6807f8a84b81e5ebd24677a05bded29111dc33a4,60.17002,24.94407,000000006b087f40,27.28
3399,2019-08-01T09:06:09Z,2832565094d8e4bd54c7a2442ac8807d97669bc460c1cb75a831bbb8,60.16762,24.95415,000000006b44cce7,21.87
3400,2019-08-01T09:06:09Z,28ce50ca84cdcd4c17a36ac666e7ac0267b6ab5b77f4bfb08b2573a1,60.16762,24.95415,000000006b44cce7,2.8
3401,2019-08-01T09:06:09Z,28d50861d92f962c7a49eabaa524431aebf52870e44b79f77d7167c6,60.17918,24.95141,00000000675d5200,12.69
3402,2019-08-01T09:06:09Z,29f1b87bc2ae164c0b2f27f03fea34e002c004764d233e987be597a7,60.15133,24.92329,00000000e8a064a4,31.5
3403,2019-08-01T09:06:09Z,2afa9ac588b2c55e8edf99ee96ecaf63451a7ab1e51571b7e2d1d491,60.16762,24.95415,000000006b44cce7,4.94
3404,2019-08-01T09:06:09Z,2bf8b355af7fc80970ed350e4579dfc9aa8ec85af6c13517cc2dab44,60.17002,24.94407,000000006b087f40,25.36
3405,2019-08-01T09:06:09Z,2c1dcbe1930bbd0596b8dea9e2abc4e49a10db5a1fbd25f103aaf5a4,60.16762,24.95415,000000006b44cce7,9.92
3406,2019-08-01T09:06:09Z,2c6810efb2565383ca0a554f3c51f3f7905484357f5e00756dbf091a,60.17918,24.95141,00000000675d5200,4.11
3407,2019-08-01T09:06:09Z,2c6f6440161f9061a850e8db96383d5eb111f0d1d8f0b666b7c49f22,60.16897,24.95222,00000000aa852af1,20.28
3408,2019-08-01T09:06:09Z,2ce64c0e9528d3f279fed5fca4841f69a8f6510583acdf2637eaa0a9,60.1538,24.95595,0000000038bf9618,25.36
3409,2019-08-01T09:06:09Z,2dcc113a258bced083c9729d8e62d6001f909ce1c9dac69fa7bead83,60.17065,24.93641,000000000f4919c9,18.79
3410,2019-08-01T09:06:09Z,2f43b7a683b0d365a46b6259a032813c293472eaedcdbcc3507adee5,60.17918,24.95141,00000000675d5200,12.69
3411,2019-08-01T09:06:09Z,2f79108a454c0072885ad1447280ed5098d061b229eaae61a8bb67be,60.15432,24.9211,0000000019fb59c4,17.4
3412,2019-08-01T09:06:09Z,2f82b3546af2df53b58cddc668c9aa196554108cdf39120ea40b417c,60.16629,24.95957,00000000fb7600be,9.92
3413,2019-08-01T09:06:09Z,31b02b3b271f6feef9e49d9285929ff1c25a11e608fc5d70bc6a1fac,60.16897,24.95222,00000000aa852af1,18.79
3414,2019-08-01T09:06:09Z,3227dbecd3a095676006e4ad615dc2aea1f506c310c940230a15ac94,60.17919,24.95181,000000007b5207b6,25.36
3415,2019-08-01T09:06:09Z,33fa4cb82db5b44ffe6e7ae1039635187f90d1df328f8f139da0c693,60.17918,24.95141,00000000675d5200,2.54
3416,2019-08-01T09:06:09Z,3480c16a6649952c388d8902596e332f018e609b9585f483353ae026,60.17065,24.93641,000000000f4919c9,5.91
3417,2019-08-01T09:06:09Z,34e96c7caa63e7ede8f428b18e8fb556ac235d61a50c9d6ac7ff268f,60.17918,24.95141,00000000675d5200,13.75
3418,2019-08-01T09:06:09Z,359348d27f82b0270a68e954bff8bde5e1a2a32949c7088f12ce7dc8,60.15133,24.92329,00000000e8a064a4,33.81
3419,2019-08-01T09:06:09Z,3609f484ad7e56259f60a61aba44f22dfca5c8b2564fce7e802ad342,60.16829,24.94214,00000000afef4555,0.59
3420,2019-08-01T09:06:09Z,367b1989198ef11170dd9fcfa7e6ebb5ceb58aab87c613ee1bb86e8c,60.16531,24.9442,00000000fdda10fe,11.7
3421,2019-08-01T09:06:09Z,3685ee6d322dcb2ad0ae181f66c3c5427d4531d7896d2f5f7571bb6d,60.16762,24.95415,000000006b44cce7,6.46
3422,2019-08-01T09:06:09Z,36fe97cd2ec69118778c771a87593630f8a6a2cb77d9ce72f845cd3c,60.16762,24.95415,000000006b44cce7,6.46
3423,2019-08-01T09:06:09Z,39126ffb278f49e06180cc6abe5b31ab3acdce1534b5b6ffa0b6e567,60.18203,24.91341,00000000342570c2,20.28
3424,2019-08-01T09:06:09Z,397e4b6a0e6c50fbb45ede1cb6e48156c508b36115e703cc5bac6e96,60.173,24.92524,0000000096918cfa,33.81
3425,2019-08-01T09:06:09Z,39c6456ee66fe96eee3d97cee2a70923cedb3da760bb5d4d413adb9c,60.17918,24.95141,00000000675d5200,2.08
3426,2019-08-01T09:06:09Z,39e9fa7033887b7ab339887aa68753ff94d4771cda2bb8ff4ea7aa0a,60.17918,24.95141,00000000675d5200,10.78
3427,2019-08-01T09:06:09Z,3a1afdcf7c2e5a52cdbcbbe29e8281c184037e8720920c6c75bee339,60.15133,24.92329,00000000e8a064a4,9.92
3428,2019-08-01T09:06:09Z,3a38ba36c098f2741d6c5fb5a751fcd074d05d698ac592ca09ab443c,60.16448,24.97323,0000000053c6c2be,20.28
3429,2019-08-01T09:06:09Z,3b124e1851087531134d5e5d0a10b6afe3551982609a81a19dd969dd,60.16829,24.94214,00000000afef4555,25.36
3430,2019-08-01T09:06:09Z,3be40c84926a525adbd09eeeb3a12b73b24c633942b2e1fbe8151ac3,60.16448,24.97323,0000000053c6c2be,18.79
3431,2019-08-01T09:06:09Z,3cc82d532d2a768e0c987e2653e32825a8b11fc2f7ba36388535f6e2,60.16075,24.95883,00000000f1124bca,21.87
3432,2019-08-01T09:06:09Z,3eea43670f4f29a90ced59c1af122371340275fb61ff8f14c7120658,60.16762,24.95415,000000006b44cce7,4.5
3433,2019-08-01T09:06:09Z,40646914186edc6142b7fc3daf766121b55f5bb36ea38facff686ea5,60.16897,24.95222,00000000aa852af1,17.4
3434,2019-08-01T09:06:09Z,40825cb0d315c92e0e0a73cc8e86c3b763bbf7ce226f112913e05e0f,60.17065,24.93641,000000000f4919c9,25.36
3435,2019-08-01T09:06:09Z,41a0ca2955e0ae0324f6e14aeb77ebfaac5305e31d86c42a20277b94,60.15133,24.92329,00000000e8a064a4,9.92
3436,2019-08-01T09:06:09Z,42844e90c7134ebb3ec325f57cd27cd24711c779548ebc8692a820d5,60.14951,24.92138,0000000006dd41f6,3.4
3437,2019-08-01T09:06:09Z,432417b4972b744ded3410777a6bbb583cf56172bf3436ddbe48a21d,60.16762,24.95415,000000006b44cce7,6.46
3438,2019-08-01T09:06:09Z,4393fccdbc9fb22fab14f03ea52183ad558bcd436202e69f56a7b77a,60.16762,24.95415,000000006b44cce7,11.7
3439,2019-08-01T09:06:09Z,44a120ac90dacb4d43fe4d38ee859a1015bcd226ff3d946a1e44c4ca,60.16531,24.9442,00000000fdda10fe,29.32
3440,2019-08-01T09:06:09Z,44cd682aaef3e1d1bc2b0eac71d75bb3a951f74d7c93810d260dfd07,60.16829,24.94214,00000000afef4555,13.75
3441,2019-08-01T09:06:09Z,4642dfa1df839f11e64f68bca4e3dce7bde2ff6dd68c54959fcb4788,60.17918,24.95141,00000000675d5200,2.08
3442,2019-08-01T09:06:09Z,4682d95464cedcc021f38271a51bab9c000762b4acf802070e259ba2,60.16629,24.95957,00000000fb7600be,7.69
3443,2019-08-01T09:06:09Z,48004849b2f48b2314aa9175433d754db1641b949bb8cf050e2dd128,60.17918,24.95141,00000000675d5200,12.69
3444,2019-08-01T09:06:09Z,484bbaa5a9d6bdd2259f022b6ea4e3c290985c13a1286bd7142d878f,60.16762,24.95415,000000006b44cce7,18.79
3445,2019-08-01T09:06:09Z,48c0ea6615ac4c02fc9bc0e06f9ea9309f9bf7e73b4324d7a6b14610,60.16829,24.94214,00000000afef4555,2.8
3446,2019-08-01T09:06:09Z,497d535ffc7af13ad6527c1139af3451abb3584a2490e3c470f73f9d,60.16762,24.95415,000000006b44cce7,17.4
3447,2019-08-01T09:06:09Z,49bbad87e4d6cd03bdb073bde7be91193d74d29943badce7fc536916,60.16448,24.97323,0000000053c6c2be,4.94
3448,2019-08-01T09:06:09Z,49df780a7f20a99ad2810fa4bbb46b5fac9bc5cbe3fc800cd572f63a,60.14947,24.91438,000000004ef3150d,17.4
3449,2019-08-01T09:06:09Z,4ade4f0d92c6157a42d7fd8e353d1c93551324ba47cc134b840a6c63,60.16897,24.95222,00000000aa852af1,10.78
3450,2019-08-01T09:06:09Z,4b4afca270c22aae160d996711ae685b598b87871b3b4ab2f96786b6,60.14951,24.92138,0000000006dd41f6,25.36
3451,2019-08-01T09:06:09Z,4ba529eeafb27285cbbade6e5ece0d4d04bd2d13c98b27a5d17abd22,60.16897,24.95222,00000000aa852af1,3.09
3452,2019-08-01T09:06:09Z,4c8696833edf46025bc9b5f589679b77a73c857736036aa9ef6696e5,60.17002,24.94407,000000006b087f40,31.5
3453,2019-08-01T09:06:09Z,4d4fa91e93bbc2055e82019fc8ce0700b719ed13487f747ff7d25bdd,60.16829,24.94214,00000000afef4555,20.28
3454,2019-08-01T09:06:09Z,4e262a07e1ea47350f808684444d1d8b3f223288fb219cca9f12af23,60.1538,24.95595,0000000038bf9618,31.5
3455,2019-08-01T09:06:09Z,4f609afde0ba5cb017ba3c549bdd11ff322a2e0227a0f11a9d112220,60.16762,24.95415,000000006b44cce7,17.4
3456,2019-08-01T09:06:09Z,4f9125edf503fe3cb0ba1e1221fe6a67aafd99fcd89fd92d2bf20e97,60.16897,24.95222,00000000aa852af1,25.36
3457,2019-08-01T09:06:09Z,5001aabb6808b9fd96b705d1ebe8e7aca52713c2640100d81879dd86,60.17918,24.95141,00000000675d5200,4.5
3458,2019-08-01T09:06:09Z,51ec42fdd85671ae93876c3d875b24e56cb45699e9c3d2b623dca70d,60.16762,24.95415,000000006b44cce7,12.69
3459,2019-08-01T09:06:09Z,5372348389197e6c4bc4c5e3dab047e7384d562220e6295904bbda1b,60.17065,24.93641,000000000f4919c9,2.8
3460,2019-08-01T09:06:09Z,5385ddf78e929052bb12c39651fb3ff99e3642aa079d49f687b4c73c,60.16762,24.95415,000000006b44cce7,13.75
3461,2019-08-01T09:06:09Z,54b89ed12e25892c9160e029a0379d61425b88db1aa30b06f9ea2d8b,60.17002,24.94407,000000006b087f40,20.28
3462,2019-08-01T09:06:09Z,54bd709173219e8017f317b63ecc83d0a48f64542e6fa1b83c86a56c,60.17919,24.95181,000000007b5207b6,6.46
3463,2019-08-01T09:06:09Z,556cae6b2e2dec6fe691a835e8e08bd016b1a65797c0aca46879329f,60.17918,24.95141,00000000675d5200,11.7
3464,2019-08-01T09:06:09Z,559429bba23762a872fc7b1e2219d42125ab101e4355d43fdb94ed7b,60.17918,24.95141,00000000675d5200,9.12
3465,2019-08-01T09:06:09Z,559e6a5225ce35ab844c63ea0d0c1695dc490a3d9cfbafa5d35ac8d8,60.14947,24.91438,000000004ef3150d,12.69
3466,2019-08-01T09:06:09Z,560816066eb4d44c34d0d56c57c994c0cccbd36fef545059b8e4d9d7,60.14947,24.91438,000000004ef3150d,13.75
3467,2019-08-01T09:06:09Z,584adabea16213fba5e201e8dddabc4a069951e35fb1731180ebf8b3,60.16762,24.95415,000000006b44cce7,16.1
3468,2019-08-01T09:06:09Z,584cb0b0cdd14e608c8b57c8aecc9826f9b40027e365e2438a444ea2,60.16762,24.95415,000000006b44cce7,9.12
3469,2019-08-01T09:06:09Z,5865a27b5b56a60bca38e4a1403655e3e7fd0232a3ff2079965aff81,60.15432,24.9211,0000000019fb59c4,5.41
3470,2019-08-01T09:06:09Z,5978726eeef638856dafd3a8d199287f8daf9e90ddde750b402f8bb0,60.17065,24.93641,000000000f4919c9,0.5
3471,2019-08-01T09:06:09Z,5a07851c2c522c6beba70c513f1b1bea2b30d5d860629837ddd845f8,60.16829,24.94214,00000000afef4555,18.79
3472,2019-08-01T09:06:09Z,5a3004325b5a058e02fb9f32ef4f7e9cc465240cbda7a7e4ec89d2de,60.16629,24.95957,00000000fb7600be,12.69
3473,2019-08-01T09:06:09Z,5a34b02faac3189217466888ef1d31cc80f721ac2f18638c5db88d53,60.14947,24.91438,000000004ef3150d,14.89
3474,2019-08-01T09:06:09Z,5a8d671a78b976d212d9746d88b9a754a2d9c8341c529e88b7c6b8f4,60.17065,24.93641,000000000f4919c9,29.32
3475,2019-08-01T09:06:09Z,5b06617477af6dcee75a94ac347364b50f6f3b5b7d747e5413d9ad58,60.14947,24.91438,000000004ef3150d,18.79
3476,2019-08-01T09:06:09Z,5c1f71098d5d7258d2971061c791c94e0138c8e02225c5f60d6a0428,60.149,24.9843,00000000fffb8cf0,21.87
3477,2019-08-01T09:06:09Z,5e2c5c20c88ccf362ed8749d1ddc041b1cb1c38d8dbeac7870179322,60.16629,24.95957,00000000fb7600be,3.74
3478,2019-08-01T09:06:09Z,5fc05003fd8a602560d35fcb2e7c8c80c140565226badc27ab869125,60.16448,24.97323,0000000053c6c2be,29.32
3479,2019-08-01T09:06:09Z,6051ed50496b74a6ff68c86205d23971fcaccd6c91edfe7d78fa71b0,60.16897,24.95222,00000000aa852af1,20.28
3480,2019-08-01T09:06:09Z,6072bfb496e2b8a999c9edbda5b76fbc0e783ff2a439c4e6c881fabf,60.16829,24.94214,00000000afef4555,18.79
3481,2019-08-01T09:06:09Z,619c5b31af2a28703a837cc7974ef0d2c5bb6584ba0fcc03076218ac,60.17002,24.94407,000000006b087f40,29.32
3482,2019-08-01T09:06:09Z,61cad0901875294dc868a6d894b5f275a95e6ab6e4a369eefa0fe4bd,60.16762,24.95415,000000006b44cce7,17.4
3483,2019-08-01T09:06:09Z,626bf35ce16dba1054cfd175d09475d3ee751bf70e56f984ff5c7ab6,60.15133,24.92329,00000000e8a064a4,21.87
3484,2019-08-01T09:06:09Z,63ff2439779051005c18876d20ed53ce060c1de9d7976821bd518fc6,60.15432,24.9211,0000000019fb59c4,9.92
3485,2019-08-01T09:06:09Z,648f993da1de9bc56017d18aad25895e4cf79c7f38da67de8e86dd54,60.16829,24.94214,00000000afef4555,27.28
3486,2019-08-01T09:06:09Z,65b6b62b547e11e10f7f83ad497446bee2bb9653097d9d62e9b1b817,60.17065,24.93641,000000000f4919c9,11.7
3487,2019-08-01T09:06:09Z,674355e17da9460e58566497be518f2eb537880c67c788fedb5067db,60.16629,24.95957,00000000fb7600be,12.69
3488,2019-08-01T09:06:09Z,685af6b01bd180194d718801bb8b9c9de22050cc392d6c6441fe986b,60.18203,24.91341,00000000342570c2,16.1
3489,2019-08-01T09:06:09Z,68d7ad8fab31b3c5967a814376d0ddc6cf42e1db0d9e09dfbba169bd,60.16762,24.95415,000000006b44cce7,10.78
3490,2019-08-01T09:06:09Z,69e2854c78a472b462941ef730aa9fa7a9dba9c1cc22996396d4c78a,60.17919,24.95181,000000007b5207b6,11.7
3491,2019-08-01T09:06:09Z,6adce4d05e58232a97635a2fd7918e4e49d9295afc0989d727f9c712,60.17002,24.94407,000000006b087f40,27.28
3492,2019-08-01T09:06:09Z,6be747c7ea296d5a1f3e2942a6208d5f61fe895abb9a13c65372b130,60.16829,24.94214,00000000afef4555,17.4
3493,2019-08-01T09:06:09Z,6c48841a532bcffd2ea10ab292e6f543fd8b434a08dacf740a7d85af,60.16762,24.95415,000000006b44cce7,9.12
3494,2019-08-01T09:06:09Z,6d5a8ded89f26533ed851d1a0894f0d9045e9cd4baed439f7d9a922b,60.16629,24.95957,00000000fb7600be,21.87
3495,2019-08-01T09:06:09Z,6d98ac1fea7056e5b96d6095caf0e3677a4ec30e9fbcc2e50ae1cf65,60.16629,24.95957,00000000fb7600be,20.28
3496,2019-08-01T09:06:09Z,6e80fcea10d21e1d5e672b554c0f3fe686dc58934f38c3391fd5c262,60.17002,24.94407,000000006b087f40,12.69
3497,2019-08-01T09:06:09Z,6fe2cf6737d40d71251dac8ebef5356a2b765621e97a346c00a6031c,60.15432,24.9211,0000000019fb59c4,3.09
3498,2019-08-01T09:06:09Z,7003a7f6a5523b645634f014e04bea36016953a8af9324e35602bc2e,60.14947,24.91438,000000004ef3150d,10.78
3499,2019-08-01T09:06:09Z,704c3f3075f13713c363014fa828e4a932e7a05676813b9963a1e554,60.17918,24.95141,00000000675d5200,3.4
3500,2019-08-01T09:06:09Z,70d391038ec56b63a3737605c2c1db6ffbdca8e4490691776dc993f1,60.16829,24.94214,00000000afef4555,13.75
3501,2019-08-01T09:06:09Z,72439a1f997fd347d46394f31f5789edc877fe61ca34fcd31f9150b1,60.18203,24.91341,00000000342570c2,23.56
3502,2019-08-01T09:06:09Z,728325161f4ed691db3460f87a25ed4713580e50a53fd36dd265957f,60.16531,24.9442,00000000fdda10fe,25.36
3503,2019-08-01T09:06:09Z,7283c4d2fe45c53905b540a5180dc566f6f964a8e1482c9611e7d7a2,60.15133,24.92329,00000000e8a064a4,21.87
3504,2019-08-01T09:06:09Z,75003dbce84bab66829b2489dc3bff3abc4ec7f1b136c28b0835fa0e,60.15133,24.92329,00000000e8a064a4,14.89
3505,2019-08-01T09:06:09Z,750297d0d8ff0ca837d9c2289c26302d62f38708617150431ab14509,60.16531,24.9442,00000000fdda10fe,21.87
3506,2019-08-01T09:06:09Z,7563b91d728fe470bc4d89aa18128a87b92c747336dd2c70cfbf9e84,60.1538,24.95595,0000000038bf9618,38.87
3507,2019-08-01T09:06:09Z,76c2f7b3773d4bebd4dabada1c2b98fe4ea9762e9c98b4a6371d7746,60.16762,24.95415,000000006b44cce7,11.7
3508,2019-08-01T09:06:09Z,7700297fec4982ad776529835e2ab46d4e5cbc889e26f368c19efeef,60.16829,24.94214,00000000afef4555,17.4
3509,2019-08-01T09:06:09Z,774131d73accbbb31ec3c43c3501b7969645eb65df1839ca8116526e,60.15432,24.9211,0000000019fb59c4,3.4
3510,2019-08-01T09:06:09Z,7803e2d46157a5482e745447d4c2c332fbd818d87a20b0f6187c628d,60.17065,24.93641,000000000f4919c9,20.28
3511,2019-08-01T09:06:09Z,78047bec076b1b43b674f39aa6b605b1665404036da0e4dfac3c1e1e,60.14699,24.922,00000000a53ed894,33.81
3512,2019-08-01T09:06:09Z,79669159e96cc1cdf3879c3db8c5621167f92aaa10df4dd21a9be1de,60.16829,24.94214,00000000afef4555,4.5
3513,2019-08-01T09:06:09Z,7a62d9e7c260ee9d4896ace1bd129198320f0fb15d96a8016f9b84c2,60.16829,24.94214,00000000afef4555,7.69
3514,2019-08-01T09:06:09Z,7c1534082e86ff4387878d813207626d8f728aa26b97248e00a3b8d7,60.16629,24.95957,00000000fb7600be,12.69
3515,2019-08-01T09:06:09Z,7d12711d47425111a6dce413faa867542b9532f3b9c5a934b37a0bc8,60.17918,24.95141,00000000675d5200,16.1
3516,2019-08-01T09:06:09Z,7d415f4fd9093fb383b4ebb88961ad74e6a00d3ece39504712dad639,60.17918,24.95141,00000000675d5200,13.75
3517,2019-08-01T09:06:09Z,7e2e3d07c939e3e76e7ce87678faf64e056afe54215e00488839100f,60.14947,24.91438,000000004ef3150d,11.7
3518,2019-08-01T09:06:09Z,7eb4a715919b3eb4085270535ce4d7b57112591ad7242eb189bf652a,60.17065,24.93641,000000000f4919c9,9.12
3519,2019-08-01T09:06:09Z,7f534fc0885ddf5a5c3814e4232de3356affd42f6c3560055079dc1c,60.16829,24.94214,00000000afef4555,9.12
3520,2019-08-01T09:06:09Z,7f59aaecea1eee6c703ec5d46d67b44289ddedf080defee495b73739,60.14947,24.91438,000000004ef3150d,18.79
3521,2019-08-01T09:06:09Z,7faf8705e89a761625aaed50b89538581e25d5950ec8f051d36ed829,60.14947,24.91438,000000004ef3150d,14.89
3522,2019-08-01T09:06:09Z,809bf2d7a0745ae512b934a578fd5fd47c13c5398b6d06ad350b9e7c,60.14947,24.91438,000000004ef3150d,16.1
3523,2019-08-01T09:06:09Z,8165c5f8d06298ffd56f071c0ad1cc9f1d4f08084936937d712d0b61,60.15133,24.92329,00000000e8a064a4,25.36
3524,2019-08-01T09:06:09Z,81cabf0ecb3563f645298961619ca623084bb89ab4b7635ffe2de7c0,60.16829,24.94214,00000000afef4555,14.89
3525,2019-08-01T09:06:09Z,82b78c2220aee81a2744ddfaf7ed29663888987dba6b7cdda05731d9,60.14947,24.91438,000000004ef3150d,11.7
3526,2019-08-01T09:06:09Z,82bab0a1bfd11576cf62159546b756e1da44125c76909e270ced391b,60.16897,24.95222,00000000aa852af1,27.28
3527,2019-08-01T09:06:09Z,84d1d9aa30ee8522d093db9e804511ce266eafc2488c6d3af73dd762,60.16531,24.9442,00000000fdda10fe,21.87
3528,2019-08-01T09:06:09Z,8524898e498c83bde4bc1848aa2b372da84e7b2266f36aabe128cc27,60.17919,24.95181,000000007b5207b6,25.36
3529,2019-08-01T09:06:09Z,85bdce5b262dbd94adcff03e6cad26a1152828b6ab27e6fdd56b2b13,60.16762,24.95415,000000006b44cce7,9.12
3530,2019-08-01T09:06:09Z,880f9cbb91b9caf48ea9c5dd1a0c8e1db72922b6dfcb647b102fc469,60.16629,24.95957,00000000fb7600be,12.69
3531,2019-08-01T09:06:09Z,88c2bc6310f27465b9f08b28fb52075d7703ce7b097e5beb37c7437c,60.14947,24.91438,000000004ef3150d,16.1
3532,2019-08-01T09:06:09Z,898cde3317c73907bb23b1b885828c4bf3187c3a757a18dc32abe970,60.16762,24.95415,000000006b44cce7,17.4
3533,2019-08-01T09:06:09Z,8996f41485515f4fe2b7f60962df36a3421c9a14cdb3f381b1ce7052,60.16829,24.94214,00000000afef4555,21.87
3534,2019-08-01T09:06:09Z,89aeff56a0700534bbf2dfd19fc298f5a890c95e1a45b6ca7ad3c33a,60.16829,24.94214,00000000afef4555,12.69
3535,2019-08-01T09:06:09Z,8a01e28fd327e5c56dcf2dc8b2b7762a96d77584c21990a073ceb11f,60.16829,24.94214,00000000afef4555,1.54
3536,2019-08-01T09:06:09Z,8c5680a91dc767437f030236c6bf02223c9f54a69b06b29583d2876c,60.14699,24.922,00000000a53ed894,31.5
3537,2019-08-01T09:06:09Z,8c571538c285dba9d77edacfb1829b282d54b772b62209c6e4004237,60.17918,24.95141,00000000675d5200,9.92
3538,2019-08-01T09:06:09Z,8d8ccef34e3b6aa97c72aa793dec4c27e35e0ea16fd6b9790d843b00,60.173,24.92524,0000000096918cfa,29.32
3539,2019-08-01T09:06:09Z,8e20d0d67339e3cf43e77c3a340d9dc6766de8d079197a08a1343ff0,60.17065,24.93641,000000000f4919c9,13.75
3540,2019-08-01T09:06:09Z,8ff363623484e942b5555694468900717744f957e1a6221903490bac,60.16762,24.95415,000000006b44cce7,18.79
3541,2019-08-01T09:06:09Z,939c459d913b0b38838071a0d13671e83e4a751f44624b21e84daa69,60.16762,24.95415,000000006b44cce7,8.38
3542,2019-08-01T09:06:09Z,941e13893853105c86bfbc6d31d62274937602143ce3bb530c8c17ed,60.17918,24.95141,00000000675d5200,13.75
3543,2019-08-01T09:06:09Z,9609babe3114439a82f93f797f4a6e779b6bab625488b8ff5b63e674,60.16829,24.94214,00000000afef4555,20.28
3544,2019-08-01T09:06:09Z,99a026b5100e23129fa529e9a57a3dbc8490dc03b58f2193f03e2dcf,60.14951,24.92138,0000000006dd41f6,4.94
3545,2019-08-01T09:06:09Z,9abbc86fb0fc1c0532042814af76a97e6a17121831d4394749a290a6,60.16762,24.95415,000000006b44cce7,9.12
3546,2019-08-01T09:06:09Z,9b3e6848d8b34e802134d6da0e5a594897ec3fafbbf08b6d0b84068e,60.17918,24.95141,00000000675d5200,5.91
3547,2019-08-01T09:06:09Z,9bc129708b07f3c5bbf4195e83f0e5b9a663b6f371f416a8e3a605f0,60.16897,24.95222,00000000aa852af1,23.56
3548,2019-08-01T09:06:09Z,9bef8b28ea93ecaee57d05b037edbfe7f80014aaf56343345fedd7be,60.17918,24.95141,00000000675d5200,9.12
3549,2019-08-01T09:06:09Z,9e343a150f07bb3dcce5ecab8ac061b84d65b347b1af5a232e00eeb6,60.16829,24.94214,00000000afef4555,11.7
3550,2019-08-01T09:06:09Z,9eee6d740f1d483c484d02f0995f35550c09e6a8cf01f02680db5efc,60.16448,24.97323,0000000053c6c2be,16.1
3551,2019-08-01T09:06:09Z,9f2f5e6344efb60ffa5c79880ea57aeb636e51f86587e158039df6cc,60.16531,24.9442,00000000fdda10fe,23.56
3552,2019-08-01T09:06:09Z,a04214b56cac7d70680703ee6a28fac742f3c3190b55b46a79c1f76d,60.149,24.9843,00000000fffb8cf0,20.28
3553,2019-08-01T09:06:09Z,a0af15cb8910790ac8af904ddf7b0dbf5ef778ba6dd3b3e690926089,60.16762,24.95415,000000006b44cce7,11.7
3554,2019-08-01T09:06:09Z,a1049deed97cd1989c882cb47bb39f0d93d1fddbac4e9307e8a4249e,60.16544,24.95398,0000000038d83d41,25.36
3555,2019-08-01T09:06:09Z,a256ee4e61079f54581967787db25324859ef431207cb182cd468fbe,60.16829,24.94214,00000000afef4555,14.89
3556,2019-08-01T09:06:09Z,a2e761fd97d8bdf78601300822b531e306b9ab7a1a43b6bfb07eba52,60.14947,24.91438,000000004ef3150d,11.7
3557,2019-08-01T09:06:09Z,a38c11c450b472b9dad2f076e2d9a63651292d3de806331d06af7f46,60.16531,24.9442,00000000fdda10fe,13.75
3558,2019-08-01T09:06:09Z,a3d99fc570ed19522398a09fafe7d264d95d2cd387780feb931b4573,60.17065,24.93641,000000000f4919c9,16.1
3559,2019-08-01T09:06:09Z,a43c84bf84005aa17da2549e889c7c09e1035e5290ef5d904ea65e6c,60.16829,24.94214,00000000afef4555,27.28
3560,2019-08-01T09:06:09Z,a5423cad01b42682deb516a777f50fd783fd1fd9dc23b7cab01eaedc,60.16897,24.95222,00000000aa852af1,13.75
3561,2019-08-01T09:06:09Z,a6d0dd9de406b1201a4e438ec7c5f4a467f38c41e2dec42ff6c71d50,60.16897,24.95222,00000000aa852af1,13.75
3562,2019-08-01T09:06:09Z,a786eb3b8a25c58099a428799e99d0b86401f803ee38d3e5d20e59d3,60.15432,24.9211,0000000019fb59c4,11.7
3563,2019-08-01T09:06:09Z,a808962cb511e5ed2d23e6e33efe252b1be29dc1d2f7c6154817f04f,60.16448,24.97323,0000000053c6c2be,10.78
3564,2019-08-01T09:06:09Z,a83415babca8eac00f69a32371a230fdadda29bf40fd69f75cf2e8fb,60.17919,24.95181,000000007b5207b6,14.89
3565,2019-08-01T09:06:09Z,a8ca7fb815e707c04434a085c4f99e783d56372143afc92225eae622,60.15133,24.92329,00000000e8a064a4,13.75
3566,2019-08-01T09:06:09Z,aa05a7036c3586a79d23f426b78bf158357208bc82d7ddf9a1326dd2,60.16531,24.9442,00000000fdda10fe,11.7
3567,2019-08-01T09:06:09Z,ab615ee5bbf567aee3505fbb360d09fc6b851f93fb15aef778b57128,60.16531,24.9442,00000000fdda10fe,8.38
3568,2019-08-01T09:06:09Z,aca524ceb3c7373172ecd0d06b26e7d610d441f4a47ab78ae0ad3340,60.15133,24.92329,00000000e8a064a4,20.28
3569,2019-08-01T09:06:09Z,acb3f4b2a6b9fe720b98158caba37c1958df05919990f30368dbbd8b,60.16762,24.95415,000000006b44cce7,17.4
3570,2019-08-01T09:06:09Z,acbbe4765d72f36b0323407c7dbe43db7b4ad5e2da0a6a9e5966db0b,60.16897,24.95222,00000000aa852af1,13.75
3571,2019-08-01T09:06:09Z,ad22512fd6a5ad9e19fdfad7e02b2793ecb01875be243f894c637ae2,60.16829,24.94214,00000000afef4555,13.75
3572,2019-08-01T09:06:09Z,aef9493ffdbcaf1d1a27c9ae807b055ac0b7ba8fb2d6b6d307ecb617,60.16629,24.95957,00000000fb7600be,21.87
3573,2019-08-01T09:06:09Z,af67ffa8b538058603b74f48e04ab914e8f6cd450f53c47f8c3d683d,60.15432,24.9211,0000000019fb59c4,9.12
3574,2019-08-01T09:06:09Z,afaed9946dbc1509500c6f80f87eed8fe44a74ba3e14328c6efe3971,60.16829,24.94214,00000000afef4555,18.79
3575,2019-08-01T09:06:09Z,b09e9bb62cc49c085c1aee3b752af1bec69dabc939323e5733f73933,60.17065,24.93641,000000000f4919c9,18.79
3576,2019-08-01T09:06:09Z,b1b845b83b80f3949d2d3d737c6315299213f457d58313f5f6cc7d6b,60.17065,24.93641,000000000f4919c9,36.27
3577,2019-08-01T09:06:09Z,b28757d67868f9471f0d997a935e857fd0ff1095449820929597563b,60.16762,24.95415,000000006b44cce7,7.05
3578,2019-08-01T09:06:09Z,b32e57a6f5865a23d7a0e9fa346d5ec4e975f99c4df815fe8b1449b2,60.17918,24.95141,00000000675d5200,14.89
3579,2019-08-01T09:06:09Z,b50a45ac0708e7b5cca42f3458430eb22ff70a81c575bafe99ffda23,60.17002,24.94407,000000006b087f40,7.69
3580,2019-08-01T09:06:09Z,b5603e758440226e490d1d7d7271a7b0d5c261eccbad198f81110136,60.15432,24.9211,0000000019fb59c4,7.69
3581,2019-08-01T09:06:09Z,b69604356a52f2b1b9c5de09a350f42d87f5b969e3e824d8b6b2368f,60.16829,24.94214,00000000afef4555,9.92
3582,2019-08-01T09:06:09Z,b6b32d1744cab38523e13d061fa256f05d6e01d920275907327c3083,60.16829,24.94214,00000000afef4555,12.69
3583,2019-08-01T09:06:09Z,b6c43126ca83e916a68e57d0178060c24fc61305836b6c8f188f7285,60.17918,24.95141,00000000675d5200,11.7
3584,2019-08-01T09:06:09Z,b6f0f4101a1a258dcb1d82d77ca91000694d4fed15bd882a8e3bfe66,60.149,24.9843,00000000fffb8cf0,10.78
3585,2019-08-01T09:06:09Z,b8038854618ce49585b1b6da449b945625ada46d3a0e8942e9f8137f,60.16629,24.95957,00000000fb7600be,17.4
3586,2019-08-01T09:06:09Z,b8fb70225ee0a2d655e2809da07a2f8cd2feb7295aa256f8b35fcf1e,60.16629,24.95957,00000000fb7600be,14.89
3587,2019-08-01T09:06:09Z,ba2262b5310a223ccb57bf8b1f6c5d904d7aa31939f3ffa28060dbc7,60.16829,24.94214,00000000afef4555,21.87
3588,2019-08-01T09:06:09Z,bb0509d8cfed23727a055008086076320415d2f40ddad63b703fbe2a,60.17065,24.93641,000000000f4919c9,11.7
3589,2019-08-01T09:06:09Z,bb2187a4e20012ad694c768ef2c47c9a9055671024ebf4855d4e6243,60.16531,24.9442,00000000fdda10fe,1.54
3590,2019-08-01T09:06:09Z,bc6d5082ca52e6dae7a1689a835434f3f6341e90afea565480eb9674,60.16829,24.94214,00000000afef4555,10.78
3591,2019-08-01T09:06:09Z,bc82f76c979de19b559e9e3aa0cd6cbf5ac361e2d7b1ac9f81fe2f4f,60.17918,24.95141,00000000675d5200,6.46
3592,2019-08-01T09:06:09Z,bd17e41f002acd238070518ccfb611a42561023ceaefde667bf6fa55,60.17002,24.94407,000000006b087f40,31.5
3593,2019-08-01T09:06:09Z,bd23c66c4df0bd849266a4429a24f23f2c9503cf31eb0cd9780248e6,60.18203,24.91341,00000000342570c2,27.28
3594,2019-08-01T09:06:09Z,bee144e090a471427ec7878609f2446cb79f4c8d7e3c3bf0f67cf8d2,60.16762,24.95415,000000006b44cce7,9.12
3595,2019-08-01T09:06:09Z,c004fa64cb7de7e87d3b91639ae5f95304fb1a90b0a0e927cea958af,60.16762,24.95415,000000006b44cce7,12.69
3596,2019-08-01T09:06:09Z,c1674c59c49d5bf74e6808239a91d18a04e47697d298bc61a7618af2,60.16448,24.97323,0000000053c6c2be,13.75
3597,2019-08-01T09:06:09Z,c1bf1bf699e9bc78ca15c9490d1ef02e3323f0c2c76bf0fca7955a69,60.14947,24.91438,000000004ef3150d,12.69
3598,2019-08-01T09:06:09Z,c375f2dac85f963c33b2daf76ffb0c32d2c8fd08172419336e308686,60.14947,24.91438,000000004ef3150d,23.56
3599,2019-08-01T09:06:09Z,c434f18b802a764aad7a2dfb46e93546acb1b0975cf9b93fd47363f6,60.15432,24.9211,0000000019fb59c4,7.69
3600,2019-08-01T09:06:09Z,c46895857ca53c3362932d446a58c13b60d297f99ca237d4546589e8,60.16897,24.95222,00000000aa852af1,21.87
3601,2019-08-01T09:06:09Z,c4c936ac80b0ae54c0c8423657bd882256a046f8cc9416db5a725204,60.15432,24.9211,0000000019fb59c4,36.27
3602,2019-08-01T09:06:09Z,c51beff15d228f2dab9416cadfcc60fe269ce3d9202a9cf2ec7e7647,60.16829,24.94214,00000000afef4555,14.89
3603,2019-08-01T09:06:09Z,c55f651c108f569fe59364de834d31b122908186d2f95d20ed519564,60.16762,24.95415,000000006b44cce7,16.1
3604,2019-08-01T09:06:09Z,c65c11ee6e8b5894ead3ea9b007a39127edb65a67be253aca6f78ed0,60.16448,24.97323,0000000053c6c2be,20.28
3605,2019-08-01T09:06:09Z,c71ca1a0d84d8b380a2d73e225e3300b3aaa1f0bf494129f8dbed55f,60.17918,24.95141,00000000675d5200,21.87
3606,2019-08-01T09:06:09Z,c872af9997af535c4615ee0b4194c7c8d644b7962afb3ca321eb386f,60.15133,24.92329,00000000e8a064a4,23.56
3607,2019-08-01T09:06:09Z,c8aef405537103b9d31a7e2dda43949f5844b9a36494f8defaf0d803,60.17002,24.94407,000000006b087f40,27.28
3608,2019-08-01T09:06:09Z,ca7719c7cd8d4496b666f608fc07ba9930e362a0b2d96890b0778618,60.16629,24.95957,00000000fb7600be,9.92
3609,2019-08-01T09:06:09Z,ccb852835a56f5f356dfaef8c52d6e43f731aef8fb2b040d76b5e569,60.16897,24.95222,00000000aa852af1,20.28
3610,2019-08-01T09:06:09Z,cccf3ba2a9d11b9330c18af8064a20aca9995473495bf119162a1619,60.16897,24.95222,00000000aa852af1,9.92
3611,2019-08-01T09:06:09Z,cce3077cdfeedd0674391bec08ce94732557106542574c58a7f378bf,60.16829,24.94214,00000000afef4555,3.4
3612,2019-08-01T09:06:09Z,ccf4611f19a0b20cfaaf5bdba7523f62b2b1c37d3169f7fcd9735d22,60.17918,24.95141,00000000675d5200,18.79
3613,2019-08-01T09:06:09Z,d062562fed5ad0a61560e267310beb0b717d2a1e2a11d1d575507861,60.16897,24.95222,00000000aa852af1,23.56
3614,2019-08-01T09:06:09Z,d0ae4fabf429edbfdad59f8183cc6e5929f68633315448c9b83d4c16,60.16762,24.95415,000000006b44cce7,9.12
3615,2019-08-01T09:06:09Z,d29a5ebd00326d5dedb6c60cab75fd238bdaa9d7f703f6b5974edbc7,60.16762,24.95415,000000006b44cce7,5.91
3616,2019-08-01T09:06:09Z,d562afdedae521be241c98441e436608a323fdb944dedc24c835e762,60.17065,24.93641,000000000f4919c9,4.94
3617,2019-08-01T09:06:09Z,d653ef8368d33df4fc7edeb5a381d5826be1471f1470aa9744d47901,60.173,24.92524,0000000096918cfa,2.8
3618,2019-08-01T09:06:09Z,d65b8625c1f24304ff0e3c4a4dce7aa5d434d36be87be41834a49420,60.16531,24.9442,00000000fdda10fe,3.4
3619,2019-08-01T09:06:09Z,d74ea3c9e0aaa523c791aa01f4f9a7c1c43f01f585dc4146b19edf83,60.17918,24.95141,00000000675d5200,3.4
3620,2019-08-01T09:06:09Z,d7734ef0345fcffc0f4bd7579275af62987490aba012209832e92059,60.16629,24.95957,00000000fb7600be,9.92
3621,2019-08-01T09:06:09Z,d80b1d1a63e542cbbdb6a33c8fba0b0dcfa324d17f2f3173c3d5a37b,60.18203,24.91341,00000000342570c2,23.56
3622,2019-08-01T09:06:09Z,d8778698d75313bf43f7255696e14eda9502d5d7a6e7315071181cc8,60.16629,24.95957,00000000fb7600be,17.4
3623,2019-08-01T09:06:09Z,d87c4d5dc2cd620de54fdd076d4f9b35245053d65b644d9e01f558b5,60.16762,24.95415,000000006b44cce7,13.75
3624,2019-08-01T09:06:09Z,d95956cedfc4dfe06014194cc1071864bd835fcc014c1fd6f4d33337,60.16762,24.95415,000000006b44cce7,9.92
3625,2019-08-01T09:06:09Z,d983db67d9cd171123ba12eeb19c11f34a3ad1d75fc9214ac3ae8a26,60.17002,24.94407,000000006b087f40,16.1
3626,2019-08-01T09:06:09Z,d9f8ff1809ebe23c7e68bb1cbb1aa6fdfaf22375abf2962da2d7cfab,60.16531,24.9442,00000000fdda10fe,18.79
3627,2019-08-01T09:06:09Z,dbedd81db3d59ee0c6948187e396a34e2fa5dd6670cf8d862bf5e1ff,60.16762,24.95415,000000006b44cce7,4.94
3628,2019-08-01T09:06:09Z,ddae2128c72cf011df2a698a8254b8738fd07a971349ea8a5e8bfa9f,60.16829,24.94214,00000000afef4555,21.87
3629,2019-08-01T09:06:09Z,deb8a213e1b4930e676ee8fdb394161ec46adb785171fa37437b4d44,60.15133,24.92329,00000000e8a064a4,9.92
3630,2019-08-01T09:06:09Z,dfe80baf219bd267a459c954a8e3027b3f1ed29fea2a5355456d5652,60.16897,24.95222,00000000aa852af1,18.79
3631,2019-08-01T09:06:09Z,e0fe7fe5854899c0eb42b75b300339808143419404558ed4d00b0f17,60.17918,24.95141,00000000675d5200,7.69
3632,2019-08-01T09:06:09Z,e294dde431d68c7b73efcf1f9b916e40bf408111c79228032c7830a4,60.16544,24.95398,0000000038d83d41,23.56
3633,2019-08-01T09:06:09Z,e2f445c6711e0e7d48a6a045bec347587f9f398e8928a171cfa2ca38,60.16762,24.95415,000000006b44cce7,8.38
3634,2019-08-01T09:06:09Z,e2f8b065913423b6cd370ba12adba60bad68b6ff2a97fbcb1d1614bf,60.16897,24.95222,00000000aa852af1,25.36
3635,2019-08-01T09:06:09Z,e32c36e553b4403b2606713bf612f5d5a6642f461e4b6828aa6009f6,60.16544,24.95398,0000000038d83d41,31.5
3636,2019-08-01T09:06:09Z,e508e239ba2ca68b34ad5074f3d7b013e72f6f7df36eb6cdf545be78,60.16762,24.95415,000000006b44cce7,14.89
3637,2019-08-01T09:06:09Z,e528235be3e5cc4945024d50d1ed43061e2e2f2845f2b41e081e1721,60.17919,24.95181,000000007b5207b6,3.74
3638,2019-08-01T09:06:09Z,e5cad8bb9a6c8dcc067948d7f869033aca5bdd062da175c8734092e6,60.17918,24.95141,00000000675d5200,9.12
3639,2019-08-01T09:06:09Z,e73dcccbc4dd6af49316f19a34c347cc94ff7ab079a93a2672d78a16,60.14947,24.91438,000000004ef3150d,29.32
3640,2019-08-01T09:06:09Z,e8add7e8346b99cd4b67924113f3763441a1899897c6d1ac3a1a40a6,60.17918,24.95141,00000000675d5200,9.92
3641,2019-08-01T09:06:09Z,e9064a62fac257836cb6fbcf0d84fab1ebdfa46bd6734632f1e6f116,60.16829,24.94214,00000000afef4555,16.1
3642,2019-08-01T09:06:09Z,e9275b4d525e0593374e00e9cf9885062a1699ecb3462c758a025ef1,60.16762,24.95415,000000006b44cce7,8.38
3643,2019-08-01T09:06:09Z,ea1b1a8ba1c01fdd1e098c585b133fc3d60f7c2458e7c2726e2df8ee,60.16629,24.95957,00000000fb7600be,21.87
3644,2019-08-01T09:06:09Z,ea3f8412ed9c4d92448688dd9cc7ff9e3eeb5fe4373d0953bf0349c1,60.16531,24.9442,00000000fdda10fe,14.89
3645,2019-08-01T09:06:09Z,ea94130fbb3464dc656765cfddbad802ddfafb1af8007cb5f42cd41f,60.16829,24.94214,00000000afef4555,14.89
3646,2019-08-01T09:06:09Z,eaf572301dc5c1eaff007bc1886cce8f0f5e92a233b8686ed2a1a9cc,60.17065,24.93641,000000000f4919c9,17.4
3647,2019-08-01T09:06:09Z,ec2dd83e04d225caca9f6b9d28bd3080ed37c5bf42e5f65123fa2394,60.17065,24.93641,000000000f4919c9,12.69
3648,2019-08-01T09:06:09Z,ec7121833f0e4b509d683b00a9c5e992e4b84882cb857145102e14f4,60.16531,24.9442,00000000fdda10fe,1.88
3649,2019-08-01T09:06:09Z,ec8c0160ac1ee5aeaf6204956c9db2ee4f98f55ae3fe1ec0af07fab8,60.16762,24.95415,000000006b44cce7,5.91
3650,2019-08-01T09:06:09Z,ed86f884272a5a400b55bfd4f22bc8cc5d6fca7fe26eee3c39cb3c52,60.15432,24.9211,0000000019fb59c4,9.92
3651,2019-08-01T09:06:09Z,ee424f3045accaa01434f840d87b26b22f65fb6b2f8d34a4b94d6fcc,60.16762,24.95415,000000006b44cce7,14.89
3652,2019-08-01T09:06:09Z,eef621895ee74145a6d76c5f5493a93d7c728c80abe45a2e1933ae9f,60.16897,24.95222,00000000aa852af1,12.69
3653,2019-08-01T09:06:09Z,ef67b9e4617f284b84167b4bdaff71108579a33ced0a2450ff25a1a1,60.16629,24.95957,00000000fb7600be,11.7
3654,2019-08-01T09:06:09Z,f03d20d6bb80ce0745cb0fbed6619e0a6288bfffd08e9aabce1692ba,60.17065,24.93641,000000000f4919c9,11.7
3655,2019-08-01T09:06:09Z,f1447725764ec0dca245fc67f2aa0a0c42e6b05808076aa74f0c1e7e,60.17918,24.95141,00000000675d5200,14.89
3656,2019-08-01T09:06:09Z,f1b28329fc91f4708ca34857c5582c0bf1b7d0ab06127746029cd72c,60.17918,24.95141,00000000675d5200,29.32
3657,2019-08-01T09:06:09Z,f20935810c1567a80c288016c4d4dd32fe86b3479f47ae7dd64d15cc,60.15432,24.9211,0000000019fb59c4,7.69
3658,2019-08-01T09:06:09Z,f29ed00b645af4bbf50174e71f58a9b691d2e2342e59eda242d97380,60.16829,24.94214,00000000afef4555,20.28
3659,2019-08-01T09:06:09Z,f3919086bf89b45ea90abf40ffd1372519057bda5b604c1901e841bb,60.17002,24.94407,000000006b087f40,20.28
3660,2019-08-01T09:06:09Z,f4bbc3077da0455d4340da2eed204915327b75a792080724548b4956,60.17918,24.95141,00000000675d5200,3.09
3661,2019-08-01T09:06:09Z,f503a41d3e8b9b57628f4f061c1d8e0c53c62dd8a6fe38d212958ee6,60.16075,24.95883,00000000f1124bca,5.91
3662,2019-08-01T09:06:09Z,f50fd3b1715a94dff67461f4b8f252ecaa6acc16459b3d021f34f15e,60.1538,24.95595,0000000038bf9618,29.32
3663,2019-08-01T09:06:09Z,f55165f87792f06aaca9b79eea536f4bd692c8ee806294be5fb014df,60.16829,24.94214,00000000afef4555,18.79
3664,2019-08-01T09:06:09Z,f587de6c8c03387c5e6a66cd7d20c45abad3668c8e2246611122547b,60.14947,24.91438,000000004ef3150d,18.79
3665,2019-08-01T09:06:09Z,f60a6068c654587fa981390a039456a2fdd85e02c009df547e204a45,60.16829,24.94214,00000000afef4555,18.79
3666,2019-08-01T09:06:09Z,f741519cf6f519194bb45b9da0e69bda8edb903e3c24d4140f340467,60.16762,24.95415,000000006b44cce7,11.7
3667,2019-08-01T09:06:09Z,f77f8836e641389801309c311e926c1662264ab16efd01cd5bf27baf,60.16762,24.95415,000000006b44cce7,4.94
3668,2019-08-01T09:06:09Z,f803aeb1f00a057ed31451d0f3d132f27fec17305dc699176ac5339a,60.16897,24.95222,00000000aa852af1,27.28
3669,2019-08-01T09:06:09Z,f9e527876f8dfe750fd29bc42664bbf572aed5d09d344a8934a83d90,60.17065,24.93641,000000000f4919c9,7.69
3670,2019-08-01T09:06:09Z,fa9f19c58a086fde9429d732b1eec80eacf5fc1b2c0124d17243d008,60.17918,24.95141,00000000675d5200,2.54
3671,2019-08-01T09:06:09Z,fb2df85c8938d6a1bbd1ff0a1cd8aa23480ae08dc39d2b584ed35e14,60.16762,24.95415,000000006b44cce7,7.05
3672,2019-08-01T09:06:09Z,fba6e66dd09200012637e0b454c96fd7a5459b7e8b0ba01863cdbd77,60.16762,24.95415,000000006b44cce7,2.3
3673,2019-08-01T09:06:09Z,fc75e05a713e8733c512a31a3bebec0a122af3e7afb2c5059c3f1a3a,60.17002,24.94407,000000006b087f40,27.28
3674,2019-08-01T09:06:09Z,fea1453360073dfc1896bf1f005f51addb49661f953e16cffba3c63d,60.16531,24.9442,00000000fdda10fe,8.38
3675,2019-08-01T09:06:10Z,0fff89885f08417f20aadfdbf62a372277e9085bcd024374b772ecac,60.16531,24.9442,00000000fdda10fe,25.36
3676,2019-08-01T09:06:10Z,112c36ba789fa57e2b19c9bff8bfe0b3eba19a431c3af4656c4cee5b,60.16531,24.9442,00000000fdda10fe,31.5
3677,2019-08-01T09:06:10Z,14c7e1511b70f4dd3359cbece1377aebb4d70531f5489eefe53d7c3c,60.16544,24.95398,0000000038d83d41,23.56
3678,2019-08-01T09:06:10Z,15918569de0a46a8eb56b43d8d39f7fc82619ff1006f00822c85745c,60.17918,24.95141,00000000675d5200,1.88
3679,2019-08-01T09:06:10Z,171d0bf49a26400390df42bc1c9af98d9279bf8ccee92f39288845e1,60.16762,24.95415,000000006b44cce7,2.54
3680,2019-08-01T09:06:10Z,1f0f0628cdc688d76bde2b82bee5b9b4916bf0bbdfe76cf3213e1c65,60.15432,24.9211,0000000019fb59c4,18.79
3681,2019-08-01T09:06:10Z,2f33dacc8bf2b0b809b88130b46696c922929e1eb8ea92017f05509a,60.16448,24.97323,0000000053c6c2be,31.5
3682,2019-08-01T09:06:10Z,2fd87be7f3d38756587d5a0dd1ae934998ca065240c450d0538481e9,60.1538,24.95595,0000000038bf9618,33.81
3683,2019-08-01T09:06:10Z,5b91abc1d452431fdb7bc15f638eee91a54034b6327f40e58ccacda6,60.14947,24.91438,000000004ef3150d,31.5
3684,2019-08-01T09:06:10Z,5d65719c4cbf045f068d084b72302f447d5fd034413d97d13be00d0e,60.18203,24.91341,00000000342570c2,23.56
3685,2019-08-01T09:06:10Z,6a657079c1bdc8114c289be1ddd83e5846d4279a920d1697b8ff0033,60.18203,24.91341,00000000342570c2,25.36
3686,2019-08-01T09:06:10Z,76c7f42283513d0e289bf786d89463b5025b2ae0f4e13519a4cf228b,60.15432,24.9211,0000000019fb59c4,20.28
3687,2019-08-01T09:06:10Z,78d5f60b36b59c06c3988b94e11744bb3aed5dcbc214f91f228bf892,60.16448,24.97323,0000000053c6c2be,21.87
3688,2019-08-01T09:06:10Z,79f136afa0dd8717337c01c70b457c464aaf0fa25b440f51a394ec23,60.16762,24.95415,000000006b44cce7,16.1
3689,2019-08-01T09:06:10Z,7ea143c7b689f7c20c38e261a438c20bc2fabab41f1548561d65a3a5,60.16531,24.9442,00000000fdda10fe,31.5
3690,2019-08-01T09:06:10Z,84fdfd8881f633c5f0c71c1480053953ca4b05e848052d97c063ad38,60.1538,24.95595,0000000038bf9618,27.28
3691,2019-08-01T09:06:10Z,87dfaad29a9276ddddb1fa021d3bc23ad14824c1af16f7d87e713689,60.14951,24.92138,0000000006dd41f6,9.92
3692,2019-08-01T09:06:10Z,8c75c3289c84fe4493e1e272a77b615fe1985880c5dc68a7c1a17b53,60.16762,24.95415,000000006b44cce7,8.38
3693,2019-08-01T09:06:10Z,8cc6ddaa460aeae8cc9e8a33f91a01c8cd4c0c8bf8a943210a28c84d,60.1538,24.95595,0000000038bf9618,25.36
3694,2019-08-01T09:06:10Z,9500bab795f51bdd64c3f0f2cd00ad5aa6d9b93195c29484e6e5f92a,60.16762,24.95415,000000006b44cce7,23.56
3695,2019-08-01T09:06:10Z,9843c6216661048343a0e49cf3d8aa2883cf77f452666a1c873a1052,60.16448,24.97323,0000000053c6c2be,8.38
3696,2019-08-01T09:06:10Z,9d03d14afa49576281aa26db60e517f7c1ec8aa36f7756959a860a8a,60.16629,24.95957,00000000fb7600be,11.7
3697,2019-08-01T09:06:10Z,9ff35a7f150d05ef75c3777dbae4f91e5b1a4d0830a984c50f6da1bc,60.16897,24.95222,00000000aa852af1,21.87
3698,2019-08-01T09:06:10Z,a9da1ee82e3b670e276c26b483dd50f4a6d0c6f77ef82245d3ae6086,60.18203,24.91341,00000000342570c2,21.87
3699,2019-08-01T09:06:10Z,ab0f67c0c0e1ba5eac9013f9c314feadf340ddf08543b91e70483594,60.16544,24.95398,0000000038d83d41,25.36
3700,2019-08-01T09:06:10Z,b4faf2d3c4d2b199afeab6ab63b583fe3a2e81e14abbef6917f25129,60.15432,24.9211,0000000019fb59c4,16.1
3701,2019-08-01T09:06:10Z,b5fd6b317890e5ab2d79e2cd1abe61626d45a753c7337d0d40728898,60.16762,24.95415,000000006b44cce7,12.69
3702,2019-08-01T09:06:10Z,b986140b3339363c8bd5cc5eed0819ca5a421cb6e5b17c42ccf729f4,60.16829,24.94214,00000000afef4555,9.12
3703,2019-08-01T09:06:10Z,c0fc984aaabfa27a2173a0a540e05b43fa0fa2e03f530aa33146030c,60.16829,24.94214,00000000afef4555,23.56
3704,2019-08-01T09:06:10Z,c40c37def6bf11a63a2556519a7c6233fd417cdeea2cf14f28e7c42c,60.16531,24.9442,00000000fdda10fe,18.79
3705,2019-08-01T09:06:10Z,ce783d3c1b06378e5c39c25687746a6f88fbb0ff2b36e3405fb61cf8,60.16762,24.95415,000000006b44cce7,20.28
3706,2019-08-01T09:06:10Z,cf05623e4d87ce0906c0b0b7dbf53aacc1228016cd27c341228b6e76,60.18203,24.91341,00000000342570c2,17.4
3707,2019-08-01T09:06:10Z,d127ead865385b64ae537a703a26be15fae4b5332ce0fbf03d5e0c23,60.1538,24.95595,0000000038bf9618,29.32
3708,2019-08-01T09:06:10Z,d178749a24c32676d0da0f51ae6ff63c456499d4b1814af8fa75ca9e,60.16448,24.97323,0000000053c6c2be,10.78
3709,2019-08-01T09:06:10Z,dd2c9c82cf3737146294aff6f814a1349fb0bc4bedf518715dacbe8f,60.18203,24.91341,00000000342570c2,11.7
3710,2019-08-01T09:06:10Z,ec72ef080c605e71978aed0d3b5f22c3c3133677a43c614b72eedc6d,60.14699,24.922,00000000a53ed894,29.32
3711,2019-08-01T09:06:10Z,f7e45613ad966fea53fab73b435ba3a087c774e36596b3a5156a3487,60.16829,24.94214,00000000afef4555,6.46
3712,2019-08-01T09:06:10Z,f83d4b6b8ffbf8a674d212e32100b2360b80261b4e9207d77c0b0ed3,60.17918,24.95141,00000000675d5200,8.38
3713,2019-08-01T09:06:10Z,f99c5dd8cc08bd2353083d875ce8bc585fb2c2ff8427b90d92f571de,60.1538,24.95595,0000000038bf9618,27.28
3714,2019-08-01T09:06:10Z,fc4f3a44235f1cfc7b53f14ba2da599976a5a0a220d23b852688e485,60.17919,24.95181,000000007b5207b6,11.7
3715,2019-08-01T09:06:10Z,002df6812c5e942bc9b9132c57560533461eeb154491649d824e3eb3,60.16629,24.95957,00000000fb7600be,29.32
3716,2019-08-01T09:06:10Z,00787dad708490660b0b836fa415681cc57046fa521c0c0aaea14a9e,60.16762,24.95415,000000006b44cce7,10.78
3717,2019-08-01T09:06:10Z,0097b685a95e22fc898384590c0f5bf87d9831b8750326fbf9a740c3,60.16829,24.94214,00000000afef4555,16.1
3718,2019-08-01T09:06:10Z,00d98e49fc01c16216b630f9fdf19ce9826d27552ce2fa4676de957b,60.16829,24.94214,00000000afef4555,9.92
3719,2019-08-01T09:06:10Z,02050a536056486b1bf139282f0d0a3af63def1d56ff0c73ac51bb19,60.14947,24.91438,000000004ef3150d,14.89
3720,2019-08-01T09:06:10Z,023083c44c772667f1727e01c74518889b2a82d78ceb28c08b6f8a20,60.16531,24.9442,00000000fdda10fe,9.92
3721,2019-08-01T09:06:10Z,031cc7ace40b0f25c93928f5a9f985a46a0a3f62b0a13b2b05b46171,60.18203,24.91341,00000000342570c2,27.28
3722,2019-08-01T09:06:10Z,0362cc670dcfab795a3911957b6a177416bf9b99d0e2732716796c4d,60.15432,24.9211,0000000019fb59c4,11.7
3723,2019-08-01T09:06:10Z,03f427d436ba092925de462b11374bdbdab0443620037675621fbc11,60.17918,24.95141,00000000675d5200,17.4
3724,2019-08-01T09:06:10Z,04c26e81b9a9c7fbc6060d74236c616220c3cd580100a0c58a62ea1a,60.16897,24.95222,00000000aa852af1,29.32
3725,2019-08-01T09:06:10Z,063935180fff0e58de5d319ecb9320cf794423e3c6aeac0cca8f1a9f,60.16897,24.95222,00000000aa852af1,8.38
3726,2019-08-01T09:06:10Z,0670a01b5d0e505e7ec50165f157d60f57a5bb3b6c65922412509ab2,60.16829,24.94214,00000000afef4555,17.4
3727,2019-08-01T09:06:10Z,0734aa9d45f98eb8e1cc23fdf3a04a296b23370cc5bef016a0c76053,60.16829,24.94214,00000000afef4555,17.4
3728,2019-08-01T09:06:10Z,08f9fd60f852d3502bfa509c955e9963e73954f961d55ba8cd46cae9,60.16629,24.95957,00000000fb7600be,18.79
3729,2019-08-01T09:06:10Z,0951ec0c700dba7330b8e8181fc852becde054d0dc7474d1488db3cd,60.17065,24.93641,000000000f4919c9,21.87
3730,2019-08-01T09:06:10Z,09cfe3ccea2138f9a7a14b633026c75879d915955e4d18d8913efebf,60.14951,24.92138,0000000006dd41f6,27.28
3731,2019-08-01T09:06:10Z,0bbf3e8a8b496959ba413e4ebbe23719511fa4c9dd914960054d7c7f,60.16762,24.95415,000000006b44cce7,17.4
3732,2019-08-01T09:06:10Z,0c1684b697a63d7f47ebaedcfa060b3b4af294fec1e62d613699291a,60.16897,24.95222,00000000aa852af1,4.94
3733,2019-08-01T09:06:10Z,0c2d3bdaf0e8a9d6efcf95298acb85805b31c1c6618f00dd4489dddb,60.16762,24.95415,000000006b44cce7,17.4
3734,2019-08-01T09:06:10Z,0c51d4f7e203cab855fc51204f9956282e023f758253ce9173873211,60.17002,24.94407,000000006b087f40,41.64
3735,2019-08-01T09:06:10Z,0ce136cd78d17c06d7c5673fecf75f44da717c2befaaea18c6bdf0b1,60.1538,24.95595,0000000038bf9618,31.5
3736,2019-08-01T09:06:10Z,0e62c7194170ff5abcdede8e7bb2dc9370e053dcd7957fc62f077453,60.16829,24.94214,00000000afef4555,20.28
3737,2019-08-01T09:06:10Z,0ff494fbdd49a307cefdfdc536de069f9e8a04a1a61e279217af85e1,60.16897,24.95222,00000000aa852af1,21.87
3738,2019-08-01T09:06:10Z,1069967e3921871955b1b2b42e60f829c593a3e024401bfe61ae410e,60.16629,24.95957,00000000fb7600be,17.4
3739,2019-08-01T09:06:10Z,10d0fed0f7d40b253b5fc5a53297dc9af8bb76fa6f34d5e71383cb62,60.17918,24.95141,00000000675d5200,20.28
3740,2019-08-01T09:06:10Z,1271bcd33c0056265a5bdf6df4092a3c9e2209abee80570cb172031b,60.16897,24.95222,00000000aa852af1,31.5
3741,2019-08-01T09:06:10Z,12b9b313e577dbbb9619247e0a5ded14c2b56bede5b421cac44f9597,60.16448,24.97323,0000000053c6c2be,27.28
3742,2019-08-01T09:06:10Z,139a5aa448338146cf9202768e1eeb804d164d71d9bc8c7fa8f5d06f,60.16531,24.9442,00000000fdda10fe,4.5
3743,2019-08-01T09:06:10Z,13a759fd293cbde0d55db753d853768b718e59036c4007d2e3a8757a,60.16762,24.95415,000000006b44cce7,12.69
3744,2019-08-01T09:06:10Z,13cbade1d832c78b1a0a68fd9a6559054370eeae58247347955ee632,60.16897,24.95222,00000000aa852af1,10.78
3745,2019-08-01T09:06:10Z,141ffc858c3ea6a2e69c954115114304736a35dc25ec947323090dc0,60.16762,24.95415,000000006b44cce7,16.1
3746,2019-08-01T09:06:10Z,15b314157b22b2a5bf8a39539a049ce73e7baa21b0ce24f21718ce4a,60.17002,24.94407,000000006b087f40,21.87
3747,2019-08-01T09:06:10Z,164d8280dbb888033f64368dd641bcef597fc327148fcf74374894c5,60.16544,24.95398,0000000038d83d41,18.79
3748,2019-08-01T09:06:10Z,16e18d478be872d2a9801fa885d08edeb3f5ae1840b38478f9baf535,60.17918,24.95141,00000000675d5200,10.78
3749,2019-08-01T09:06:10Z,186333eb40fcc6f473b8fecb5ff31f07f082740eaef22f8594088862,60.16629,24.95957,00000000fb7600be,20.28
3750,2019-08-01T09:06:10Z,1880dcca5077d4ccd63084e82a411f0cb7abb12f9883625b046f2e24,60.16829,24.94214,00000000afef4555,13.75
3751,2019-08-01T09:06:10Z,190cdde22bc3e3a41cd0f9da7efb3a917bc09e8034b05ca6064ea8a8,60.17918,24.95141,00000000675d5200,17.4
3752,2019-08-01T09:06:10Z,1a057a74ec50ab7dac4f29547e82a9c7f37192d592a42f63379e1d8f,60.16448,24.97323,0000000053c6c2be,25.36
3753,2019-08-01T09:06:10Z,1b4a6be5c1125aa14a89475b490ebff5ffbc62f3b6ef08d185dab136,60.16829,24.94214,00000000afef4555,17.4
3754,2019-08-01T09:06:10Z,1cfafdaa3ff1975bcf6f699641431e88775ba2183074d825eeb81dd3,60.149,24.9843,00000000fffb8cf0,17.4
3755,2019-08-01T09:06:10Z,1d70ff49909e1d6fb653ae053aa78084daf385dbbd2ad22b05707309,60.16829,24.94214,00000000afef4555,16.1
3756,2019-08-01T09:06:10Z,1da40c618e0432bb037d08723b65821f6223509e8b4033a4b4190047,60.17065,24.93641,000000000f4919c9,17.4
3757,2019-08-01T09:06:10Z,1dbecade1f3540eb44c3d86cb1ffc73d5bf422ea0cf76927c2d5cd74,60.16829,24.94214,00000000afef4555,25.36
3758,2019-08-01T09:06:10Z,1dcff36b6f83b08b6ea87c1c1018c542c270299839908ca446dffb39,60.16762,24.95415,000000006b44cce7,11.7
3759,2019-08-01T09:06:10Z,1e3af5697f0a2ae45f261da79e4ba71c868dc4d78008bd1995fe6259,60.16448,24.97323,0000000053c6c2be,10.78
3760,2019-08-01T09:06:10Z,1e6029f749dce72746f03dcc61a1986b14438610b7ff6a19c8165e6f,60.16829,24.94214,00000000afef4555,18.79
3761,2019-08-01T09:06:10Z,1eadb2c1984aa73c3c2f13eab0a2e793331443c617681e36887f0bcc,60.16629,24.95957,00000000fb7600be,20.28
3762,2019-08-01T09:06:10Z,1f813dc10021899138c12ca17c58ab3dc24db1750dcb1790f9c20e8f,60.15133,24.92329,00000000e8a064a4,10.78
3763,2019-08-01T09:06:10Z,20b37aa6c3ad0dfea9c182498905a450537b0efbbd8563b205e93afd,60.16897,24.95222,00000000aa852af1,20.28
3764,2019-08-01T09:06:10Z,2283762fe3af8329ae65aec44de728da8f383810e9f2a3d3b84fa031,60.16897,24.95222,00000000aa852af1,20.28
3765,2019-08-01T09:06:10Z,22ac1ab1c590ea19b44c61c42f5e8da29a6acbabf56676527811507a,60.15432,24.9211,0000000019fb59c4,5.91
3766,2019-08-01T09:06:10Z,25479245e5a8b0fe47e2bd590cdd63256d84afd6c164781dc64e527d,60.149,24.9843,00000000fffb8cf0,5.41
3767,2019-08-01T09:06:10Z,2552cb43d7990bde838673115a742078e343ce93f96257728311655d,60.16897,24.95222,00000000aa852af1,20.28
3768,2019-08-01T09:06:10Z,25d340d14d855b8c18b2c6f2551ec98a1eb047d1fd3457ba881ddf28,60.17919,24.95181,000000007b5207b6,11.7
3769,2019-08-01T09:06:10Z,270749ab8e1a83f0dcbf45dc861bcc0e10361d103d7589841787e366,60.16531,24.9442,00000000fdda10fe,16.1
3770,2019-08-01T09:06:10Z,272c160f908f30259011e0e3a4c2e3ea475ffb602ae6864364fe96be,60.149,24.9843,00000000fffb8cf0,17.4
3771,2019-08-01T09:06:10Z,277fcf3cc917a89b46a34e0cf5164a78f5bcc88d92bb45ded60f1a91,60.17065,24.93641,000000000f4919c9,12.69
3772,2019-08-01T09:06:10Z,279fb0bcbbad5140c3a5cb21f606be809b1e94f43f38c17ebade63a4,60.16544,24.95398,0000000038d83d41,20.28
3773,2019-08-01T09:06:10Z,27b591b33a56a542440b53031a24f42290b0ec1a194af27700b75a3a,60.17918,24.95141,00000000675d5200,10.78
3774,2019-08-01T09:06:10Z,2823bf6afde4a5cc05342c15e7417c9590ba52264be5793bb688faab,60.17065,24.93641,000000000f4919c9,25.36
3775,2019-08-01T09:06:10Z,28296ae2b460df2f6807f8a84b81e5ebd24677a05bded29111dc33a4,60.17002,24.94407,000000006b087f40,25.36
3776,2019-08-01T09:06:10Z,28ce50ca84cdcd4c17a36ac666e7ac0267b6ab5b77f4bfb08b2573a1,60.16762,24.95415,000000006b44cce7,5.91
3777,2019-08-01T09:06:10Z,28d50861d92f962c7a49eabaa524431aebf52870e44b79f77d7167c6,60.17918,24.95141,00000000675d5200,6.46
3778,2019-08-01T09:06:10Z,29ae3c5c3aeac0c607bc816f7e74c232a40142b79a52c43c7b1ed42f,60.16829,24.94214,00000000afef4555,21.87
3779,2019-08-01T09:06:10Z,2a8ba80ac4fbda4f91ebfa759642c857fd090516070753d41bb7d6ad,60.16829,24.94214,00000000afef4555,9.92
3780,2019-08-01T09:06:10Z,2afa9ac588b2c55e8edf99ee96ecaf63451a7ab1e51571b7e2d1d491,60.16762,24.95415,000000006b44cce7,4.11
3781,2019-08-01T09:06:10Z,2bf8b355af7fc80970ed350e4579dfc9aa8ec85af6c13517cc2dab44,60.17002,24.94407,000000006b087f40,25.36
3782,2019-08-01T09:06:10Z,2c184c9cc9c9a744c6959766a13f23462ffce29c252d073a252b6a7a,60.16762,24.95415,000000006b44cce7,18.79
3783,2019-08-01T09:06:10Z,2dcc113a258bced083c9729d8e62d6001f909ce1c9dac69fa7bead83,60.17065,24.93641,000000000f4919c9,18.79
3784,2019-08-01T09:06:10Z,2f43b7a683b0d365a46b6259a032813c293472eaedcdbcc3507adee5,60.17918,24.95141,00000000675d5200,23.56
3785,2019-08-01T09:06:10Z,2f7636d34066fc720664bb0b85ba6e0a9db63eadebf93248bdf9e941,60.16762,24.95415,000000006b44cce7,20.28
3786,2019-08-01T09:06:10Z,2f79108a454c0072885ad1447280ed5098d061b229eaae61a8bb67be,60.15432,24.9211,0000000019fb59c4,16.1
3787,2019-08-01T09:06:10Z,2f82b3546af2df53b58cddc668c9aa196554108cdf39120ea40b417c,60.16629,24.95957,00000000fb7600be,20.28
3788,2019-08-01T09:06:10Z,2fb6d9d46ec584d1f1d7b67e7650ff7a665788f4000a4b39dc16a4e1,60.16829,24.94214,00000000afef4555,21.87
3789,2019-08-01T09:06:10Z,2ff189e5846383641192cafb595a7a8f77394239ee03aabd1bf3c49f,60.16829,24.94214,00000000afef4555,25.36
3790,2019-08-01T09:06:10Z,312e78d3624e87e1645e7d54f96facd8a2321d6e65a3ef0620fb1d42,60.16531,24.9442,00000000fdda10fe,25.36
3791,2019-08-01T09:06:10Z,31b02b3b271f6feef9e49d9285929ff1c25a11e608fc5d70bc6a1fac,60.16897,24.95222,00000000aa852af1,16.1
3792,2019-08-01T09:06:10Z,3227dbecd3a095676006e4ad615dc2aea1f506c310c940230a15ac94,60.17919,24.95181,000000007b5207b6,20.28
3793,2019-08-01T09:06:10Z,32fcb1ab3a9fde533916ca28a0d5b56bbb45fd171dd5bae91f66ec6c,60.16897,24.95222,00000000aa852af1,10.78
3794,2019-08-01T09:06:10Z,33fa4cb82db5b44ffe6e7ae1039635187f90d1df328f8f139da0c693,60.17918,24.95141,00000000675d5200,2.3
3795,2019-08-01T09:06:10Z,3480c16a6649952c388d8902596e332f018e609b9585f483353ae026,60.17065,24.93641,000000000f4919c9,3.74
3796,2019-08-01T09:06:10Z,34e96c7caa63e7ede8f428b18e8fb556ac235d61a50c9d6ac7ff268f,60.17918,24.95141,00000000675d5200,9.92
3797,2019-08-01T09:06:10Z,3609f484ad7e56259f60a61aba44f22dfca5c8b2564fce7e802ad342,60.16829,24.94214,00000000afef4555,1.54
3798,2019-08-01T09:06:10Z,367b1989198ef11170dd9fcfa7e6ebb5ceb58aab87c613ee1bb86e8c,60.16531,24.9442,00000000fdda10fe,8.38
3799,2019-08-01T09:06:10Z,3685ee6d322dcb2ad0ae181f66c3c5427d4531d7896d2f5f7571bb6d,60.16762,24.95415,000000006b44cce7,17.4
3800,2019-08-01T09:06:10Z,36fe97cd2ec69118778c771a87593630f8a6a2cb77d9ce72f845cd3c,60.16762,24.95415,000000006b44cce7,6.46
3801,2019-08-01T09:06:10Z,38fb20c6d55b10dd10a39c0fb41ad61297453e25afda81cf32313ae3,60.16531,24.9442,00000000fdda10fe,21.87
3802,2019-08-01T09:06:10Z,39126ffb278f49e06180cc6abe5b31ab3acdce1534b5b6ffa0b6e567,60.18203,24.91341,00000000342570c2,23.56
3803,2019-08-01T09:06:10Z,39c6456ee66fe96eee3d97cee2a70923cedb3da760bb5d4d413adb9c,60.17918,24.95141,00000000675d5200,1.54
3804,2019-08-01T09:06:10Z,39e9fa7033887b7ab339887aa68753ff94d4771cda2bb8ff4ea7aa0a,60.17918,24.95141,00000000675d5200,18.79
3805,2019-08-01T09:06:10Z,3a1afdcf7c2e5a52cdbcbbe29e8281c184037e8720920c6c75bee339,60.15133,24.92329,00000000e8a064a4,11.7
3806,2019-08-01T09:06:10Z,3a38ba36c098f2741d6c5fb5a751fcd074d05d698ac592ca09ab443c,60.16448,24.97323,0000000053c6c2be,18.79
3807,2019-08-01T09:06:10Z,3a97ae4dcab31eb5e15e5d036d286e9764e25bcf0ad8afcfba854c90,60.16762,24.95415,000000006b44cce7,13.75
3808,2019-08-01T09:06:10Z,3cc82d532d2a768e0c987e2653e32825a8b11fc2f7ba36388535f6e2,60.16075,24.95883,00000000f1124bca,20.28
3809,2019-08-01T09:06:10Z,3eea43670f4f29a90ced59c1af122371340275fb61ff8f14c7120658,60.16762,24.95415,000000006b44cce7,5.91
3810,2019-08-01T09:06:10Z,40825cb0d315c92e0e0a73cc8e86c3b763bbf7ce226f112913e05e0f,60.17065,24.93641,000000000f4919c9,17.4
3811,2019-08-01T09:06:10Z,411f63100f0afed103b4e31b3544b8cf0c4c830902efe7da020562c4,60.16629,24.95957,00000000fb7600be,18.79
3812,2019-08-01T09:06:10Z,41a0ca2955e0ae0324f6e14aeb77ebfaac5305e31d86c42a20277b94,60.15133,24.92329,00000000e8a064a4,10.78
3813,2019-08-01T09:06:10Z,42844e90c7134ebb3ec325f57cd27cd24711c779548ebc8692a820d5,60.14951,24.92138,0000000006dd41f6,3.09
3814,2019-08-01T09:06:10Z,432417b4972b744ded3410777a6bbb583cf56172bf3436ddbe48a21d,60.16762,24.95415,000000006b44cce7,7.69
3815,2019-08-01T09:06:10Z,43e023a8726ec4c53a8cea6dcaa79e722da4677e37f3f6c9d3cc9873,60.16544,24.95398,0000000038d83d41,20.28
3816,2019-08-01T09:06:10Z,4470412c4b059a920f2699fbfb72b261e0847b3e1caa8c71d2edd5a2,60.16448,24.97323,0000000053c6c2be,20.28
3817,2019-08-01T09:06:10Z,44a120ac90dacb4d43fe4d38ee859a1015bcd226ff3d946a1e44c4ca,60.16531,24.9442,00000000fdda10fe,21.87
3818,2019-08-01T09:06:10Z,44cd682aaef3e1d1bc2b0eac71d75bb3a951f74d7c93810d260dfd07,60.16829,24.94214,00000000afef4555,11.7
3819,2019-08-01T09:06:10Z,4682d95464cedcc021f38271a51bab9c000762b4acf802070e259ba2,60.16629,24.95957,00000000fb7600be,9.92
3820,2019-08-01T09:06:10Z,47bd1492244c444d45674eb48dd2e6f222cb109d820ba807c4e18c1a,60.16629,24.95957,00000000fb7600be,17.4
3821,2019-08-01T09:06:10Z,48004849b2f48b2314aa9175433d754db1641b949bb8cf050e2dd128,60.17918,24.95141,00000000675d5200,11.7
3822,2019-08-01T09:06:10Z,48c0ea6615ac4c02fc9bc0e06f9ea9309f9bf7e73b4324d7a6b14610,60.16829,24.94214,00000000afef4555,2.54
3823,2019-08-01T09:06:10Z,49bbad87e4d6cd03bdb073bde7be91193d74d29943badce7fc536916,60.16448,24.97323,0000000053c6c2be,10.78
3824,2019-08-01T09:06:10Z,49df780a7f20a99ad2810fa4bbb46b5fac9bc5cbe3fc800cd572f63a,60.14947,24.91438,000000004ef3150d,23.56
3825,2019-08-01T09:06:10Z,49f30a741207cbfec775d36d911b5e67735df0f53762d3d5e0de05a8,60.16531,24.9442,00000000fdda10fe,23.56
3826,2019-08-01T09:06:10Z,4ade4f0d92c6157a42d7fd8e353d1c93551324ba47cc134b840a6c63,60.16897,24.95222,00000000aa852af1,4.94
3827,2019-08-01T09:06:10Z,4afcc27c652d3d50a44d060f84e33dd4b17529d982928dae936cf10f,60.16448,24.97323,0000000053c6c2be,27.28
3828,2019-08-01T09:06:10Z,4ba529eeafb27285cbbade6e5ece0d4d04bd2d13c98b27a5d17abd22,60.16897,24.95222,00000000aa852af1,5.41
3829,2019-08-01T09:06:10Z,4c8696833edf46025bc9b5f589679b77a73c857736036aa9ef6696e5,60.17002,24.94407,000000006b087f40,25.36
3830,2019-08-01T09:06:10Z,4d4fa91e93bbc2055e82019fc8ce0700b719ed13487f747ff7d25bdd,60.16829,24.94214,00000000afef4555,23.56
3831,2019-08-01T09:06:10Z,4f9125edf503fe3cb0ba1e1221fe6a67aafd99fcd89fd92d2bf20e97,60.16897,24.95222,00000000aa852af1,20.28
3832,2019-08-01T09:06:10Z,4fb4a3650a2a28469dde9c537458d24411aa6075666e047dd756fba9,60.17919,24.95181,000000007b5207b6,16.1
3833,2019-08-01T09:06:10Z,5001aabb6808b9fd96b705d1ebe8e7aca52713c2640100d81879dd86,60.17918,24.95141,00000000675d5200,4.11
3834,2019-08-01T09:06:10Z,51ec42fdd85671ae93876c3d875b24e56cb45699e9c3d2b623dca70d,60.16762,24.95415,000000006b44cce7,8.38
3835,2019-08-01T09:06:10Z,5372348389197e6c4bc4c5e3dab047e7384d562220e6295904bbda1b,60.17065,24.93641,000000000f4919c9,3.09
3836,2019-08-01T09:06:10Z,53fb53be4440aecb1a1fa63a9da1db08182cc7e252da14685e63373d,60.16762,24.95415,000000006b44cce7,8.38
3837,2019-08-01T09:06:10Z,54b89ed12e25892c9160e029a0379d61425b88db1aa30b06f9ea2d8b,60.17002,24.94407,000000006b087f40,20.28
3838,2019-08-01T09:06:10Z,54bd709173219e8017f317b63ecc83d0a48f64542e6fa1b83c86a56c,60.17918,24.95141,00000000675d5200,20.28
3839,2019-08-01T09:06:10Z,556cae6b2e2dec6fe691a835e8e08bd016b1a65797c0aca46879329f,60.17918,24.95141,00000000675d5200,18.79
3840,2019-08-01T09:06:10Z,559429bba23762a872fc7b1e2219d42125ab101e4355d43fdb94ed7b,60.17918,24.95141,00000000675d5200,5.91
3841,2019-08-01T09:06:10Z,559e6a5225ce35ab844c63ea0d0c1695dc490a3d9cfbafa5d35ac8d8,60.14947,24.91438,000000004ef3150d,9.92
3842,2019-08-01T09:06:10Z,5830a481876da00686f25b17dad06258a39212c0816ed04dda2df1bd,60.16531,24.9442,00000000fdda10fe,11.7
3843,2019-08-01T09:06:10Z,584cb0b0cdd14e608c8b57c8aecc9826f9b40027e365e2438a444ea2,60.16762,24.95415,000000006b44cce7,9.12
3844,2019-08-01T09:06:10Z,5865a27b5b56a60bca38e4a1403655e3e7fd0232a3ff2079965aff81,60.15432,24.9211,0000000019fb59c4,14.89
3845,2019-08-01T09:06:10Z,5978726eeef638856dafd3a8d199287f8daf9e90ddde750b402f8bb0,60.17065,24.93641,000000000f4919c9,1.25
3846,2019-08-01T09:06:10Z,5a07851c2c522c6beba70c513f1b1bea2b30d5d860629837ddd845f8,60.16829,24.94214,00000000afef4555,17.4
3847,2019-08-01T09:06:10Z,5a3004325b5a058e02fb9f32ef4f7e9cc465240cbda7a7e4ec89d2de,60.16629,24.95957,00000000fb7600be,11.7
3848,2019-08-01T09:06:10Z,5a34b02faac3189217466888ef1d31cc80f721ac2f18638c5db88d53,60.14947,24.91438,000000004ef3150d,17.4
3849,2019-08-01T09:06:10Z,5a8d671a78b976d212d9746d88b9a754a2d9c8341c529e88b7c6b8f4,60.17065,24.93641,000000000f4919c9,23.56
3850,2019-08-01T09:06:10Z,5a9efbe8f65e35595e70adafcd4cf88fa573bb76f3759331cd95cab0,60.16829,24.94214,00000000afef4555,18.79
3851,2019-08-01T09:06:10Z,5b06617477af6dcee75a94ac347364b50f6f3b5b7d747e5413d9ad58,60.14947,24.91438,000000004ef3150d,14.89
3852,2019-08-01T09:06:10Z,5b8d7790d251f068844cdf9a038ea91552c75dfd06e0b0b74fdc5808,60.16829,24.94214,00000000afef4555,17.4
3853,2019-08-01T09:06:10Z,5c1f71098d5d7258d2971061c791c94e0138c8e02225c5f60d6a0428,60.149,24.9843,00000000fffb8cf0,17.4
3854,2019-08-01T09:06:10Z,5daa76852f3e1be6c75fa2185d5787ab9010cf83d6671515769a8649,60.16531,24.9442,00000000fdda10fe,27.28
3855,2019-08-01T09:06:10Z,5e2c5c20c88ccf362ed8749d1ddc041b1cb1c38d8dbeac7870179322,60.16629,24.95957,00000000fb7600be,2.54
3856,2019-08-01T09:06:10Z,626bf35ce16dba1054cfd175d09475d3ee751bf70e56f984ff5c7ab6,60.15133,24.92329,00000000e8a064a4,21.87
3857,2019-08-01T09:06:10Z,63ff2439779051005c18876d20ed53ce060c1de9d7976821bd518fc6,60.15432,24.9211,0000000019fb59c4,8.38
3858,2019-08-01T09:06:10Z,6470ee836399c5610581ec9de09772d350282ecc4c5c57fa02a5ec68,60.16075,24.95883,00000000f1124bca,21.87
3859,2019-08-01T09:06:10Z,65b6b62b547e11e10f7f83ad497446bee2bb9653097d9d62e9b1b817,60.17065,24.93641,000000000f4919c9,12.69
3860,2019-08-01T09:06:10Z,66ad74b1795a3f2db404e46e89b7cdeb3d6e231b6573e3fd29bb7eef,60.16897,24.95222,00000000aa852af1,27.28
3861,2019-08-01T09:06:10Z,674355e17da9460e58566497be518f2eb537880c67c788fedb5067db,60.16629,24.95957,00000000fb7600be,7.05
3862,2019-08-01T09:06:10Z,67cf7d2881080aa59ed36a6d88ea1946d17e9d1d5e1ad9eee1851969,60.18203,24.91341,00000000342570c2,20.28
3863,2019-08-01T09:06:10Z,685af6b01bd180194d718801bb8b9c9de22050cc392d6c6441fe986b,60.18203,24.91341,00000000342570c2,14.89
3864,2019-08-01T09:06:10Z,68d7ad8fab31b3c5967a814376d0ddc6cf42e1db0d9e09dfbba169bd,60.16762,24.95415,000000006b44cce7,18.79
3865,2019-08-01T09:06:10Z,69e2854c78a472b462941ef730aa9fa7a9dba9c1cc22996396d4c78a,60.17918,24.95141,00000000675d5200,7.05
3866,2019-08-01T09:06:10Z,6a10589866d3928c96556bf2a61fc0426579b5f948f98bc9ddc1ba05,60.17002,24.94407,000000006b087f40,21.87
3867,2019-08-01T09:06:10Z,6adce4d05e58232a97635a2fd7918e4e49d9295afc0989d727f9c712,60.17002,24.94407,000000006b087f40,12.69
3868,2019-08-01T09:06:10Z,6be747c7ea296d5a1f3e2942a6208d5f61fe895abb9a13c65372b130,60.16829,24.94214,00000000afef4555,12.69
3869,2019-08-01T09:06:10Z,6c48841a532bcffd2ea10ab292e6f543fd8b434a08dacf740a7d85af,60.16762,24.95415,000000006b44cce7,14.89
3870,2019-08-01T09:06:10Z,6d5a8ded89f26533ed851d1a0894f0d9045e9cd4baed439f7d9a922b,60.16629,24.95957,00000000fb7600be,14.89
3871,2019-08-01T09:06:10Z,6d94a134d3b5f52416c91453c67615e480218e6db3a6004b1ba8a79e,60.16829,24.94214,00000000afef4555,25.36
3872,2019-08-01T09:06:10Z,6d98ac1fea7056e5b96d6095caf0e3677a4ec30e9fbcc2e50ae1cf65,60.16629,24.95957,00000000fb7600be,11.7
3873,2019-08-01T09:06:10Z,6e80fcea10d21e1d5e672b554c0f3fe686dc58934f38c3391fd5c262,60.17002,24.94407,000000006b087f40,5.41
3874,2019-08-01T09:06:10Z,6fe2cf6737d40d71251dac8ebef5356a2b765621e97a346c00a6031c,60.15432,24.9211,0000000019fb59c4,3.09
3875,2019-08-01T09:06:10Z,7003a7f6a5523b645634f014e04bea36016953a8af9324e35602bc2e,60.14947,24.91438,000000004ef3150d,13.75
3876,2019-08-01T09:06:10Z,704c3f3075f13713c363014fa828e4a932e7a05676813b9963a1e554,60.17918,24.95141,00000000675d5200,3.4
3877,2019-08-01T09:06:10Z,70d391038ec56b63a3737605c2c1db6ffbdca8e4490691776dc993f1,60.16829,24.94214,00000000afef4555,20.28
3878,2019-08-01T09:06:10Z,728325161f4ed691db3460f87a25ed4713580e50a53fd36dd265957f,60.16531,24.9442,00000000fdda10fe,18.79
3879,2019-08-01T09:06:10Z,7283c4d2fe45c53905b540a5180dc566f6f964a8e1482c9611e7d7a2,60.15133,24.92329,00000000e8a064a4,20.28
3880,2019-08-01T09:06:10Z,75003dbce84bab66829b2489dc3bff3abc4ec7f1b136c28b0835fa0e,60.15133,24.92329,00000000e8a064a4,23.56
3881,2019-08-01T09:06:10Z,750297d0d8ff0ca837d9c2289c26302d62f38708617150431ab14509,60.16531,24.9442,00000000fdda10fe,21.87
3882,2019-08-01T09:06:10Z,7563b91d728fe470bc4d89aa18128a87b92c747336dd2c70cfbf9e84,60.1538,24.95595,0000000038bf9618,41.64
3883,2019-08-01T09:06:10Z,7700297fec4982ad776529835e2ab46d4e5cbc889e26f368c19efeef,60.16829,24.94214,00000000afef4555,18.79
3884,2019-08-01T09:06:10Z,774131d73accbbb31ec3c43c3501b7969645eb65df1839ca8116526e,60.15432,24.9211,0000000019fb59c4,4.94
3885,2019-08-01T09:06:10Z,7803e2d46157a5482e745447d4c2c332fbd818d87a20b0f6187c628d,60.17065,24.93641,000000000f4919c9,25.36
3886,2019-08-01T09:06:10Z,78047bec076b1b43b674f39aa6b605b1665404036da0e4dfac3c1e1e,60.14699,24.922,00000000a53ed894,27.28
3887,2019-08-01T09:06:10Z,79669159e96cc1cdf3879c3db8c5621167f92aaa10df4dd21a9be1de,60.16829,24.94214,00000000afef4555,3.09
3888,2019-08-01T09:06:10Z,7a62d9e7c260ee9d4896ace1bd129198320f0fb15d96a8016f9b84c2,60.16829,24.94214,00000000afef4555,9.92
3889,2019-08-01T09:06:10Z,7c1534082e86ff4387878d813207626d8f728aa26b97248e00a3b8d7,60.16629,24.95957,00000000fb7600be,16.1
3890,2019-08-01T09:06:10Z,7d415f4fd9093fb383b4ebb88961ad74e6a00d3ece39504712dad639,60.17918,24.95141,00000000675d5200,18.79
3891,2019-08-01T09:06:10Z,7e2e3d07c939e3e76e7ce87678faf64e056afe54215e00488839100f,60.14947,24.91438,000000004ef3150d,11.7
3892,2019-08-01T09:06:10Z,7eb4a715919b3eb4085270535ce4d7b57112591ad7242eb189bf652a,60.17065,24.93641,000000000f4919c9,8.38
3893,2019-08-01T09:06:10Z,7efa1cf3118062946e8958e89ffe767322a7bbf0d35d9d76b711e3b5,60.16762,24.95415,000000006b44cce7,13.75
3894,2019-08-01T09:06:10Z,7f534fc0885ddf5a5c3814e4232de3356affd42f6c3560055079dc1c,60.16829,24.94214,00000000afef4555,13.75
3895,2019-08-01T09:06:10Z,7f59aaecea1eee6c703ec5d46d67b44289ddedf080defee495b73739,60.14947,24.91438,000000004ef3150d,7.69
3896,2019-08-01T09:06:10Z,7faf8705e89a761625aaed50b89538581e25d5950ec8f051d36ed829,60.14947,24.91438,000000004ef3150d,18.79
3897,2019-08-01T09:06:10Z,7fe96255e89da662cb4a10df4705f39989babea20fdc4ef0bf4fb395,60.14951,24.92138,0000000006dd41f6,17.4
3898,2019-08-01T09:06:10Z,809bf2d7a0745ae512b934a578fd5fd47c13c5398b6d06ad350b9e7c,60.14947,24.91438,000000004ef3150d,18.79
3899,2019-08-01T09:06:10Z,8165c5f8d06298ffd56f071c0ad1cc9f1d4f08084936937d712d0b61,60.15133,24.92329,00000000e8a064a4,14.89
3900,2019-08-01T09:06:10Z,8176eaeb262de7f9113561a8e31b6cf6f4c74c882f7f18ba8bb5acf8,60.173,24.92524,0000000096918cfa,31.5
3901,2019-08-01T09:06:10Z,81cabf0ecb3563f645298961619ca623084bb89ab4b7635ffe2de7c0,60.16829,24.94214,00000000afef4555,14.89
3902,2019-08-01T09:06:10Z,82b78c2220aee81a2744ddfaf7ed29663888987dba6b7cdda05731d9,60.14947,24.91438,000000004ef3150d,14.89
3903,2019-08-01T09:06:10Z,8524898e498c83bde4bc1848aa2b372da84e7b2266f36aabe128cc27,60.17919,24.95181,000000007b5207b6,12.69
3904,2019-08-01T09:06:10Z,85bdce5b262dbd94adcff03e6cad26a1152828b6ab27e6fdd56b2b13,60.16762,24.95415,000000006b44cce7,3.4
3905,2019-08-01T09:06:10Z,880f9cbb91b9caf48ea9c5dd1a0c8e1db72922b6dfcb647b102fc469,60.16629,24.95957,00000000fb7600be,7.05
3906,2019-08-01T09:06:10Z,88c2bc6310f27465b9f08b28fb52075d7703ce7b097e5beb37c7437c,60.14947,24.91438,000000004ef3150d,13.75
3907,2019-08-01T09:06:10Z,89aeff56a0700534bbf2dfd19fc298f5a890c95e1a45b6ca7ad3c33a,60.16829,24.94214,00000000afef4555,7.05
3908,2019-08-01T09:06:10Z,8a01e28fd327e5c56dcf2dc8b2b7762a96d77584c21990a073ceb11f,60.16829,24.94214,00000000afef4555,0.59
3909,2019-08-01T09:06:10Z,8c571538c285dba9d77edacfb1829b282d54b772b62209c6e4004237,60.17918,24.95141,00000000675d5200,10.78
3910,2019-08-01T09:06:10Z,8d8ccef34e3b6aa97c72aa793dec4c27e35e0ea16fd6b9790d843b00,60.173,24.92524,0000000096918cfa,27.28
3911,2019-08-01T09:06:10Z,8e20d0d67339e3cf43e77c3a340d9dc6766de8d079197a08a1343ff0,60.17065,24.93641,000000000f4919c9,31.5
3912,2019-08-01T09:06:10Z,941e13893853105c86bfbc6d31d62274937602143ce3bb530c8c17ed,60.17918,24.95141,00000000675d5200,11.7
3913,2019-08-01T09:06:10Z,9609babe3114439a82f93f797f4a6e779b6bab625488b8ff5b63e674,60.16829,24.94214,00000000afef4555,20.28
3914,2019-08-01T09:06:10Z,972dc7ab84b9c2b4fe9b48b53fdee1f8fc4a78ca70222d1b54c338c5,60.16829,24.94214,00000000afef4555,25.36
3915,2019-08-01T09:06:10Z,9998e64e3b5162fd8890fc4e2dfe41a3e875f08500f1cef0c4820855,60.16829,24.94214,00000000afef4555,23.56
3916,2019-08-01T09:06:10Z,99a026b5100e23129fa529e9a57a3dbc8490dc03b58f2193f03e2dcf,60.14951,24.92138,0000000006dd41f6,6.46
3917,2019-08-01T09:06:10Z,9a12cdd9d905a294b1c33d220edf652a99509b8916a79081b8e05dae,60.16629,24.95957,00000000fb7600be,18.79
3918,2019-08-01T09:06:10Z,9abbc86fb0fc1c0532042814af76a97e6a17121831d4394749a290a6,60.16762,24.95415,000000006b44cce7,7.69
3919,2019-08-01T09:06:10Z,9b3e6848d8b34e802134d6da0e5a594897ec3fafbbf08b6d0b84068e,60.17918,24.95141,00000000675d5200,6.46
3920,2019-08-01T09:06:10Z,9bdb503344071eddd74d821f537246d8a6c19468b05d38d0170377f9,60.16897,24.95222,00000000aa852af1,11.7
3921,2019-08-01T09:06:10Z,9bef8b28ea93ecaee57d05b037edbfe7f80014aaf56343345fedd7be,60.17918,24.95141,00000000675d5200,7.05
3922,2019-08-01T09:06:10Z,9ce214896068957a21bc57af08680d84debbd091b49ad5e6402c4cc8,60.16629,24.95957,00000000fb7600be,12.69
3923,2019-08-01T09:06:10Z,9e343a150f07bb3dcce5ecab8ac061b84d65b347b1af5a232e00eeb6,60.16829,24.94214,00000000afef4555,9.92
3924,2019-08-01T09:06:10Z,9eee6d740f1d483c484d02f0995f35550c09e6a8cf01f02680db5efc,60.16448,24.97323,0000000053c6c2be,14.89
3925,2019-08-01T09:06:10Z,9f2f5e6344efb60ffa5c79880ea57aeb636e51f86587e158039df6cc,60.16531,24.9442,00000000fdda10fe,18.79
3926,2019-08-01T09:06:10Z,a04214b56cac7d70680703ee6a28fac742f3c3190b55b46a79c1f76d,60.149,24.9843,00000000fffb8cf0,17.4
3927,2019-08-01T09:06:10Z,a256ee4e61079f54581967787db25324859ef431207cb182cd468fbe,60.16829,24.94214,00000000afef4555,18.79
3928,2019-08-01T09:06:10Z,a2e761fd97d8bdf78601300822b531e306b9ab7a1a43b6bfb07eba52,60.14947,24.91438,000000004ef3150d,7.69
3929,2019-08-01T09:06:10Z,a38c11c450b472b9dad2f076e2d9a63651292d3de806331d06af7f46,60.16531,24.9442,00000000fdda10fe,9.92
3930,2019-08-01T09:06:10Z,a403dc1eebc5d130e12a4c3e4298737c9e00b25b1b6b2cc36a6979c9,60.16629,24.95957,00000000fb7600be,16.1
3931,2019-08-01T09:06:10Z,a472689af087ab2fb40cf3e19bd38e5c017259c163212c448f1a9b20,60.16829,24.94214,00000000afef4555,25.36
3932,2019-08-01T09:06:10Z,a4b9f871dcc986c95f1e84fe203bb392ba0fe13164d89119bda2c94a,60.16762,24.95415,000000006b44cce7,6.46
3933,2019-08-01T09:06:10Z,a5423cad01b42682deb516a777f50fd783fd1fd9dc23b7cab01eaedc,60.16897,24.95222,00000000aa852af1,17.4
3934,2019-08-01T09:06:10Z,a6d0dd9de406b1201a4e438ec7c5f4a467f38c41e2dec42ff6c71d50,60.16897,24.95222,00000000aa852af1,14.89
3935,2019-08-01T09:06:10Z,a786eb3b8a25c58099a428799e99d0b86401f803ee38d3e5d20e59d3,60.15432,24.9211,0000000019fb59c4,10.78
3936,2019-08-01T09:06:10Z,a808962cb511e5ed2d23e6e33efe252b1be29dc1d2f7c6154817f04f,60.16448,24.97323,0000000053c6c2be,20.28
3937,2019-08-01T09:06:10Z,a83415babca8eac00f69a32371a230fdadda29bf40fd69f75cf2e8fb,60.17918,24.95141,00000000675d5200,25.36
3938,2019-08-01T09:06:10Z,a8ca7fb815e707c04434a085c4f99e783d56372143afc92225eae622,60.15133,24.92329,00000000e8a064a4,17.4
3939,2019-08-01T09:06:10Z,a982f65ed2c57aff3f744dba9f5e9ca929c81c14883516889898f207,60.16762,24.95415,000000006b44cce7,14.89
3940,2019-08-01T09:06:10Z,aa05a7036c3586a79d23f426b78bf158357208bc82d7ddf9a1326dd2,60.16531,24.9442,00000000fdda10fe,7.05
3941,2019-08-01T09:06:10Z,aa5281244780ac8f283c3452639d477cd76e31fc6f0b95b99c51a9b0,60.16762,24.95415,000000006b44cce7,2.54
3942,2019-08-01T09:06:10Z,ab615ee5bbf567aee3505fbb360d09fc6b851f93fb15aef778b57128,60.16531,24.9442,00000000fdda10fe,8.38
3943,2019-08-01T09:06:10Z,aca524ceb3c7373172ecd0d06b26e7d610d441f4a47ab78ae0ad3340,60.15133,24.92329,00000000e8a064a4,18.79
3944,2019-08-01T09:06:10Z,af67ffa8b538058603b74f48e04ab914e8f6cd450f53c47f8c3d683d,60.15432,24.9211,0000000019fb59c4,8.38
3945,2019-08-01T09:06:10Z,b09e9bb62cc49c085c1aee3b752af1bec69dabc939323e5733f73933,60.17065,24.93641,000000000f4919c9,23.56
3946,2019-08-01T09:06:10Z,b28757d67868f9471f0d997a935e857fd0ff1095449820929597563b,60.16762,24.95415,000000006b44cce7,7.69
3947,2019-08-01T09:06:10Z,b32e57a6f5865a23d7a0e9fa346d5ec4e975f99c4df815fe8b1449b2,60.17918,24.95141,00000000675d5200,13.75
3948,2019-08-01T09:06:10Z,b474e34db18d21635ec9ea2654513e6759c326f3aaec96c25f9a204e,60.16897,24.95222,00000000aa852af1,18.79
3949,2019-08-01T09:06:10Z,b4ad2ae124ba06d650fd30de0b19851bff32daef16a95b7f1bb96a00,60.16897,24.95222,00000000aa852af1,27.28
3950,2019-08-01T09:06:10Z,b50a45ac0708e7b5cca42f3458430eb22ff70a81c575bafe99ffda23,60.17002,24.94407,000000006b087f40,4.94
3951,2019-08-01T09:06:10Z,b5603e758440226e490d1d7d7271a7b0d5c261eccbad198f81110136,60.15432,24.9211,0000000019fb59c4,4.5
3952,2019-08-01T09:06:10Z,b69604356a52f2b1b9c5de09a350f42d87f5b969e3e824d8b6b2368f,60.16829,24.94214,00000000afef4555,17.4
3953,2019-08-01T09:06:10Z,b6b32d1744cab38523e13d061fa256f05d6e01d920275907327c3083,60.16829,24.94214,00000000afef4555,16.1
3954,2019-08-01T09:06:10Z,b6c43126ca83e916a68e57d0178060c24fc61305836b6c8f188f7285,60.17918,24.95141,00000000675d5200,5.41
3955,2019-08-01T09:06:10Z,b6f0f4101a1a258dcb1d82d77ca91000694d4fed15bd882a8e3bfe66,60.149,24.9843,00000000fffb8cf0,12.69
3956,2019-08-01T09:06:10Z,b7cdc6f66ea0318a6c327682ed484b27690dadadb405729f89eca9aa,60.16829,24.94214,00000000afef4555,20.28
3957,2019-08-01T09:06:10Z,b8038854618ce49585b1b6da449b945625ada46d3a0e8942e9f8137f,60.16629,24.95957,00000000fb7600be,13.75
3958,2019-08-01T09:06:10Z,b8fb70225ee0a2d655e2809da07a2f8cd2feb7295aa256f8b35fcf1e,60.16629,24.95957,00000000fb7600be,11.7
3959,2019-08-01T09:06:10Z,baca220bc4dd6e05e27f7b99db1588e9c29a5e18a36a70622dea1e65,60.17065,24.93641,000000000f4919c9,23.56
3960,2019-08-01T09:06:10Z,bb0509d8cfed23727a055008086076320415d2f40ddad63b703fbe2a,60.17065,24.93641,000000000f4919c9,9.92
3961,2019-08-01T09:06:10Z,bb2187a4e20012ad694c768ef2c47c9a9055671024ebf4855d4e6243,60.16531,24.9442,00000000fdda10fe,1.54
3962,2019-08-01T09:06:10Z,bbb86467d71e5ec5bd140995d266fd33a85efe89654eb13ee0471416,60.17002,24.94407,000000006b087f40,23.56
3963,2019-08-01T09:06:10Z,bc436a99a8805080541bd9dc9743df4f0e34172e2c70b59f64c4260c,60.16762,24.95415,000000006b44cce7,10.78
3964,2019-08-01T09:06:10Z,bc6d5082ca52e6dae7a1689a835434f3f6341e90afea565480eb9674,60.16829,24.94214,00000000afef4555,7.69
3965,2019-08-01T09:06:10Z,bc82f76c979de19b559e9e3aa0cd6cbf5ac361e2d7b1ac9f81fe2f4f,60.17918,24.95141,00000000675d5200,20.28
3966,2019-08-01T09:06:10Z,bd23c66c4df0bd849266a4429a24f23f2c9503cf31eb0cd9780248e6,60.18203,24.91341,00000000342570c2,23.56
3967,2019-08-01T09:06:10Z,bee144e090a471427ec7878609f2446cb79f4c8d7e3c3bf0f67cf8d2,60.16762,24.95415,000000006b44cce7,9.12
3968,2019-08-01T09:06:10Z,c004fa64cb7de7e87d3b91639ae5f95304fb1a90b0a0e927cea958af,60.16762,24.95415,000000006b44cce7,12.69
3969,2019-08-01T09:06:10Z,c15da9ed244b57a27a083919c67d0edde078a31b18cb58f13581f173,60.1538,24.95595,0000000038bf9618,18.79
3970,2019-08-01T09:06:10Z,c1674c59c49d5bf74e6808239a91d18a04e47697d298bc61a7618af2,60.16448,24.97323,0000000053c6c2be,12.69
3971,2019-08-01T09:06:10Z,c1bf1bf699e9bc78ca15c9490d1ef02e3323f0c2c76bf0fca7955a69,60.14947,24.91438,000000004ef3150d,25.36
3972,2019-08-01T09:06:10Z,c375f2dac85f963c33b2daf76ffb0c32d2c8fd08172419336e308686,60.14947,24.91438,000000004ef3150d,25.36
3973,2019-08-01T09:06:10Z,c434f18b802a764aad7a2dfb46e93546acb1b0975cf9b93fd47363f6,60.15432,24.9211,0000000019fb59c4,4.5
3974,2019-08-01T09:06:10Z,c5a6d2d62bc00c29fba5a97a29835008abdcf800f70540e4ccf71683,60.17919,24.95181,000000007b5207b6,21.87
3975,2019-08-01T09:06:10Z,c65c11ee6e8b5894ead3ea9b007a39127edb65a67be253aca6f78ed0,60.16448,24.97323,0000000053c6c2be,21.87
3976,2019-08-01T09:06:10Z,c8aef405537103b9d31a7e2dda43949f5844b9a36494f8defaf0d803,60.17002,24.94407,000000006b087f40,29.32
3977,2019-08-01T09:06:10Z,c8b9856a261673c3360915cd9a4dabb4afe22b63a86d7f59f7dc5f20,60.17002,24.94407,000000006b087f40,18.79
3978,2019-08-01T09:06:10Z,c8f27660c2e8302459f9f42a38f8c1a1d42cb2de7ac7fb8995a36ed4,60.17919,24.95181,000000007b5207b6,27.28
3979,2019-08-01T09:06:10Z,c98bce1cc275ed0a1b833011f8cd251ac848fdc84501fe87eb8b5d54,60.17918,24.95141,00000000675d5200,25.36
3980,2019-08-01T09:06:10Z,ca7719c7cd8d4496b666f608fc07ba9930e362a0b2d96890b0778618,60.16629,24.95957,00000000fb7600be,17.4
3981,2019-08-01T09:06:10Z,cc1fcf6550ac1eee3eceef1f35de652b641407007a7c0464ac54fdbd,60.16897,24.95222,00000000aa852af1,14.89
3982,2019-08-01T09:06:10Z,cccf3ba2a9d11b9330c18af8064a20aca9995473495bf119162a1619,60.16897,24.95222,00000000aa852af1,7.69
3983,2019-08-01T09:06:10Z,cce3077cdfeedd0674391bec08ce94732557106542574c58a7f378bf,60.16829,24.94214,00000000afef4555,2.3
3984,2019-08-01T09:06:10Z,ce7de55c7709396c70ce5930097e84449a4889700e605a0b062aaeae,60.16531,24.9442,00000000fdda10fe,21.87
3985,2019-08-01T09:06:10Z,d062562fed5ad0a61560e267310beb0b717d2a1e2a11d1d575507861,60.16897,24.95222,00000000aa852af1,23.56
3986,2019-08-01T09:06:10Z,d29a5ebd00326d5dedb6c60cab75fd238bdaa9d7f703f6b5974edbc7,60.16762,24.95415,000000006b44cce7,7.69
3987,2019-08-01T09:06:10Z,d31d6921eee92503b486a1b30f5330581c4744a82e6549f375544846,60.17918,24.95141,00000000675d5200,18.79
3988,2019-08-01T09:06:10Z,d562afdedae521be241c98441e436608a323fdb944dedc24c835e762,60.17065,24.93641,000000000f4919c9,4.94
3989,2019-08-01T09:06:10Z,d653ef8368d33df4fc7edeb5a381d5826be1471f1470aa9744d47901,60.173,24.92524,0000000096918cfa,4.11
3990,2019-08-01T09:06:10Z,d65b8625c1f24304ff0e3c4a4dce7aa5d434d36be87be41834a49420,60.16531,24.9442,00000000fdda10fe,3.4
3991,2019-08-01T09:06:10Z,d6e217c6592e449e2390b1a874e08cbc9126116901dbdbf84501c6b8,60.17065,24.93641,000000000f4919c9,5.91
3992,2019-08-01T09:06:10Z,d74ea3c9e0aaa523c791aa01f4f9a7c1c43f01f585dc4146b19edf83,60.17918,24.95141,00000000675d5200,6.46
3993,2019-08-01T09:06:10Z,d7734ef0345fcffc0f4bd7579275af62987490aba012209832e92059,60.16629,24.95957,00000000fb7600be,12.69
3994,2019-08-01T09:06:10Z,d80b1d1a63e542cbbdb6a33c8fba0b0dcfa324d17f2f3173c3d5a37b,60.18203,24.91341,00000000342570c2,21.87
3995,2019-08-01T09:06:10Z,d87c4d5dc2cd620de54fdd076d4f9b35245053d65b644d9e01f558b5,60.16762,24.95415,000000006b44cce7,7.69
3996,2019-08-01T09:06:10Z,d983db67d9cd171123ba12eeb19c11f34a3ad1d75fc9214ac3ae8a26,60.17002,24.94407,000000006b087f40,14.89
3997,2019-08-01T09:06:10Z,deb8a213e1b4930e676ee8fdb394161ec46adb785171fa37437b4d44,60.15133,24.92329,00000000e8a064a4,7.69
3998,2019-08-01T09:06:10Z,dfe80baf219bd267a459c954a8e3027b3f1ed29fea2a5355456d5652,60.16897,24.95222,00000000aa852af1,17.4
3999,2019-08-01T09:06:10Z,e0fe7fe5854899c0eb42b75b300339808143419404558ed4d00b0f17,60.17918,24.95141,00000000675d5200,7.69
4000,2019-08-01T09:06:10Z,e234769b1ce1634554f5fa4a290d11b2a30c3dfd009d4c39a2e9dd3d,60.17065,24.93641,000000000f4919c9,13.75
4001,2019-08-01T09:06:10Z,e294dde431d68c7b73efcf1f9b916e40bf408111c79228032c7830a4,60.16544,24.95398,0000000038d83d41,20.28
4002,2019-08-01T09:06:10Z,e2bb0ae74deee6cbc4f50c5f85da3f1779ca1db1ae7ff48ab4b33dbc,60.17918,24.95141,00000000675d5200,7.69
4003,2019-08-01T09:06:10Z,e2f445c6711e0e7d48a6a045bec347587f9f398e8928a171cfa2ca38,60.16762,24.95415,000000006b44cce7,10.78
4004,2019-08-01T09:06:10Z,e2f8b065913423b6cd370ba12adba60bad68b6ff2a97fbcb1d1614bf,60.16897,24.95222,00000000aa852af1,23.56
4005,2019-08-01T09:06:10Z,e3f844c56875bd572c3b57a835b884f1060b467d3bbd25c50dcc7e28,60.16762,24.95415,000000006b44cce7,7.69
4006,2019-08-01T09:06:10Z,e508e239ba2ca68b34ad5074f3d7b013e72f6f7df36eb6cdf545be78,60.16762,24.95415,000000006b44cce7,13.75
4007,2019-08-01T09:06:10Z,e528235be3e5cc4945024d50d1ed43061e2e2f2845f2b41e081e1721,60.17918,24.95141,00000000675d5200,9.92
4008,2019-08-01T09:06:10Z,e5c420a1e245fdd6edfa81749854024d8647ad7ac70035cea94ca645,60.16829,24.94214,00000000afef4555,25.36
4009,2019-08-01T09:06:10Z,e5cad8bb9a6c8dcc067948d7f869033aca5bdd062da175c8734092e6,60.17918,24.95141,00000000675d5200,4.5
4010,2019-08-01T09:06:10Z,e6b4461f3fc3ee8613bfea0937b5fd730d6686a68a65ed6fecc1dd9f,60.16629,24.95957,00000000fb7600be,16.1
4011,2019-08-01T09:06:10Z,e73dcccbc4dd6af49316f19a34c347cc94ff7ab079a93a2672d78a16,60.14947,24.91438,000000004ef3150d,17.4
4012,2019-08-01T09:06:10Z,e8add7e8346b99cd4b67924113f3763441a1899897c6d1ac3a1a40a6,60.17918,24.95141,00000000675d5200,7.05
4013,2019-08-01T09:06:10Z,e8ed8051f57ad9d9029a5e3b443c5e93e5059f8c487ba45e2583d35a,60.16829,24.94214,00000000afef4555,9.92
4014,2019-08-01T09:06:10Z,e8fe5d3b6aa0651dff5b4a9c6dcff3135e3bdcbb1cddc9b871e9d991,60.14947,24.91438,000000004ef3150d,33.81
4015,2019-08-01T09:06:10Z,e9064a62fac257836cb6fbcf0d84fab1ebdfa46bd6734632f1e6f116,60.16829,24.94214,00000000afef4555,13.75
4016,2019-08-01T09:06:10Z,ea3f8412ed9c4d92448688dd9cc7ff9e3eeb5fe4373d0953bf0349c1,60.16531,24.9442,00000000fdda10fe,16.1
4017,2019-08-01T09:06:10Z,ea94130fbb3464dc656765cfddbad802ddfafb1af8007cb5f42cd41f,60.16829,24.94214,00000000afef4555,13.75
4018,2019-08-01T09:06:10Z,eaf572301dc5c1eaff007bc1886cce8f0f5e92a233b8686ed2a1a9cc,60.17065,24.93641,000000000f4919c9,23.56
4019,2019-08-01T09:06:10Z,ebd0852b7b3d92f8aa70b6c15b533366d222e08c68a2a20ee828de4c,60.16897,24.95222,00000000aa852af1,29.32
4020,2019-08-01T09:06:10Z,ec2dd83e04d225caca9f6b9d28bd3080ed37c5bf42e5f65123fa2394,60.17065,24.93641,000000000f4919c9,16.1
4021,2019-08-01T09:06:10Z,ec7121833f0e4b509d683b00a9c5e992e4b84882cb857145102e14f4,60.16531,24.9442,00000000fdda10fe,1.12
4022,2019-08-01T09:06:10Z,ec8c0160ac1ee5aeaf6204956c9db2ee4f98f55ae3fe1ec0af07fab8,60.16762,24.95415,000000006b44cce7,7.05
4023,2019-08-01T09:06:10Z,ed86f884272a5a400b55bfd4f22bc8cc5d6fca7fe26eee3c39cb3c52,60.15432,24.9211,0000000019fb59c4,10.78
4024,2019-08-01T09:06:10Z,ee424f3045accaa01434f840d87b26b22f65fb6b2f8d34a4b94d6fcc,60.16762,24.95415,000000006b44cce7,16.1
4025,2019-08-01T09:06:10Z,eef621895ee74145a6d76c5f5493a93d7c728c80abe45a2e1933ae9f,60.16897,24.95222,00000000aa852af1,9.92
4026,2019-08-01T09:06:10Z,ef67b9e4617f284b84167b4bdaff71108579a33ced0a2450ff25a1a1,60.16629,24.95957,00000000fb7600be,8.38
4027,2019-08-01T09:06:10Z,efc51406db4c66b8a573ec325afe8a9258a04a71b46ff3aae1cfa696,60.16762,24.95415,000000006b44cce7,21.87
4028,2019-08-01T09:06:10Z,f03d20d6bb80ce0745cb0fbed6619e0a6288bfffd08e9aabce1692ba,60.17065,24.93641,000000000f4919c9,10.78
4029,2019-08-01T09:06:10Z,f1447725764ec0dca245fc67f2aa0a0c42e6b05808076aa74f0c1e7e,60.17918,24.95141,00000000675d5200,9.12
4030,2019-08-01T09:06:10Z,f1b28329fc91f4708ca34857c5582c0bf1b7d0ab06127746029cd72c,60.17919,24.95181,000000007b5207b6,3.4
4031,2019-08-01T09:06:10Z,f20935810c1567a80c288016c4d4dd32fe86b3479f47ae7dd64d15cc,60.15432,24.9211,0000000019fb59c4,4.11
4032,2019-08-01T09:06:10Z,f3919086bf89b45ea90abf40ffd1372519057bda5b604c1901e841bb,60.17002,24.94407,000000006b087f40,23.56
4033,2019-08-01T09:06:10Z,f4bbc3077da0455d4340da2eed204915327b75a792080724548b4956,60.17918,24.95141,00000000675d5200,1.54
4034,2019-08-01T09:06:10Z,f503a41d3e8b9b57628f4f061c1d8e0c53c62dd8a6fe38d212958ee6,60.16075,24.95883,00000000f1124bca,5.41
4035,2019-08-01T09:06:10Z,f50fd3b1715a94dff67461f4b8f252ecaa6acc16459b3d021f34f15e,60.1538,24.95595,0000000038bf9618,20.28
4036,2019-08-01T09:06:10Z,f587de6c8c03387c5e6a66cd7d20c45abad3668c8e2246611122547b,60.14947,24.91438,000000004ef3150d,8.38
4037,2019-08-01T09:06:10Z,f60a6068c654587fa981390a039456a2fdd85e02c009df547e204a45,60.16829,24.94214,00000000afef4555,12.69
4038,2019-08-01T09:06:10Z,f65d3110b508f50688a970043fd573f9fa05a0dbad4c2e07a1fec923,60.16829,24.94214,00000000afef4555,14.89
4039,2019-08-01T09:06:10Z,f77f8836e641389801309c311e926c1662264ab16efd01cd5bf27baf,60.16762,24.95415,000000006b44cce7,7.69
4040,2019-08-01T09:06:10Z,f803aeb1f00a057ed31451d0f3d132f27fec17305dc699176ac5339a,60.16897,24.95222,00000000aa852af1,18.79
4041,2019-08-01T09:06:10Z,f9e527876f8dfe750fd29bc42664bbf572aed5d09d344a8934a83d90,60.17065,24.93641,000000000f4919c9,10.78
4042,2019-08-01T09:06:10Z,fa1a3814c680b20020a08346c37ee2853e895984574575312bf262e7,60.14947,24.91438,000000004ef3150d,14.89
4043,2019-08-01T09:06:10Z,fa9f19c58a086fde9429d732b1eec80eacf5fc1b2c0124d17243d008,60.17918,24.95141,00000000675d5200,4.94
4044,2019-08-01T09:06:10Z,fc75e05a713e8733c512a31a3bebec0a122af3e7afb2c5059c3f1a3a,60.17002,24.94407,000000006b087f40,20.28
4045,2019-08-01T09:06:10Z,fe88879502b9755093db192b4ea06a7b5b568f7e8b92970727636c68,60.16762,24.95415,000000006b44cce7,12.69
4046,2019-08-01T09:06:10Z,fea1453360073dfc1896bf1f005f51addb49661f953e16cffba3c63d,60.16531,24.9442,00000000fdda10fe,10.78
4047,2019-08-01T09:06:10Z,ff10218d9a15a3bf160a969fa266f197770d363bc52dce7fa08ae990,60.16762,24.95415,000000006b44cce7,9.12
4048,2019-08-01T09:06:10Z,fff7f9f42d918ac875b7e417a971d942549ba9f38b79d21d2f351959,60.16762,24.95415,000000006b44cce7,17.4
4049,2019-08-01T09:06:11Z,0bc5d37416fd27c336d64358a660668746f2c088ea9bf78994076bf9,60.16829,24.94214,00000000afef4555,23.56
4050,2019-08-01T09:06:11Z,0fff89885f08417f20aadfdbf62a372277e9085bcd024374b772ecac,60.16531,24.9442,00000000fdda10fe,25.36
4051,2019-08-01T09:06:11Z,144afc51fc2443c7031a2912566eff2ce60226a49d6d2bd7c2923700,60.16544,24.95398,0000000038d83d41,29.32
4052,2019-08-01T09:06:11Z,14c7e1511b70f4dd3359cbece1377aebb4d70531f5489eefe53d7c3c,60.16544,24.95398,0000000038d83d41,21.87
4053,2019-08-01T09:06:11Z,15918569de0a46a8eb56b43d8d39f7fc82619ff1006f00822c85745c,60.17918,24.95141,00000000675d5200,1.7
4054,2019-08-01T09:06:11Z,1951291ca064d0fb480d958037c1477427d2ca8db455fef0b741bf9f,60.16448,24.97323,0000000053c6c2be,20.28
4055,2019-08-01T09:06:11Z,1f0f0628cdc688d76bde2b82bee5b9b4916bf0bbdfe76cf3213e1c65,60.15432,24.9211,0000000019fb59c4,12.69
4056,2019-08-01T09:06:11Z,2a93b61a3863ace54349d7a0937e4134fcc6d4dfcf064eefae2b7cf8,60.15432,24.9211,0000000019fb59c4,20.28
4057,2019-08-01T09:06:11Z,2f33dacc8bf2b0b809b88130b46696c922929e1eb8ea92017f05509a,60.16448,24.97323,0000000053c6c2be,23.56
4058,2019-08-01T09:06:11Z,5d65719c4cbf045f068d084b72302f447d5fd034413d97d13be00d0e,60.18203,24.91341,00000000342570c2,18.79
4059,2019-08-01T09:06:11Z,6a657079c1bdc8114c289be1ddd83e5846d4279a920d1697b8ff0033,60.18203,24.91341,00000000342570c2,25.36
4060,2019-08-01T09:06:11Z,6d22b751ff5173035dc85c52c3dff0780126adae67fe33dc62dd45ef,60.16531,24.9442,00000000fdda10fe,25.36
4061,2019-08-01T09:06:11Z,6ff437688c444238352c28f64f9d2a7d0f14d19c9ea42c225380501e,60.16762,24.95415,000000006b44cce7,17.4
4062,2019-08-01T09:06:11Z,76c7f42283513d0e289bf786d89463b5025b2ae0f4e13519a4cf228b,60.15432,24.9211,0000000019fb59c4,25.36
4063,2019-08-01T09:06:11Z,77839e655f856d5295739c2388237a95b399c3b8a4f659cd1345d939,60.16829,24.94214,00000000afef4555,27.28
4064,2019-08-01T09:06:11Z,78d5f60b36b59c06c3988b94e11744bb3aed5dcbc214f91f228bf892,60.16448,24.97323,0000000053c6c2be,20.28
4065,2019-08-01T09:06:11Z,84fdfd8881f633c5f0c71c1480053953ca4b05e848052d97c063ad38,60.1538,24.95595,0000000038bf9618,17.4
4066,2019-08-01T09:06:11Z,87dfaad29a9276ddddb1fa021d3bc23ad14824c1af16f7d87e713689,60.14951,24.92138,0000000006dd41f6,9.92
4067,2019-08-01T09:06:11Z,8c75c3289c84fe4493e1e272a77b615fe1985880c5dc68a7c1a17b53,60.16762,24.95415,000000006b44cce7,11.7
4068,2019-08-01T09:06:11Z,8cc6ddaa460aeae8cc9e8a33f91a01c8cd4c0c8bf8a943210a28c84d,60.1538,24.95595,0000000038bf9618,23.56
4069,2019-08-01T09:06:11Z,9843c6216661048343a0e49cf3d8aa2883cf77f452666a1c873a1052,60.16448,24.97323,0000000053c6c2be,9.92
4070,2019-08-01T09:06:11Z,9d03d14afa49576281aa26db60e517f7c1ec8aa36f7756959a860a8a,60.16629,24.95957,00000000fb7600be,9.92
4071,2019-08-01T09:06:11Z,9ff35a7f150d05ef75c3777dbae4f91e5b1a4d0830a984c50f6da1bc,60.16897,24.95222,00000000aa852af1,27.28
4072,2019-08-01T09:06:11Z,a14995de8d7238548ad864b3af34ee5e2003a3e4df9d516744be66a9,60.16544,24.95398,0000000038d83d41,29.32
4073,2019-08-01T09:06:11Z,a91d379a4b57c5df22db0d7a041ff69f657b4b31f28554b1011fc03c,60.16544,24.95398,0000000038d83d41,31.5
4074,2019-08-01T09:06:11Z,a9da1ee82e3b670e276c26b483dd50f4a6d0c6f77ef82245d3ae6086,60.18203,24.91341,00000000342570c2,12.69
4075,2019-08-01T09:06:11Z,ab0f67c0c0e1ba5eac9013f9c314feadf340ddf08543b91e70483594,60.16544,24.95398,0000000038d83d41,17.4
4076,2019-08-01T09:06:11Z,b1f358076ba79ef902a36ca8ae3f8ec7c93308a67c479345bfdbdecf,60.1538,24.95595,0000000038bf9618,29.32
4077,2019-08-01T09:06:11Z,b4faf2d3c4d2b199afeab6ab63b583fe3a2e81e14abbef6917f25129,60.15432,24.9211,0000000019fb59c4,21.87
4078,2019-08-01T09:06:11Z,b5fd6b317890e5ab2d79e2cd1abe61626d45a753c7337d0d40728898,60.16762,24.95415,000000006b44cce7,10.78
4079,2019-08-01T09:06:11Z,b986140b3339363c8bd5cc5eed0819ca5a421cb6e5b17c42ccf729f4,60.16829,24.94214,00000000afef4555,20.28
4080,2019-08-01T09:06:11Z,c0fc984aaabfa27a2173a0a540e05b43fa0fa2e03f530aa33146030c,60.16829,24.94214,00000000afef4555,18.79
4081,2019-08-01T09:06:11Z,ce197d5eedb5498917afe7ca3f7275ffeb191f0c5d050bffa154c1d2,60.16531,24.9442,00000000fdda10fe,29.32
4082,2019-08-01T09:06:11Z,ce783d3c1b06378e5c39c25687746a6f88fbb0ff2b36e3405fb61cf8,60.16762,24.95415,000000006b44cce7,16.1
4083,2019-08-01T09:06:11Z,cf05623e4d87ce0906c0b0b7dbf53aacc1228016cd27c341228b6e76,60.18203,24.91341,00000000342570c2,18.79
4084,2019-08-01T09:06:11Z,d127ead865385b64ae537a703a26be15fae4b5332ce0fbf03d5e0c23,60.1538,24.95595,0000000038bf9618,27.28
4085,2019-08-01T09:06:11Z,d178749a24c32676d0da0f51ae6ff63c456499d4b1814af8fa75ca9e,60.16448,24.97323,0000000053c6c2be,7.05
4086,2019-08-01T09:06:11Z,dd2c9c82cf3737146294aff6f814a1349fb0bc4bedf518715dacbe8f,60.18203,24.91341,00000000342570c2,21.87
4087,2019-08-01T09:06:11Z,ec72ef080c605e71978aed0d3b5f22c3c3133677a43c614b72eedc6d,60.14699,24.922,00000000a53ed894,23.56
4088,2019-08-01T09:06:11Z,f088630d7476dae7d4b7e2bb1f10575f2c89acb4b6e061f3d57c2b40,60.16531,24.9442,00000000fdda10fe,16.1
4089,2019-08-01T09:06:11Z,f7e45613ad966fea53fab73b435ba3a087c774e36596b3a5156a3487,60.16829,24.94214,00000000afef4555,5.41
4090,2019-08-01T09:06:11Z,f83d4b6b8ffbf8a674d212e32100b2360b80261b4e9207d77c0b0ed3,60.17919,24.95181,000000007b5207b6,9.92
4091,2019-08-01T09:06:11Z,fc4f3a44235f1cfc7b53f14ba2da599976a5a0a220d23b852688e485,60.17918,24.95141,00000000675d5200,18.79
4092,2019-08-01T09:06:11Z,00787dad708490660b0b836fa415681cc57046fa521c0c0aaea14a9e,60.16762,24.95415,000000006b44cce7,4.11
4093,2019-08-01T09:06:11Z,00cf880933075f70a32ca748c0299b5dee3089d042185bd2787eed56,60.16762,24.95415,000000006b44cce7,9.12
4094,2019-08-01T09:06:11Z,00d98e49fc01c16216b630f9fdf19ce9826d27552ce2fa4676de957b,60.16829,24.94214,00000000afef4555,13.75
4095,2019-08-01T09:06:11Z,015284ab92d5bd89cd70793ab29ea9bf6d2e579c6fc3b154235f8d5d,60.16829,24.94214,00000000afef4555,25.36
4096,2019-08-01T09:06:11Z,02050a536056486b1bf139282f0d0a3af63def1d56ff0c73ac51bb19,60.14947,24.91438,000000004ef3150d,13.75
4097,2019-08-01T09:06:11Z,023083c44c772667f1727e01c74518889b2a82d78ceb28c08b6f8a20,60.16531,24.9442,00000000fdda10fe,18.79
4098,2019-08-01T09:06:11Z,0362cc670dcfab795a3911957b6a177416bf9b99d0e2732716796c4d,60.15432,24.9211,0000000019fb59c4,8.38
4099,2019-08-01T09:06:11Z,03f427d436ba092925de462b11374bdbdab0443620037675621fbc11,60.17918,24.95141,00000000675d5200,12.69
4100,2019-08-01T09:06:11Z,0483eb7342f4e704caa76b9bc3d6a7bd836282960dafc2c756247134,60.16762,24.95415,000000006b44cce7,17.4
4101,2019-08-01T09:06:11Z,063935180fff0e58de5d319ecb9320cf794423e3c6aeac0cca8f1a9f,60.16897,24.95222,00000000aa852af1,9.92
4102,2019-08-01T09:06:11Z,0670a01b5d0e505e7ec50165f157d60f57a5bb3b6c65922412509ab2,60.16829,24.94214,00000000afef4555,12.69
4103,2019-08-01T09:06:11Z,08f10568d1e90d000e41196f141e0c1a52bab88fcf08f4753a3c055e,60.16897,24.95222,00000000aa852af1,18.79
4104,2019-08-01T09:06:11Z,08f9fd60f852d3502bfa509c955e9963e73954f961d55ba8cd46cae9,60.16629,24.95957,00000000fb7600be,11.7
4105,2019-08-01T09:06:11Z,0951ec0c700dba7330b8e8181fc852becde054d0dc7474d1488db3cd,60.17065,24.93641,000000000f4919c9,18.79
4106,2019-08-01T09:06:11Z,09cfe3ccea2138f9a7a14b633026c75879d915955e4d18d8913efebf,60.14951,24.92138,0000000006dd41f6,31.5
4107,2019-08-01T09:06:11Z,0bbf3e8a8b496959ba413e4ebbe23719511fa4c9dd914960054d7c7f,60.16762,24.95415,000000006b44cce7,16.1
4108,2019-08-01T09:06:11Z,0be2a3b6b9e65388a4a4610e68e8a155d49d54abdac339e46f273184,60.17002,24.94407,000000006b087f40,20.28
4109,2019-08-01T09:06:11Z,0c1684b697a63d7f47ebaedcfa060b3b4af294fec1e62d613699291a,60.16897,24.95222,00000000aa852af1,7.69
4110,2019-08-01T09:06:11Z,0c2d3bdaf0e8a9d6efcf95298acb85805b31c1c6618f00dd4489dddb,60.16762,24.95415,000000006b44cce7,10.78
4111,2019-08-01T09:06:11Z,0ce136cd78d17c06d7c5673fecf75f44da717c2befaaea18c6bdf0b1,60.1538,24.95595,0000000038bf9618,20.28
4112,2019-08-01T09:06:11Z,0d2a30f4e69ed2b7c428129d550b561c93cfe41bbf290ae41a4343bc,60.16762,24.95415,000000006b44cce7,16.1
4113,2019-08-01T09:06:11Z,0e8d646fc7b4b57d136a79e8a7c83c470ca0d37fd6cdabafed7cee9a,60.16544,24.95398,0000000038d83d41,36.27
4114,2019-08-01T09:06:11Z,0fd548ea46bdde269e269784087c66351f50307ca9013a6a4a321e12,60.16629,24.95957,00000000fb7600be,29.32
4115,2019-08-01T09:06:11Z,0ff494fbdd49a307cefdfdc536de069f9e8a04a1a61e279217af85e1,60.16897,24.95222,00000000aa852af1,25.36
4116,2019-08-01T09:06:11Z,1069967e3921871955b1b2b42e60f829c593a3e024401bfe61ae410e,60.16629,24.95957,00000000fb7600be,11.7
4117,2019-08-01T09:06:11Z,10d0fed0f7d40b253b5fc5a53297dc9af8bb76fa6f34d5e71383cb62,60.17918,24.95141,00000000675d5200,21.87
4118,2019-08-01T09:06:11Z,139a5aa448338146cf9202768e1eeb804d164d71d9bc8c7fa8f5d06f,60.16531,24.9442,00000000fdda10fe,10.78
4119,2019-08-01T09:06:11Z,13a759fd293cbde0d55db753d853768b718e59036c4007d2e3a8757a,60.16762,24.95415,000000006b44cce7,9.92
4120,2019-08-01T09:06:11Z,13cbade1d832c78b1a0a68fd9a6559054370eeae58247347955ee632,60.16897,24.95222,00000000aa852af1,10.78
4121,2019-08-01T09:06:11Z,1564db6ab71666bfe0865d19fd134f7018f49bc12ff1969853697784,60.16531,24.9442,00000000fdda10fe,29.32
4122,2019-08-01T09:06:11Z,15b314157b22b2a5bf8a39539a049ce73e7baa21b0ce24f21718ce4a,60.17002,24.94407,000000006b087f40,16.1
4123,2019-08-01T09:06:11Z,164d8280dbb888033f64368dd641bcef597fc327148fcf74374894c5,60.16544,24.95398,0000000038d83d41,23.56
4124,2019-08-01T09:06:11Z,16e18d478be872d2a9801fa885d08edeb3f5ae1840b38478f9baf535,60.17918,24.95141,00000000675d5200,12.69
4125,2019-08-01T09:06:11Z,190cdde22bc3e3a41cd0f9da7efb3a917bc09e8034b05ca6064ea8a8,60.17918,24.95141,00000000675d5200,16.1
4126,2019-08-01T09:06:11Z,1dacfb371d75dd4f90f447aac2a00faad98beb4188a6971c19eb2375,60.16629,24.95957,00000000fb7600be,20.28
4127,2019-08-01T09:06:11Z,1dcff36b6f83b08b6ea87c1c1018c542c270299839908ca446dffb39,60.16762,24.95415,000000006b44cce7,9.92
4128,2019-08-01T09:06:11Z,1e3af5697f0a2ae45f261da79e4ba71c868dc4d78008bd1995fe6259,60.16448,24.97323,0000000053c6c2be,11.7
4129,2019-08-01T09:06:11Z,1e6029f749dce72746f03dcc61a1986b14438610b7ff6a19c8165e6f,60.16829,24.94214,00000000afef4555,27.28
4130,2019-08-01T09:06:11Z,1eadb2c1984aa73c3c2f13eab0a2e793331443c617681e36887f0bcc,60.16629,24.95957,00000000fb7600be,17.4
4131,2019-08-01T09:06:11Z,1f813dc10021899138c12ca17c58ab3dc24db1750dcb1790f9c20e8f,60.15133,24.92329,00000000e8a064a4,11.7
4132,2019-08-01T09:06:11Z,20b37aa6c3ad0dfea9c182498905a450537b0efbbd8563b205e93afd,60.16897,24.95222,00000000aa852af1,17.4
4133,2019-08-01T09:06:11Z,2283762fe3af8329ae65aec44de728da8f383810e9f2a3d3b84fa031,60.16897,24.95222,00000000aa852af1,20.28
4134,2019-08-01T09:06:11Z,22ac1ab1c590ea19b44c61c42f5e8da29a6acbabf56676527811507a,60.15432,24.9211,0000000019fb59c4,6.46
4135,2019-08-01T09:06:11Z,22b68b1dc6e6d815ca8e6afbd434ae0e229670798c443052e7444648,60.16762,24.95415,000000006b44cce7,12.69
4136,2019-08-01T09:06:11Z,25479245e5a8b0fe47e2bd590cdd63256d84afd6c164781dc64e527d,60.149,24.9843,00000000fffb8cf0,4.94
4137,2019-08-01T09:06:11Z,25d340d14d855b8c18b2c6f2551ec98a1eb047d1fd3457ba881ddf28,60.17918,24.95141,00000000675d5200,14.89
4138,2019-08-01T09:06:11Z,277fcf3cc917a89b46a34e0cf5164a78f5bcc88d92bb45ded60f1a91,60.17065,24.93641,000000000f4919c9,9.12
4139,2019-08-01T09:06:11Z,2832565094d8e4bd54c7a2442ac8807d97669bc460c1cb75a831bbb8,60.16762,24.95415,000000006b44cce7,9.92
4140,2019-08-01T09:06:11Z,28ce50ca84cdcd4c17a36ac666e7ac0267b6ab5b77f4bfb08b2573a1,60.16762,24.95415,000000006b44cce7,3.4
4141,2019-08-01T09:06:11Z,28d50861d92f962c7a49eabaa524431aebf52870e44b79f77d7167c6,60.17918,24.95141,00000000675d5200,3.74
4142,2019-08-01T09:06:11Z,29ae3c5c3aeac0c607bc816f7e74c232a40142b79a52c43c7b1ed42f,60.16829,24.94214,00000000afef4555,20.28
4143,2019-08-01T09:06:11Z,2a8ba80ac4fbda4f91ebfa759642c857fd090516070753d41bb7d6ad,60.16829,24.94214,00000000afef4555,21.87
4144,2019-08-01T09:06:11Z,2c6810efb2565383ca0a554f3c51f3f7905484357f5e00756dbf091a,60.17918,24.95141,00000000675d5200,5.41
4145,2019-08-01T09:06:11Z,2c6f6440161f9061a850e8db96383d5eb111f0d1d8f0b666b7c49f22,60.16897,24.95222,00000000aa852af1,20.28
4146,2019-08-01T09:06:11Z,2dcc113a258bced083c9729d8e62d6001f909ce1c9dac69fa7bead83,60.17065,24.93641,000000000f4919c9,36.27
4147,2019-08-01T09:06:11Z,2f09364857883d78a23aab14ac85e389ce786d0938e13cee655a7dbc,60.16762,24.95415,000000006b44cce7,18.79
4148,2019-08-01T09:06:11Z,2f43b7a683b0d365a46b6259a032813c293472eaedcdbcc3507adee5,60.17918,24.95141,00000000675d5200,16.1
4149,2019-08-01T09:06:11Z,2f79108a454c0072885ad1447280ed5098d061b229eaae61a8bb67be,60.15432,24.9211,0000000019fb59c4,17.4
4150,2019-08-01T09:06:11Z,2f82b3546af2df53b58cddc668c9aa196554108cdf39120ea40b417c,60.16629,24.95957,00000000fb7600be,5.91
4151,2019-08-01T09:06:11Z,31b02b3b271f6feef9e49d9285929ff1c25a11e608fc5d70bc6a1fac,60.16897,24.95222,00000000aa852af1,18.79
4152,2019-08-01T09:06:11Z,32fcb1ab3a9fde533916ca28a0d5b56bbb45fd171dd5bae91f66ec6c,60.16897,24.95222,00000000aa852af1,12.69
4153,2019-08-01T09:06:11Z,3371cfaa0eed702110b1f5501d188c9e7424a2e018bb905af13896cc,60.16448,24.97323,0000000053c6c2be,23.56
4154,2019-08-01T09:06:11Z,33fa4cb82db5b44ffe6e7ae1039635187f90d1df328f8f139da0c693,60.17918,24.95141,00000000675d5200,5.41
4155,2019-08-01T09:06:11Z,3480c16a6649952c388d8902596e332f018e609b9585f483353ae026,60.17065,24.93641,000000000f4919c9,4.94
4156,2019-08-01T09:06:11Z,34cdc3630624c211194acb463285c3b512788b2045daf479b9ba3bfd,60.16829,24.94214,00000000afef4555,25.36
4157,2019-08-01T09:06:11Z,34e96c7caa63e7ede8f428b18e8fb556ac235d61a50c9d6ac7ff268f,60.17918,24.95141,00000000675d5200,11.7
4158,2019-08-01T09:06:11Z,359348d27f82b0270a68e954bff8bde5e1a2a32949c7088f12ce7dc8,60.15133,24.92329,00000000e8a064a4,29.32
4159,2019-08-01T09:06:11Z,3609f484ad7e56259f60a61aba44f22dfca5c8b2564fce7e802ad342,60.16829,24.94214,00000000afef4555,1.38
4160,2019-08-01T09:06:11Z,367b1989198ef11170dd9fcfa7e6ebb5ceb58aab87c613ee1bb86e8c,60.16531,24.9442,00000000fdda10fe,6.46
4161,2019-08-01T09:06:11Z,3685ee6d322dcb2ad0ae181f66c3c5427d4531d7896d2f5f7571bb6d,60.16762,24.95415,000000006b44cce7,11.7
4162,2019-08-01T09:06:11Z,36fe97cd2ec69118778c771a87593630f8a6a2cb77d9ce72f845cd3c,60.16762,24.95415,000000006b44cce7,13.75
4163,2019-08-01T09:06:11Z,370e50e1f77aeb2782c892f70147b6a5749ecd7e9ee41036f693ba0a,60.16762,24.95415,000000006b44cce7,10.78
4164,2019-08-01T09:06:11Z,38fb20c6d55b10dd10a39c0fb41ad61297453e25afda81cf32313ae3,60.16531,24.9442,00000000fdda10fe,25.36
4165,2019-08-01T09:06:11Z,397e4b6a0e6c50fbb45ede1cb6e48156c508b36115e703cc5bac6e96,60.173,24.92524,0000000096918cfa,27.28
4166,2019-08-01T09:06:11Z,39c6456ee66fe96eee3d97cee2a70923cedb3da760bb5d4d413adb9c,60.17918,24.95141,00000000675d5200,2.8
4167,2019-08-01T09:06:11Z,39e9fa7033887b7ab339887aa68753ff94d4771cda2bb8ff4ea7aa0a,60.17918,24.95141,00000000675d5200,12.69
4168,2019-08-01T09:06:11Z,3a1afdcf7c2e5a52cdbcbbe29e8281c184037e8720920c6c75bee339,60.15133,24.92329,00000000e8a064a4,18.79
4169,2019-08-01T09:06:11Z,3a2f1a2c6c645bd161943b3f19c171d021512d7a8c4273ed3022f5df,60.16829,24.94214,00000000afef4555,16.1
4170,2019-08-01T09:06:11Z,3a38ba36c098f2741d6c5fb5a751fcd074d05d698ac592ca09ab443c,60.16448,24.97323,0000000053c6c2be,18.79
4171,2019-08-01T09:06:11Z,3a97ae4dcab31eb5e15e5d036d286e9764e25bcf0ad8afcfba854c90,60.16762,24.95415,000000006b44cce7,6.46
4172,2019-08-01T09:06:11Z,3be40c84926a525adbd09eeeb3a12b73b24c633942b2e1fbe8151ac3,60.16448,24.97323,0000000053c6c2be,29.32
4173,2019-08-01T09:06:11Z,3cc82d532d2a768e0c987e2653e32825a8b11fc2f7ba36388535f6e2,60.16075,24.95883,00000000f1124bca,36.27
4174,2019-08-01T09:06:11Z,3eea43670f4f29a90ced59c1af122371340275fb61ff8f14c7120658,60.16762,24.95415,000000006b44cce7,6.46
4175,2019-08-01T09:06:11Z,40825cb0d315c92e0e0a73cc8e86c3b763bbf7ce226f112913e05e0f,60.17065,24.93641,000000000f4919c9,16.1
4176,2019-08-01T09:06:11Z,411f63100f0afed103b4e31b3544b8cf0c4c830902efe7da020562c4,60.16629,24.95957,00000000fb7600be,14.89
4177,2019-08-01T09:06:11Z,41a0ca2955e0ae0324f6e14aeb77ebfaac5305e31d86c42a20277b94,60.15133,24.92329,00000000e8a064a4,9.12
4178,2019-08-01T09:06:11Z,42844e90c7134ebb3ec325f57cd27cd24711c779548ebc8692a820d5,60.14951,24.92138,0000000006dd41f6,3.4
4179,2019-08-01T09:06:11Z,432417b4972b744ded3410777a6bbb583cf56172bf3436ddbe48a21d,60.16762,24.95415,000000006b44cce7,13.75
4180,2019-08-01T09:06:11Z,43e023a8726ec4c53a8cea6dcaa79e722da4677e37f3f6c9d3cc9873,60.16544,24.95398,0000000038d83d41,21.87
4181,2019-08-01T09:06:11Z,4470412c4b059a920f2699fbfb72b261e0847b3e1caa8c71d2edd5a2,60.16448,24.97323,0000000053c6c2be,18.79
4182,2019-08-01T09:06:11Z,44a120ac90dacb4d43fe4d38ee859a1015bcd226ff3d946a1e44c4ca,60.16531,24.9442,00000000fdda10fe,27.28
4183,2019-08-01T09:06:11Z,44cd682aaef3e1d1bc2b0eac71d75bb3a951f74d7c93810d260dfd07,60.16829,24.94214,00000000afef4555,14.89
4184,2019-08-01T09:06:11Z,4642dfa1df839f11e64f68bca4e3dce7bde2ff6dd68c54959fcb4788,60.17918,24.95141,00000000675d5200,6.46
4185,2019-08-01T09:06:11Z,4682d95464cedcc021f38271a51bab9c000762b4acf802070e259ba2,60.16629,24.95957,00000000fb7600be,12.69
4186,2019-08-01T09:06:11Z,48004849b2f48b2314aa9175433d754db1641b949bb8cf050e2dd128,60.17918,24.95141,00000000675d5200,13.75
4187,2019-08-01T09:06:11Z,484bbaa5a9d6bdd2259f022b6ea4e3c290985c13a1286bd7142d878f,60.16762,24.95415,000000006b44cce7,13.75
4188,2019-08-01T09:06:11Z,48c0ea6615ac4c02fc9bc0e06f9ea9309f9bf7e73b4324d7a6b14610,60.16829,24.94214,00000000afef4555,3.74
4189,2019-08-01T09:06:11Z,49bbad87e4d6cd03bdb073bde7be91193d74d29943badce7fc536916,60.16448,24.97323,0000000053c6c2be,11.7
4190,2019-08-01T09:06:11Z,49df780a7f20a99ad2810fa4bbb46b5fac9bc5cbe3fc800cd572f63a,60.14947,24.91438,000000004ef3150d,14.89
4191,2019-08-01T09:06:11Z,4ade4f0d92c6157a42d7fd8e353d1c93551324ba47cc134b840a6c63,60.16897,24.95222,00000000aa852af1,11.7
4192,2019-08-01T09:06:11Z,4afcc27c652d3d50a44d060f84e33dd4b17529d982928dae936cf10f,60.16448,24.97323,0000000053c6c2be,33.81
4193,2019-08-01T09:06:11Z,4ba529eeafb27285cbbade6e5ece0d4d04bd2d13c98b27a5d17abd22,60.16897,24.95222,00000000aa852af1,4.94
4194,2019-08-01T09:06:11Z,4c9ae70dbc76e40ddd22584edc060b7176dbaeebfdaf50e5f98c6acb,60.17065,24.93641,000000000f4919c9,23.56
4195,2019-08-01T09:06:11Z,4f9125edf503fe3cb0ba1e1221fe6a67aafd99fcd89fd92d2bf20e97,60.16897,24.95222,00000000aa852af1,18.79
4196,2019-08-01T09:06:11Z,4fb4a3650a2a28469dde9c537458d24411aa6075666e047dd756fba9,60.17919,24.95181,000000007b5207b6,17.4
4197,2019-08-01T09:06:11Z,5001aabb6808b9fd96b705d1ebe8e7aca52713c2640100d81879dd86,60.17918,24.95141,00000000675d5200,4.94
4198,2019-08-01T09:06:11Z,504f910a0bd104a130b85d0c50467a15e74dc950bcc9eac3ebecc43e,60.16531,24.9442,00000000fdda10fe,23.56
4199,2019-08-01T09:06:11Z,51ec42fdd85671ae93876c3d875b24e56cb45699e9c3d2b623dca70d,60.16762,24.95415,000000006b44cce7,14.89
4200,2019-08-01T09:06:11Z,5372348389197e6c4bc4c5e3dab047e7384d562220e6295904bbda1b,60.17065,24.93641,000000000f4919c9,2.8
4201,2019-08-01T09:06:11Z,53fb53be4440aecb1a1fa63a9da1db08182cc7e252da14685e63373d,60.16762,24.95415,000000006b44cce7,9.12
4202,2019-08-01T09:06:11Z,54b89ed12e25892c9160e029a0379d61425b88db1aa30b06f9ea2d8b,60.17002,24.94407,000000006b087f40,20.28
4203,2019-08-01T09:06:11Z,54bd709173219e8017f317b63ecc83d0a48f64542e6fa1b83c86a56c,60.17918,24.95141,00000000675d5200,16.1
4204,2019-08-01T09:06:11Z,556cae6b2e2dec6fe691a835e8e08bd016b1a65797c0aca46879329f,60.17918,24.95141,00000000675d5200,21.87
4205,2019-08-01T09:06:11Z,559429bba23762a872fc7b1e2219d42125ab101e4355d43fdb94ed7b,60.17918,24.95141,00000000675d5200,5.41
4206,2019-08-01T09:06:11Z,559e6a5225ce35ab844c63ea0d0c1695dc490a3d9cfbafa5d35ac8d8,60.14947,24.91438,000000004ef3150d,9.12
4207,2019-08-01T09:06:11Z,560816066eb4d44c34d0d56c57c994c0cccbd36fef545059b8e4d9d7,60.14947,24.91438,000000004ef3150d,5.91
4208,2019-08-01T09:06:11Z,5830a481876da00686f25b17dad06258a39212c0816ed04dda2df1bd,60.16531,24.9442,00000000fdda10fe,18.79
4209,2019-08-01T09:06:11Z,584adabea16213fba5e201e8dddabc4a069951e35fb1731180ebf8b3,60.16762,24.95415,000000006b44cce7,14.89
4210,2019-08-01T09:06:11Z,5865a27b5b56a60bca38e4a1403655e3e7fd0232a3ff2079965aff81,60.15432,24.9211,0000000019fb59c4,1.54
4211,2019-08-01T09:06:11Z,58754229cd3381042c5ffda79c0108c5f77aa1f0f6d1468b9cb42b4c,60.16829,24.94214,00000000afef4555,25.36
4212,2019-08-01T09:06:11Z,5978726eeef638856dafd3a8d199287f8daf9e90ddde750b402f8bb0,60.17065,24.93641,000000000f4919c9,0.71
4213,2019-08-01T09:06:11Z,5a3004325b5a058e02fb9f32ef4f7e9cc465240cbda7a7e4ec89d2de,60.16629,24.95957,00000000fb7600be,12.69
4214,2019-08-01T09:06:11Z,5a34b02faac3189217466888ef1d31cc80f721ac2f18638c5db88d53,60.14947,24.91438,000000004ef3150d,23.56
4215,2019-08-01T09:06:11Z,5a8d671a78b976d212d9746d88b9a754a2d9c8341c529e88b7c6b8f4,60.17065,24.93641,000000000f4919c9,29.32
4216,2019-08-01T09:06:11Z,5b06617477af6dcee75a94ac347364b50f6f3b5b7d747e5413d9ad58,60.14947,24.91438,000000004ef3150d,10.78
4217,2019-08-01T09:06:11Z,5b24733f1e45af711e2eebfb97b6b1467ca5cf1f466e6c8add4f7935,60.16762,24.95415,000000006b44cce7,17.4
4218,2019-08-01T09:06:11Z,5b8d7790d251f068844cdf9a038ea91552c75dfd06e0b0b74fdc5808,60.16829,24.94214,00000000afef4555,23.56
4219,2019-08-01T09:06:11Z,5c1f71098d5d7258d2971061c791c94e0138c8e02225c5f60d6a0428,60.149,24.9843,00000000fffb8cf0,18.79
4220,2019-08-01T09:06:11Z,5ce9d99c3ea073329b62d185601a7874e9f5d8eddc79c2b4fca01bc3,60.16829,24.94214,00000000afef4555,20.28
4221,2019-08-01T09:06:11Z,5e2c5c20c88ccf362ed8749d1ddc041b1cb1c38d8dbeac7870179322,60.16629,24.95957,00000000fb7600be,4.94
4222,2019-08-01T09:06:11Z,5fe0284ec0eb11405b1a7060df33e93f8a659e348c4e7a21b3559267,60.16762,24.95415,000000006b44cce7,14.89
4223,2019-08-01T09:06:11Z,6072bfb496e2b8a999c9edbda5b76fbc0e783ff2a439c4e6c881fabf,60.16829,24.94214,00000000afef4555,11.7
4224,2019-08-01T09:06:11Z,626bf35ce16dba1054cfd175d09475d3ee751bf70e56f984ff5c7ab6,60.15133,24.92329,00000000e8a064a4,21.87
4225,2019-08-01T09:06:11Z,63ff2439779051005c18876d20ed53ce060c1de9d7976821bd518fc6,60.15432,24.9211,0000000019fb59c4,9.92
4226,2019-08-01T09:06:11Z,6470ee836399c5610581ec9de09772d350282ecc4c5c57fa02a5ec68,60.16075,24.95883,00000000f1124bca,21.87
4227,2019-08-01T09:06:11Z,65b6b62b547e11e10f7f83ad497446bee2bb9653097d9d62e9b1b817,60.17065,24.93641,000000000f4919c9,5.41
4228,2019-08-01T09:06:11Z,66ad74b1795a3f2db404e46e89b7cdeb3d6e231b6573e3fd29bb7eef,60.16897,24.95222,00000000aa852af1,21.87
4229,2019-08-01T09:06:11Z,674355e17da9460e58566497be518f2eb537880c67c788fedb5067db,60.16629,24.95957,00000000fb7600be,7.69
4230,2019-08-01T09:06:11Z,685af6b01bd180194d718801bb8b9c9de22050cc392d6c6441fe986b,60.18203,24.91341,00000000342570c2,17.4
4231,2019-08-01T09:06:11Z,68d7ad8fab31b3c5967a814376d0ddc6cf42e1db0d9e09dfbba169bd,60.16762,24.95415,000000006b44cce7,9.12
4232,2019-08-01T09:06:11Z,69e2854c78a472b462941ef730aa9fa7a9dba9c1cc22996396d4c78a,60.17918,24.95141,00000000675d5200,2.8
4233,2019-08-01T09:06:11Z,6adce4d05e58232a97635a2fd7918e4e49d9295afc0989d727f9c712,60.17002,24.94407,000000006b087f40,11.7
4234,2019-08-01T09:06:11Z,6d98ac1fea7056e5b96d6095caf0e3677a4ec30e9fbcc2e50ae1cf65,60.16629,24.95957,00000000fb7600be,10.78
4235,2019-08-01T09:06:11Z,6dd5463e670c352180c1e912300e21e59f5e2976266df8c3c92b0baf,60.16829,24.94214,00000000afef4555,13.75
4236,2019-08-01T09:06:11Z,6e80fcea10d21e1d5e672b554c0f3fe686dc58934f38c3391fd5c262,60.17002,24.94407,000000006b087f40,9.92
4237,2019-08-01T09:06:11Z,7003a7f6a5523b645634f014e04bea36016953a8af9324e35602bc2e,60.14947,24.91438,000000004ef3150d,10.78
4238,2019-08-01T09:06:11Z,701dc50417b28dba15ad9ff809844f1766b6579389a2e5ebb0562635,60.16629,24.95957,00000000fb7600be,17.4
4239,2019-08-01T09:06:11Z,704c3f3075f13713c363014fa828e4a932e7a05676813b9963a1e554,60.17919,24.95181,000000007b5207b6,2.3
4240,2019-08-01T09:06:11Z,728325161f4ed691db3460f87a25ed4713580e50a53fd36dd265957f,60.16531,24.9442,00000000fdda10fe,23.56
4241,2019-08-01T09:06:11Z,73d6b97f785fc0a0a9ed2a397fe1bf1cfa199679f6262451d10e0382,60.16762,24.95415,000000006b44cce7,21.87
4242,2019-08-01T09:06:11Z,74d0c0f340d9edbc94f0053d217dded19fcf40450363f4568f14a421,60.16762,24.95415,000000006b44cce7,16.1
4243,2019-08-01T09:06:11Z,75003dbce84bab66829b2489dc3bff3abc4ec7f1b136c28b0835fa0e,60.15133,24.92329,00000000e8a064a4,13.75
4244,2019-08-01T09:06:11Z,750297d0d8ff0ca837d9c2289c26302d62f38708617150431ab14509,60.16531,24.9442,00000000fdda10fe,21.87
4245,2019-08-01T09:06:11Z,76c2f7b3773d4bebd4dabada1c2b98fe4ea9762e9c98b4a6371d7746,60.16762,24.95415,000000006b44cce7,9.12
4246,2019-08-01T09:06:11Z,774131d73accbbb31ec3c43c3501b7969645eb65df1839ca8116526e,60.15432,24.9211,0000000019fb59c4,9.12
4247,2019-08-01T09:06:11Z,774bf331a7d205164487c930f8e043d9f4064d968a7f9cb28bfa5dc9,60.16762,24.95415,000000006b44cce7,17.4
4248,2019-08-01T09:06:11Z,7803e2d46157a5482e745447d4c2c332fbd818d87a20b0f6187c628d,60.17065,24.93641,000000000f4919c9,31.5
4249,2019-08-01T09:06:11Z,78ec3b06e6504f54673ca689d2a31a647973ada7b757f2139ecb9f8e,60.16897,24.95222,00000000aa852af1,23.56
4250,2019-08-01T09:06:11Z,79669159e96cc1cdf3879c3db8c5621167f92aaa10df4dd21a9be1de,60.16829,24.94214,00000000afef4555,4.11
4251,2019-08-01T09:06:11Z,7a62d9e7c260ee9d4896ace1bd129198320f0fb15d96a8016f9b84c2,60.16829,24.94214,00000000afef4555,17.4
4252,2019-08-01T09:06:11Z,7c1534082e86ff4387878d813207626d8f728aa26b97248e00a3b8d7,60.16629,24.95957,00000000fb7600be,12.69
4253,2019-08-01T09:06:11Z,7ccf0231e25c4a2ff5abcbb7cb3fe96604d014c3fa05c2829580801d,60.16829,24.94214,00000000afef4555,27.28
4254,2019-08-01T09:06:11Z,7cd51189de07d01882cf0a9346f0830a9b21764875334d45e143fbd5,60.17002,24.94407,000000006b087f40,18.79
4255,2019-08-01T09:06:11Z,7d12711d47425111a6dce413faa867542b9532f3b9c5a934b37a0bc8,60.17918,24.95141,00000000675d5200,17.4
4256,2019-08-01T09:06:11Z,7d415f4fd9093fb383b4ebb88961ad74e6a00d3ece39504712dad639,60.17918,24.95141,00000000675d5200,8.38
4257,2019-08-01T09:06:11Z,7e2e3d07c939e3e76e7ce87678faf64e056afe54215e00488839100f,60.14947,24.91438,000000004ef3150d,11.7
4258,2019-08-01T09:06:11Z,7eb4a715919b3eb4085270535ce4d7b57112591ad7242eb189bf652a,60.17065,24.93641,000000000f4919c9,7.69
4259,2019-08-01T09:06:11Z,7efa1cf3118062946e8958e89ffe767322a7bbf0d35d9d76b711e3b5,60.16762,24.95415,000000006b44cce7,12.69
4260,2019-08-01T09:06:11Z,7f59aaecea1eee6c703ec5d46d67b44289ddedf080defee495b73739,60.14947,24.91438,000000004ef3150d,7.05
4261,2019-08-01T09:06:11Z,7faf8705e89a761625aaed50b89538581e25d5950ec8f051d36ed829,60.14947,24.91438,000000004ef3150d,21.87
4262,2019-08-01T09:06:11Z,809bf2d7a0745ae512b934a578fd5fd47c13c5398b6d06ad350b9e7c,60.14947,24.91438,000000004ef3150d,11.7
4263,2019-08-01T09:06:11Z,8165c5f8d06298ffd56f071c0ad1cc9f1d4f08084936937d712d0b61,60.15133,24.92329,00000000e8a064a4,18.79
4264,2019-08-01T09:06:11Z,8292ad97931f6462dc056eb92748496c2cfa3e22dbad610514a2deab,60.17002,24.94407,000000006b087f40,20.28
4265,2019-08-01T09:06:11Z,82b78c2220aee81a2744ddfaf7ed29663888987dba6b7cdda05731d9,60.14947,24.91438,000000004ef3150d,14.89
4266,2019-08-01T09:06:11Z,82bab0a1bfd11576cf62159546b756e1da44125c76909e270ced391b,60.16897,24.95222,00000000aa852af1,12.69
4267,2019-08-01T09:06:11Z,82d5e55f1c1dd503d4aaa8804acff7cbaf416a9c58e0888fce7e0cb7,60.16531,24.9442,00000000fdda10fe,27.28
4268,2019-08-01T09:06:11Z,8524898e498c83bde4bc1848aa2b372da84e7b2266f36aabe128cc27,60.17919,24.95181,000000007b5207b6,17.4
4269,2019-08-01T09:06:11Z,85bdce5b262dbd94adcff03e6cad26a1152828b6ab27e6fdd56b2b13,60.16762,24.95415,000000006b44cce7,3.74
4270,2019-08-01T09:06:11Z,880f9cbb91b9caf48ea9c5dd1a0c8e1db72922b6dfcb647b102fc469,60.16629,24.95957,00000000fb7600be,12.69
4271,2019-08-01T09:06:11Z,88c2bc6310f27465b9f08b28fb52075d7703ce7b097e5beb37c7437c,60.14947,24.91438,000000004ef3150d,18.79
4272,2019-08-01T09:06:11Z,89aeff56a0700534bbf2dfd19fc298f5a890c95e1a45b6ca7ad3c33a,60.16829,24.94214,00000000afef4555,9.92
4273,2019-08-01T09:06:11Z,8a01e28fd327e5c56dcf2dc8b2b7762a96d77584c21990a073ceb11f,60.16829,24.94214,00000000afef4555,1.25
4274,2019-08-01T09:06:11Z,8c2c35fb6ebc0f07014a3291523f291bea82160dee13d091314cde65,60.16762,24.95415,000000006b44cce7,8.38
4275,2019-08-01T09:06:11Z,8c571538c285dba9d77edacfb1829b282d54b772b62209c6e4004237,60.17918,24.95141,00000000675d5200,5.41
4276,2019-08-01T09:06:11Z,8d5e893f77b3d167ebefad4ecab181fea08513599a6f9450f0b9a827,60.17919,24.95181,000000007b5207b6,20.28
4277,2019-08-01T09:06:11Z,8e20d0d67339e3cf43e77c3a340d9dc6766de8d079197a08a1343ff0,60.17065,24.93641,000000000f4919c9,14.89
4278,2019-08-01T09:06:11Z,941e13893853105c86bfbc6d31d62274937602143ce3bb530c8c17ed,60.17918,24.95141,00000000675d5200,17.4
4279,2019-08-01T09:06:11Z,9895eb1b16709e4d13b4f48b3370501a15b60673cd2eba7a2581113f,60.16762,24.95415,000000006b44cce7,21.87
4280,2019-08-01T09:06:11Z,9a12cdd9d905a294b1c33d220edf652a99509b8916a79081b8e05dae,60.16629,24.95957,00000000fb7600be,23.56
4281,2019-08-01T09:06:11Z,9abbc86fb0fc1c0532042814af76a97e6a17121831d4394749a290a6,60.16762,24.95415,000000006b44cce7,7.05
4282,2019-08-01T09:06:11Z,9b3e6848d8b34e802134d6da0e5a594897ec3fafbbf08b6d0b84068e,60.17918,24.95141,00000000675d5200,5.41
4283,2019-08-01T09:06:11Z,9bc129708b07f3c5bbf4195e83f0e5b9a663b6f371f416a8e3a605f0,60.16897,24.95222,00000000aa852af1,14.89
4284,2019-08-01T09:06:11Z,9bdb503344071eddd74d821f537246d8a6c19468b05d38d0170377f9,60.16897,24.95222,00000000aa852af1,9.92
4285,2019-08-01T09:06:11Z,9bef8b28ea93ecaee57d05b037edbfe7f80014aaf56343345fedd7be,60.17918,24.95141,00000000675d5200,16.1
4286,2019-08-01T09:06:11Z,9ce214896068957a21bc57af08680d84debbd091b49ad5e6402c4cc8,60.16629,24.95957,00000000fb7600be,17.4
4287,2019-08-01T09:06:11Z,9e343a150f07bb3dcce5ecab8ac061b84d65b347b1af5a232e00eeb6,60.16829,24.94214,00000000afef4555,14.89
4288,2019-08-01T09:06:11Z,9ea5b6d54523458f864e06efb821b4738fd3c80375601ea47524a04b,60.16544,24.95398,0000000038d83d41,25.36
4289,2019-08-01T09:06:11Z,9eee6d740f1d483c484d02f0995f35550c09e6a8cf01f02680db5efc,60.16448,24.97323,0000000053c6c2be,27.28
4290,2019-08-01T09:06:11Z,9f2f5e6344efb60ffa5c79880ea57aeb636e51f86587e158039df6cc,60.16531,24.9442,00000000fdda10fe,21.87
4291,2019-08-01T09:06:11Z,9fa57cff946eb6b758bd810321b0bb80d6f0c46ca5fb40b0ec22ca0d,60.16762,24.95415,000000006b44cce7,14.89
4292,2019-08-01T09:06:11Z,a0af15cb8910790ac8af904ddf7b0dbf5ef778ba6dd3b3e690926089,60.16762,24.95415,000000006b44cce7,9.92
4293,2019-08-01T09:06:11Z,a256ee4e61079f54581967787db25324859ef431207cb182cd468fbe,60.16829,24.94214,00000000afef4555,16.1
4294,2019-08-01T09:06:11Z,a2e761fd97d8bdf78601300822b531e306b9ab7a1a43b6bfb07eba52,60.14947,24.91438,000000004ef3150d,9.92
4295,2019-08-01T09:06:11Z,a403dc1eebc5d130e12a4c3e4298737c9e00b25b1b6b2cc36a6979c9,60.16629,24.95957,00000000fb7600be,16.1
4296,2019-08-01T09:06:11Z,a4b9f871dcc986c95f1e84fe203bb392ba0fe13164d89119bda2c94a,60.16762,24.95415,000000006b44cce7,7.69
4297,2019-08-01T09:06:11Z,a5423cad01b42682deb516a777f50fd783fd1fd9dc23b7cab01eaedc,60.16897,24.95222,00000000aa852af1,17.4
4298,2019-08-01T09:06:11Z,a6d0dd9de406b1201a4e438ec7c5f4a467f38c41e2dec42ff6c71d50,60.16897,24.95222,00000000aa852af1,14.89
4299,2019-08-01T09:06:11Z,a786eb3b8a25c58099a428799e99d0b86401f803ee38d3e5d20e59d3,60.15432,24.9211,0000000019fb59c4,13.75
4300,2019-08-01T09:06:11Z,a83415babca8eac00f69a32371a230fdadda29bf40fd69f75cf2e8fb,60.17919,24.95181,000000007b5207b6,16.1
4301,2019-08-01T09:06:11Z,a8ca7fb815e707c04434a085c4f99e783d56372143afc92225eae622,60.15133,24.92329,00000000e8a064a4,25.36
4302,2019-08-01T09:06:11Z,aa05a7036c3586a79d23f426b78bf158357208bc82d7ddf9a1326dd2,60.16531,24.9442,00000000fdda10fe,5.91
4303,2019-08-01T09:06:11Z,aa5281244780ac8f283c3452639d477cd76e31fc6f0b95b99c51a9b0,60.16762,24.95415,000000006b44cce7,2.54
4304,2019-08-01T09:06:11Z,ab615ee5bbf567aee3505fbb360d09fc6b851f93fb15aef778b57128,60.16531,24.9442,00000000fdda10fe,11.7
4305,2019-08-01T09:06:11Z,abf0be93e7a8aec9fa8284fdbcc2493f32084aa95f15660b23e149c6,60.16629,24.95957,00000000fb7600be,11.7
4306,2019-08-01T09:06:11Z,aca524ceb3c7373172ecd0d06b26e7d610d441f4a47ab78ae0ad3340,60.15133,24.92329,00000000e8a064a4,21.87
4307,2019-08-01T09:06:11Z,acbbe4765d72f36b0323407c7dbe43db7b4ad5e2da0a6a9e5966db0b,60.16897,24.95222,00000000aa852af1,20.28
4308,2019-08-01T09:06:11Z,ad22512fd6a5ad9e19fdfad7e02b2793ecb01875be243f894c637ae2,60.16829,24.94214,00000000afef4555,9.92
4309,2019-08-01T09:06:11Z,ad5e622021f5cd6eb717468b8e6b4978aced59d5dd0d2ad0e3f37cf4,60.16829,24.94214,00000000afef4555,33.81
4310,2019-08-01T09:06:11Z,af67ffa8b538058603b74f48e04ab914e8f6cd450f53c47f8c3d683d,60.15432,24.9211,0000000019fb59c4,17.4
4311,2019-08-01T09:06:11Z,b09e9bb62cc49c085c1aee3b752af1bec69dabc939323e5733f73933,60.17065,24.93641,000000000f4919c9,29.32
4312,2019-08-01T09:06:11Z,b28757d67868f9471f0d997a935e857fd0ff1095449820929597563b,60.16762,24.95415,000000006b44cce7,4.94
4313,2019-08-01T09:06:11Z,b2fb1122e95099adfb79fb9d06f717d0210c5214a7796b4ddd557040,60.16829,24.94214,00000000afef4555,20.28
4314,2019-08-01T09:06:11Z,b32e57a6f5865a23d7a0e9fa346d5ec4e975f99c4df815fe8b1449b2,60.17918,24.95141,00000000675d5200,17.4
4315,2019-08-01T09:06:11Z,b3d94dfd4a1393ebe6b450d53a8c1c172707ab9ae1ab42b50b5b31df,60.16829,24.94214,00000000afef4555,18.79
4316,2019-08-01T09:06:11Z,b50a45ac0708e7b5cca42f3458430eb22ff70a81c575bafe99ffda23,60.17002,24.94407,000000006b087f40,4.5
4317,2019-08-01T09:06:11Z,b5603e758440226e490d1d7d7271a7b0d5c261eccbad198f81110136,60.15432,24.9211,0000000019fb59c4,5.91
4318,2019-08-01T09:06:11Z,b69604356a52f2b1b9c5de09a350f42d87f5b969e3e824d8b6b2368f,60.16829,24.94214,00000000afef4555,17.4
4319,2019-08-01T09:06:11Z,b6b32d1744cab38523e13d061fa256f05d6e01d920275907327c3083,60.16829,24.94214,00000000afef4555,25.36
4320,2019-08-01T09:06:11Z,b6c43126ca83e916a68e57d0178060c24fc61305836b6c8f188f7285,60.17918,24.95141,00000000675d5200,4.5
4321,2019-08-01T09:06:11Z,b6f0f4101a1a258dcb1d82d77ca91000694d4fed15bd882a8e3bfe66,60.149,24.9843,00000000fffb8cf0,27.28
4322,2019-08-01T09:06:11Z,b8fb70225ee0a2d655e2809da07a2f8cd2feb7295aa256f8b35fcf1e,60.16629,24.95957,00000000fb7600be,14.89
4323,2019-08-01T09:06:11Z,bb0509d8cfed23727a055008086076320415d2f40ddad63b703fbe2a,60.17065,24.93641,000000000f4919c9,14.89
4324,2019-08-01T09:06:11Z,bb2187a4e20012ad694c768ef2c47c9a9055671024ebf4855d4e6243,60.16531,24.9442,00000000fdda10fe,1.54
4325,2019-08-01T09:06:11Z,bc6d5082ca52e6dae7a1689a835434f3f6341e90afea565480eb9674,60.16829,24.94214,00000000afef4555,8.38
4326,2019-08-01T09:06:11Z,bc82f76c979de19b559e9e3aa0cd6cbf5ac361e2d7b1ac9f81fe2f4f,60.17918,24.95141,00000000675d5200,12.69
4327,2019-08-01T09:06:11Z,bd23c66c4df0bd849266a4429a24f23f2c9503cf31eb0cd9780248e6,60.18203,24.91341,00000000342570c2,14.89
4328,2019-08-01T09:06:11Z,be12d6aaccf354197284a8c92b960bd6a4e1705f7d948823e7891fde,60.16762,24.95415,000000006b44cce7,12.69
4329,2019-08-01T09:06:11Z,bf49d47a337e26ce22d9f900a012f227185efed1dc30802b35273839,60.16762,24.95415,000000006b44cce7,11.7
4330,2019-08-01T09:06:11Z,c004fa64cb7de7e87d3b91639ae5f95304fb1a90b0a0e927cea958af,60.16762,24.95415,000000006b44cce7,11.7
4331,2019-08-01T09:06:11Z,c0a0ca3433586ed2ae0e448f2406fabac7292ac79d49562e0bd5cef8,60.16762,24.95415,000000006b44cce7,17.4
4332,2019-08-01T09:06:11Z,c15da9ed244b57a27a083919c67d0edde078a31b18cb58f13581f173,60.1538,24.95595,0000000038bf9618,18.79
4333,2019-08-01T09:06:11Z,c1674c59c49d5bf74e6808239a91d18a04e47697d298bc61a7618af2,60.16448,24.97323,0000000053c6c2be,12.69
4334,2019-08-01T09:06:11Z,c1bf1bf699e9bc78ca15c9490d1ef02e3323f0c2c76bf0fca7955a69,60.14947,24.91438,000000004ef3150d,13.75
4335,2019-08-01T09:06:11Z,c36568f7893e68ba3e3ca3169783c9e29a8a5f8cee16c1928c903ebc,60.16829,24.94214,00000000afef4555,27.28
4336,2019-08-01T09:06:11Z,c434f18b802a764aad7a2dfb46e93546acb1b0975cf9b93fd47363f6,60.15432,24.9211,0000000019fb59c4,17.4
4337,2019-08-01T09:06:11Z,c46895857ca53c3362932d446a58c13b60d297f99ca237d4546589e8,60.16897,24.95222,00000000aa852af1,16.1
4338,2019-08-01T09:06:11Z,c65c11ee6e8b5894ead3ea9b007a39127edb65a67be253aca6f78ed0,60.16448,24.97323,0000000053c6c2be,21.87
4339,2019-08-01T09:06:11Z,c872af9997af535c4615ee0b4194c7c8d644b7962afb3ca321eb386f,60.15133,24.92329,00000000e8a064a4,25.36
4340,2019-08-01T09:06:11Z,c8b9856a261673c3360915cd9a4dabb4afe22b63a86d7f59f7dc5f20,60.17002,24.94407,000000006b087f40,17.4
4341,2019-08-01T09:06:11Z,c8f27660c2e8302459f9f42a38f8c1a1d42cb2de7ac7fb8995a36ed4,60.17918,24.95141,00000000675d5200,36.27
4342,2019-08-01T09:06:11Z,c93d1c42f65728f190bd80e34d3615e0b6852f7672565cbbc1be83fe,60.17002,24.94407,000000006b087f40,27.28
4343,2019-08-01T09:06:11Z,c98bce1cc275ed0a1b833011f8cd251ac848fdc84501fe87eb8b5d54,60.17918,24.95141,00000000675d5200,20.28
4344,2019-08-01T09:06:11Z,cc1fcf6550ac1eee3eceef1f35de652b641407007a7c0464ac54fdbd,60.16897,24.95222,00000000aa852af1,16.1
4345,2019-08-01T09:06:11Z,cccf3ba2a9d11b9330c18af8064a20aca9995473495bf119162a1619,60.16897,24.95222,00000000aa852af1,11.7
4346,2019-08-01T09:06:11Z,cce3077cdfeedd0674391bec08ce94732557106542574c58a7f378bf,60.16829,24.94214,00000000afef4555,3.09
4347,2019-08-01T09:06:11Z,ce7de55c7709396c70ce5930097e84449a4889700e605a0b062aaeae,60.16531,24.9442,00000000fdda10fe,27.28
4348,2019-08-01T09:06:11Z,d29a5ebd00326d5dedb6c60cab75fd238bdaa9d7f703f6b5974edbc7,60.16762,24.95415,000000006b44cce7,7.69
4349,2019-08-01T09:06:11Z,d31d6921eee92503b486a1b30f5330581c4744a82e6549f375544846,60.17919,24.95181,000000007b5207b6,20.28
4350,2019-08-01T09:06:11Z,d562afdedae521be241c98441e436608a323fdb944dedc24c835e762,60.17065,24.93641,000000000f4919c9,4.5
4351,2019-08-01T09:06:11Z,d653ef8368d33df4fc7edeb5a381d5826be1471f1470aa9744d47901,60.173,24.92524,0000000096918cfa,2.54
4352,2019-08-01T09:06:11Z,d65b8625c1f24304ff0e3c4a4dce7aa5d434d36be87be41834a49420,60.16531,24.9442,00000000fdda10fe,3.74
4353,2019-08-01T09:06:11Z,d6e217c6592e449e2390b1a874e08cbc9126116901dbdbf84501c6b8,60.17065,24.93641,000000000f4919c9,7.05
4354,2019-08-01T09:06:11Z,d74ea3c9e0aaa523c791aa01f4f9a7c1c43f01f585dc4146b19edf83,60.17918,24.95141,00000000675d5200,5.91
4355,2019-08-01T09:06:11Z,d80b1d1a63e542cbbdb6a33c8fba0b0dcfa324d17f2f3173c3d5a37b,60.18203,24.91341,00000000342570c2,23.56
4356,2019-08-01T09:06:11Z,d8778698d75313bf43f7255696e14eda9502d5d7a6e7315071181cc8,60.16629,24.95957,00000000fb7600be,25.36
4357,2019-08-01T09:06:11Z,d8e192aeb0216a9b0596cedcf42e1b5140d6cfbbc830edc10f50c3d1,60.16762,24.95415,000000006b44cce7,16.1
4358,2019-08-01T09:06:11Z,d95956cedfc4dfe06014194cc1071864bd835fcc014c1fd6f4d33337,60.16762,24.95415,000000006b44cce7,5.91
4359,2019-08-01T09:06:11Z,d983db67d9cd171123ba12eeb19c11f34a3ad1d75fc9214ac3ae8a26,60.17002,24.94407,000000006b087f40,12.69
4360,2019-08-01T09:06:11Z,d9f8ff1809ebe23c7e68bb1cbb1aa6fdfaf22375abf2962da2d7cfab,60.16531,24.9442,00000000fdda10fe,25.36
4361,2019-08-01T09:06:11Z,db4b8a2d98f1238d4f6699de91433f5bec2139b076a5e896f0f354e2,60.16762,24.95415,000000006b44cce7,16.1
4362,2019-08-01T09:06:11Z,dbedd81db3d59ee0c6948187e396a34e2fa5dd6670cf8d862bf5e1ff,60.16762,24.95415,000000006b44cce7,7.69
4363,2019-08-01T09:06:11Z,dc00d45c0dd506326fb4dd3692d409df80cb3d871341ffff720dc834,60.16762,24.95415,000000006b44cce7,12.69
4364,2019-08-01T09:06:11Z,ddae2128c72cf011df2a698a8254b8738fd07a971349ea8a5e8bfa9f,60.16829,24.94214,00000000afef4555,16.1
4365,2019-08-01T09:06:11Z,deb8a213e1b4930e676ee8fdb394161ec46adb785171fa37437b4d44,60.15133,24.92329,00000000e8a064a4,7.69
4366,2019-08-01T09:06:11Z,dfe80baf219bd267a459c954a8e3027b3f1ed29fea2a5355456d5652,60.16897,24.95222,00000000aa852af1,13.75
4367,2019-08-01T09:06:11Z,e0fe7fe5854899c0eb42b75b300339808143419404558ed4d00b0f17,60.17918,24.95141,00000000675d5200,8.38
4368,2019-08-01T09:06:11Z,e234769b1ce1634554f5fa4a290d11b2a30c3dfd009d4c39a2e9dd3d,60.17065,24.93641,000000000f4919c9,13.75
4369,2019-08-01T09:06:11Z,e294dde431d68c7b73efcf1f9b916e40bf408111c79228032c7830a4,60.16544,24.95398,0000000038d83d41,27.28
4370,2019-08-01T09:06:11Z,e2bb0ae74deee6cbc4f50c5f85da3f1779ca1db1ae7ff48ab4b33dbc,60.17918,24.95141,00000000675d5200,9.12
4371,2019-08-01T09:06:11Z,e2f445c6711e0e7d48a6a045bec347587f9f398e8928a171cfa2ca38,60.16762,24.95415,000000006b44cce7,9.92
4372,2019-08-01T09:06:11Z,e528235be3e5cc4945024d50d1ed43061e2e2f2845f2b41e081e1721,60.17918,24.95141,00000000675d5200,18.79
4373,2019-08-01T09:06:11Z,e73dcccbc4dd6af49316f19a34c347cc94ff7ab079a93a2672d78a16,60.14947,24.91438,000000004ef3150d,18.79
4374,2019-08-01T09:06:11Z,e8add7e8346b99cd4b67924113f3763441a1899897c6d1ac3a1a40a6,60.17918,24.95141,00000000675d5200,9.12
4375,2019-08-01T09:06:11Z,e8ed8051f57ad9d9029a5e3b443c5e93e5059f8c487ba45e2583d35a,60.16829,24.94214,00000000afef4555,14.89
4376,2019-08-01T09:06:11Z,e9064a62fac257836cb6fbcf0d84fab1ebdfa46bd6734632f1e6f116,60.16829,24.94214,00000000afef4555,20.28
4377,2019-08-01T09:06:11Z,ea1b1a8ba1c01fdd1e098c585b133fc3d60f7c2458e7c2726e2df8ee,60.16629,24.95957,00000000fb7600be,17.4
4378,2019-08-01T09:06:11Z,ea3f8412ed9c4d92448688dd9cc7ff9e3eeb5fe4373d0953bf0349c1,60.16531,24.9442,00000000fdda10fe,13.75
4379,2019-08-01T09:06:11Z,ea94130fbb3464dc656765cfddbad802ddfafb1af8007cb5f42cd41f,60.16829,24.94214,00000000afef4555,12.69
4380,2019-08-01T09:06:11Z,eaf572301dc5c1eaff007bc1886cce8f0f5e92a233b8686ed2a1a9cc,60.17065,24.93641,000000000f4919c9,17.4
4381,2019-08-01T09:06:11Z,ec2dd83e04d225caca9f6b9d28bd3080ed37c5bf42e5f65123fa2394,60.17065,24.93641,000000000f4919c9,14.89
4382,2019-08-01T09:06:11Z,ec7121833f0e4b509d683b00a9c5e992e4b84882cb857145102e14f4,60.16531,24.9442,00000000fdda10fe,1.7
4383,2019-08-01T09:06:11Z,ec8c0160ac1ee5aeaf6204956c9db2ee4f98f55ae3fe1ec0af07fab8,60.16762,24.95415,000000006b44cce7,3.74
4384,2019-08-01T09:06:11Z,ed86f884272a5a400b55bfd4f22bc8cc5d6fca7fe26eee3c39cb3c52,60.15432,24.9211,0000000019fb59c4,12.69
4385,2019-08-01T09:06:11Z,eedbd720e471fc3c0653bce4eb38b2f3225c8ee78a75d6b9c94a0f86,60.16629,24.95957,00000000fb7600be,25.36
4386,2019-08-01T09:06:11Z,eef621895ee74145a6d76c5f5493a93d7c728c80abe45a2e1933ae9f,60.16897,24.95222,00000000aa852af1,17.4
4387,2019-08-01T09:06:11Z,ef67b9e4617f284b84167b4bdaff71108579a33ced0a2450ff25a1a1,60.16629,24.95957,00000000fb7600be,4.11
4388,2019-08-01T09:06:11Z,f03d20d6bb80ce0745cb0fbed6619e0a6288bfffd08e9aabce1692ba,60.17065,24.93641,000000000f4919c9,12.69
4389,2019-08-01T09:06:11Z,f1447725764ec0dca245fc67f2aa0a0c42e6b05808076aa74f0c1e7e,60.17918,24.95141,00000000675d5200,8.38
4390,2019-08-01T09:06:11Z,f1b28329fc91f4708ca34857c5582c0bf1b7d0ab06127746029cd72c,60.17918,24.95141,00000000675d5200,8.38
4391,2019-08-01T09:06:11Z,f20935810c1567a80c288016c4d4dd32fe86b3479f47ae7dd64d15cc,60.15432,24.9211,0000000019fb59c4,3.74
4392,2019-08-01T09:06:11Z,f27b93329546b5d9c00e9fc70d0df72440f620564e0fff5a89ff8276,60.17065,24.93641,000000000f4919c9,29.32
4393,2019-08-01T09:06:11Z,f3919086bf89b45ea90abf40ffd1372519057bda5b604c1901e841bb,60.17002,24.94407,000000006b087f40,17.4
4394,2019-08-01T09:06:11Z,f4587b90aec9127805880f7c81fc03b9fb513fe363015399b895089f,60.16829,24.94214,00000000afef4555,20.28
4395,2019-08-01T09:06:11Z,f4bbc3077da0455d4340da2eed204915327b75a792080724548b4956,60.17918,24.95141,00000000675d5200,1.38
4396,2019-08-01T09:06:11Z,f50fd3b1715a94dff67461f4b8f252ecaa6acc16459b3d021f34f15e,60.1538,24.95595,0000000038bf9618,27.28
4397,2019-08-01T09:06:11Z,f55165f87792f06aaca9b79eea536f4bd692c8ee806294be5fb014df,60.16829,24.94214,00000000afef4555,20.28
4398,2019-08-01T09:06:11Z,f587de6c8c03387c5e6a66cd7d20c45abad3668c8e2246611122547b,60.14947,24.91438,000000004ef3150d,16.1
4399,2019-08-01T09:06:11Z,f60a6068c654587fa981390a039456a2fdd85e02c009df547e204a45,60.16829,24.94214,00000000afef4555,23.56
4400,2019-08-01T09:06:11Z,f6cf28e5c5a403b1d1d98d925536c19ef5861ddbd1a345e11d477896,60.18203,24.91341,00000000342570c2,23.56
4401,2019-08-01T09:06:11Z,f716dcb476c9dec16df1e638def8b9157b4952a49faa2eba8a164827,60.16544,24.95398,0000000038d83d41,25.36
4402,2019-08-01T09:06:11Z,f741519cf6f519194bb45b9da0e69bda8edb903e3c24d4140f340467,60.16762,24.95415,000000006b44cce7,7.69
4403,2019-08-01T09:06:11Z,f803aeb1f00a057ed31451d0f3d132f27fec17305dc699176ac5339a,60.16897,24.95222,00000000aa852af1,25.36
4404,2019-08-01T09:06:11Z,f9e527876f8dfe750fd29bc42664bbf572aed5d09d344a8934a83d90,60.17065,24.93641,000000000f4919c9,2.8
4405,2019-08-01T09:06:11Z,fa1a3814c680b20020a08346c37ee2853e895984574575312bf262e7,60.14947,24.91438,000000004ef3150d,16.1
4406,2019-08-01T09:06:11Z,fa9f19c58a086fde9429d732b1eec80eacf5fc1b2c0124d17243d008,60.17918,24.95141,00000000675d5200,2.54
4407,2019-08-01T09:06:11Z,fba6e66dd09200012637e0b454c96fd7a5459b7e8b0ba01863cdbd77,60.16762,24.95415,000000006b44cce7,4.11
4408,2019-08-01T09:06:11Z,fc75e05a713e8733c512a31a3bebec0a122af3e7afb2c5059c3f1a3a,60.17002,24.94407,000000006b087f40,12.69
4409,2019-08-01T09:06:12Z,0bc5d37416fd27c336d64358a660668746f2c088ea9bf78994076bf9,60.16829,24.94214,00000000afef4555,36.27
4410,2019-08-01T09:06:12Z,0ffffc922d45d8063a1ee9f51760d94aa7e3f957374f5a86b3a18d09,60.16897,24.95222,00000000aa852af1,27.28
4411,2019-08-01T09:06:12Z,144afc51fc2443c7031a2912566eff2ce60226a49d6d2bd7c2923700,60.16544,24.95398,0000000038d83d41,29.32
4412,2019-08-01T09:06:12Z,14c7e1511b70f4dd3359cbece1377aebb4d70531f5489eefe53d7c3c,60.16544,24.95398,0000000038d83d41,29.32
4413,2019-08-01T09:06:12Z,15918569de0a46a8eb56b43d8d39f7fc82619ff1006f00822c85745c,60.17918,24.95141,00000000675d5200,1.7
4414,2019-08-01T09:06:12Z,165ebbb4090d47319ae370f0d0854fdc1f6b79499f8b2e4d3c3533c0,60.16544,24.95398,0000000038d83d41,25.36
4415,2019-08-01T09:06:12Z,171d0bf49a26400390df42bc1c9af98d9279bf8ccee92f39288845e1,60.16762,24.95415,000000006b44cce7,2.54
4416,2019-08-01T09:06:12Z,1951291ca064d0fb480d958037c1477427d2ca8db455fef0b741bf9f,60.16448,24.97323,0000000053c6c2be,18.79
4417,2019-08-01T09:06:12Z,1f0f0628cdc688d76bde2b82bee5b9b4916bf0bbdfe76cf3213e1c65,60.15432,24.9211,0000000019fb59c4,10.78
4418,2019-08-01T09:06:12Z,2f33dacc8bf2b0b809b88130b46696c922929e1eb8ea92017f05509a,60.16448,24.97323,0000000053c6c2be,18.79
4419,2019-08-01T09:06:12Z,5b91abc1d452431fdb7bc15f638eee91a54034b6327f40e58ccacda6,60.14947,24.91438,000000004ef3150d,36.27
4420,2019-08-01T09:06:12Z,5d65719c4cbf045f068d084b72302f447d5fd034413d97d13be00d0e,60.18203,24.91341,00000000342570c2,18.79
4421,2019-08-01T09:06:12Z,6a657079c1bdc8114c289be1ddd83e5846d4279a920d1697b8ff0033,60.18203,24.91341,00000000342570c2,23.56
4422,2019-08-01T09:06:12Z,6ff437688c444238352c28f64f9d2a7d0f14d19c9ea42c225380501e,60.16762,24.95415,000000006b44cce7,9.12
4423,2019-08-01T09:06:12Z,76c7f42283513d0e289bf786d89463b5025b2ae0f4e13519a4cf228b,60.15432,24.9211,0000000019fb59c4,20.28
4424,2019-08-01T09:06:12Z,84fdfd8881f633c5f0c71c1480053953ca4b05e848052d97c063ad38,60.1538,24.95595,0000000038bf9618,25.36
4425,2019-08-01T09:06:12Z,87dfaad29a9276ddddb1fa021d3bc23ad14824c1af16f7d87e713689,60.14951,24.92138,0000000006dd41f6,9.92
4426,2019-08-01T09:06:12Z,8cc6ddaa460aeae8cc9e8a33f91a01c8cd4c0c8bf8a943210a28c84d,60.1538,24.95595,0000000038bf9618,14.89
4427,2019-08-01T09:06:12Z,9843c6216661048343a0e49cf3d8aa2883cf77f452666a1c873a1052,60.16448,24.97323,0000000053c6c2be,9.92
4428,2019-08-01T09:06:12Z,9d03d14afa49576281aa26db60e517f7c1ec8aa36f7756959a860a8a,60.16629,24.95957,00000000fb7600be,11.7
4429,2019-08-01T09:06:12Z,a91d379a4b57c5df22db0d7a041ff69f657b4b31f28554b1011fc03c,60.16544,24.95398,0000000038d83d41,36.27
4430,2019-08-01T09:06:12Z,a9da1ee82e3b670e276c26b483dd50f4a6d0c6f77ef82245d3ae6086,60.18203,24.91341,00000000342570c2,8.38
4431,2019-08-01T09:06:12Z,ab0f67c0c0e1ba5eac9013f9c314feadf340ddf08543b91e70483594,60.16544,24.95398,0000000038d83d41,23.56
4432,2019-08-01T09:06:12Z,b1f358076ba79ef902a36ca8ae3f8ec7c93308a67c479345bfdbdecf,60.1538,24.95595,0000000038bf9618,21.87
4433,2019-08-01T09:06:12Z,b4faf2d3c4d2b199afeab6ab63b583fe3a2e81e14abbef6917f25129,60.15432,24.9211,0000000019fb59c4,17.4
4434,2019-08-01T09:06:12Z,b5fd6b317890e5ab2d79e2cd1abe61626d45a753c7337d0d40728898,60.16762,24.95415,000000006b44cce7,8.38
4435,2019-08-01T09:06:12Z,c40c37def6bf11a63a2556519a7c6233fd417cdeea2cf14f28e7c42c,60.16531,24.9442,00000000fdda10fe,31.5
4436,2019-08-01T09:06:12Z,ce783d3c1b06378e5c39c25687746a6f88fbb0ff2b36e3405fb61cf8,60.16762,24.95415,000000006b44cce7,16.1
4437,2019-08-01T09:06:12Z,cf05623e4d87ce0906c0b0b7dbf53aacc1228016cd27c341228b6e76,60.18203,24.91341,00000000342570c2,18.79
4438,2019-08-01T09:06:12Z,d127ead865385b64ae537a703a26be15fae4b5332ce0fbf03d5e0c23,60.1538,24.95595,0000000038bf9618,33.81
4439,2019-08-01T09:06:12Z,d178749a24c32676d0da0f51ae6ff63c456499d4b1814af8fa75ca9e,60.16448,24.97323,0000000053c6c2be,9.92
4440,2019-08-01T09:06:12Z,dd2c9c82cf3737146294aff6f814a1349fb0bc4bedf518715dacbe8f,60.18203,24.91341,00000000342570c2,9.92
4441,2019-08-01T09:06:12Z,ec72ef080c605e71978aed0d3b5f22c3c3133677a43c614b72eedc6d,60.14699,24.922,00000000a53ed894,27.28
4442,2019-08-01T09:06:12Z,ed70dda6b7faebd4340dacdb452ab224d9d3c308df417b7fa76f54e8,60.14951,24.92138,0000000006dd41f6,23.56
4443,2019-08-01T09:06:12Z,f7e45613ad966fea53fab73b435ba3a087c774e36596b3a5156a3487,60.16829,24.94214,00000000afef4555,3.09
4444,2019-08-01T09:06:12Z,f83d4b6b8ffbf8a674d212e32100b2360b80261b4e9207d77c0b0ed3,60.17918,24.95141,00000000675d5200,5.91
4445,2019-08-01T09:06:12Z,f99c5dd8cc08bd2353083d875ce8bc585fb2c2ff8427b90d92f571de,60.1538,24.95595,0000000038bf9618,29.32
4446,2019-08-01T09:06:12Z,fc4f3a44235f1cfc7b53f14ba2da599976a5a0a220d23b852688e485,60.17918,24.95141,00000000675d5200,11.7
4447,2019-08-01T09:06:12Z,00787dad708490660b0b836fa415681cc57046fa521c0c0aaea14a9e,60.16762,24.95415,000000006b44cce7,6.46
4448,2019-08-01T09:06:12Z,00cf880933075f70a32ca748c0299b5dee3089d042185bd2787eed56,60.16762,24.95415,000000006b44cce7,29.32
4449,2019-08-01T09:06:12Z,00d98e49fc01c16216b630f9fdf19ce9826d27552ce2fa4676de957b,60.16829,24.94214,00000000afef4555,12.69
4450,2019-08-01T09:06:12Z,011372b726688a0c953368b50bc5a1cb0212c17dbecc587d9f9d75ce,60.16629,24.95957,00000000fb7600be,36.27
4451,2019-08-01T09:06:12Z,02050a536056486b1bf139282f0d0a3af63def1d56ff0c73ac51bb19,60.14947,24.91438,000000004ef3150d,13.75
4452,2019-08-01T09:06:12Z,023083c44c772667f1727e01c74518889b2a82d78ceb28c08b6f8a20,60.16531,24.9442,00000000fdda10fe,12.69
4453,2019-08-01T09:06:12Z,02fb8c740573d86a30d1a85d4b270f0d198cd0487446d6ca84453f3f,60.16544,24.95398,0000000038d83d41,29.32
4454,2019-08-01T09:06:12Z,0362cc670dcfab795a3911957b6a177416bf9b99d0e2732716796c4d,60.15432,24.9211,0000000019fb59c4,3.4
4455,2019-08-01T09:06:12Z,03f427d436ba092925de462b11374bdbdab0443620037675621fbc11,60.17919,24.95181,000000007b5207b6,6.46
4456,2019-08-01T09:06:12Z,04c26e81b9a9c7fbc6060d74236c616220c3cd580100a0c58a62ea1a,60.16897,24.95222,00000000aa852af1,20.28
4457,2019-08-01T09:06:12Z,063935180fff0e58de5d319ecb9320cf794423e3c6aeac0cca8f1a9f,60.16897,24.95222,00000000aa852af1,10.78
4458,2019-08-01T09:06:12Z,0670a01b5d0e505e7ec50165f157d60f57a5bb3b6c65922412509ab2,60.16829,24.94214,00000000afef4555,14.89
4459,2019-08-01T09:06:12Z,084a28a3b7b25fc337905f6c6115a66adb0bea6908a071ada1e2e1b5,60.14951,24.92138,0000000006dd41f6,27.28
4460,2019-08-01T09:06:12Z,08f10568d1e90d000e41196f141e0c1a52bab88fcf08f4753a3c055e,60.16897,24.95222,00000000aa852af1,20.28
4461,2019-08-01T09:06:12Z,08f9fd60f852d3502bfa509c955e9963e73954f961d55ba8cd46cae9,60.16629,24.95957,00000000fb7600be,12.69
4462,2019-08-01T09:06:12Z,0951ec0c700dba7330b8e8181fc852becde054d0dc7474d1488db3cd,60.17065,24.93641,000000000f4919c9,25.36
4463,2019-08-01T09:06:12Z,0be2a3b6b9e65388a4a4610e68e8a155d49d54abdac339e46f273184,60.17002,24.94407,000000006b087f40,25.36
4464,2019-08-01T09:06:12Z,0c1684b697a63d7f47ebaedcfa060b3b4af294fec1e62d613699291a,60.16897,24.95222,00000000aa852af1,4.94
4465,2019-08-01T09:06:12Z,0c2d3bdaf0e8a9d6efcf95298acb85805b31c1c6618f00dd4489dddb,60.16762,24.95415,000000006b44cce7,14.89
4466,2019-08-01T09:06:12Z,104fa538ac0d60a9767adf904a9d871eb65a81fb8577bade30725347,60.16448,24.97323,0000000053c6c2be,17.4
4467,2019-08-01T09:06:12Z,1069967e3921871955b1b2b42e60f829c593a3e024401bfe61ae410e,60.16629,24.95957,00000000fb7600be,12.69
4468,2019-08-01T09:06:12Z,10d0fed0f7d40b253b5fc5a53297dc9af8bb76fa6f34d5e71383cb62,60.17918,24.95141,00000000675d5200,18.79
4469,2019-08-01T09:06:12Z,11402877d08ee84d016ef8e86d3033bf6da0948f6e6bd2defce32338,60.16762,24.95415,000000006b44cce7,11.7
4470,2019-08-01T09:06:12Z,12b9b313e577dbbb9619247e0a5ded14c2b56bede5b421cac44f9597,60.16448,24.97323,0000000053c6c2be,25.36
4471,2019-08-01T09:06:12Z,13a759fd293cbde0d55db753d853768b718e59036c4007d2e3a8757a,60.16762,24.95415,000000006b44cce7,12.69
4472,2019-08-01T09:06:12Z,13cbade1d832c78b1a0a68fd9a6559054370eeae58247347955ee632,60.16897,24.95222,00000000aa852af1,7.69
4473,2019-08-01T09:06:12Z,141ffc858c3ea6a2e69c954115114304736a35dc25ec947323090dc0,60.16762,24.95415,000000006b44cce7,29.32
4474,2019-08-01T09:06:12Z,1564db6ab71666bfe0865d19fd134f7018f49bc12ff1969853697784,60.16531,24.9442,00000000fdda10fe,21.87
4475,2019-08-01T09:06:12Z,164d8280dbb888033f64368dd641bcef597fc327148fcf74374894c5,60.16544,24.95398,0000000038d83d41,12.69
4476,2019-08-01T09:06:12Z,16e18d478be872d2a9801fa885d08edeb3f5ae1840b38478f9baf535,60.17918,24.95141,00000000675d5200,18.79
4477,2019-08-01T09:06:12Z,1880dcca5077d4ccd63084e82a411f0cb7abb12f9883625b046f2e24,60.16829,24.94214,00000000afef4555,17.4
4478,2019-08-01T09:06:12Z,188d2e17eacbe726e4d834ba5fdd055045b0b5a38b32ad73ea7c5d9f,60.16762,24.95415,000000006b44cce7,13.75
4479,2019-08-01T09:06:12Z,190cdde22bc3e3a41cd0f9da7efb3a917bc09e8034b05ca6064ea8a8,60.17919,24.95181,000000007b5207b6,23.56
4480,2019-08-01T09:06:12Z,1b4a6be5c1125aa14a89475b490ebff5ffbc62f3b6ef08d185dab136,60.16829,24.94214,00000000afef4555,16.1
4481,2019-08-01T09:06:12Z,1be12a4f71b98dc9509141bc1a766b833b6c15dc22303f7006afbe96,60.17065,24.93641,000000000f4919c9,21.87
4482,2019-08-01T09:06:12Z,1cfafdaa3ff1975bcf6f699641431e88775ba2183074d825eeb81dd3,60.149,24.9843,00000000fffb8cf0,14.89
4483,2019-08-01T09:06:12Z,1d70ff49909e1d6fb653ae053aa78084daf385dbbd2ad22b05707309,60.16829,24.94214,00000000afef4555,13.75
4484,2019-08-01T09:06:12Z,1dacfb371d75dd4f90f447aac2a00faad98beb4188a6971c19eb2375,60.16629,24.95957,00000000fb7600be,27.28
4485,2019-08-01T09:06:12Z,1dbecade1f3540eb44c3d86cb1ffc73d5bf422ea0cf76927c2d5cd74,60.16829,24.94214,00000000afef4555,21.87
4486,2019-08-01T09:06:12Z,1dcff36b6f83b08b6ea87c1c1018c542c270299839908ca446dffb39,60.16762,24.95415,000000006b44cce7,10.78
4487,2019-08-01T09:06:12Z,1e3af5697f0a2ae45f261da79e4ba71c868dc4d78008bd1995fe6259,60.16448,24.97323,0000000053c6c2be,25.36
4488,2019-08-01T09:06:12Z,1eadb2c1984aa73c3c2f13eab0a2e793331443c617681e36887f0bcc,60.16629,24.95957,00000000fb7600be,18.79
4489,2019-08-01T09:06:12Z,1ee31e823418afcc2db9b5ab584f084c2969cb4fcbfc07d75a5319ff,60.16531,24.9442,00000000fdda10fe,36.27
4490,2019-08-01T09:06:12Z,1f813dc10021899138c12ca17c58ab3dc24db1750dcb1790f9c20e8f,60.15133,24.92329,00000000e8a064a4,10.78
4491,2019-08-01T09:06:12Z,22ac1ab1c590ea19b44c61c42f5e8da29a6acbabf56676527811507a,60.15432,24.9211,0000000019fb59c4,8.38
4492,2019-08-01T09:06:12Z,25479245e5a8b0fe47e2bd590cdd63256d84afd6c164781dc64e527d,60.149,24.9843,00000000fffb8cf0,4.94
4493,2019-08-01T09:06:12Z,25d340d14d855b8c18b2c6f2551ec98a1eb047d1fd3457ba881ddf28,60.17918,24.95141,00000000675d5200,18.79
4494,2019-08-01T09:06:12Z,277fcf3cc917a89b46a34e0cf5164a78f5bcc88d92bb45ded60f1a91,60.17065,24.93641,000000000f4919c9,6.46
4495,2019-08-01T09:06:12Z,27b591b33a56a542440b53031a24f42290b0ec1a194af27700b75a3a,60.17918,24.95141,00000000675d5200,9.12
4496,2019-08-01T09:06:12Z,2823bf6afde4a5cc05342c15e7417c9590ba52264be5793bb688faab,60.17065,24.93641,000000000f4919c9,20.28
4497,2019-08-01T09:06:12Z,28296ae2b460df2f6807f8a84b81e5ebd24677a05bded29111dc33a4,60.17002,24.94407,000000006b087f40,25.36
4498,2019-08-01T09:06:12Z,28d50861d92f962c7a49eabaa524431aebf52870e44b79f77d7167c6,60.17918,24.95141,00000000675d5200,4.5
4499,2019-08-01T09:06:12Z,29ae3c5c3aeac0c607bc816f7e74c232a40142b79a52c43c7b1ed42f,60.16829,24.94214,00000000afef4555,20.28
4500,2019-08-01T09:06:12Z,2afa9ac588b2c55e8edf99ee96ecaf63451a7ab1e51571b7e2d1d491,60.16762,24.95415,000000006b44cce7,11.7
4501,2019-08-01T09:06:12Z,2c6810efb2565383ca0a554f3c51f3f7905484357f5e00756dbf091a,60.17918,24.95141,00000000675d5200,5.41
4502,2019-08-01T09:06:12Z,2c6f6440161f9061a850e8db96383d5eb111f0d1d8f0b666b7c49f22,60.16897,24.95222,00000000aa852af1,18.79
4503,2019-08-01T09:06:12Z,2dcc113a258bced083c9729d8e62d6001f909ce1c9dac69fa7bead83,60.17065,24.93641,000000000f4919c9,25.36
4504,2019-08-01T09:06:12Z,2f43b7a683b0d365a46b6259a032813c293472eaedcdbcc3507adee5,60.17919,24.95181,000000007b5207b6,20.28
4505,2019-08-01T09:06:12Z,2f79108a454c0072885ad1447280ed5098d061b229eaae61a8bb67be,60.15432,24.9211,0000000019fb59c4,21.87
4506,2019-08-01T09:06:12Z,2f82b3546af2df53b58cddc668c9aa196554108cdf39120ea40b417c,60.16629,24.95957,00000000fb7600be,7.69
4507,2019-08-01T09:06:12Z,305fbd6210068d9850f2080e20d5f4674db13ed9e5b56d5f71c4d21f,60.16629,24.95957,00000000fb7600be,25.36
4508,2019-08-01T09:06:12Z,312e78d3624e87e1645e7d54f96facd8a2321d6e65a3ef0620fb1d42,60.16531,24.9442,00000000fdda10fe,25.36
4509,2019-08-01T09:06:12Z,32fcb1ab3a9fde533916ca28a0d5b56bbb45fd171dd5bae91f66ec6c,60.16897,24.95222,00000000aa852af1,14.89
4510,2019-08-01T09:06:12Z,33fa4cb82db5b44ffe6e7ae1039635187f90d1df328f8f139da0c693,60.17918,24.95141,00000000675d5200,3.09
4511,2019-08-01T09:06:12Z,3480c16a6649952c388d8902596e332f018e609b9585f483353ae026,60.17065,24.93641,000000000f4919c9,6.46
4512,2019-08-01T09:06:12Z,34e96c7caa63e7ede8f428b18e8fb556ac235d61a50c9d6ac7ff268f,60.17919,24.95181,000000007b5207b6,3.4
4513,2019-08-01T09:06:12Z,3609f484ad7e56259f60a61aba44f22dfca5c8b2564fce7e802ad342,60.16829,24.94214,00000000afef4555,1.12
4514,2019-08-01T09:06:12Z,367b1989198ef11170dd9fcfa7e6ebb5ceb58aab87c613ee1bb86e8c,60.16531,24.9442,00000000fdda10fe,5.41
4515,2019-08-01T09:06:12Z,3685ee6d322dcb2ad0ae181f66c3c5427d4531d7896d2f5f7571bb6d,60.16762,24.95415,000000006b44cce7,9.12
4516,2019-08-01T09:06:12Z,38fb20c6d55b10dd10a39c0fb41ad61297453e25afda81cf32313ae3,60.16531,24.9442,00000000fdda10fe,23.56
4517,2019-08-01T09:06:12Z,39126ffb278f49e06180cc6abe5b31ab3acdce1534b5b6ffa0b6e567,60.18203,24.91341,00000000342570c2,21.87
4518,2019-08-01T09:06:12Z,39c6456ee66fe96eee3d97cee2a70923cedb3da760bb5d4d413adb9c,60.17918,24.95141,00000000675d5200,9.92
4519,2019-08-01T09:06:12Z,39e9fa7033887b7ab339887aa68753ff94d4771cda2bb8ff4ea7aa0a,60.17918,24.95141,00000000675d5200,13.75
4520,2019-08-01T09:06:12Z,3a1afdcf7c2e5a52cdbcbbe29e8281c184037e8720920c6c75bee339,60.15133,24.92329,00000000e8a064a4,14.89
4521,2019-08-01T09:06:12Z,3a2f1a2c6c645bd161943b3f19c171d021512d7a8c4273ed3022f5df,60.16829,24.94214,00000000afef4555,18.79
4522,2019-08-01T09:06:12Z,3a38ba36c098f2741d6c5fb5a751fcd074d05d698ac592ca09ab443c,60.16448,24.97323,0000000053c6c2be,20.28
4523,2019-08-01T09:06:12Z,3a97ae4dcab31eb5e15e5d036d286e9764e25bcf0ad8afcfba854c90,60.16762,24.95415,000000006b44cce7,10.78
4524,2019-08-01T09:06:12Z,3be40c84926a525adbd09eeeb3a12b73b24c633942b2e1fbe8151ac3,60.16448,24.97323,0000000053c6c2be,13.75
4525,2019-08-01T09:06:12Z,3cc82d532d2a768e0c987e2653e32825a8b11fc2f7ba36388535f6e2,60.16075,24.95883,00000000f1124bca,36.27
4526,2019-08-01T09:06:12Z,3eea43670f4f29a90ced59c1af122371340275fb61ff8f14c7120658,60.16762,24.95415,000000006b44cce7,5.91
4527,2019-08-01T09:06:12Z,40646914186edc6142b7fc3daf766121b55f5bb36ea38facff686ea5,60.16897,24.95222,00000000aa852af1,11.7
4528,2019-08-01T09:06:12Z,40825cb0d315c92e0e0a73cc8e86c3b763bbf7ce226f112913e05e0f,60.17065,24.93641,000000000f4919c9,17.4
4529,2019-08-01T09:06:12Z,41a0ca2955e0ae0324f6e14aeb77ebfaac5305e31d86c42a20277b94,60.15133,24.92329,00000000e8a064a4,5.91
4530,2019-08-01T09:06:12Z,4256b81faf420b0636e1bfcf21e8b61482045aed964aae9089c67296,60.16829,24.94214,00000000afef4555,27.28
4531,2019-08-01T09:06:12Z,42844e90c7134ebb3ec325f57cd27cd24711c779548ebc8692a820d5,60.14951,24.92138,0000000006dd41f6,3.09
4532,2019-08-01T09:06:12Z,432417b4972b744ded3410777a6bbb583cf56172bf3436ddbe48a21d,60.16762,24.95415,000000006b44cce7,5.91
4533,2019-08-01T09:06:12Z,4393fccdbc9fb22fab14f03ea52183ad558bcd436202e69f56a7b77a,60.16762,24.95415,000000006b44cce7,10.78
4534,2019-08-01T09:06:12Z,43d657abf5036a457a0ffea71e8ef92f239c00f5f179d1e0a21dd559,60.16762,24.95415,000000006b44cce7,21.87
4535,2019-08-01T09:06:12Z,43e023a8726ec4c53a8cea6dcaa79e722da4677e37f3f6c9d3cc9873,60.16544,24.95398,0000000038d83d41,21.87
4536,2019-08-01T09:06:12Z,4470412c4b059a920f2699fbfb72b261e0847b3e1caa8c71d2edd5a2,60.16448,24.97323,0000000053c6c2be,17.4
4537,2019-08-01T09:06:12Z,44cd682aaef3e1d1bc2b0eac71d75bb3a951f74d7c93810d260dfd07,60.16829,24.94214,00000000afef4555,29.32
4538,2019-08-01T09:06:12Z,4642dfa1df839f11e64f68bca4e3dce7bde2ff6dd68c54959fcb4788,60.17918,24.95141,00000000675d5200,9.12
4539,2019-08-01T09:06:12Z,4682d95464cedcc021f38271a51bab9c000762b4acf802070e259ba2,60.16629,24.95957,00000000fb7600be,8.38
4540,2019-08-01T09:06:12Z,47bd1492244c444d45674eb48dd2e6f222cb109d820ba807c4e18c1a,60.16629,24.95957,00000000fb7600be,16.1
4541,2019-08-01T09:06:12Z,49bbad87e4d6cd03bdb073bde7be91193d74d29943badce7fc536916,60.16448,24.97323,0000000053c6c2be,4.94
4542,2019-08-01T09:06:12Z,49df780a7f20a99ad2810fa4bbb46b5fac9bc5cbe3fc800cd572f63a,60.14947,24.91438,000000004ef3150d,16.1
4543,2019-08-01T09:06:12Z,4ade4f0d92c6157a42d7fd8e353d1c93551324ba47cc134b840a6c63,60.16897,24.95222,00000000aa852af1,9.92
4544,2019-08-01T09:06:12Z,4b4afca270c22aae160d996711ae685b598b87871b3b4ab2f96786b6,60.14951,24.92138,0000000006dd41f6,23.56
4545,2019-08-01T09:06:12Z,4ba529eeafb27285cbbade6e5ece0d4d04bd2d13c98b27a5d17abd22,60.16897,24.95222,00000000aa852af1,2.8
4546,2019-08-01T09:06:12Z,4c8696833edf46025bc9b5f589679b77a73c857736036aa9ef6696e5,60.17002,24.94407,000000006b087f40,18.79
4547,2019-08-01T09:06:12Z,4c9ae70dbc76e40ddd22584edc060b7176dbaeebfdaf50e5f98c6acb,60.17065,24.93641,000000000f4919c9,23.56
4548,2019-08-01T09:06:12Z,4f9125edf503fe3cb0ba1e1221fe6a67aafd99fcd89fd92d2bf20e97,60.16897,24.95222,00000000aa852af1,18.79
4549,2019-08-01T09:06:12Z,4f93c5c493e876fd65b50774e1c92d808bcddb72337905c0c6bb385b,60.16829,24.94214,00000000afef4555,20.28
4550,2019-08-01T09:06:12Z,5001aabb6808b9fd96b705d1ebe8e7aca52713c2640100d81879dd86,60.17918,24.95141,00000000675d5200,9.92
4551,2019-08-01T09:06:12Z,504f910a0bd104a130b85d0c50467a15e74dc950bcc9eac3ebecc43e,60.16531,24.9442,00000000fdda10fe,17.4
4552,2019-08-01T09:06:12Z,51ec42fdd85671ae93876c3d875b24e56cb45699e9c3d2b623dca70d,60.16762,24.95415,000000006b44cce7,5.91
4553,2019-08-01T09:06:12Z,5372348389197e6c4bc4c5e3dab047e7384d562220e6295904bbda1b,60.17065,24.93641,000000000f4919c9,3.09
4554,2019-08-01T09:06:12Z,5385ddf78e929052bb12c39651fb3ff99e3642aa079d49f687b4c73c,60.16762,24.95415,000000006b44cce7,7.69
4555,2019-08-01T09:06:12Z,53fb53be4440aecb1a1fa63a9da1db08182cc7e252da14685e63373d,60.16762,24.95415,000000006b44cce7,4.94
4556,2019-08-01T09:06:12Z,54b89ed12e25892c9160e029a0379d61425b88db1aa30b06f9ea2d8b,60.17002,24.94407,000000006b087f40,18.79
4557,2019-08-01T09:06:12Z,54bd709173219e8017f317b63ecc83d0a48f64542e6fa1b83c86a56c,60.17918,24.95141,00000000675d5200,18.79
4558,2019-08-01T09:06:12Z,556cae6b2e2dec6fe691a835e8e08bd016b1a65797c0aca46879329f,60.17919,24.95181,000000007b5207b6,10.78
4559,2019-08-01T09:06:12Z,559429bba23762a872fc7b1e2219d42125ab101e4355d43fdb94ed7b,60.17918,24.95141,00000000675d5200,12.69
4560,2019-08-01T09:06:12Z,559e6a5225ce35ab844c63ea0d0c1695dc490a3d9cfbafa5d35ac8d8,60.14947,24.91438,000000004ef3150d,13.75
4561,2019-08-01T09:06:12Z,580f32ffed6360b30b2f9c7501977fdf5205499bea30d742caf8b2fe,60.14951,24.92138,0000000006dd41f6,29.32
4562,2019-08-01T09:06:12Z,584cb0b0cdd14e608c8b57c8aecc9826f9b40027e365e2438a444ea2,60.16762,24.95415,000000006b44cce7,11.7
4563,2019-08-01T09:06:12Z,5865a27b5b56a60bca38e4a1403655e3e7fd0232a3ff2079965aff81,60.15432,24.9211,0000000019fb59c4,2.54
4564,2019-08-01T09:06:12Z,58754229cd3381042c5ffda79c0108c5f77aa1f0f6d1468b9cb42b4c,60.16829,24.94214,00000000afef4555,14.89
4565,2019-08-01T09:06:12Z,5978726eeef638856dafd3a8d199287f8daf9e90ddde750b402f8bb0,60.17065,24.93641,000000000f4919c9,0.41
4566,2019-08-01T09:06:12Z,5a34b02faac3189217466888ef1d31cc80f721ac2f18638c5db88d53,60.14947,24.91438,000000004ef3150d,17.4
4567,2019-08-01T09:06:12Z,5a9efbe8f65e35595e70adafcd4cf88fa573bb76f3759331cd95cab0,60.16829,24.94214,00000000afef4555,18.79
4568,2019-08-01T09:06:12Z,5b06617477af6dcee75a94ac347364b50f6f3b5b7d747e5413d9ad58,60.14947,24.91438,000000004ef3150d,13.75
4569,2019-08-01T09:06:12Z,5b87e95c530abdc4b86908a134da58f9ddf2a72683102dcad78799da,60.16531,24.9442,00000000fdda10fe,29.32
4570,2019-08-01T09:06:12Z,5c1f71098d5d7258d2971061c791c94e0138c8e02225c5f60d6a0428,60.149,24.9843,00000000fffb8cf0,13.75
4571,2019-08-01T09:06:12Z,5ce9d99c3ea073329b62d185601a7874e9f5d8eddc79c2b4fca01bc3,60.16829,24.94214,00000000afef4555,14.89
4572,2019-08-01T09:06:12Z,5daa76852f3e1be6c75fa2185d5787ab9010cf83d6671515769a8649,60.16531,24.9442,00000000fdda10fe,13.75
4573,2019-08-01T09:06:12Z,5e2c5c20c88ccf362ed8749d1ddc041b1cb1c38d8dbeac7870179322,60.16629,24.95957,00000000fb7600be,11.7
4574,2019-08-01T09:06:12Z,6072bfb496e2b8a999c9edbda5b76fbc0e783ff2a439c4e6c881fabf,60.16829,24.94214,00000000afef4555,12.69
4575,2019-08-01T09:06:12Z,619c5b31af2a28703a837cc7974ef0d2c5bb6584ba0fcc03076218ac,60.17002,24.94407,000000006b087f40,20.28
4576,2019-08-01T09:06:12Z,626bf35ce16dba1054cfd175d09475d3ee751bf70e56f984ff5c7ab6,60.15133,24.92329,00000000e8a064a4,21.87
4577,2019-08-01T09:06:12Z,63ff2439779051005c18876d20ed53ce060c1de9d7976821bd518fc6,60.15432,24.9211,0000000019fb59c4,9.12
4578,2019-08-01T09:06:12Z,65b6b62b547e11e10f7f83ad497446bee2bb9653097d9d62e9b1b817,60.17065,24.93641,000000000f4919c9,20.28
4579,2019-08-01T09:06:12Z,66ad74b1795a3f2db404e46e89b7cdeb3d6e231b6573e3fd29bb7eef,60.16897,24.95222,00000000aa852af1,23.56
4580,2019-08-01T09:06:12Z,674355e17da9460e58566497be518f2eb537880c67c788fedb5067db,60.16629,24.95957,00000000fb7600be,10.78
4581,2019-08-01T09:06:12Z,67cf7d2881080aa59ed36a6d88ea1946d17e9d1d5e1ad9eee1851969,60.18203,24.91341,00000000342570c2,21.87
4582,2019-08-01T09:06:12Z,685af6b01bd180194d718801bb8b9c9de22050cc392d6c6441fe986b,60.18203,24.91341,00000000342570c2,25.36
4583,2019-08-01T09:06:12Z,68d7ad8fab31b3c5967a814376d0ddc6cf42e1db0d9e09dfbba169bd,60.16762,24.95415,000000006b44cce7,13.75
4584,2019-08-01T09:06:12Z,69e2854c78a472b462941ef730aa9fa7a9dba9c1cc22996396d4c78a,60.17918,24.95141,00000000675d5200,3.09
4585,2019-08-01T09:06:12Z,6a10589866d3928c96556bf2a61fc0426579b5f948f98bc9ddc1ba05,60.17002,24.94407,000000006b087f40,23.56
4586,2019-08-01T09:06:12Z,6adce4d05e58232a97635a2fd7918e4e49d9295afc0989d727f9c712,60.17002,24.94407,000000006b087f40,16.1
4587,2019-08-01T09:06:12Z,6bd8f29dd69224345723669424cf7a61a7315a6f812ef43e5a7a44da,60.16762,24.95415,000000006b44cce7,20.28
4588,2019-08-01T09:06:12Z,6be747c7ea296d5a1f3e2942a6208d5f61fe895abb9a13c65372b130,60.16829,24.94214,00000000afef4555,11.7
4589,2019-08-01T09:06:12Z,6d98ac1fea7056e5b96d6095caf0e3677a4ec30e9fbcc2e50ae1cf65,60.16629,24.95957,00000000fb7600be,13.75
4590,2019-08-01T09:06:12Z,6dca84ddf4be668487766d17c5d13961ed713d24032f709ae87a497f,60.16829,24.94214,00000000afef4555,16.1
4591,2019-08-01T09:06:12Z,6dd5463e670c352180c1e912300e21e59f5e2976266df8c3c92b0baf,60.16829,24.94214,00000000afef4555,20.28
4592,2019-08-01T09:06:12Z,6e80fcea10d21e1d5e672b554c0f3fe686dc58934f38c3391fd5c262,60.17002,24.94407,000000006b087f40,11.7
4593,2019-08-01T09:06:12Z,6fe2cf6737d40d71251dac8ebef5356a2b765621e97a346c00a6031c,60.15432,24.9211,0000000019fb59c4,3.09
4594,2019-08-01T09:06:12Z,7003a7f6a5523b645634f014e04bea36016953a8af9324e35602bc2e,60.14947,24.91438,000000004ef3150d,11.7
4595,2019-08-01T09:06:12Z,704c3f3075f13713c363014fa828e4a932e7a05676813b9963a1e554,60.17918,24.95141,00000000675d5200,4.5
4596,2019-08-01T09:06:12Z,70d391038ec56b63a3737605c2c1db6ffbdca8e4490691776dc993f1,60.16829,24.94214,00000000afef4555,7.69
4597,2019-08-01T09:06:12Z,7292a4a47ed655e0ce0ead026bb0ae4b8093342f87a9aed5665c1456,60.16762,24.95415,000000006b44cce7,12.69
4598,2019-08-01T09:06:12Z,729ff6c11a329a93558e45f928e88c80adcb69e32a2e9a55149c0f36,60.18203,24.91341,00000000342570c2,27.28
4599,2019-08-01T09:06:12Z,75003dbce84bab66829b2489dc3bff3abc4ec7f1b136c28b0835fa0e,60.15133,24.92329,00000000e8a064a4,8.38
4600,2019-08-01T09:06:12Z,750297d0d8ff0ca837d9c2289c26302d62f38708617150431ab14509,60.16531,24.9442,00000000fdda10fe,20.28
4601,2019-08-01T09:06:12Z,75049fff3ffe95cf5b5e0535038134cb40d495916403fefb6d657a50,60.16762,24.95415,000000006b44cce7,13.75
4602,2019-08-01T09:06:12Z,7563b91d728fe470bc4d89aa18128a87b92c747336dd2c70cfbf9e84,60.1538,24.95595,0000000038bf9618,25.36
4603,2019-08-01T09:06:12Z,7700297fec4982ad776529835e2ab46d4e5cbc889e26f368c19efeef,60.16829,24.94214,00000000afef4555,20.28
4604,2019-08-01T09:06:12Z,774131d73accbbb31ec3c43c3501b7969645eb65df1839ca8116526e,60.15432,24.9211,0000000019fb59c4,4.11
4605,2019-08-01T09:06:12Z,7803e2d46157a5482e745447d4c2c332fbd818d87a20b0f6187c628d,60.17065,24.93641,000000000f4919c9,29.32
4606,2019-08-01T09:06:12Z,78ec3b06e6504f54673ca689d2a31a647973ada7b757f2139ecb9f8e,60.16897,24.95222,00000000aa852af1,25.36
4607,2019-08-01T09:06:12Z,79669159e96cc1cdf3879c3db8c5621167f92aaa10df4dd21a9be1de,60.16829,24.94214,00000000afef4555,11.7
4608,2019-08-01T09:06:12Z,7c1534082e86ff4387878d813207626d8f728aa26b97248e00a3b8d7,60.16629,24.95957,00000000fb7600be,13.75
4609,2019-08-01T09:06:12Z,7d10de20c4a7bfe8753b1e4a8f450919f51567535c88a16fcb9bbe9f,60.16629,24.95957,00000000fb7600be,31.5
4610,2019-08-01T09:06:12Z,7d12711d47425111a6dce413faa867542b9532f3b9c5a934b37a0bc8,60.17918,24.95141,00000000675d5200,20.28
4611,2019-08-01T09:06:12Z,7d415f4fd9093fb383b4ebb88961ad74e6a00d3ece39504712dad639,60.17918,24.95141,00000000675d5200,21.87
4612,2019-08-01T09:06:12Z,7e2e3d07c939e3e76e7ce87678faf64e056afe54215e00488839100f,60.14947,24.91438,000000004ef3150d,16.1
4613,2019-08-01T09:06:12Z,7eb4a715919b3eb4085270535ce4d7b57112591ad7242eb189bf652a,60.17065,24.93641,000000000f4919c9,21.87
4614,2019-08-01T09:06:12Z,7f59aaecea1eee6c703ec5d46d67b44289ddedf080defee495b73739,60.14947,24.91438,000000004ef3150d,7.05
4615,2019-08-01T09:06:12Z,7faf8705e89a761625aaed50b89538581e25d5950ec8f051d36ed829,60.14947,24.91438,000000004ef3150d,9.12
4616,2019-08-01T09:06:12Z,7fe96255e89da662cb4a10df4705f39989babea20fdc4ef0bf4fb395,60.14951,24.92138,0000000006dd41f6,23.56
4617,2019-08-01T09:06:12Z,809bf2d7a0745ae512b934a578fd5fd47c13c5398b6d06ad350b9e7c,60.14947,24.91438,000000004ef3150d,29.32
4618,2019-08-01T09:06:12Z,8292ad97931f6462dc056eb92748496c2cfa3e22dbad610514a2deab,60.17002,24.94407,000000006b087f40,13.75
4619,2019-08-01T09:06:12Z,82bab0a1bfd11576cf62159546b756e1da44125c76909e270ced391b,60.16897,24.95222,00000000aa852af1,17.4
4620,2019-08-01T09:06:12Z,8524898e498c83bde4bc1848aa2b372da84e7b2266f36aabe128cc27,60.17919,24.95181,000000007b5207b6,12.69
4621,2019-08-01T09:06:12Z,85bdce5b262dbd94adcff03e6cad26a1152828b6ab27e6fdd56b2b13,60.16762,24.95415,000000006b44cce7,5.91
4622,2019-08-01T09:06:12Z,865e0ca61059b42592b769e4f1c906aa652b7e6f53612163f6002550,60.16897,24.95222,00000000aa852af1,29.32
4623,2019-08-01T09:06:12Z,880f9cbb91b9caf48ea9c5dd1a0c8e1db72922b6dfcb647b102fc469,60.16629,24.95957,00000000fb7600be,9.92
4624,2019-08-01T09:06:12Z,88c2bc6310f27465b9f08b28fb52075d7703ce7b097e5beb37c7437c,60.14947,24.91438,000000004ef3150d,18.79
4625,2019-08-01T09:06:12Z,898cde3317c73907bb23b1b885828c4bf3187c3a757a18dc32abe970,60.16762,24.95415,000000006b44cce7,17.4
4626,2019-08-01T09:06:12Z,8991c0b5d8438d01c0a46caaf27e0765bbf999bf0aaa15947678e717,60.16829,24.94214,00000000afef4555,25.36
4627,2019-08-01T09:06:12Z,89aeff56a0700534bbf2dfd19fc298f5a890c95e1a45b6ca7ad3c33a,60.16829,24.94214,00000000afef4555,7.69
4628,2019-08-01T09:06:12Z,8c2c35fb6ebc0f07014a3291523f291bea82160dee13d091314cde65,60.16762,24.95415,000000006b44cce7,17.4
4629,2019-08-01T09:06:12Z,8c571538c285dba9d77edacfb1829b282d54b772b62209c6e4004237,60.17918,24.95141,00000000675d5200,13.75
4630,2019-08-01T09:06:12Z,8e20d0d67339e3cf43e77c3a340d9dc6766de8d079197a08a1343ff0,60.17065,24.93641,000000000f4919c9,29.32
4631,2019-08-01T09:06:12Z,939c459d913b0b38838071a0d13671e83e4a751f44624b21e84daa69,60.16762,24.95415,000000006b44cce7,9.12
4632,2019-08-01T09:06:12Z,941e13893853105c86bfbc6d31d62274937602143ce3bb530c8c17ed,60.17918,24.95141,00000000675d5200,14.89
4633,2019-08-01T09:06:12Z,9487e65f18f2c842b4b9c0cdb90d96a78a34ce2673cf5484cd04b420,60.16762,24.95415,000000006b44cce7,14.89
4634,2019-08-01T09:06:12Z,94cf492b77d181655514c7a3d8a0801af08b791ce038ffe4a29e0afb,60.16762,24.95415,000000006b44cce7,20.28
4635,2019-08-01T09:06:12Z,97673619aef2a748d2dbbd26567b9b3d7bdae3f5860361bc405404ed,60.16897,24.95222,00000000aa852af1,17.4
4636,2019-08-01T09:06:12Z,99a026b5100e23129fa529e9a57a3dbc8490dc03b58f2193f03e2dcf,60.14951,24.92138,0000000006dd41f6,6.46
4637,2019-08-01T09:06:12Z,9b3e6848d8b34e802134d6da0e5a594897ec3fafbbf08b6d0b84068e,60.17918,24.95141,00000000675d5200,7.05
4638,2019-08-01T09:06:12Z,9bdb503344071eddd74d821f537246d8a6c19468b05d38d0170377f9,60.16897,24.95222,00000000aa852af1,9.12
4639,2019-08-01T09:06:12Z,9bef8b28ea93ecaee57d05b037edbfe7f80014aaf56343345fedd7be,60.17918,24.95141,00000000675d5200,18.79
4640,2019-08-01T09:06:12Z,9e2fc7d2196f097e688761506eb14b5cf3baa0aecca96c1131ae1767,60.16897,24.95222,00000000aa852af1,20.28
4641,2019-08-01T09:06:12Z,9e343a150f07bb3dcce5ecab8ac061b84d65b347b1af5a232e00eeb6,60.16829,24.94214,00000000afef4555,10.78
4642,2019-08-01T09:06:12Z,9fa57cff946eb6b758bd810321b0bb80d6f0c46ca5fb40b0ec22ca0d,60.16762,24.95415,000000006b44cce7,13.75
4643,2019-08-01T09:06:12Z,a04214b56cac7d70680703ee6a28fac742f3c3190b55b46a79c1f76d,60.149,24.9843,00000000fffb8cf0,17.4
4644,2019-08-01T09:06:12Z,a0af15cb8910790ac8af904ddf7b0dbf5ef778ba6dd3b3e690926089,60.16762,24.95415,000000006b44cce7,10.78
4645,2019-08-01T09:06:12Z,a1049deed97cd1989c882cb47bb39f0d93d1fddbac4e9307e8a4249e,60.16544,24.95398,0000000038d83d41,27.28
4646,2019-08-01T09:06:12Z,a256ee4e61079f54581967787db25324859ef431207cb182cd468fbe,60.16829,24.94214,00000000afef4555,12.69
4647,2019-08-01T09:06:12Z,a2e761fd97d8bdf78601300822b531e306b9ab7a1a43b6bfb07eba52,60.14947,24.91438,000000004ef3150d,10.78
4648,2019-08-01T09:06:12Z,a38c11c450b472b9dad2f076e2d9a63651292d3de806331d06af7f46,60.16531,24.9442,00000000fdda10fe,18.79
4649,2019-08-01T09:06:12Z,a403dc1eebc5d130e12a4c3e4298737c9e00b25b1b6b2cc36a6979c9,60.16629,24.95957,00000000fb7600be,13.75
4650,2019-08-01T09:06:12Z,a494efd9b72074b7b147d3d12c4f230dfcefebfc957f6b96235933aa,60.16531,24.9442,00000000fdda10fe,38.87
4651,2019-08-01T09:06:12Z,a4b9f871dcc986c95f1e84fe203bb392ba0fe13164d89119bda2c94a,60.16762,24.95415,000000006b44cce7,7.05
4652,2019-08-01T09:06:12Z,a5423cad01b42682deb516a777f50fd783fd1fd9dc23b7cab01eaedc,60.16897,24.95222,00000000aa852af1,11.7
4653,2019-08-01T09:06:12Z,a6d010615b0732a971c180467cd17865327688c7e6c60628c3d452d3,60.16762,24.95415,000000006b44cce7,20.28
4654,2019-08-01T09:06:12Z,a6d0dd9de406b1201a4e438ec7c5f4a467f38c41e2dec42ff6c71d50,60.16897,24.95222,00000000aa852af1,13.75
4655,2019-08-01T09:06:12Z,a786eb3b8a25c58099a428799e99d0b86401f803ee38d3e5d20e59d3,60.15432,24.9211,0000000019fb59c4,14.89
4656,2019-08-01T09:06:12Z,a808962cb511e5ed2d23e6e33efe252b1be29dc1d2f7c6154817f04f,60.16448,24.97323,0000000053c6c2be,18.79
4657,2019-08-01T09:06:12Z,a83415babca8eac00f69a32371a230fdadda29bf40fd69f75cf2e8fb,60.17919,24.95181,000000007b5207b6,14.89
4658,2019-08-01T09:06:12Z,a837f2314938b1510f3b4cc5900d5d67bc7212d234d9fed1c64f3861,60.16762,24.95415,000000006b44cce7,14.89
4659,2019-08-01T09:06:12Z,a8ca7fb815e707c04434a085c4f99e783d56372143afc92225eae622,60.15133,24.92329,00000000e8a064a4,21.87
4660,2019-08-01T09:06:12Z,aa05a7036c3586a79d23f426b78bf158357208bc82d7ddf9a1326dd2,60.16531,24.9442,00000000fdda10fe,5.41
4661,2019-08-01T09:06:12Z,aa5281244780ac8f283c3452639d477cd76e31fc6f0b95b99c51a9b0,60.16762,24.95415,000000006b44cce7,1.7
4662,2019-08-01T09:06:12Z,ab615ee5bbf567aee3505fbb360d09fc6b851f93fb15aef778b57128,60.16531,24.9442,00000000fdda10fe,10.78
4663,2019-08-01T09:06:12Z,abf0be93e7a8aec9fa8284fdbcc2493f32084aa95f15660b23e149c6,60.16629,24.95957,00000000fb7600be,11.7
4664,2019-08-01T09:06:12Z,aca524ceb3c7373172ecd0d06b26e7d610d441f4a47ab78ae0ad3340,60.15133,24.92329,00000000e8a064a4,18.79
4665,2019-08-01T09:06:12Z,acbbe4765d72f36b0323407c7dbe43db7b4ad5e2da0a6a9e5966db0b,60.16897,24.95222,00000000aa852af1,16.1
4666,2019-08-01T09:06:12Z,ad22512fd6a5ad9e19fdfad7e02b2793ecb01875be243f894c637ae2,60.16829,24.94214,00000000afef4555,11.7
4667,2019-08-01T09:06:12Z,af67ffa8b538058603b74f48e04ab914e8f6cd450f53c47f8c3d683d,60.15432,24.9211,0000000019fb59c4,11.7
4668,2019-08-01T09:06:12Z,afaed9946dbc1509500c6f80f87eed8fe44a74ba3e14328c6efe3971,60.16829,24.94214,00000000afef4555,16.1
4669,2019-08-01T09:06:12Z,b09e9bb62cc49c085c1aee3b752af1bec69dabc939323e5733f73933,60.17065,24.93641,000000000f4919c9,27.28
4670,2019-08-01T09:06:12Z,b28757d67868f9471f0d997a935e857fd0ff1095449820929597563b,60.16762,24.95415,000000006b44cce7,8.38
4671,2019-08-01T09:06:12Z,b2fb1122e95099adfb79fb9d06f717d0210c5214a7796b4ddd557040,60.16829,24.94214,00000000afef4555,25.36
4672,2019-08-01T09:06:12Z,b32e57a6f5865a23d7a0e9fa346d5ec4e975f99c4df815fe8b1449b2,60.17918,24.95141,00000000675d5200,18.79
4673,2019-08-01T09:06:12Z,b3d94dfd4a1393ebe6b450d53a8c1c172707ab9ae1ab42b50b5b31df,60.16829,24.94214,00000000afef4555,20.28
4674,2019-08-01T09:06:12Z,b474e34db18d21635ec9ea2654513e6759c326f3aaec96c25f9a204e,60.16897,24.95222,00000000aa852af1,23.56
4675,2019-08-01T09:06:12Z,b4ad2ae124ba06d650fd30de0b19851bff32daef16a95b7f1bb96a00,60.16897,24.95222,00000000aa852af1,25.36
4676,2019-08-01T09:06:12Z,b50a45ac0708e7b5cca42f3458430eb22ff70a81c575bafe99ffda23,60.17002,24.94407,000000006b087f40,9.92
4677,2019-08-01T09:06:12Z,b5603e758440226e490d1d7d7271a7b0d5c261eccbad198f81110136,60.15432,24.9211,0000000019fb59c4,4.5
4678,2019-08-01T09:06:12Z,b69604356a52f2b1b9c5de09a350f42d87f5b969e3e824d8b6b2368f,60.16829,24.94214,00000000afef4555,5.41
4679,2019-08-01T09:06:12Z,b6b32d1744cab38523e13d061fa256f05d6e01d920275907327c3083,60.16829,24.94214,00000000afef4555,11.7
4680,2019-08-01T09:06:12Z,b6c43126ca83e916a68e57d0178060c24fc61305836b6c8f188f7285,60.17918,24.95141,00000000675d5200,6.46
4681,2019-08-01T09:06:12Z,b6f0f4101a1a258dcb1d82d77ca91000694d4fed15bd882a8e3bfe66,60.149,24.9843,00000000fffb8cf0,17.4
4682,2019-08-01T09:06:12Z,b7c3b37b32d534f6824ac8d99b4c79d0cb915cab104fdb745550ea22,60.16762,24.95415,000000006b44cce7,14.89
4683,2019-08-01T09:06:12Z,b8fb70225ee0a2d655e2809da07a2f8cd2feb7295aa256f8b35fcf1e,60.16629,24.95957,00000000fb7600be,13.75
4684,2019-08-01T09:06:12Z,bb0509d8cfed23727a055008086076320415d2f40ddad63b703fbe2a,60.17065,24.93641,000000000f4919c9,18.79
4685,2019-08-01T09:06:12Z,bb2187a4e20012ad694c768ef2c47c9a9055671024ebf4855d4e6243,60.16531,24.9442,00000000fdda10fe,1.54
4686,2019-08-01T09:06:12Z,bbb86467d71e5ec5bd140995d266fd33a85efe89654eb13ee0471416,60.17002,24.94407,000000006b087f40,21.87
4687,2019-08-01T09:06:12Z,bc6d5082ca52e6dae7a1689a835434f3f6341e90afea565480eb9674,60.16829,24.94214,00000000afef4555,14.89
4688,2019-08-01T09:06:12Z,bc82f76c979de19b559e9e3aa0cd6cbf5ac361e2d7b1ac9f81fe2f4f,60.17918,24.95141,00000000675d5200,10.78
4689,2019-08-01T09:06:12Z,bd17e41f002acd238070518ccfb611a42561023ceaefde667bf6fa55,60.17002,24.94407,000000006b087f40,21.87
4690,2019-08-01T09:06:12Z,bd23c66c4df0bd849266a4429a24f23f2c9503cf31eb0cd9780248e6,60.18203,24.91341,00000000342570c2,12.69
4691,2019-08-01T09:06:12Z,be12d6aaccf354197284a8c92b960bd6a4e1705f7d948823e7891fde,60.16762,24.95415,000000006b44cce7,5.41
4692,2019-08-01T09:06:12Z,bf546b1abc8eba5c7f399f527508a7304dea62586aa297896d71ea5c,60.18203,24.91341,00000000342570c2,29.32
4693,2019-08-01T09:06:12Z,c15da9ed244b57a27a083919c67d0edde078a31b18cb58f13581f173,60.1538,24.95595,0000000038bf9618,31.5
4694,2019-08-01T09:06:12Z,c1674c59c49d5bf74e6808239a91d18a04e47697d298bc61a7618af2,60.16448,24.97323,0000000053c6c2be,12.69
4695,2019-08-01T09:06:12Z,c375f2dac85f963c33b2daf76ffb0c32d2c8fd08172419336e308686,60.14947,24.91438,000000004ef3150d,23.56
4696,2019-08-01T09:06:12Z,c434f18b802a764aad7a2dfb46e93546acb1b0975cf9b93fd47363f6,60.15432,24.9211,0000000019fb59c4,7.69
4697,2019-08-01T09:06:12Z,c46895857ca53c3362932d446a58c13b60d297f99ca237d4546589e8,60.16897,24.95222,00000000aa852af1,23.56
4698,2019-08-01T09:06:12Z,c51beff15d228f2dab9416cadfcc60fe269ce3d9202a9cf2ec7e7647,60.16829,24.94214,00000000afef4555,20.28
4699,2019-08-01T09:06:12Z,c5a6d2d62bc00c29fba5a97a29835008abdcf800f70540e4ccf71683,60.17918,24.95141,00000000675d5200,20.28
4700,2019-08-01T09:06:12Z,c65c11ee6e8b5894ead3ea9b007a39127edb65a67be253aca6f78ed0,60.16448,24.97323,0000000053c6c2be,21.87
4701,2019-08-01T09:06:12Z,c872af9997af535c4615ee0b4194c7c8d644b7962afb3ca321eb386f,60.15133,24.92329,00000000e8a064a4,20.28
4702,2019-08-01T09:06:12Z,c886da6eae5420d310dfb4580350fd0011d6270a773b4c691621d0f5,60.16762,24.95415,000000006b44cce7,17.4
4703,2019-08-01T09:06:12Z,c8aef405537103b9d31a7e2dda43949f5844b9a36494f8defaf0d803,60.17002,24.94407,000000006b087f40,25.36
4704,2019-08-01T09:06:12Z,c98bce1cc275ed0a1b833011f8cd251ac848fdc84501fe87eb8b5d54,60.17918,24.95141,00000000675d5200,13.75
4705,2019-08-01T09:06:12Z,ca7719c7cd8d4496b666f608fc07ba9930e362a0b2d96890b0778618,60.16629,24.95957,00000000fb7600be,14.89
4706,2019-08-01T09:06:12Z,cc1fcf6550ac1eee3eceef1f35de652b641407007a7c0464ac54fdbd,60.16897,24.95222,00000000aa852af1,16.1
4707,2019-08-01T09:06:12Z,ccb852835a56f5f356dfaef8c52d6e43f731aef8fb2b040d76b5e569,60.16897,24.95222,00000000aa852af1,20.28
4708,2019-08-01T09:06:12Z,cccf3ba2a9d11b9330c18af8064a20aca9995473495bf119162a1619,60.16897,24.95222,00000000aa852af1,10.78
4709,2019-08-01T09:06:12Z,ccf4611f19a0b20cfaaf5bdba7523f62b2b1c37d3169f7fcd9735d22,60.17918,24.95141,00000000675d5200,16.1
4710,2019-08-01T09:06:12Z,d062562fed5ad0a61560e267310beb0b717d2a1e2a11d1d575507861,60.16897,24.95222,00000000aa852af1,27.28
4711,2019-08-01T09:06:12Z,d29a5ebd00326d5dedb6c60cab75fd238bdaa9d7f703f6b5974edbc7,60.16762,24.95415,000000006b44cce7,14.89
4712,2019-08-01T09:06:12Z,d31d6921eee92503b486a1b30f5330581c4744a82e6549f375544846,60.17918,24.95141,00000000675d5200,18.79
4713,2019-08-01T09:06:12Z,d52b760d4e936c0259bb66fea873a8c50e297cdbfdc8f5b309092232,60.16544,24.95398,0000000038d83d41,20.28
4714,2019-08-01T09:06:12Z,d562afdedae521be241c98441e436608a323fdb944dedc24c835e762,60.17065,24.93641,000000000f4919c9,7.69
4715,2019-08-01T09:06:12Z,d653ef8368d33df4fc7edeb5a381d5826be1471f1470aa9744d47901,60.173,24.92524,0000000096918cfa,2.3
4716,2019-08-01T09:06:12Z,d65b8625c1f24304ff0e3c4a4dce7aa5d434d36be87be41834a49420,60.16531,24.9442,00000000fdda10fe,4.94
4717,2019-08-01T09:06:12Z,d6e217c6592e449e2390b1a874e08cbc9126116901dbdbf84501c6b8,60.17065,24.93641,000000000f4919c9,8.38
4718,2019-08-01T09:06:12Z,d74ea3c9e0aaa523c791aa01f4f9a7c1c43f01f585dc4146b19edf83,60.17918,24.95141,00000000675d5200,3.4
4719,2019-08-01T09:06:12Z,d7734ef0345fcffc0f4bd7579275af62987490aba012209832e92059,60.16629,24.95957,00000000fb7600be,10.78
4720,2019-08-01T09:06:12Z,d80b1d1a63e542cbbdb6a33c8fba0b0dcfa324d17f2f3173c3d5a37b,60.18203,24.91341,00000000342570c2,33.81
4721,2019-08-01T09:06:12Z,d87c4d5dc2cd620de54fdd076d4f9b35245053d65b644d9e01f558b5,60.16762,24.95415,000000006b44cce7,7.05
4722,2019-08-01T09:06:12Z,d95956cedfc4dfe06014194cc1071864bd835fcc014c1fd6f4d33337,60.16762,24.95415,000000006b44cce7,9.12
4723,2019-08-01T09:06:12Z,d983db67d9cd171123ba12eeb19c11f34a3ad1d75fc9214ac3ae8a26,60.17002,24.94407,000000006b087f40,29.32
4724,2019-08-01T09:06:12Z,d9f8ff1809ebe23c7e68bb1cbb1aa6fdfaf22375abf2962da2d7cfab,60.16531,24.9442,00000000fdda10fe,29.32
4725,2019-08-01T09:06:12Z,db4b8a2d98f1238d4f6699de91433f5bec2139b076a5e896f0f354e2,60.16762,24.95415,000000006b44cce7,13.75
4726,2019-08-01T09:06:12Z,dbedd81db3d59ee0c6948187e396a34e2fa5dd6670cf8d862bf5e1ff,60.16762,24.95415,000000006b44cce7,8.38
4727,2019-08-01T09:06:12Z,dc00d45c0dd506326fb4dd3692d409df80cb3d871341ffff720dc834,60.16762,24.95415,000000006b44cce7,14.89
4728,2019-08-01T09:06:12Z,ddae2128c72cf011df2a698a8254b8738fd07a971349ea8a5e8bfa9f,60.16829,24.94214,00000000afef4555,17.4
4729,2019-08-01T09:06:12Z,deb8a213e1b4930e676ee8fdb394161ec46adb785171fa37437b4d44,60.15133,24.92329,00000000e8a064a4,4.94
4730,2019-08-01T09:06:12Z,dfe80baf219bd267a459c954a8e3027b3f1ed29fea2a5355456d5652,60.16897,24.95222,00000000aa852af1,8.38
4731,2019-08-01T09:06:12Z,e0fe7fe5854899c0eb42b75b300339808143419404558ed4d00b0f17,60.17918,24.95141,00000000675d5200,11.7
4732,2019-08-01T09:06:12Z,e234769b1ce1634554f5fa4a290d11b2a30c3dfd009d4c39a2e9dd3d,60.17065,24.93641,000000000f4919c9,29.32
4733,2019-08-01T09:06:12Z,e294dde431d68c7b73efcf1f9b916e40bf408111c79228032c7830a4,60.16544,24.95398,0000000038d83d41,17.4
4734,2019-08-01T09:06:12Z,e2bb0ae74deee6cbc4f50c5f85da3f1779ca1db1ae7ff48ab4b33dbc,60.17918,24.95141,00000000675d5200,10.78
4735,2019-08-01T09:06:12Z,e2f445c6711e0e7d48a6a045bec347587f9f398e8928a171cfa2ca38,60.16762,24.95415,000000006b44cce7,7.05
4736,2019-08-01T09:06:12Z,e528235be3e5cc4945024d50d1ed43061e2e2f2845f2b41e081e1721,60.17918,24.95141,00000000675d5200,17.4
4737,2019-08-01T09:06:12Z,e5cad8bb9a6c8dcc067948d7f869033aca5bdd062da175c8734092e6,60.17918,24.95141,00000000675d5200,4.94
4738,2019-08-01T09:06:12Z,e73dcccbc4dd6af49316f19a34c347cc94ff7ab079a93a2672d78a16,60.14947,24.91438,000000004ef3150d,31.5
4739,2019-08-01T09:06:12Z,e8add7e8346b99cd4b67924113f3763441a1899897c6d1ac3a1a40a6,60.17918,24.95141,00000000675d5200,16.1
4740,2019-08-01T09:06:12Z,e8ed8051f57ad9d9029a5e3b443c5e93e5059f8c487ba45e2583d35a,60.16829,24.94214,00000000afef4555,20.28
4741,2019-08-01T09:06:12Z,e9064a62fac257836cb6fbcf0d84fab1ebdfa46bd6734632f1e6f116,60.16829,24.94214,00000000afef4555,13.75
4742,2019-08-01T09:06:12Z,ea94130fbb3464dc656765cfddbad802ddfafb1af8007cb5f42cd41f,60.16829,24.94214,00000000afef4555,16.1
4743,2019-08-01T09:06:12Z,ec2dd83e04d225caca9f6b9d28bd3080ed37c5bf42e5f65123fa2394,60.17065,24.93641,000000000f4919c9,12.69
4744,2019-08-01T09:06:12Z,ec7121833f0e4b509d683b00a9c5e992e4b84882cb857145102e14f4,60.16531,24.9442,00000000fdda10fe,2.08
4745,2019-08-01T09:06:12Z,ec8c0160ac1ee5aeaf6204956c9db2ee4f98f55ae3fe1ec0af07fab8,60.16762,24.95415,000000006b44cce7,11.7
4746,2019-08-01T09:06:12Z,ed86f884272a5a400b55bfd4f22bc8cc5d6fca7fe26eee3c39cb3c52,60.15432,24.9211,0000000019fb59c4,9.12
4747,2019-08-01T09:06:12Z,ee06dc571acc6f8cad13e6cd588349958dc601934f851b25d2ebee6c,60.16762,24.95415,000000006b44cce7,13.75
4748,2019-08-01T09:06:12Z,ee424f3045accaa01434f840d87b26b22f65fb6b2f8d34a4b94d6fcc,60.16762,24.95415,000000006b44cce7,7.69
4749,2019-08-01T09:06:12Z,eedbd720e471fc3c0653bce4eb38b2f3225c8ee78a75d6b9c94a0f86,60.16629,24.95957,00000000fb7600be,31.5
4750,2019-08-01T09:06:12Z,eef621895ee74145a6d76c5f5493a93d7c728c80abe45a2e1933ae9f,60.16897,24.95222,00000000aa852af1,13.75
4751,2019-08-01T09:06:12Z,ef67b9e4617f284b84167b4bdaff71108579a33ced0a2450ff25a1a1,60.16629,24.95957,00000000fb7600be,7.69
4752,2019-08-01T09:06:12Z,efc51406db4c66b8a573ec325afe8a9258a04a71b46ff3aae1cfa696,60.16762,24.95415,000000006b44cce7,18.79
4753,2019-08-01T09:06:12Z,f03d20d6bb80ce0745cb0fbed6619e0a6288bfffd08e9aabce1692ba,60.17065,24.93641,000000000f4919c9,10.78
4754,2019-08-01T09:06:12Z,f1447725764ec0dca245fc67f2aa0a0c42e6b05808076aa74f0c1e7e,60.17918,24.95141,00000000675d5200,11.7
4755,2019-08-01T09:06:12Z,f1b28329fc91f4708ca34857c5582c0bf1b7d0ab06127746029cd72c,60.17918,24.95141,00000000675d5200,11.7
4756,2019-08-01T09:06:12Z,f20935810c1567a80c288016c4d4dd32fe86b3479f47ae7dd64d15cc,60.15432,24.9211,0000000019fb59c4,9.92
4757,2019-08-01T09:06:12Z,f27b93329546b5d9c00e9fc70d0df72440f620564e0fff5a89ff8276,60.17065,24.93641,000000000f4919c9,21.87
4758,2019-08-01T09:06:12Z,f29ed00b645af4bbf50174e71f58a9b691d2e2342e59eda242d97380,60.16829,24.94214,00000000afef4555,9.92
4759,2019-08-01T09:06:12Z,f3919086bf89b45ea90abf40ffd1372519057bda5b604c1901e841bb,60.17002,24.94407,000000006b087f40,27.28
4760,2019-08-01T09:06:12Z,f4587b90aec9127805880f7c81fc03b9fb513fe363015399b895089f,60.16829,24.94214,00000000afef4555,20.28
4761,2019-08-01T09:06:12Z,f4bbc3077da0455d4340da2eed204915327b75a792080724548b4956,60.17918,24.95141,00000000675d5200,1.38
4762,2019-08-01T09:06:12Z,f503a41d3e8b9b57628f4f061c1d8e0c53c62dd8a6fe38d212958ee6,60.16075,24.95883,00000000f1124bca,9.12
4763,2019-08-01T09:06:12Z,f50fd3b1715a94dff67461f4b8f252ecaa6acc16459b3d021f34f15e,60.1538,24.95595,0000000038bf9618,17.4
4764,2019-08-01T09:06:12Z,f52cde4e27717d6fcbbb45f656803df20a2692a8067620706a521dd7,60.16897,24.95222,00000000aa852af1,20.28
4765,2019-08-01T09:06:12Z,f587de6c8c03387c5e6a66cd7d20c45abad3668c8e2246611122547b,60.14947,24.91438,000000004ef3150d,21.87
4766,2019-08-01T09:06:12Z,f60a6068c654587fa981390a039456a2fdd85e02c009df547e204a45,60.16829,24.94214,00000000afef4555,9.92
4767,2019-08-01T09:06:12Z,f741519cf6f519194bb45b9da0e69bda8edb903e3c24d4140f340467,60.16762,24.95415,000000006b44cce7,10.78
4768,2019-08-01T09:06:12Z,f77f8836e641389801309c311e926c1662264ab16efd01cd5bf27baf,60.16762,24.95415,000000006b44cce7,7.05
4769,2019-08-01T09:06:12Z,f9e527876f8dfe750fd29bc42664bbf572aed5d09d344a8934a83d90,60.17065,24.93641,000000000f4919c9,5.41
4770,2019-08-01T09:06:12Z,fa1a3814c680b20020a08346c37ee2853e895984574575312bf262e7,60.14947,24.91438,000000004ef3150d,16.1
4771,2019-08-01T09:06:12Z,fa9f19c58a086fde9429d732b1eec80eacf5fc1b2c0124d17243d008,60.17918,24.95141,00000000675d5200,5.41
4772,2019-08-01T09:06:12Z,fba6e66dd09200012637e0b454c96fd7a5459b7e8b0ba01863cdbd77,60.16762,24.95415,000000006b44cce7,2.54
4773,2019-08-01T09:06:12Z,fc75e05a713e8733c512a31a3bebec0a122af3e7afb2c5059c3f1a3a,60.17002,24.94407,000000006b087f40,23.56
4774,2019-08-01T09:06:12Z,fdb3239bb0017def73005dc66a8d674c713493499c8feff7a6c01018,60.16762,24.95415,000000006b44cce7,10.78
4775,2019-08-01T09:06:12Z,fea1453360073dfc1896bf1f005f51addb49661f953e16cffba3c63d,60.16531,24.9442,00000000fdda10fe,9.92
4776,2019-08-01T09:06:13Z,03e0fc996a589ccdf1871b3c78e089c08c93ba1f2a02d740fb384aac,60.16531,24.9442,00000000fdda10fe,33.81
4777,2019-08-01T09:06:13Z,0bc5d37416fd27c336d64358a660668746f2c088ea9bf78994076bf9,60.16829,24.94214,00000000afef4555,18.79
4778,2019-08-01T09:06:13Z,0fff89885f08417f20aadfdbf62a372277e9085bcd024374b772ecac,60.16531,24.9442,00000000fdda10fe,27.28
4779,2019-08-01T09:06:13Z,144afc51fc2443c7031a2912566eff2ce60226a49d6d2bd7c2923700,60.16544,24.95398,0000000038d83d41,29.32
4780,2019-08-01T09:06:13Z,14c7e1511b70f4dd3359cbece1377aebb4d70531f5489eefe53d7c3c,60.16544,24.95398,0000000038d83d41,25.36
4781,2019-08-01T09:06:13Z,15918569de0a46a8eb56b43d8d39f7fc82619ff1006f00822c85745c,60.17918,24.95141,00000000675d5200,1.54
4782,2019-08-01T09:06:13Z,165ebbb4090d47319ae370f0d0854fdc1f6b79499f8b2e4d3c3533c0,60.16544,24.95398,0000000038d83d41,23.56
4783,2019-08-01T09:06:13Z,1f0f0628cdc688d76bde2b82bee5b9b4916bf0bbdfe76cf3213e1c65,60.15432,24.9211,0000000019fb59c4,18.79
4784,2019-08-01T09:06:13Z,2a93b61a3863ace54349d7a0937e4134fcc6d4dfcf064eefae2b7cf8,60.15432,24.9211,0000000019fb59c4,23.56
4785,2019-08-01T09:06:13Z,2f33dacc8bf2b0b809b88130b46696c922929e1eb8ea92017f05509a,60.16448,24.97323,0000000053c6c2be,17.4
4786,2019-08-01T09:06:13Z,5d65719c4cbf045f068d084b72302f447d5fd034413d97d13be00d0e,60.18203,24.91341,00000000342570c2,21.87
4787,2019-08-01T09:06:13Z,6a657079c1bdc8114c289be1ddd83e5846d4279a920d1697b8ff0033,60.18203,24.91341,00000000342570c2,20.28
4788,2019-08-01T09:06:13Z,6d22b751ff5173035dc85c52c3dff0780126adae67fe33dc62dd45ef,60.16531,24.9442,00000000fdda10fe,20.28
4789,2019-08-01T09:06:13Z,6f06341f358e61699fe1e55e986dd0554bc8da28b91daf0c5ad99db6,60.16629,24.95957,00000000fb7600be,33.81
4790,2019-08-01T09:06:13Z,6ff437688c444238352c28f64f9d2a7d0f14d19c9ea42c225380501e,60.16762,24.95415,000000006b44cce7,10.78
4791,2019-08-01T09:06:13Z,747f2d1ebff218c0ebbdc0fdaef4cbe56633dfb46ae1b1f8c8142201,60.16762,24.95415,000000006b44cce7,18.79
4792,2019-08-01T09:06:13Z,78d5f60b36b59c06c3988b94e11744bb3aed5dcbc214f91f228bf892,60.16448,24.97323,0000000053c6c2be,18.79
4793,2019-08-01T09:06:13Z,84fdfd8881f633c5f0c71c1480053953ca4b05e848052d97c063ad38,60.1538,24.95595,0000000038bf9618,23.56
4794,2019-08-01T09:06:13Z,87dfaad29a9276ddddb1fa021d3bc23ad14824c1af16f7d87e713689,60.14951,24.92138,0000000006dd41f6,9.12
4795,2019-08-01T09:06:13Z,8c75c3289c84fe4493e1e272a77b615fe1985880c5dc68a7c1a17b53,60.16762,24.95415,000000006b44cce7,13.75
4796,2019-08-01T09:06:13Z,8cc6ddaa460aeae8cc9e8a33f91a01c8cd4c0c8bf8a943210a28c84d,60.1538,24.95595,0000000038bf9618,13.75
4797,2019-08-01T09:06:13Z,9843c6216661048343a0e49cf3d8aa2883cf77f452666a1c873a1052,60.16448,24.97323,0000000053c6c2be,9.12
4798,2019-08-01T09:06:13Z,9d03d14afa49576281aa26db60e517f7c1ec8aa36f7756959a860a8a,60.16629,24.95957,00000000fb7600be,18.79
4799,2019-08-01T09:06:13Z,a9da1ee82e3b670e276c26b483dd50f4a6d0c6f77ef82245d3ae6086,60.18203,24.91341,00000000342570c2,12.69
4800,2019-08-01T09:06:13Z,ab0f67c0c0e1ba5eac9013f9c314feadf340ddf08543b91e70483594,60.16544,24.95398,0000000038d83d41,20.28
4801,2019-08-01T09:06:13Z,b1f358076ba79ef902a36ca8ae3f8ec7c93308a67c479345bfdbdecf,60.1538,24.95595,0000000038bf9618,27.28
4802,2019-08-01T09:06:13Z,b4faf2d3c4d2b199afeab6ab63b583fe3a2e81e14abbef6917f25129,60.15432,24.9211,0000000019fb59c4,21.87
4803,2019-08-01T09:06:13Z,b5fd6b317890e5ab2d79e2cd1abe61626d45a753c7337d0d40728898,60.16762,24.95415,000000006b44cce7,12.69
4804,2019-08-01T09:06:13Z,b986140b3339363c8bd5cc5eed0819ca5a421cb6e5b17c42ccf729f4,60.16829,24.94214,00000000afef4555,17.4
4805,2019-08-01T09:06:13Z,c40c37def6bf11a63a2556519a7c6233fd417cdeea2cf14f28e7c42c,60.16531,24.9442,00000000fdda10fe,21.87
4806,2019-08-01T09:06:13Z,cb65d9149ed0c4b936fa3dd930cf98d16ea7610207135a6f1689be01,60.18203,24.91341,00000000342570c2,21.87
4807,2019-08-01T09:06:13Z,ce783d3c1b06378e5c39c25687746a6f88fbb0ff2b36e3405fb61cf8,60.16762,24.95415,000000006b44cce7,17.4
4808,2019-08-01T09:06:13Z,cf05623e4d87ce0906c0b0b7dbf53aacc1228016cd27c341228b6e76,60.18203,24.91341,00000000342570c2,18.79
4809,2019-08-01T09:06:13Z,d127ead865385b64ae537a703a26be15fae4b5332ce0fbf03d5e0c23,60.1538,24.95595,0000000038bf9618,33.81
4810,2019-08-01T09:06:13Z,d178749a24c32676d0da0f51ae6ff63c456499d4b1814af8fa75ca9e,60.16448,24.97323,0000000053c6c2be,9.92
4811,2019-08-01T09:06:13Z,dd2c9c82cf3737146294aff6f814a1349fb0bc4bedf518715dacbe8f,60.18203,24.91341,00000000342570c2,12.69
4812,2019-08-01T09:06:13Z,ec72ef080c605e71978aed0d3b5f22c3c3133677a43c614b72eedc6d,60.14699,24.922,00000000a53ed894,21.87
4813,2019-08-01T09:06:13Z,f1f7b52845876f30642a66e5014615e91d05b70e771d5ea25341dc8c,60.16448,24.97323,0000000053c6c2be,21.87
4814,2019-08-01T09:06:13Z,f7e45613ad966fea53fab73b435ba3a087c774e36596b3a5156a3487,60.16829,24.94214,00000000afef4555,4.5
4815,2019-08-01T09:06:13Z,f83d4b6b8ffbf8a674d212e32100b2360b80261b4e9207d77c0b0ed3,60.17918,24.95141,00000000675d5200,2.08
4816,2019-08-01T09:06:13Z,f99c5dd8cc08bd2353083d875ce8bc585fb2c2ff8427b90d92f571de,60.1538,24.95595,0000000038bf9618,29.32
4817,2019-08-01T09:06:13Z,fc4f3a44235f1cfc7b53f14ba2da599976a5a0a220d23b852688e485,60.17918,24.95141,00000000675d5200,12.69
4818,2019-08-01T09:06:13Z,00787dad708490660b0b836fa415681cc57046fa521c0c0aaea14a9e,60.16762,24.95415,000000006b44cce7,1.88
4819,2019-08-01T09:06:13Z,00d98e49fc01c16216b630f9fdf19ce9826d27552ce2fa4676de957b,60.16829,24.94214,00000000afef4555,18.79
4820,2019-08-01T09:06:13Z,02050a536056486b1bf139282f0d0a3af63def1d56ff0c73ac51bb19,60.14947,24.91438,000000004ef3150d,11.7
4821,2019-08-01T09:06:13Z,023083c44c772667f1727e01c74518889b2a82d78ceb28c08b6f8a20,60.16531,24.9442,00000000fdda10fe,10.78
4822,2019-08-01T09:06:13Z,026f61905925674212a1c7d1e14b2ee5d1039bb4ecb5159f7d522150,60.16762,24.95415,000000006b44cce7,16.1
4823,2019-08-01T09:06:13Z,0362cc670dcfab795a3911957b6a177416bf9b99d0e2732716796c4d,60.15432,24.9211,0000000019fb59c4,8.38
4824,2019-08-01T09:06:13Z,03f427d436ba092925de462b11374bdbdab0443620037675621fbc11,60.17919,24.95181,000000007b5207b6,7.69
4825,2019-08-01T09:06:13Z,063935180fff0e58de5d319ecb9320cf794423e3c6aeac0cca8f1a9f,60.16897,24.95222,00000000aa852af1,16.1
4826,2019-08-01T09:06:13Z,0734aa9d45f98eb8e1cc23fdf3a04a296b23370cc5bef016a0c76053,60.16829,24.94214,00000000afef4555,16.1
4827,2019-08-01T09:06:13Z,08f9fd60f852d3502bfa509c955e9963e73954f961d55ba8cd46cae9,60.16629,24.95957,00000000fb7600be,11.7
4828,2019-08-01T09:06:13Z,0951ec0c700dba7330b8e8181fc852becde054d0dc7474d1488db3cd,60.17065,24.93641,000000000f4919c9,21.87
4829,2019-08-01T09:06:13Z,0bbf3e8a8b496959ba413e4ebbe23719511fa4c9dd914960054d7c7f,60.16762,24.95415,000000006b44cce7,13.75
4830,2019-08-01T09:06:13Z,0c1684b697a63d7f47ebaedcfa060b3b4af294fec1e62d613699291a,60.16897,24.95222,00000000aa852af1,10.78
4831,2019-08-01T09:06:13Z,0e62c7194170ff5abcdede8e7bb2dc9370e053dcd7957fc62f077453,60.16829,24.94214,00000000afef4555,27.28
4832,2019-08-01T09:06:13Z,0feb7de3b58597dd266ed606e8d3b6e2e4e0be942b17c15be984f51c,60.14951,24.92138,0000000006dd41f6,23.56
4833,2019-08-01T09:06:13Z,1069967e3921871955b1b2b42e60f829c593a3e024401bfe61ae410e,60.16629,24.95957,00000000fb7600be,12.69
4834,2019-08-01T09:06:13Z,10cd81594fd56fa1f2c4799419a45b70833d3d8583b817324ee96da7,60.16897,24.95222,00000000aa852af1,23.56
4835,2019-08-01T09:06:13Z,139a5aa448338146cf9202768e1eeb804d164d71d9bc8c7fa8f5d06f,60.16531,24.9442,00000000fdda10fe,13.75
4836,2019-08-01T09:06:13Z,13a759fd293cbde0d55db753d853768b718e59036c4007d2e3a8757a,60.16762,24.95415,000000006b44cce7,10.78
4837,2019-08-01T09:06:13Z,13cbade1d832c78b1a0a68fd9a6559054370eeae58247347955ee632,60.16897,24.95222,00000000aa852af1,27.28
4838,2019-08-01T09:06:13Z,141ffc858c3ea6a2e69c954115114304736a35dc25ec947323090dc0,60.16762,24.95415,000000006b44cce7,4.11
4839,2019-08-01T09:06:13Z,164d8280dbb888033f64368dd641bcef597fc327148fcf74374894c5,60.16544,24.95398,0000000038d83d41,13.75
4840,2019-08-01T09:06:13Z,16e18d478be872d2a9801fa885d08edeb3f5ae1840b38478f9baf535,60.17918,24.95141,00000000675d5200,9.92
4841,2019-08-01T09:06:13Z,188d2e17eacbe726e4d834ba5fdd055045b0b5a38b32ad73ea7c5d9f,60.16762,24.95415,000000006b44cce7,25.36
4842,2019-08-01T09:06:13Z,190cdde22bc3e3a41cd0f9da7efb3a917bc09e8034b05ca6064ea8a8,60.17918,24.95141,00000000675d5200,10.78
4843,2019-08-01T09:06:13Z,1ad9bdffafbbf8933ab6b3b695988ad31df32a874eddbf84de369e78,60.16448,24.97323,0000000053c6c2be,29.32
4844,2019-08-01T09:06:13Z,1cfafdaa3ff1975bcf6f699641431e88775ba2183074d825eeb81dd3,60.149,24.9843,00000000fffb8cf0,14.89
4845,2019-08-01T09:06:13Z,1d70ff49909e1d6fb653ae053aa78084daf385dbbd2ad22b05707309,60.16829,24.94214,00000000afef4555,11.7
4846,2019-08-01T09:06:13Z,1eadb2c1984aa73c3c2f13eab0a2e793331443c617681e36887f0bcc,60.16629,24.95957,00000000fb7600be,16.1
4847,2019-08-01T09:06:13Z,1ecbc7c6afe89033252e5510cbb893666af2b3bc29f555a3a6287fdb,60.14951,24.92138,0000000006dd41f6,4.5
4848,2019-08-01T09:06:13Z,1f813dc10021899138c12ca17c58ab3dc24db1750dcb1790f9c20e8f,60.15133,24.92329,00000000e8a064a4,5.41
4849,2019-08-01T09:06:13Z,20b37aa6c3ad0dfea9c182498905a450537b0efbbd8563b205e93afd,60.16897,24.95222,00000000aa852af1,18.79
4850,2019-08-01T09:06:13Z,227fd98ceb97d84d0c2c3af35c32cee7a87aea62d71b1a5353ae3588,60.17065,24.93641,000000000f4919c9,25.36
4851,2019-08-01T09:06:13Z,22ac1ab1c590ea19b44c61c42f5e8da29a6acbabf56676527811507a,60.15432,24.9211,0000000019fb59c4,5.91
4852,2019-08-01T09:06:13Z,25479245e5a8b0fe47e2bd590cdd63256d84afd6c164781dc64e527d,60.149,24.9843,00000000fffb8cf0,5.91
4853,2019-08-01T09:06:13Z,25d340d14d855b8c18b2c6f2551ec98a1eb047d1fd3457ba881ddf28,60.17918,24.95141,00000000675d5200,18.79
4854,2019-08-01T09:06:13Z,277fcf3cc917a89b46a34e0cf5164a78f5bcc88d92bb45ded60f1a91,60.17065,24.93641,000000000f4919c9,16.1
4855,2019-08-01T09:06:13Z,27b591b33a56a542440b53031a24f42290b0ec1a194af27700b75a3a,60.17918,24.95141,00000000675d5200,9.12
4856,2019-08-01T09:06:13Z,28296ae2b460df2f6807f8a84b81e5ebd24677a05bded29111dc33a4,60.17002,24.94407,000000006b087f40,23.56
4857,2019-08-01T09:06:13Z,2832565094d8e4bd54c7a2442ac8807d97669bc460c1cb75a831bbb8,60.16762,24.95415,000000006b44cce7,8.38
4858,2019-08-01T09:06:13Z,28d50861d92f962c7a49eabaa524431aebf52870e44b79f77d7167c6,60.17919,24.95181,000000007b5207b6,8.38
4859,2019-08-01T09:06:13Z,2ab97eb72424d3a245ddd77691854f564f939b5bacf84648d4211da2,60.16762,24.95415,000000006b44cce7,17.4
4860,2019-08-01T09:06:13Z,2c184c9cc9c9a744c6959766a13f23462ffce29c252d073a252b6a7a,60.16762,24.95415,000000006b44cce7,10.78
4861,2019-08-01T09:06:13Z,2c1dcbe1930bbd0596b8dea9e2abc4e49a10db5a1fbd25f103aaf5a4,60.16762,24.95415,000000006b44cce7,14.89
4862,2019-08-01T09:06:13Z,2c6810efb2565383ca0a554f3c51f3f7905484357f5e00756dbf091a,60.17918,24.95141,00000000675d5200,6.46
4863,2019-08-01T09:06:13Z,2c6f6440161f9061a850e8db96383d5eb111f0d1d8f0b666b7c49f22,60.16897,24.95222,00000000aa852af1,31.5
4864,2019-08-01T09:06:13Z,2e94def094f120513b5a401acb099ee60415b5ba3a62dee97215f3b8,60.17065,24.93641,000000000f4919c9,36.27
4865,2019-08-01T09:06:13Z,2ea9a23b1a04016fb4810d1ceb5731d90774224fd9235877005a4e1c,60.16897,24.95222,00000000aa852af1,29.32
4866,2019-08-01T09:06:13Z,2f43b7a683b0d365a46b6259a032813c293472eaedcdbcc3507adee5,60.17918,24.95141,00000000675d5200,11.7
4867,2019-08-01T09:06:13Z,2f79108a454c0072885ad1447280ed5098d061b229eaae61a8bb67be,60.15432,24.9211,0000000019fb59c4,13.75
4868,2019-08-01T09:06:13Z,2f82b3546af2df53b58cddc668c9aa196554108cdf39120ea40b417c,60.16629,24.95957,00000000fb7600be,11.7
4869,2019-08-01T09:06:13Z,305fbd6210068d9850f2080e20d5f4674db13ed9e5b56d5f71c4d21f,60.16629,24.95957,00000000fb7600be,20.28
4870,2019-08-01T09:06:13Z,3227dbecd3a095676006e4ad615dc2aea1f506c310c940230a15ac94,60.17919,24.95181,000000007b5207b6,23.56
4871,2019-08-01T09:06:13Z,32fcb1ab3a9fde533916ca28a0d5b56bbb45fd171dd5bae91f66ec6c,60.16897,24.95222,00000000aa852af1,12.69
4872,2019-08-01T09:06:13Z,33fa4cb82db5b44ffe6e7ae1039635187f90d1df328f8f139da0c693,60.17918,24.95141,00000000675d5200,2.3
4873,2019-08-01T09:06:13Z,3480c16a6649952c388d8902596e332f018e609b9585f483353ae026,60.17065,24.93641,000000000f4919c9,12.69
4874,2019-08-01T09:06:13Z,34e96c7caa63e7ede8f428b18e8fb556ac235d61a50c9d6ac7ff268f,60.17919,24.95181,000000007b5207b6,4.5
4875,2019-08-01T09:06:13Z,3609f484ad7e56259f60a61aba44f22dfca5c8b2564fce7e802ad342,60.16829,24.94214,00000000afef4555,1.01
4876,2019-08-01T09:06:13Z,367b1989198ef11170dd9fcfa7e6ebb5ceb58aab87c613ee1bb86e8c,60.16531,24.9442,00000000fdda10fe,9.12
4877,2019-08-01T09:06:13Z,3685ee6d322dcb2ad0ae181f66c3c5427d4531d7896d2f5f7571bb6d,60.16762,24.95415,000000006b44cce7,7.05
4878,2019-08-01T09:06:13Z,36fe97cd2ec69118778c771a87593630f8a6a2cb77d9ce72f845cd3c,60.16762,24.95415,000000006b44cce7,8.38
4879,2019-08-01T09:06:13Z,370e50e1f77aeb2782c892f70147b6a5749ecd7e9ee41036f693ba0a,60.16762,24.95415,000000006b44cce7,13.75
4880,2019-08-01T09:06:13Z,38fb20c6d55b10dd10a39c0fb41ad61297453e25afda81cf32313ae3,60.16531,24.9442,00000000fdda10fe,18.79
4881,2019-08-01T09:06:13Z,397e4b6a0e6c50fbb45ede1cb6e48156c508b36115e703cc5bac6e96,60.173,24.92524,0000000096918cfa,27.28
4882,2019-08-01T09:06:13Z,39c6456ee66fe96eee3d97cee2a70923cedb3da760bb5d4d413adb9c,60.17918,24.95141,00000000675d5200,2.54
4883,2019-08-01T09:06:13Z,39e9fa7033887b7ab339887aa68753ff94d4771cda2bb8ff4ea7aa0a,60.17918,24.95141,00000000675d5200,12.69
4884,2019-08-01T09:06:13Z,3a1afdcf7c2e5a52cdbcbbe29e8281c184037e8720920c6c75bee339,60.15133,24.92329,00000000e8a064a4,11.7
4885,2019-08-01T09:06:13Z,3a2f1a2c6c645bd161943b3f19c171d021512d7a8c4273ed3022f5df,60.16829,24.94214,00000000afef4555,18.79
4886,2019-08-01T09:06:13Z,3a38ba36c098f2741d6c5fb5a751fcd074d05d698ac592ca09ab443c,60.16448,24.97323,0000000053c6c2be,20.28
4887,2019-08-01T09:06:13Z,3a97ae4dcab31eb5e15e5d036d286e9764e25bcf0ad8afcfba854c90,60.16762,24.95415,000000006b44cce7,14.89
4888,2019-08-01T09:06:13Z,3be40c84926a525adbd09eeeb3a12b73b24c633942b2e1fbe8151ac3,60.16448,24.97323,0000000053c6c2be,21.87
4889,2019-08-01T09:06:13Z,3cc82d532d2a768e0c987e2653e32825a8b11fc2f7ba36388535f6e2,60.16075,24.95883,00000000f1124bca,21.87
4890,2019-08-01T09:06:13Z,3d0437a1d090cd3cad05629e69a61c519aa6218e1b7fb47811e5a4ae,60.16762,24.95415,000000006b44cce7,13.75
4891,2019-08-01T09:06:13Z,3eea43670f4f29a90ced59c1af122371340275fb61ff8f14c7120658,60.16762,24.95415,000000006b44cce7,8.38
4892,2019-08-01T09:06:13Z,40646914186edc6142b7fc3daf766121b55f5bb36ea38facff686ea5,60.16897,24.95222,00000000aa852af1,16.1
4893,2019-08-01T09:06:13Z,40825cb0d315c92e0e0a73cc8e86c3b763bbf7ce226f112913e05e0f,60.17065,24.93641,000000000f4919c9,27.28
4894,2019-08-01T09:06:13Z,41a0ca2955e0ae0324f6e14aeb77ebfaac5305e31d86c42a20277b94,60.15133,24.92329,00000000e8a064a4,12.69
4895,2019-08-01T09:06:13Z,41ed659b0e7db05852d1aa8fb56cdd1f72baa2750d8be3277b0ca369,60.16762,24.95415,000000006b44cce7,20.28
4896,2019-08-01T09:06:13Z,42844e90c7134ebb3ec325f57cd27cd24711c779548ebc8692a820d5,60.14951,24.92138,0000000006dd41f6,3.4
4897,2019-08-01T09:06:13Z,4393fccdbc9fb22fab14f03ea52183ad558bcd436202e69f56a7b77a,60.16762,24.95415,000000006b44cce7,11.7
4898,2019-08-01T09:06:13Z,4470412c4b059a920f2699fbfb72b261e0847b3e1caa8c71d2edd5a2,60.16448,24.97323,0000000053c6c2be,18.79
4899,2019-08-01T09:06:13Z,4642dfa1df839f11e64f68bca4e3dce7bde2ff6dd68c54959fcb4788,60.17918,24.95141,00000000675d5200,2.08
4900,2019-08-01T09:06:13Z,4682d95464cedcc021f38271a51bab9c000762b4acf802070e259ba2,60.16629,24.95957,00000000fb7600be,6.46
4901,2019-08-01T09:06:13Z,46f3b1bf1658f487ed1940b4d056cf659235728a34c28cdc54f5f63e,60.16829,24.94214,00000000afef4555,27.28
4902,2019-08-01T09:06:13Z,478830e26b1b9314c3f35b4ca62aba9828872733abbc7f32b78daac3,60.16531,24.9442,00000000fdda10fe,29.32
4903,2019-08-01T09:06:13Z,47bd1492244c444d45674eb48dd2e6f222cb109d820ba807c4e18c1a,60.16629,24.95957,00000000fb7600be,21.87
4904,2019-08-01T09:06:13Z,48004849b2f48b2314aa9175433d754db1641b949bb8cf050e2dd128,60.17918,24.95141,00000000675d5200,6.46
4905,2019-08-01T09:06:13Z,484bbaa5a9d6bdd2259f022b6ea4e3c290985c13a1286bd7142d878f,60.16762,24.95415,000000006b44cce7,7.05
4906,2019-08-01T09:06:13Z,48c0ea6615ac4c02fc9bc0e06f9ea9309f9bf7e73b4324d7a6b14610,60.16829,24.94214,00000000afef4555,4.5
4907,2019-08-01T09:06:13Z,497d535ffc7af13ad6527c1139af3451abb3584a2490e3c470f73f9d,60.16762,24.95415,000000006b44cce7,14.89
4908,2019-08-01T09:06:13Z,49bbad87e4d6cd03bdb073bde7be91193d74d29943badce7fc536916,60.16448,24.97323,0000000053c6c2be,11.7
4909,2019-08-01T09:06:13Z,49df780a7f20a99ad2810fa4bbb46b5fac9bc5cbe3fc800cd572f63a,60.14947,24.91438,000000004ef3150d,23.56
4910,2019-08-01T09:06:13Z,49f30a741207cbfec775d36d911b5e67735df0f53762d3d5e0de05a8,60.16531,24.9442,00000000fdda10fe,27.28
4911,2019-08-01T09:06:13Z,4ade4f0d92c6157a42d7fd8e353d1c93551324ba47cc134b840a6c63,60.16897,24.95222,00000000aa852af1,9.12
4912,2019-08-01T09:06:13Z,4afcc27c652d3d50a44d060f84e33dd4b17529d982928dae936cf10f,60.16448,24.97323,0000000053c6c2be,21.87
4913,2019-08-01T09:06:13Z,4b16a36eda06f5c28748ae7809bb9c85695f77e5f78459b1b59cd1c8,60.16762,24.95415,000000006b44cce7,25.36
4914,2019-08-01T09:06:13Z,4b4afca270c22aae160d996711ae685b598b87871b3b4ab2f96786b6,60.14951,24.92138,0000000006dd41f6,20.28
4915,2019-08-01T09:06:13Z,4ba529eeafb27285cbbade6e5ece0d4d04bd2d13c98b27a5d17abd22,60.16897,24.95222,00000000aa852af1,3.09
4916,2019-08-01T09:06:13Z,4c85a4a0756c1707ca2f02a74870d1e1d1a90f1793d229dc3a2bbb63,60.16531,24.9442,00000000fdda10fe,25.36
4917,2019-08-01T09:06:13Z,4c8696833edf46025bc9b5f589679b77a73c857736036aa9ef6696e5,60.17002,24.94407,000000006b087f40,16.1
4918,2019-08-01T09:06:13Z,4e0cd91ab267104ead6f9dcd1a840e19a1e215195b89c42ef74f1b90,60.17002,24.94407,000000006b087f40,31.5
4919,2019-08-01T09:06:13Z,4f609afde0ba5cb017ba3c549bdd11ff322a2e0227a0f11a9d112220,60.16762,24.95415,000000006b44cce7,13.75
4920,2019-08-01T09:06:13Z,4f9125edf503fe3cb0ba1e1221fe6a67aafd99fcd89fd92d2bf20e97,60.16897,24.95222,00000000aa852af1,20.28
4921,2019-08-01T09:06:13Z,4f93c5c493e876fd65b50774e1c92d808bcddb72337905c0c6bb385b,60.16829,24.94214,00000000afef4555,14.89
4922,2019-08-01T09:06:13Z,5001aabb6808b9fd96b705d1ebe8e7aca52713c2640100d81879dd86,60.17918,24.95141,00000000675d5200,4.94
4923,2019-08-01T09:06:13Z,504f910a0bd104a130b85d0c50467a15e74dc950bcc9eac3ebecc43e,60.16531,24.9442,00000000fdda10fe,23.56
4924,2019-08-01T09:06:13Z,51ec42fdd85671ae93876c3d875b24e56cb45699e9c3d2b623dca70d,60.16762,24.95415,000000006b44cce7,13.75
4925,2019-08-01T09:06:13Z,5372348389197e6c4bc4c5e3dab047e7384d562220e6295904bbda1b,60.17065,24.93641,000000000f4919c9,2.3
4926,2019-08-01T09:06:13Z,5385ddf78e929052bb12c39651fb3ff99e3642aa079d49f687b4c73c,60.16762,24.95415,000000006b44cce7,8.38
4927,2019-08-01T09:06:13Z,53fb53be4440aecb1a1fa63a9da1db08182cc7e252da14685e63373d,60.16762,24.95415,000000006b44cce7,6.46
4928,2019-08-01T09:06:13Z,54b89ed12e25892c9160e029a0379d61425b88db1aa30b06f9ea2d8b,60.17002,24.94407,000000006b087f40,27.28
4929,2019-08-01T09:06:13Z,54bd709173219e8017f317b63ecc83d0a48f64542e6fa1b83c86a56c,60.17919,24.95181,000000007b5207b6,13.75
4930,2019-08-01T09:06:13Z,556cae6b2e2dec6fe691a835e8e08bd016b1a65797c0aca46879329f,60.17918,24.95141,00000000675d5200,31.5
4931,2019-08-01T09:06:13Z,559429bba23762a872fc7b1e2219d42125ab101e4355d43fdb94ed7b,60.17918,24.95141,00000000675d5200,12.69
4932,2019-08-01T09:06:13Z,559e6a5225ce35ab844c63ea0d0c1695dc490a3d9cfbafa5d35ac8d8,60.14947,24.91438,000000004ef3150d,9.92
4933,2019-08-01T09:06:13Z,584adabea16213fba5e201e8dddabc4a069951e35fb1731180ebf8b3,60.16762,24.95415,000000006b44cce7,17.4
4934,2019-08-01T09:06:13Z,5865a27b5b56a60bca38e4a1403655e3e7fd0232a3ff2079965aff81,60.15432,24.9211,0000000019fb59c4,11.7
4935,2019-08-01T09:06:13Z,58754229cd3381042c5ffda79c0108c5f77aa1f0f6d1468b9cb42b4c,60.16829,24.94214,00000000afef4555,14.89
4936,2019-08-01T09:06:13Z,5978726eeef638856dafd3a8d199287f8daf9e90ddde750b402f8bb0,60.17065,24.93641,000000000f4919c9,0.84
4937,2019-08-01T09:06:13Z,5a3004325b5a058e02fb9f32ef4f7e9cc465240cbda7a7e4ec89d2de,60.16629,24.95957,00000000fb7600be,11.7
4938,2019-08-01T09:06:13Z,5a34b02faac3189217466888ef1d31cc80f721ac2f18638c5db88d53,60.14947,24.91438,000000004ef3150d,17.4
4939,2019-08-01T09:06:13Z,5a8d671a78b976d212d9746d88b9a754a2d9c8341c529e88b7c6b8f4,60.17065,24.93641,000000000f4919c9,20.28
4940,2019-08-01T09:06:13Z,5a9efbe8f65e35595e70adafcd4cf88fa573bb76f3759331cd95cab0,60.16829,24.94214,00000000afef4555,20.28
4941,2019-08-01T09:06:13Z,5b06617477af6dcee75a94ac347364b50f6f3b5b7d747e5413d9ad58,60.14947,24.91438,000000004ef3150d,11.7
4942,2019-08-01T09:06:13Z,5b87e95c530abdc4b86908a134da58f9ddf2a72683102dcad78799da,60.16531,24.9442,00000000fdda10fe,20.28
4943,2019-08-01T09:06:13Z,5b8d7790d251f068844cdf9a038ea91552c75dfd06e0b0b74fdc5808,60.16829,24.94214,00000000afef4555,27.28
4944,2019-08-01T09:06:13Z,5c1f71098d5d7258d2971061c791c94e0138c8e02225c5f60d6a0428,60.149,24.9843,00000000fffb8cf0,17.4
4945,2019-08-01T09:06:13Z,5daa76852f3e1be6c75fa2185d5787ab9010cf83d6671515769a8649,60.16531,24.9442,00000000fdda10fe,16.1
4946,2019-08-01T09:06:13Z,5dc7341101ac9a971ad3bd8764c172439aa3c351b8b6654e21e2c76f,60.16829,24.94214,00000000afef4555,20.28
4947,2019-08-01T09:06:13Z,5e2c5c20c88ccf362ed8749d1ddc041b1cb1c38d8dbeac7870179322,60.16629,24.95957,00000000fb7600be,4.94
4948,2019-08-01T09:06:13Z,6072bfb496e2b8a999c9edbda5b76fbc0e783ff2a439c4e6c881fabf,60.16829,24.94214,00000000afef4555,5.41
4949,2019-08-01T09:06:13Z,619c5b31af2a28703a837cc7974ef0d2c5bb6584ba0fcc03076218ac,60.17002,24.94407,000000006b087f40,21.87
4950,2019-08-01T09:06:13Z,626bf35ce16dba1054cfd175d09475d3ee751bf70e56f984ff5c7ab6,60.15133,24.92329,00000000e8a064a4,20.28
4951,2019-08-01T09:06:13Z,63ff2439779051005c18876d20ed53ce060c1de9d7976821bd518fc6,60.15432,24.9211,0000000019fb59c4,9.12
4952,2019-08-01T09:06:13Z,65b6b62b547e11e10f7f83ad497446bee2bb9653097d9d62e9b1b817,60.17065,24.93641,000000000f4919c9,12.69
4953,2019-08-01T09:06:13Z,674355e17da9460e58566497be518f2eb537880c67c788fedb5067db,60.16629,24.95957,00000000fb7600be,11.7
4954,2019-08-01T09:06:13Z,685af6b01bd180194d718801bb8b9c9de22050cc392d6c6441fe986b,60.18203,24.91341,00000000342570c2,18.79
4955,2019-08-01T09:06:13Z,69e2854c78a472b462941ef730aa9fa7a9dba9c1cc22996396d4c78a,60.17918,24.95141,00000000675d5200,9.92
4956,2019-08-01T09:06:13Z,6adce4d05e58232a97635a2fd7918e4e49d9295afc0989d727f9c712,60.17002,24.94407,000000006b087f40,18.79
4957,2019-08-01T09:06:13Z,6be747c7ea296d5a1f3e2942a6208d5f61fe895abb9a13c65372b130,60.16829,24.94214,00000000afef4555,7.69
4958,2019-08-01T09:06:13Z,6d5a8ded89f26533ed851d1a0894f0d9045e9cd4baed439f7d9a922b,60.16629,24.95957,00000000fb7600be,14.89
4959,2019-08-01T09:06:13Z,6d98ac1fea7056e5b96d6095caf0e3677a4ec30e9fbcc2e50ae1cf65,60.16629,24.95957,00000000fb7600be,12.69
4960,2019-08-01T09:06:13Z,6dd5463e670c352180c1e912300e21e59f5e2976266df8c3c92b0baf,60.16829,24.94214,00000000afef4555,17.4
4961,2019-08-01T09:06:13Z,6e80fcea10d21e1d5e672b554c0f3fe686dc58934f38c3391fd5c262,60.17002,24.94407,000000006b087f40,10.78
4962,2019-08-01T09:06:13Z,6eb390f743af2f8f87ce6c2ab53228450ccce1d21de54f8abba160df,60.16829,24.94214,00000000afef4555,21.87
4963,2019-08-01T09:06:13Z,7003a7f6a5523b645634f014e04bea36016953a8af9324e35602bc2e,60.14947,24.91438,000000004ef3150d,25.36
4964,2019-08-01T09:06:13Z,704c3f3075f13713c363014fa828e4a932e7a05676813b9963a1e554,60.17919,24.95181,000000007b5207b6,3.09
4965,2019-08-01T09:06:13Z,70d391038ec56b63a3737605c2c1db6ffbdca8e4490691776dc993f1,60.16829,24.94214,00000000afef4555,3.4
4966,2019-08-01T09:06:13Z,7105a68b527be40338bcf13245fe1975a15988a3c557bbb24fd26422,60.16762,24.95415,000000006b44cce7,29.32
4967,2019-08-01T09:06:13Z,7226031f97fb041caef264f1911df0305fd803a368ddc488fd98a06b,60.16448,24.97323,0000000053c6c2be,25.36
4968,2019-08-01T09:06:13Z,7292a4a47ed655e0ce0ead026bb0ae4b8093342f87a9aed5665c1456,60.16762,24.95415,000000006b44cce7,17.4
4969,2019-08-01T09:06:13Z,72f088587da3409c5a4bec360a52a230a7551c3671441baaaabc6357,60.16829,24.94214,00000000afef4555,18.79
4970,2019-08-01T09:06:13Z,75003dbce84bab66829b2489dc3bff3abc4ec7f1b136c28b0835fa0e,60.15133,24.92329,00000000e8a064a4,25.36
4971,2019-08-01T09:06:13Z,7563b91d728fe470bc4d89aa18128a87b92c747336dd2c70cfbf9e84,60.1538,24.95595,0000000038bf9618,25.36
4972,2019-08-01T09:06:13Z,76c2f7b3773d4bebd4dabada1c2b98fe4ea9762e9c98b4a6371d7746,60.16762,24.95415,000000006b44cce7,10.78
4973,2019-08-01T09:06:13Z,774131d73accbbb31ec3c43c3501b7969645eb65df1839ca8116526e,60.15432,24.9211,0000000019fb59c4,12.69
4974,2019-08-01T09:06:13Z,7803e2d46157a5482e745447d4c2c332fbd818d87a20b0f6187c628d,60.17065,24.93641,000000000f4919c9,18.79
4975,2019-08-01T09:06:13Z,78047bec076b1b43b674f39aa6b605b1665404036da0e4dfac3c1e1e,60.14699,24.922,00000000a53ed894,31.5
4976,2019-08-01T09:06:13Z,79669159e96cc1cdf3879c3db8c5621167f92aaa10df4dd21a9be1de,60.16829,24.94214,00000000afef4555,8.38
4977,2019-08-01T09:06:13Z,7c1534082e86ff4387878d813207626d8f728aa26b97248e00a3b8d7,60.16629,24.95957,00000000fb7600be,12.69
4978,2019-08-01T09:06:13Z,7d12711d47425111a6dce413faa867542b9532f3b9c5a934b37a0bc8,60.17918,24.95141,00000000675d5200,14.89
4979,2019-08-01T09:06:13Z,7d415f4fd9093fb383b4ebb88961ad74e6a00d3ece39504712dad639,60.17918,24.95141,00000000675d5200,10.78
4980,2019-08-01T09:06:13Z,7e2e3d07c939e3e76e7ce87678faf64e056afe54215e00488839100f,60.14947,24.91438,000000004ef3150d,16.1
4981,2019-08-01T09:06:13Z,7eb4a715919b3eb4085270535ce4d7b57112591ad7242eb189bf652a,60.17065,24.93641,000000000f4919c9,23.56
4982,2019-08-01T09:06:13Z,7f59aaecea1eee6c703ec5d46d67b44289ddedf080defee495b73739,60.14947,24.91438,000000004ef3150d,18.79
4983,2019-08-01T09:06:13Z,7faf8705e89a761625aaed50b89538581e25d5950ec8f051d36ed829,60.14947,24.91438,000000004ef3150d,14.89
4984,2019-08-01T09:06:13Z,809bf2d7a0745ae512b934a578fd5fd47c13c5398b6d06ad350b9e7c,60.14947,24.91438,000000004ef3150d,14.89
4985,2019-08-01T09:06:13Z,81cabf0ecb3563f645298961619ca623084bb89ab4b7635ffe2de7c0,60.16829,24.94214,00000000afef4555,25.36
4986,2019-08-01T09:06:13Z,82bab0a1bfd11576cf62159546b756e1da44125c76909e270ced391b,60.16897,24.95222,00000000aa852af1,21.87
4987,2019-08-01T09:06:13Z,83f88d179c212ccfea2cec34c4bed9347b448ef744e82ed954e732d4,60.14699,24.922,00000000a53ed894,29.32
4988,2019-08-01T09:06:13Z,84d1d9aa30ee8522d093db9e804511ce266eafc2488c6d3af73dd762,60.16531,24.9442,00000000fdda10fe,21.87
4989,2019-08-01T09:06:13Z,8524898e498c83bde4bc1848aa2b372da84e7b2266f36aabe128cc27,60.17919,24.95181,000000007b5207b6,18.79
4990,2019-08-01T09:06:13Z,85bdce5b262dbd94adcff03e6cad26a1152828b6ab27e6fdd56b2b13,60.16762,24.95415,000000006b44cce7,4.11
4991,2019-08-01T09:06:13Z,880f9cbb91b9caf48ea9c5dd1a0c8e1db72922b6dfcb647b102fc469,60.16629,24.95957,00000000fb7600be,8.38
4992,2019-08-01T09:06:13Z,88c2bc6310f27465b9f08b28fb52075d7703ce7b097e5beb37c7437c,60.14947,24.91438,000000004ef3150d,17.4
4993,2019-08-01T09:06:13Z,89aeff56a0700534bbf2dfd19fc298f5a890c95e1a45b6ca7ad3c33a,60.16829,24.94214,00000000afef4555,9.92
4994,2019-08-01T09:06:13Z,8a01e28fd327e5c56dcf2dc8b2b7762a96d77584c21990a073ceb11f,60.16829,24.94214,00000000afef4555,2.8
4995,2019-08-01T09:06:13Z,8c2c35fb6ebc0f07014a3291523f291bea82160dee13d091314cde65,60.16762,24.95415,000000006b44cce7,14.89
4996,2019-08-01T09:06:13Z,8c571538c285dba9d77edacfb1829b282d54b772b62209c6e4004237,60.17918,24.95141,00000000675d5200,7.05
4997,2019-08-01T09:06:13Z,8d8ccef34e3b6aa97c72aa793dec4c27e35e0ea16fd6b9790d843b00,60.173,24.92524,0000000096918cfa,25.36
4998,2019-08-01T09:06:13Z,8e20d0d67339e3cf43e77c3a340d9dc6766de8d079197a08a1343ff0,60.17065,24.93641,000000000f4919c9,17.4
4999,2019-08-01T09:06:13Z,941ae9ee7e3b81b7cee350c534d24d49294910aaccfec7cf9a38fb2d,60.16629,24.95957,00000000fb7600be,17.4
5000,2019-08-01T09:06:13Z,941e13893853105c86bfbc6d31d62274937602143ce3bb530c8c17ed,60.17918,24.95141,00000000675d5200,10.78
5001,2019-08-01T09:06:13Z,9487e65f18f2c842b4b9c0cdb90d96a78a34ce2673cf5484cd04b420,60.16762,24.95415,000000006b44cce7,14.89
5002,2019-08-01T09:06:13Z,9998e64e3b5162fd8890fc4e2dfe41a3e875f08500f1cef0c4820855,60.16829,24.94214,00000000afef4555,21.87
5003,2019-08-01T09:06:13Z,99a026b5100e23129fa529e9a57a3dbc8490dc03b58f2193f03e2dcf,60.14951,24.92138,0000000006dd41f6,5.91
5004,2019-08-01T09:06:13Z,9abbc86fb0fc1c0532042814af76a97e6a17121831d4394749a290a6,60.16762,24.95415,000000006b44cce7,8.38
5005,2019-08-01T09:06:13Z,9b3e6848d8b34e802134d6da0e5a594897ec3fafbbf08b6d0b84068e,60.17918,24.95141,00000000675d5200,4.5
5006,2019-08-01T09:06:13Z,9bc129708b07f3c5bbf4195e83f0e5b9a663b6f371f416a8e3a605f0,60.16897,24.95222,00000000aa852af1,16.1
5007,2019-08-01T09:06:13Z,9bdb503344071eddd74d821f537246d8a6c19468b05d38d0170377f9,60.16897,24.95222,00000000aa852af1,7.69
5008,2019-08-01T09:06:13Z,9bef8b28ea93ecaee57d05b037edbfe7f80014aaf56343345fedd7be,60.17918,24.95141,00000000675d5200,7.69
5009,2019-08-01T09:06:13Z,9dfecc3e26cb27e4b80721e355ef0d6cb182ac2eebf66b006e2d9f8e,60.149,24.9843,00000000fffb8cf0,29.32
5010,2019-08-01T09:06:13Z,9e343a150f07bb3dcce5ecab8ac061b84d65b347b1af5a232e00eeb6,60.16829,24.94214,00000000afef4555,27.28
5011,2019-08-01T09:06:13Z,9eee6d740f1d483c484d02f0995f35550c09e6a8cf01f02680db5efc,60.16448,24.97323,0000000053c6c2be,14.89
5012,2019-08-01T09:06:13Z,9f2f5e6344efb60ffa5c79880ea57aeb636e51f86587e158039df6cc,60.16531,24.9442,00000000fdda10fe,21.87
5013,2019-08-01T09:06:13Z,9fa57cff946eb6b758bd810321b0bb80d6f0c46ca5fb40b0ec22ca0d,60.16762,24.95415,000000006b44cce7,14.89
5014,2019-08-01T09:06:13Z,a04214b56cac7d70680703ee6a28fac742f3c3190b55b46a79c1f76d,60.149,24.9843,00000000fffb8cf0,16.1
5015,2019-08-01T09:06:13Z,a09607edc17117a3069b79434e751f93a2a00d0d6f9aceb043e32074,60.16762,24.95415,000000006b44cce7,9.92
5016,2019-08-01T09:06:13Z,a256ee4e61079f54581967787db25324859ef431207cb182cd468fbe,60.16829,24.94214,00000000afef4555,23.56
5017,2019-08-01T09:06:13Z,a2e761fd97d8bdf78601300822b531e306b9ab7a1a43b6bfb07eba52,60.14947,24.91438,000000004ef3150d,5.91
5018,2019-08-01T09:06:13Z,a38c11c450b472b9dad2f076e2d9a63651292d3de806331d06af7f46,60.16531,24.9442,00000000fdda10fe,14.89
5019,2019-08-01T09:06:13Z,a403dc1eebc5d130e12a4c3e4298737c9e00b25b1b6b2cc36a6979c9,60.16629,24.95957,00000000fb7600be,27.28
5020,2019-08-01T09:06:13Z,a4b9f871dcc986c95f1e84fe203bb392ba0fe13164d89119bda2c94a,60.16762,24.95415,000000006b44cce7,9.12
5021,2019-08-01T09:06:13Z,a5423cad01b42682deb516a777f50fd783fd1fd9dc23b7cab01eaedc,60.16897,24.95222,00000000aa852af1,13.75
5022,2019-08-01T09:06:13Z,a808962cb511e5ed2d23e6e33efe252b1be29dc1d2f7c6154817f04f,60.16448,24.97323,0000000053c6c2be,18.79
5023,2019-08-01T09:06:13Z,a83415babca8eac00f69a32371a230fdadda29bf40fd69f75cf2e8fb,60.17918,24.95141,00000000675d5200,18.79
5024,2019-08-01T09:06:13Z,a83703c80a4d58db87327a53b0d3664d23edf7350ff6b0afaa49c530,60.16629,24.95957,00000000fb7600be,21.87
5025,2019-08-01T09:06:13Z,aa05a7036c3586a79d23f426b78bf158357208bc82d7ddf9a1326dd2,60.16531,24.9442,00000000fdda10fe,7.69
5026,2019-08-01T09:06:13Z,ab615ee5bbf567aee3505fbb360d09fc6b851f93fb15aef778b57128,60.16531,24.9442,00000000fdda10fe,12.69
5027,2019-08-01T09:06:13Z,aca524ceb3c7373172ecd0d06b26e7d610d441f4a47ab78ae0ad3340,60.15133,24.92329,00000000e8a064a4,27.28
5028,2019-08-01T09:06:13Z,acb3f4b2a6b9fe720b98158caba37c1958df05919990f30368dbbd8b,60.16762,24.95415,000000006b44cce7,11.7
5029,2019-08-01T09:06:13Z,acbbe4765d72f36b0323407c7dbe43db7b4ad5e2da0a6a9e5966db0b,60.16897,24.95222,00000000aa852af1,8.38
5030,2019-08-01T09:06:13Z,ad22512fd6a5ad9e19fdfad7e02b2793ecb01875be243f894c637ae2,60.16829,24.94214,00000000afef4555,9.92
5031,2019-08-01T09:06:13Z,af67ffa8b538058603b74f48e04ab914e8f6cd450f53c47f8c3d683d,60.15432,24.9211,0000000019fb59c4,17.4
5032,2019-08-01T09:06:13Z,afaed9946dbc1509500c6f80f87eed8fe44a74ba3e14328c6efe3971,60.16829,24.94214,00000000afef4555,12.69
5033,2019-08-01T09:06:13Z,b09e9bb62cc49c085c1aee3b752af1bec69dabc939323e5733f73933,60.17065,24.93641,000000000f4919c9,17.4
5034,2019-08-01T09:06:13Z,b28757d67868f9471f0d997a935e857fd0ff1095449820929597563b,60.16762,24.95415,000000006b44cce7,9.92
5035,2019-08-01T09:06:13Z,b32e57a6f5865a23d7a0e9fa346d5ec4e975f99c4df815fe8b1449b2,60.17918,24.95141,00000000675d5200,17.4
5036,2019-08-01T09:06:13Z,b474e34db18d21635ec9ea2654513e6759c326f3aaec96c25f9a204e,60.16897,24.95222,00000000aa852af1,18.79
5037,2019-08-01T09:06:13Z,b50a45ac0708e7b5cca42f3458430eb22ff70a81c575bafe99ffda23,60.17002,24.94407,000000006b087f40,8.38
5038,2019-08-01T09:06:13Z,b5603e758440226e490d1d7d7271a7b0d5c261eccbad198f81110136,60.15432,24.9211,0000000019fb59c4,3.4
5039,2019-08-01T09:06:13Z,b69604356a52f2b1b9c5de09a350f42d87f5b969e3e824d8b6b2368f,60.16829,24.94214,00000000afef4555,9.12
5040,2019-08-01T09:06:13Z,b6b32d1744cab38523e13d061fa256f05d6e01d920275907327c3083,60.16829,24.94214,00000000afef4555,11.7
5041,2019-08-01T09:06:13Z,b6c43126ca83e916a68e57d0178060c24fc61305836b6c8f188f7285,60.17918,24.95141,00000000675d5200,11.7
5042,2019-08-01T09:06:13Z,b6f0f4101a1a258dcb1d82d77ca91000694d4fed15bd882a8e3bfe66,60.149,24.9843,00000000fffb8cf0,17.4
5043,2019-08-01T09:06:13Z,b8fb70225ee0a2d655e2809da07a2f8cd2feb7295aa256f8b35fcf1e,60.16629,24.95957,00000000fb7600be,18.79
5044,2019-08-01T09:06:13Z,bb0509d8cfed23727a055008086076320415d2f40ddad63b703fbe2a,60.17065,24.93641,000000000f4919c9,25.36
5045,2019-08-01T09:06:13Z,bb2187a4e20012ad694c768ef2c47c9a9055671024ebf4855d4e6243,60.16531,24.9442,00000000fdda10fe,1.54
5046,2019-08-01T09:06:13Z,bc20b3b236588d3632c07aba05bd43ff4ec70f10290f2feb5175b8ab,60.16762,24.95415,000000006b44cce7,10.78
5047,2019-08-01T09:06:13Z,bc436a99a8805080541bd9dc9743df4f0e34172e2c70b59f64c4260c,60.16762,24.95415,000000006b44cce7,12.69
5048,2019-08-01T09:06:13Z,bc6d5082ca52e6dae7a1689a835434f3f6341e90afea565480eb9674,60.16829,24.94214,00000000afef4555,8.38
5049,2019-08-01T09:06:13Z,bc82f76c979de19b559e9e3aa0cd6cbf5ac361e2d7b1ac9f81fe2f4f,60.17918,24.95141,00000000675d5200,9.12
5050,2019-08-01T09:06:13Z,bd17e41f002acd238070518ccfb611a42561023ceaefde667bf6fa55,60.17002,24.94407,000000006b087f40,23.56
5051,2019-08-01T09:06:13Z,bd23c66c4df0bd849266a4429a24f23f2c9503cf31eb0cd9780248e6,60.18203,24.91341,00000000342570c2,25.36
5052,2019-08-01T09:06:13Z,be12d6aaccf354197284a8c92b960bd6a4e1705f7d948823e7891fde,60.16762,24.95415,000000006b44cce7,16.1
5053,2019-08-01T09:06:13Z,bf49d47a337e26ce22d9f900a012f227185efed1dc30802b35273839,60.16762,24.95415,000000006b44cce7,11.7
5054,2019-08-01T09:06:13Z,c15da9ed244b57a27a083919c67d0edde078a31b18cb58f13581f173,60.1538,24.95595,0000000038bf9618,27.28
5055,2019-08-01T09:06:13Z,c1674c59c49d5bf74e6808239a91d18a04e47697d298bc61a7618af2,60.16448,24.97323,0000000053c6c2be,12.69
5056,2019-08-01T09:06:13Z,c375f2dac85f963c33b2daf76ffb0c32d2c8fd08172419336e308686,60.14947,24.91438,000000004ef3150d,21.87
5057,2019-08-01T09:06:13Z,c434f18b802a764aad7a2dfb46e93546acb1b0975cf9b93fd47363f6,60.15432,24.9211,0000000019fb59c4,4.5
5058,2019-08-01T09:06:13Z,c46895857ca53c3362932d446a58c13b60d297f99ca237d4546589e8,60.16897,24.95222,00000000aa852af1,29.32
5059,2019-08-01T09:06:13Z,c4c936ac80b0ae54c0c8423657bd882256a046f8cc9416db5a725204,60.15432,24.9211,0000000019fb59c4,29.32
5060,2019-08-01T09:06:13Z,c51beff15d228f2dab9416cadfcc60fe269ce3d9202a9cf2ec7e7647,60.16829,24.94214,00000000afef4555,18.79
5061,2019-08-01T09:06:13Z,c55f651c108f569fe59364de834d31b122908186d2f95d20ed519564,60.16762,24.95415,000000006b44cce7,20.28
5062,2019-08-01T09:06:13Z,c65c11ee6e8b5894ead3ea9b007a39127edb65a67be253aca6f78ed0,60.16448,24.97323,0000000053c6c2be,25.36
5063,2019-08-01T09:06:13Z,c8aef405537103b9d31a7e2dda43949f5844b9a36494f8defaf0d803,60.17002,24.94407,000000006b087f40,27.28
5064,2019-08-01T09:06:13Z,c98bce1cc275ed0a1b833011f8cd251ac848fdc84501fe87eb8b5d54,60.17918,24.95141,00000000675d5200,29.32
5065,2019-08-01T09:06:13Z,ca7719c7cd8d4496b666f608fc07ba9930e362a0b2d96890b0778618,60.16629,24.95957,00000000fb7600be,9.12
5066,2019-08-01T09:06:13Z,cc1fcf6550ac1eee3eceef1f35de652b641407007a7c0464ac54fdbd,60.16897,24.95222,00000000aa852af1,20.28
5067,2019-08-01T09:06:13Z,ccb852835a56f5f356dfaef8c52d6e43f731aef8fb2b040d76b5e569,60.16897,24.95222,00000000aa852af1,25.36
5068,2019-08-01T09:06:13Z,cccf3ba2a9d11b9330c18af8064a20aca9995473495bf119162a1619,60.16897,24.95222,00000000aa852af1,9.92
5069,2019-08-01T09:06:13Z,cf823e18aa21de251222a9ab70c1b76b6218dea694752d56f6f84082,60.149,24.9843,00000000fffb8cf0,27.28
5070,2019-08-01T09:06:13Z,d062562fed5ad0a61560e267310beb0b717d2a1e2a11d1d575507861,60.16897,24.95222,00000000aa852af1,29.32
5071,2019-08-01T09:06:13Z,d16e16def718519430296afa23976c226aaf720722bce3d92a2aad43,60.14947,24.91438,000000004ef3150d,9.92
5072,2019-08-01T09:06:13Z,d29a5ebd00326d5dedb6c60cab75fd238bdaa9d7f703f6b5974edbc7,60.16762,24.95415,000000006b44cce7,7.69
5073,2019-08-01T09:06:13Z,d31d6921eee92503b486a1b30f5330581c4744a82e6549f375544846,60.17918,24.95141,00000000675d5200,17.4
5074,2019-08-01T09:06:13Z,d562afdedae521be241c98441e436608a323fdb944dedc24c835e762,60.17065,24.93641,000000000f4919c9,4.11
5075,2019-08-01T09:06:13Z,d653ef8368d33df4fc7edeb5a381d5826be1471f1470aa9744d47901,60.173,24.92524,0000000096918cfa,4.94
5076,2019-08-01T09:06:13Z,d65b8625c1f24304ff0e3c4a4dce7aa5d434d36be87be41834a49420,60.16531,24.9442,00000000fdda10fe,6.46
5077,2019-08-01T09:06:13Z,d6e217c6592e449e2390b1a874e08cbc9126116901dbdbf84501c6b8,60.17065,24.93641,000000000f4919c9,12.69
5078,2019-08-01T09:06:13Z,d74ea3c9e0aaa523c791aa01f4f9a7c1c43f01f585dc4146b19edf83,60.17918,24.95141,00000000675d5200,4.11
5079,2019-08-01T09:06:13Z,d7734ef0345fcffc0f4bd7579275af62987490aba012209832e92059,60.16629,24.95957,00000000fb7600be,16.1
5080,2019-08-01T09:06:13Z,d80b1d1a63e542cbbdb6a33c8fba0b0dcfa324d17f2f3173c3d5a37b,60.18203,24.91341,00000000342570c2,20.28
5081,2019-08-01T09:06:13Z,d87c4d5dc2cd620de54fdd076d4f9b35245053d65b644d9e01f558b5,60.16762,24.95415,000000006b44cce7,7.05
5082,2019-08-01T09:06:13Z,d95956cedfc4dfe06014194cc1071864bd835fcc014c1fd6f4d33337,60.16762,24.95415,000000006b44cce7,6.46
5083,2019-08-01T09:06:13Z,d983db67d9cd171123ba12eeb19c11f34a3ad1d75fc9214ac3ae8a26,60.17002,24.94407,000000006b087f40,27.28
5084,2019-08-01T09:06:13Z,d9cc269e2225d41ad4b705719521e2a34dbd76c906ae76c607f14425,60.16762,24.95415,000000006b44cce7,27.28
5085,2019-08-01T09:06:13Z,dc786895c819070347a0a268463f0a8b15f5eec1647f016a9e78e9e0,60.1538,24.95595,0000000038bf9618,31.5
5086,2019-08-01T09:06:13Z,ddae2128c72cf011df2a698a8254b8738fd07a971349ea8a5e8bfa9f,60.16829,24.94214,00000000afef4555,13.75
5087,2019-08-01T09:06:13Z,deb8a213e1b4930e676ee8fdb394161ec46adb785171fa37437b4d44,60.15133,24.92329,00000000e8a064a4,10.78
5088,2019-08-01T09:06:13Z,ded712413bfc7de58a469fab75498089b2c3c6b5e0c9cae260102284,60.16829,24.94214,00000000afef4555,9.92
5089,2019-08-01T09:06:13Z,dfe80baf219bd267a459c954a8e3027b3f1ed29fea2a5355456d5652,60.16897,24.95222,00000000aa852af1,11.7
5090,2019-08-01T09:06:13Z,e0fe7fe5854899c0eb42b75b300339808143419404558ed4d00b0f17,60.17918,24.95141,00000000675d5200,14.89
5091,2019-08-01T09:06:13Z,e234769b1ce1634554f5fa4a290d11b2a30c3dfd009d4c39a2e9dd3d,60.17065,24.93641,000000000f4919c9,25.36
5092,2019-08-01T09:06:13Z,e264983196ca00fbd29e4314431b47c9908296a2f9182852bbd61a38,60.16448,24.97323,0000000053c6c2be,21.87
5093,2019-08-01T09:06:13Z,e294dde431d68c7b73efcf1f9b916e40bf408111c79228032c7830a4,60.16544,24.95398,0000000038d83d41,20.28
5094,2019-08-01T09:06:13Z,e2bb0ae74deee6cbc4f50c5f85da3f1779ca1db1ae7ff48ab4b33dbc,60.17918,24.95141,00000000675d5200,11.7
5095,2019-08-01T09:06:13Z,e2f445c6711e0e7d48a6a045bec347587f9f398e8928a171cfa2ca38,60.16762,24.95415,000000006b44cce7,6.46
5096,2019-08-01T09:06:13Z,e2f8b065913423b6cd370ba12adba60bad68b6ff2a97fbcb1d1614bf,60.16897,24.95222,00000000aa852af1,18.79
5097,2019-08-01T09:06:13Z,e3f844c56875bd572c3b57a835b884f1060b467d3bbd25c50dcc7e28,60.16762,24.95415,000000006b44cce7,18.79
5098,2019-08-01T09:06:13Z,e508e239ba2ca68b34ad5074f3d7b013e72f6f7df36eb6cdf545be78,60.16762,24.95415,000000006b44cce7,10.78
5099,2019-08-01T09:06:13Z,e528235be3e5cc4945024d50d1ed43061e2e2f2845f2b41e081e1721,60.17918,24.95141,00000000675d5200,23.56
5100,2019-08-01T09:06:13Z,e5c420a1e245fdd6edfa81749854024d8647ad7ac70035cea94ca645,60.16829,24.94214,00000000afef4555,27.28
5101,2019-08-01T09:06:13Z,e5cad8bb9a6c8dcc067948d7f869033aca5bdd062da175c8734092e6,60.17918,24.95141,00000000675d5200,9.92
5102,2019-08-01T09:06:13Z,e60dfd6fdae0694da3bbaca41506bcb6ca5f3ac39a1801d84a65751e,60.16762,24.95415,000000006b44cce7,17.4
5103,2019-08-01T09:06:13Z,e73dcccbc4dd6af49316f19a34c347cc94ff7ab079a93a2672d78a16,60.14947,24.91438,000000004ef3150d,27.28
5104,2019-08-01T09:06:13Z,e8add7e8346b99cd4b67924113f3763441a1899897c6d1ac3a1a40a6,60.17918,24.95141,00000000675d5200,21.87
5105,2019-08-01T09:06:13Z,e9275b4d525e0593374e00e9cf9885062a1699ecb3462c758a025ef1,60.16762,24.95415,000000006b44cce7,12.69
5106,2019-08-01T09:06:13Z,ea1b1a8ba1c01fdd1e098c585b133fc3d60f7c2458e7c2726e2df8ee,60.16629,24.95957,00000000fb7600be,13.75
5107,2019-08-01T09:06:13Z,ea3f8412ed9c4d92448688dd9cc7ff9e3eeb5fe4373d0953bf0349c1,60.16531,24.9442,00000000fdda10fe,16.1
5108,2019-08-01T09:06:13Z,ea94130fbb3464dc656765cfddbad802ddfafb1af8007cb5f42cd41f,60.16829,24.94214,00000000afef4555,20.28
5109,2019-08-01T09:06:13Z,ec2dd83e04d225caca9f6b9d28bd3080ed37c5bf42e5f65123fa2394,60.17065,24.93641,000000000f4919c9,11.7
5110,2019-08-01T09:06:13Z,ec7121833f0e4b509d683b00a9c5e992e4b84882cb857145102e14f4,60.16531,24.9442,00000000fdda10fe,2.3
5111,2019-08-01T09:06:13Z,ec8c0160ac1ee5aeaf6204956c9db2ee4f98f55ae3fe1ec0af07fab8,60.16762,24.95415,000000006b44cce7,9.92
5112,2019-08-01T09:06:13Z,ed86f884272a5a400b55bfd4f22bc8cc5d6fca7fe26eee3c39cb3c52,60.15432,24.9211,0000000019fb59c4,13.75
5113,2019-08-01T09:06:13Z,eef621895ee74145a6d76c5f5493a93d7c728c80abe45a2e1933ae9f,60.16897,24.95222,00000000aa852af1,14.89
5114,2019-08-01T09:06:13Z,ef67b9e4617f284b84167b4bdaff71108579a33ced0a2450ff25a1a1,60.16629,24.95957,00000000fb7600be,18.79
5115,2019-08-01T09:06:13Z,efc51406db4c66b8a573ec325afe8a9258a04a71b46ff3aae1cfa696,60.16762,24.95415,000000006b44cce7,10.78
5116,2019-08-01T09:06:13Z,f03d20d6bb80ce0745cb0fbed6619e0a6288bfffd08e9aabce1692ba,60.17065,24.93641,000000000f4919c9,9.12
5117,2019-08-01T09:06:13Z,f1447725764ec0dca245fc67f2aa0a0c42e6b05808076aa74f0c1e7e,60.17918,24.95141,00000000675d5200,10.78
5118,2019-08-01T09:06:13Z,f1b28329fc91f4708ca34857c5582c0bf1b7d0ab06127746029cd72c,60.17919,24.95181,000000007b5207b6,4.94
5119,2019-08-01T09:06:13Z,f20935810c1567a80c288016c4d4dd32fe86b3479f47ae7dd64d15cc,60.15432,24.9211,0000000019fb59c4,9.12
5120,2019-08-01T09:06:13Z,f27b93329546b5d9c00e9fc70d0df72440f620564e0fff5a89ff8276,60.17065,24.93641,000000000f4919c9,27.28
5121,2019-08-01T09:06:13Z,f29ed00b645af4bbf50174e71f58a9b691d2e2342e59eda242d97380,60.16829,24.94214,00000000afef4555,11.7
5122,2019-08-01T09:06:13Z,f3919086bf89b45ea90abf40ffd1372519057bda5b604c1901e841bb,60.17002,24.94407,000000006b087f40,21.87
5123,2019-08-01T09:06:13Z,f4587b90aec9127805880f7c81fc03b9fb513fe363015399b895089f,60.16829,24.94214,00000000afef4555,25.36
5124,2019-08-01T09:06:13Z,f4bbc3077da0455d4340da2eed204915327b75a792080724548b4956,60.17918,24.95141,00000000675d5200,1.54
5125,2019-08-01T09:06:13Z,f503a41d3e8b9b57628f4f061c1d8e0c53c62dd8a6fe38d212958ee6,60.16075,24.95883,00000000f1124bca,7.69
5126,2019-08-01T09:06:13Z,f50fd3b1715a94dff67461f4b8f252ecaa6acc16459b3d021f34f15e,60.1538,24.95595,0000000038bf9618,33.81
5127,2019-08-01T09:06:13Z,f587de6c8c03387c5e6a66cd7d20c45abad3668c8e2246611122547b,60.14947,24.91438,000000004ef3150d,10.78
5128,2019-08-01T09:06:13Z,f741519cf6f519194bb45b9da0e69bda8edb903e3c24d4140f340467,60.16762,24.95415,000000006b44cce7,9.12
5129,2019-08-01T09:06:13Z,f77f8836e641389801309c311e926c1662264ab16efd01cd5bf27baf,60.16762,24.95415,000000006b44cce7,5.91
5130,2019-08-01T09:06:13Z,f803aeb1f00a057ed31451d0f3d132f27fec17305dc699176ac5339a,60.16897,24.95222,00000000aa852af1,23.56
5131,2019-08-01T09:06:13Z,f9e527876f8dfe750fd29bc42664bbf572aed5d09d344a8934a83d90,60.17065,24.93641,000000000f4919c9,5.41
5132,2019-08-01T09:06:13Z,fa1a3814c680b20020a08346c37ee2853e895984574575312bf262e7,60.14947,24.91438,000000004ef3150d,10.78
5133,2019-08-01T09:06:13Z,fa9f19c58a086fde9429d732b1eec80eacf5fc1b2c0124d17243d008,60.17918,24.95141,00000000675d5200,2.3
5134,2019-08-01T09:06:13Z,fba6e66dd09200012637e0b454c96fd7a5459b7e8b0ba01863cdbd77,60.16762,24.95415,000000006b44cce7,2.8
5135,2019-08-01T09:06:13Z,fc75e05a713e8733c512a31a3bebec0a122af3e7afb2c5059c3f1a3a,60.17002,24.94407,000000006b087f40,20.28
5136,2019-08-01T09:06:13Z,fdb3239bb0017def73005dc66a8d674c713493499c8feff7a6c01018,60.16762,24.95415,000000006b44cce7,13.75
5137,2019-08-01T09:06:13Z,fe88879502b9755093db192b4ea06a7b5b568f7e8b92970727636c68,60.16762,24.95415,000000006b44cce7,12.69
5138,2019-08-01T09:06:13Z,fea1453360073dfc1896bf1f005f51addb49661f953e16cffba3c63d,60.16531,24.9442,00000000fdda10fe,9.92
5139,2019-08-01T09:06:13Z,ff10218d9a15a3bf160a969fa266f197770d363bc52dce7fa08ae990,60.16762,24.95415,000000006b44cce7,7.05
5140,2019-08-01T09:06:14Z,0fff89885f08417f20aadfdbf62a372277e9085bcd024374b772ecac,60.16531,24.9442,00000000fdda10fe,25.36
5141,2019-08-01T09:06:14Z,144afc51fc2443c7031a2912566eff2ce60226a49d6d2bd7c2923700,60.16544,24.95398,0000000038d83d41,18.79
5142,2019-08-01T09:06:14Z,14c7e1511b70f4dd3359cbece1377aebb4d70531f5489eefe53d7c3c,60.16544,24.95398,0000000038d83d41,25.36
5143,2019-08-01T09:06:14Z,15918569de0a46a8eb56b43d8d39f7fc82619ff1006f00822c85745c,60.17918,24.95141,00000000675d5200,2.08
5144,2019-08-01T09:06:14Z,165ebbb4090d47319ae370f0d0854fdc1f6b79499f8b2e4d3c3533c0,60.16544,24.95398,0000000038d83d41,23.56
5145,2019-08-01T09:06:14Z,171d0bf49a26400390df42bc1c9af98d9279bf8ccee92f39288845e1,60.16762,24.95415,000000006b44cce7,2.3
5146,2019-08-01T09:06:14Z,1951291ca064d0fb480d958037c1477427d2ca8db455fef0b741bf9f,60.16448,24.97323,0000000053c6c2be,21.87
5147,2019-08-01T09:06:14Z,1f0f0628cdc688d76bde2b82bee5b9b4916bf0bbdfe76cf3213e1c65,60.15432,24.9211,0000000019fb59c4,12.69
5148,2019-08-01T09:06:14Z,2a93b61a3863ace54349d7a0937e4134fcc6d4dfcf064eefae2b7cf8,60.15432,24.9211,0000000019fb59c4,23.56
5149,2019-08-01T09:06:14Z,2f33dacc8bf2b0b809b88130b46696c922929e1eb8ea92017f05509a,60.16448,24.97323,0000000053c6c2be,29.32
5150,2019-08-01T09:06:14Z,5d65719c4cbf045f068d084b72302f447d5fd034413d97d13be00d0e,60.18203,24.91341,00000000342570c2,20.28
5151,2019-08-01T09:06:14Z,6a657079c1bdc8114c289be1ddd83e5846d4279a920d1697b8ff0033,60.18203,24.91341,00000000342570c2,21.87
5152,2019-08-01T09:06:14Z,6d22b751ff5173035dc85c52c3dff0780126adae67fe33dc62dd45ef,60.16531,24.9442,00000000fdda10fe,27.28
5153,2019-08-01T09:06:14Z,6ff437688c444238352c28f64f9d2a7d0f14d19c9ea42c225380501e,60.16762,24.95415,000000006b44cce7,13.75
5154,2019-08-01T09:06:14Z,76c7f42283513d0e289bf786d89463b5025b2ae0f4e13519a4cf228b,60.15432,24.9211,0000000019fb59c4,21.87
5155,2019-08-01T09:06:14Z,78d5f60b36b59c06c3988b94e11744bb3aed5dcbc214f91f228bf892,60.16448,24.97323,0000000053c6c2be,17.4
5156,2019-08-01T09:06:14Z,84fdfd8881f633c5f0c71c1480053953ca4b05e848052d97c063ad38,60.1538,24.95595,0000000038bf9618,21.87
5157,2019-08-01T09:06:14Z,87dfaad29a9276ddddb1fa021d3bc23ad14824c1af16f7d87e713689,60.14951,24.92138,0000000006dd41f6,9.92
5158,2019-08-01T09:06:14Z,8c75c3289c84fe4493e1e272a77b615fe1985880c5dc68a7c1a17b53,60.16762,24.95415,000000006b44cce7,10.78
5159,2019-08-01T09:06:14Z,8cc6ddaa460aeae8cc9e8a33f91a01c8cd4c0c8bf8a943210a28c84d,60.1538,24.95595,0000000038bf9618,25.36
5160,2019-08-01T09:06:14Z,9843c6216661048343a0e49cf3d8aa2883cf77f452666a1c873a1052,60.16448,24.97323,0000000053c6c2be,8.38
5161,2019-08-01T09:06:14Z,9d03d14afa49576281aa26db60e517f7c1ec8aa36f7756959a860a8a,60.16629,24.95957,00000000fb7600be,11.7
5162,2019-08-01T09:06:14Z,9ff35a7f150d05ef75c3777dbae4f91e5b1a4d0830a984c50f6da1bc,60.16897,24.95222,00000000aa852af1,31.5
5163,2019-08-01T09:06:14Z,a9da1ee82e3b670e276c26b483dd50f4a6d0c6f77ef82245d3ae6086,60.18203,24.91341,00000000342570c2,12.69
5164,2019-08-01T09:06:14Z,ab0f67c0c0e1ba5eac9013f9c314feadf340ddf08543b91e70483594,60.16544,24.95398,0000000038d83d41,23.56
5165,2019-08-01T09:06:14Z,b1f358076ba79ef902a36ca8ae3f8ec7c93308a67c479345bfdbdecf,60.1538,24.95595,0000000038bf9618,29.32
5166,2019-08-01T09:06:14Z,b4faf2d3c4d2b199afeab6ab63b583fe3a2e81e14abbef6917f25129,60.15432,24.9211,0000000019fb59c4,23.56
5167,2019-08-01T09:06:14Z,b5fd6b317890e5ab2d79e2cd1abe61626d45a753c7337d0d40728898,60.16762,24.95415,000000006b44cce7,10.78
5168,2019-08-01T09:06:14Z,cf05623e4d87ce0906c0b0b7dbf53aacc1228016cd27c341228b6e76,60.18203,24.91341,00000000342570c2,29.32
5169,2019-08-01T09:06:14Z,d05182f65870cf88d6f32febaa528db2b373262e73b9fbd3a91cb131,60.16762,24.95415,000000006b44cce7,18.79
5170,2019-08-01T09:06:14Z,d127ead865385b64ae537a703a26be15fae4b5332ce0fbf03d5e0c23,60.1538,24.95595,0000000038bf9618,31.5
5171,2019-08-01T09:06:14Z,dd2c9c82cf3737146294aff6f814a1349fb0bc4bedf518715dacbe8f,60.18203,24.91341,00000000342570c2,18.79
5172,2019-08-01T09:06:14Z,ec72ef080c605e71978aed0d3b5f22c3c3133677a43c614b72eedc6d,60.14699,24.922,00000000a53ed894,25.36
5173,2019-08-01T09:06:14Z,ed70dda6b7faebd4340dacdb452ab224d9d3c308df417b7fa76f54e8,60.14951,24.92138,0000000006dd41f6,21.87
5174,2019-08-01T09:06:14Z,f088630d7476dae7d4b7e2bb1f10575f2c89acb4b6e061f3d57c2b40,60.16531,24.9442,00000000fdda10fe,21.87
5175,2019-08-01T09:06:14Z,f1f7b52845876f30642a66e5014615e91d05b70e771d5ea25341dc8c,60.16448,24.97323,0000000053c6c2be,27.28
5176,2019-08-01T09:06:14Z,f7e45613ad966fea53fab73b435ba3a087c774e36596b3a5156a3487,60.16829,24.94214,00000000afef4555,2.3
5177,2019-08-01T09:06:14Z,f83d4b6b8ffbf8a674d212e32100b2360b80261b4e9207d77c0b0ed3,60.17918,24.95141,00000000675d5200,3.4
5178,2019-08-01T09:06:14Z,f99c5dd8cc08bd2353083d875ce8bc585fb2c2ff8427b90d92f571de,60.1538,24.95595,0000000038bf9618,25.36
5179,2019-08-01T09:06:14Z,fc4f3a44235f1cfc7b53f14ba2da599976a5a0a220d23b852688e485,60.17918,24.95141,00000000675d5200,16.1
5180,2019-08-01T09:06:14Z,00787dad708490660b0b836fa415681cc57046fa521c0c0aaea14a9e,60.16762,24.95415,000000006b44cce7,2.8
5181,2019-08-01T09:06:14Z,00d98e49fc01c16216b630f9fdf19ce9826d27552ce2fa4676de957b,60.16829,24.94214,00000000afef4555,12.69
5182,2019-08-01T09:06:14Z,02050a536056486b1bf139282f0d0a3af63def1d56ff0c73ac51bb19,60.14947,24.91438,000000004ef3150d,16.1
5183,2019-08-01T09:06:14Z,023083c44c772667f1727e01c74518889b2a82d78ceb28c08b6f8a20,60.16531,24.9442,00000000fdda10fe,27.28
5184,2019-08-01T09:06:14Z,026928824d256a4f984eb8bfc77dcce6e2d481694782a80cb69ac2a6,60.16531,24.9442,00000000fdda10fe,25.36
5185,2019-08-01T09:06:14Z,028149b8bfaf37d1f064cb0b4f23ae118f00d8eff41679fb8830396a,60.16531,24.9442,00000000fdda10fe,29.32
5186,2019-08-01T09:06:14Z,0362cc670dcfab795a3911957b6a177416bf9b99d0e2732716796c4d,60.15432,24.9211,0000000019fb59c4,9.92
5187,2019-08-01T09:06:14Z,03f427d436ba092925de462b11374bdbdab0443620037675621fbc11,60.17918,24.95141,00000000675d5200,18.79
5188,2019-08-01T09:06:14Z,0483eb7342f4e704caa76b9bc3d6a7bd836282960dafc2c756247134,60.16762,24.95415,000000006b44cce7,7.05
5189,2019-08-01T09:06:14Z,04c26e81b9a9c7fbc6060d74236c616220c3cd580100a0c58a62ea1a,60.16897,24.95222,00000000aa852af1,21.87
5190,2019-08-01T09:06:14Z,063935180fff0e58de5d319ecb9320cf794423e3c6aeac0cca8f1a9f,60.16897,24.95222,00000000aa852af1,17.4
5191,2019-08-01T09:06:14Z,08f9fd60f852d3502bfa509c955e9963e73954f961d55ba8cd46cae9,60.16629,24.95957,00000000fb7600be,14.89
5192,2019-08-01T09:06:14Z,0951ec0c700dba7330b8e8181fc852becde054d0dc7474d1488db3cd,60.17065,24.93641,000000000f4919c9,18.79
5193,2019-08-01T09:06:14Z,0b1e470de9987c18967cad858b6f79c135ffd2e9ad00bb9c470d0eb3,60.1538,24.95595,0000000038bf9618,31.5
5194,2019-08-01T09:06:14Z,0c1684b697a63d7f47ebaedcfa060b3b4af294fec1e62d613699291a,60.16897,24.95222,00000000aa852af1,5.41
5195,2019-08-01T09:06:14Z,0c51d4f7e203cab855fc51204f9956282e023f758253ce9173873211,60.17002,24.94407,000000006b087f40,17.4
5196,2019-08-01T09:06:14Z,0ce136cd78d17c06d7c5673fecf75f44da717c2befaaea18c6bdf0b1,60.1538,24.95595,0000000038bf9618,36.27
5197,2019-08-01T09:06:14Z,0d2a30f4e69ed2b7c428129d550b561c93cfe41bbf290ae41a4343bc,60.16762,24.95415,000000006b44cce7,14.89
5198,2019-08-01T09:06:14Z,0feb7de3b58597dd266ed606e8d3b6e2e4e0be942b17c15be984f51c,60.14951,24.92138,0000000006dd41f6,17.4
5199,2019-08-01T09:06:14Z,1069967e3921871955b1b2b42e60f829c593a3e024401bfe61ae410e,60.16629,24.95957,00000000fb7600be,12.69
5200,2019-08-01T09:06:14Z,10d0fed0f7d40b253b5fc5a53297dc9af8bb76fa6f34d5e71383cb62,60.17918,24.95141,00000000675d5200,18.79
5201,2019-08-01T09:06:14Z,1271bcd33c0056265a5bdf6df4092a3c9e2209abee80570cb172031b,60.16897,24.95222,00000000aa852af1,21.87
5202,2019-08-01T09:06:14Z,15b314157b22b2a5bf8a39539a049ce73e7baa21b0ce24f21718ce4a,60.17002,24.94407,000000006b087f40,21.87
5203,2019-08-01T09:06:14Z,16e18d478be872d2a9801fa885d08edeb3f5ae1840b38478f9baf535,60.17919,24.95181,000000007b5207b6,16.1
5204,2019-08-01T09:06:14Z,188d2e17eacbe726e4d834ba5fdd055045b0b5a38b32ad73ea7c5d9f,60.16762,24.95415,000000006b44cce7,16.1
5205,2019-08-01T09:06:14Z,190cdde22bc3e3a41cd0f9da7efb3a917bc09e8034b05ca6064ea8a8,60.17918,24.95141,00000000675d5200,18.79
5206,2019-08-01T09:06:14Z,1cfafdaa3ff1975bcf6f699641431e88775ba2183074d825eeb81dd3,60.149,24.9843,00000000fffb8cf0,16.1
5207,2019-08-01T09:06:14Z,1d70ff49909e1d6fb653ae053aa78084daf385dbbd2ad22b05707309,60.16829,24.94214,00000000afef4555,9.92
5208,2019-08-01T09:06:14Z,1da40c618e0432bb037d08723b65821f6223509e8b4033a4b4190047,60.17065,24.93641,000000000f4919c9,20.28
5209,2019-08-01T09:06:14Z,1dcff36b6f83b08b6ea87c1c1018c542c270299839908ca446dffb39,60.16762,24.95415,000000006b44cce7,11.7
5210,2019-08-01T09:06:14Z,1e3af5697f0a2ae45f261da79e4ba71c868dc4d78008bd1995fe6259,60.16448,24.97323,0000000053c6c2be,9.12
5211,2019-08-01T09:06:14Z,1e6029f749dce72746f03dcc61a1986b14438610b7ff6a19c8165e6f,60.16829,24.94214,00000000afef4555,20.28
5212,2019-08-01T09:06:14Z,1eadb2c1984aa73c3c2f13eab0a2e793331443c617681e36887f0bcc,60.16629,24.95957,00000000fb7600be,20.28
5213,2019-08-01T09:06:14Z,1f813dc10021899138c12ca17c58ab3dc24db1750dcb1790f9c20e8f,60.15133,24.92329,00000000e8a064a4,6.46
5214,2019-08-01T09:06:14Z,2283762fe3af8329ae65aec44de728da8f383810e9f2a3d3b84fa031,60.16897,24.95222,00000000aa852af1,18.79
5215,2019-08-01T09:06:14Z,22ac1ab1c590ea19b44c61c42f5e8da29a6acbabf56676527811507a,60.15432,24.9211,0000000019fb59c4,7.05
5216,2019-08-01T09:06:14Z,22b68b1dc6e6d815ca8e6afbd434ae0e229670798c443052e7444648,60.16762,24.95415,000000006b44cce7,10.78
5217,2019-08-01T09:06:14Z,25479245e5a8b0fe47e2bd590cdd63256d84afd6c164781dc64e527d,60.149,24.9843,00000000fffb8cf0,5.91
5218,2019-08-01T09:06:14Z,25d340d14d855b8c18b2c6f2551ec98a1eb047d1fd3457ba881ddf28,60.17918,24.95141,00000000675d5200,10.78
5219,2019-08-01T09:06:14Z,277fcf3cc917a89b46a34e0cf5164a78f5bcc88d92bb45ded60f1a91,60.17065,24.93641,000000000f4919c9,25.36
5220,2019-08-01T09:06:14Z,27b591b33a56a542440b53031a24f42290b0ec1a194af27700b75a3a,60.17918,24.95141,00000000675d5200,7.05
5221,2019-08-01T09:06:14Z,2823bf6afde4a5cc05342c15e7417c9590ba52264be5793bb688faab,60.17065,24.93641,000000000f4919c9,29.32
5222,2019-08-01T09:06:14Z,28296ae2b460df2f6807f8a84b81e5ebd24677a05bded29111dc33a4,60.17002,24.94407,000000006b087f40,23.56
5223,2019-08-01T09:06:14Z,2832565094d8e4bd54c7a2442ac8807d97669bc460c1cb75a831bbb8,60.16762,24.95415,000000006b44cce7,6.46
5224,2019-08-01T09:06:14Z,28ce50ca84cdcd4c17a36ac666e7ac0267b6ab5b77f4bfb08b2573a1,60.16762,24.95415,000000006b44cce7,2.54
5225,2019-08-01T09:06:14Z,28d50861d92f962c7a49eabaa524431aebf52870e44b79f77d7167c6,60.17918,24.95141,00000000675d5200,7.69
5226,2019-08-01T09:06:14Z,29ae3c5c3aeac0c607bc816f7e74c232a40142b79a52c43c7b1ed42f,60.16829,24.94214,00000000afef4555,21.87
5227,2019-08-01T09:06:14Z,2afa9ac588b2c55e8edf99ee96ecaf63451a7ab1e51571b7e2d1d491,60.16762,24.95415,000000006b44cce7,5.91
5228,2019-08-01T09:06:14Z,2c1dcbe1930bbd0596b8dea9e2abc4e49a10db5a1fbd25f103aaf5a4,60.16762,24.95415,000000006b44cce7,18.79
5229,2019-08-01T09:06:14Z,2c6810efb2565383ca0a554f3c51f3f7905484357f5e00756dbf091a,60.17918,24.95141,00000000675d5200,4.5
5230,2019-08-01T09:06:14Z,2c6f6440161f9061a850e8db96383d5eb111f0d1d8f0b666b7c49f22,60.16897,24.95222,00000000aa852af1,20.28
5231,2019-08-01T09:06:14Z,2dcc113a258bced083c9729d8e62d6001f909ce1c9dac69fa7bead83,60.17065,24.93641,000000000f4919c9,23.56
5232,2019-08-01T09:06:14Z,2e94def094f120513b5a401acb099ee60415b5ba3a62dee97215f3b8,60.17065,24.93641,000000000f4919c9,21.87
5233,2019-08-01T09:06:14Z,2f43b7a683b0d365a46b6259a032813c293472eaedcdbcc3507adee5,60.17918,24.95141,00000000675d5200,20.28
5234,2019-08-01T09:06:14Z,2f79108a454c0072885ad1447280ed5098d061b229eaae61a8bb67be,60.15432,24.9211,0000000019fb59c4,17.4
5235,2019-08-01T09:06:14Z,2f82b3546af2df53b58cddc668c9aa196554108cdf39120ea40b417c,60.16629,24.95957,00000000fb7600be,16.1
5236,2019-08-01T09:06:14Z,31b02b3b271f6feef9e49d9285929ff1c25a11e608fc5d70bc6a1fac,60.16897,24.95222,00000000aa852af1,29.32
5237,2019-08-01T09:06:14Z,3227dbecd3a095676006e4ad615dc2aea1f506c310c940230a15ac94,60.17919,24.95181,000000007b5207b6,21.87
5238,2019-08-01T09:06:14Z,32fcb1ab3a9fde533916ca28a0d5b56bbb45fd171dd5bae91f66ec6c,60.16897,24.95222,00000000aa852af1,10.78
5239,2019-08-01T09:06:14Z,33fa4cb82db5b44ffe6e7ae1039635187f90d1df328f8f139da0c693,60.17918,24.95141,00000000675d5200,2.3
5240,2019-08-01T09:06:14Z,3480c16a6649952c388d8902596e332f018e609b9585f483353ae026,60.17065,24.93641,000000000f4919c9,4.5
5241,2019-08-01T09:06:14Z,34e96c7caa63e7ede8f428b18e8fb556ac235d61a50c9d6ac7ff268f,60.17918,24.95141,00000000675d5200,13.75
5242,2019-08-01T09:06:14Z,367b1989198ef11170dd9fcfa7e6ebb5ceb58aab87c613ee1bb86e8c,60.16531,24.9442,00000000fdda10fe,8.38
5243,2019-08-01T09:06:14Z,36fe97cd2ec69118778c771a87593630f8a6a2cb77d9ce72f845cd3c,60.16762,24.95415,000000006b44cce7,4.5
5244,2019-08-01T09:06:14Z,370e50e1f77aeb2782c892f70147b6a5749ecd7e9ee41036f693ba0a,60.16762,24.95415,000000006b44cce7,21.87
5245,2019-08-01T09:06:14Z,39126ffb278f49e06180cc6abe5b31ab3acdce1534b5b6ffa0b6e567,60.18203,24.91341,00000000342570c2,20.28
5246,2019-08-01T09:06:14Z,39c6456ee66fe96eee3d97cee2a70923cedb3da760bb5d4d413adb9c,60.17918,24.95141,00000000675d5200,2.8
5247,2019-08-01T09:06:14Z,39e9fa7033887b7ab339887aa68753ff94d4771cda2bb8ff4ea7aa0a,60.17918,24.95141,00000000675d5200,16.1
5248,2019-08-01T09:06:14Z,3a1afdcf7c2e5a52cdbcbbe29e8281c184037e8720920c6c75bee339,60.15133,24.92329,00000000e8a064a4,6.46
5249,2019-08-01T09:06:14Z,3a38ba36c098f2741d6c5fb5a751fcd074d05d698ac592ca09ab443c,60.16448,24.97323,0000000053c6c2be,21.87
5250,2019-08-01T09:06:14Z,3a40ef839ab39dbb6eef8f00b0de30062b8cc56391e3303f762004a3,60.16762,24.95415,000000006b44cce7,17.4
5251,2019-08-01T09:06:14Z,3a97ae4dcab31eb5e15e5d036d286e9764e25bcf0ad8afcfba854c90,60.16762,24.95415,000000006b44cce7,7.05
5252,2019-08-01T09:06:14Z,3c036825d813d9d5a26c9215a7ff281310a8ba69609f8067f117a116,60.16762,24.95415,000000006b44cce7,10.78
5253,2019-08-01T09:06:14Z,3c84dc456230381a1e1358e89031487d34c88aaa31201204e58517b7,60.16762,24.95415,000000006b44cce7,14.89
5254,2019-08-01T09:06:14Z,3cc82d532d2a768e0c987e2653e32825a8b11fc2f7ba36388535f6e2,60.16075,24.95883,00000000f1124bca,33.81
5255,2019-08-01T09:06:14Z,3d0437a1d090cd3cad05629e69a61c519aa6218e1b7fb47811e5a4ae,60.16762,24.95415,000000006b44cce7,18.79
5256,2019-08-01T09:06:14Z,3eea43670f4f29a90ced59c1af122371340275fb61ff8f14c7120658,60.16762,24.95415,000000006b44cce7,5.91
5257,2019-08-01T09:06:14Z,40646914186edc6142b7fc3daf766121b55f5bb36ea38facff686ea5,60.16897,24.95222,00000000aa852af1,17.4
5258,2019-08-01T09:06:14Z,40825cb0d315c92e0e0a73cc8e86c3b763bbf7ce226f112913e05e0f,60.17065,24.93641,000000000f4919c9,29.32
5259,2019-08-01T09:06:14Z,411f63100f0afed103b4e31b3544b8cf0c4c830902efe7da020562c4,60.16629,24.95957,00000000fb7600be,11.7
5260,2019-08-01T09:06:14Z,41a0ca2955e0ae0324f6e14aeb77ebfaac5305e31d86c42a20277b94,60.15133,24.92329,00000000e8a064a4,17.4
5261,2019-08-01T09:06:14Z,42844e90c7134ebb3ec325f57cd27cd24711c779548ebc8692a820d5,60.14951,24.92138,0000000006dd41f6,3.09
5262,2019-08-01T09:06:14Z,432417b4972b744ded3410777a6bbb583cf56172bf3436ddbe48a21d,60.16762,24.95415,000000006b44cce7,10.78
5263,2019-08-01T09:06:14Z,4393fccdbc9fb22fab14f03ea52183ad558bcd436202e69f56a7b77a,60.16762,24.95415,000000006b44cce7,17.4
5264,2019-08-01T09:06:14Z,4470412c4b059a920f2699fbfb72b261e0847b3e1caa8c71d2edd5a2,60.16448,24.97323,0000000053c6c2be,18.79
5265,2019-08-01T09:06:14Z,44cd682aaef3e1d1bc2b0eac71d75bb3a951f74d7c93810d260dfd07,60.16829,24.94214,00000000afef4555,14.89
5266,2019-08-01T09:06:14Z,4642dfa1df839f11e64f68bca4e3dce7bde2ff6dd68c54959fcb4788,60.17918,24.95141,00000000675d5200,5.41
5267,2019-08-01T09:06:14Z,4682d95464cedcc021f38271a51bab9c000762b4acf802070e259ba2,60.16629,24.95957,00000000fb7600be,7.05
5268,2019-08-01T09:06:14Z,48004849b2f48b2314aa9175433d754db1641b949bb8cf050e2dd128,60.17918,24.95141,00000000675d5200,7.05
5269,2019-08-01T09:06:14Z,484bbaa5a9d6bdd2259f022b6ea4e3c290985c13a1286bd7142d878f,60.16762,24.95415,000000006b44cce7,13.75
5270,2019-08-01T09:06:14Z,49bbad87e4d6cd03bdb073bde7be91193d74d29943badce7fc536916,60.16448,24.97323,0000000053c6c2be,5.91
5271,2019-08-01T09:06:14Z,49df780a7f20a99ad2810fa4bbb46b5fac9bc5cbe3fc800cd572f63a,60.14947,24.91438,000000004ef3150d,14.89
5272,2019-08-01T09:06:14Z,49fba565ae2c6b068eb136fc7dabb2dd6fdf3a1d345c98d34bbb7bdf,60.16829,24.94214,00000000afef4555,29.32
5273,2019-08-01T09:06:14Z,4ade4f0d92c6157a42d7fd8e353d1c93551324ba47cc134b840a6c63,60.16897,24.95222,00000000aa852af1,4.5
5274,2019-08-01T09:06:14Z,4b4afca270c22aae160d996711ae685b598b87871b3b4ab2f96786b6,60.14951,24.92138,0000000006dd41f6,31.5
5275,2019-08-01T09:06:14Z,4ba529eeafb27285cbbade6e5ece0d4d04bd2d13c98b27a5d17abd22,60.16897,24.95222,00000000aa852af1,3.4
5276,2019-08-01T09:06:14Z,4c8696833edf46025bc9b5f589679b77a73c857736036aa9ef6696e5,60.17002,24.94407,000000006b087f40,20.28
5277,2019-08-01T09:06:14Z,4e5e16adfd317b7f9617f681099821bae42d6f0dca51dfd0957c65b4,60.16762,24.95415,000000006b44cce7,16.1
5278,2019-08-01T09:06:14Z,5001aabb6808b9fd96b705d1ebe8e7aca52713c2640100d81879dd86,60.17918,24.95141,00000000675d5200,4.11
5279,2019-08-01T09:06:14Z,51ec42fdd85671ae93876c3d875b24e56cb45699e9c3d2b623dca70d,60.16762,24.95415,000000006b44cce7,7.69
5280,2019-08-01T09:06:14Z,5372348389197e6c4bc4c5e3dab047e7384d562220e6295904bbda1b,60.17065,24.93641,000000000f4919c9,9.92
5281,2019-08-01T09:06:14Z,5385ddf78e929052bb12c39651fb3ff99e3642aa079d49f687b4c73c,60.16762,24.95415,000000006b44cce7,9.12
5282,2019-08-01T09:06:14Z,54bd709173219e8017f317b63ecc83d0a48f64542e6fa1b83c86a56c,60.17919,24.95181,000000007b5207b6,10.78
5283,2019-08-01T09:06:14Z,556cae6b2e2dec6fe691a835e8e08bd016b1a65797c0aca46879329f,60.17918,24.95141,00000000675d5200,20.28
5284,2019-08-01T09:06:14Z,559429bba23762a872fc7b1e2219d42125ab101e4355d43fdb94ed7b,60.17918,24.95141,00000000675d5200,3.74
5285,2019-08-01T09:06:14Z,559e6a5225ce35ab844c63ea0d0c1695dc490a3d9cfbafa5d35ac8d8,60.14947,24.91438,000000004ef3150d,9.92
5286,2019-08-01T09:06:14Z,584cb0b0cdd14e608c8b57c8aecc9826f9b40027e365e2438a444ea2,60.16762,24.95415,000000006b44cce7,10.78
5287,2019-08-01T09:06:14Z,5865a27b5b56a60bca38e4a1403655e3e7fd0232a3ff2079965aff81,60.15432,24.9211,0000000019fb59c4,7.05
5288,2019-08-01T09:06:14Z,58754229cd3381042c5ffda79c0108c5f77aa1f0f6d1468b9cb42b4c,60.16829,24.94214,00000000afef4555,20.28
5289,2019-08-01T09:06:14Z,5978726eeef638856dafd3a8d199287f8daf9e90ddde750b402f8bb0,60.17065,24.93641,000000000f4919c9,1.38
5290,2019-08-01T09:06:14Z,5a3004325b5a058e02fb9f32ef4f7e9cc465240cbda7a7e4ec89d2de,60.16629,24.95957,00000000fb7600be,31.5
5291,2019-08-01T09:06:14Z,5a34b02faac3189217466888ef1d31cc80f721ac2f18638c5db88d53,60.14947,24.91438,000000004ef3150d,14.89
5292,2019-08-01T09:06:14Z,5a8d671a78b976d212d9746d88b9a754a2d9c8341c529e88b7c6b8f4,60.17065,24.93641,000000000f4919c9,18.79
5293,2019-08-01T09:06:14Z,5a9efbe8f65e35595e70adafcd4cf88fa573bb76f3759331cd95cab0,60.16829,24.94214,00000000afef4555,17.4
5294,2019-08-01T09:06:14Z,5b06617477af6dcee75a94ac347364b50f6f3b5b7d747e5413d9ad58,60.14947,24.91438,000000004ef3150d,11.7
5295,2019-08-01T09:06:14Z,5b8d7790d251f068844cdf9a038ea91552c75dfd06e0b0b74fdc5808,60.16829,24.94214,00000000afef4555,17.4
5296,2019-08-01T09:06:14Z,5c1f71098d5d7258d2971061c791c94e0138c8e02225c5f60d6a0428,60.149,24.9843,00000000fffb8cf0,20.28
5297,2019-08-01T09:06:14Z,5daa76852f3e1be6c75fa2185d5787ab9010cf83d6671515769a8649,60.16531,24.9442,00000000fdda10fe,18.79
5298,2019-08-01T09:06:14Z,5dc7341101ac9a971ad3bd8764c172439aa3c351b8b6654e21e2c76f,60.16829,24.94214,00000000afef4555,21.87
5299,2019-08-01T09:06:14Z,5e2c5c20c88ccf362ed8749d1ddc041b1cb1c38d8dbeac7870179322,60.16629,24.95957,00000000fb7600be,9.92
5300,2019-08-01T09:06:14Z,5fc05003fd8a602560d35fcb2e7c8c80c140565226badc27ab869125,60.16448,24.97323,0000000053c6c2be,36.27
5301,2019-08-01T09:06:14Z,6051ed50496b74a6ff68c86205d23971fcaccd6c91edfe7d78fa71b0,60.16897,24.95222,00000000aa852af1,18.79
5302,2019-08-01T09:06:14Z,6072bfb496e2b8a999c9edbda5b76fbc0e783ff2a439c4e6c881fabf,60.16829,24.94214,00000000afef4555,3.74
5303,2019-08-01T09:06:14Z,61cad0901875294dc868a6d894b5f275a95e6ab6e4a369eefa0fe4bd,60.16762,24.95415,000000006b44cce7,11.7
5304,2019-08-01T09:06:14Z,626bf35ce16dba1054cfd175d09475d3ee751bf70e56f984ff5c7ab6,60.15133,24.92329,00000000e8a064a4,25.36
5305,2019-08-01T09:06:14Z,63ff2439779051005c18876d20ed53ce060c1de9d7976821bd518fc6,60.15432,24.9211,0000000019fb59c4,20.28
5306,2019-08-01T09:06:14Z,6470ee836399c5610581ec9de09772d350282ecc4c5c57fa02a5ec68,60.16075,24.95883,00000000f1124bca,23.56
5307,2019-08-01T09:06:14Z,65b6b62b547e11e10f7f83ad497446bee2bb9653097d9d62e9b1b817,60.17065,24.93641,000000000f4919c9,11.7
5308,2019-08-01T09:06:14Z,674355e17da9460e58566497be518f2eb537880c67c788fedb5067db,60.16629,24.95957,00000000fb7600be,12.69
5309,2019-08-01T09:06:14Z,67cf7d2881080aa59ed36a6d88ea1946d17e9d1d5e1ad9eee1851969,60.18203,24.91341,00000000342570c2,21.87
5310,2019-08-01T09:06:14Z,685af6b01bd180194d718801bb8b9c9de22050cc392d6c6441fe986b,60.18203,24.91341,00000000342570c2,7.69
5311,2019-08-01T09:06:14Z,68d7ad8fab31b3c5967a814376d0ddc6cf42e1db0d9e09dfbba169bd,60.16762,24.95415,000000006b44cce7,12.69
5312,2019-08-01T09:06:14Z,69e2854c78a472b462941ef730aa9fa7a9dba9c1cc22996396d4c78a,60.17918,24.95141,00000000675d5200,5.91
5313,2019-08-01T09:06:14Z,6be747c7ea296d5a1f3e2942a6208d5f61fe895abb9a13c65372b130,60.16829,24.94214,00000000afef4555,18.79
5314,2019-08-01T09:06:14Z,6d5a8ded89f26533ed851d1a0894f0d9045e9cd4baed439f7d9a922b,60.16629,24.95957,00000000fb7600be,23.56
5315,2019-08-01T09:06:14Z,6d98ac1fea7056e5b96d6095caf0e3677a4ec30e9fbcc2e50ae1cf65,60.16629,24.95957,00000000fb7600be,10.78
5316,2019-08-01T09:06:14Z,6dca84ddf4be668487766d17c5d13961ed713d24032f709ae87a497f,60.16829,24.94214,00000000afef4555,16.1
5317,2019-08-01T09:06:14Z,6e80fcea10d21e1d5e672b554c0f3fe686dc58934f38c3391fd5c262,60.17002,24.94407,000000006b087f40,8.38
5318,2019-08-01T09:06:14Z,6f616e6334d0ed70e5ea15408a51e9daf643369911d94d76830a7d65,60.16544,24.95398,0000000038d83d41,29.32
5319,2019-08-01T09:06:14Z,6fe2cf6737d40d71251dac8ebef5356a2b765621e97a346c00a6031c,60.15432,24.9211,0000000019fb59c4,3.4
5320,2019-08-01T09:06:14Z,7003a7f6a5523b645634f014e04bea36016953a8af9324e35602bc2e,60.14947,24.91438,000000004ef3150d,10.78
5321,2019-08-01T09:06:14Z,704c3f3075f13713c363014fa828e4a932e7a05676813b9963a1e554,60.17918,24.95141,00000000675d5200,4.5
5322,2019-08-01T09:06:14Z,70d391038ec56b63a3737605c2c1db6ffbdca8e4490691776dc993f1,60.16829,24.94214,00000000afef4555,6.46
5323,2019-08-01T09:06:14Z,70d3a03358a60f3d5016dd1d61ae3bc3df95aecd306bbc9c48d4e028,60.16762,24.95415,000000006b44cce7,25.36
5324,2019-08-01T09:06:14Z,7176ddd6f2dc9be71319e3a2ea67061af7b5277adc890f23882c0afd,60.16829,24.94214,00000000afef4555,18.79
5325,2019-08-01T09:06:14Z,72439a1f997fd347d46394f31f5789edc877fe61ca34fcd31f9150b1,60.18203,24.91341,00000000342570c2,29.32
5326,2019-08-01T09:06:14Z,7292a4a47ed655e0ce0ead026bb0ae4b8093342f87a9aed5665c1456,60.16762,24.95415,000000006b44cce7,10.78
5327,2019-08-01T09:06:14Z,72f088587da3409c5a4bec360a52a230a7551c3671441baaaabc6357,60.16829,24.94214,00000000afef4555,21.87
5328,2019-08-01T09:06:14Z,739ef3c62efff5786f0fff5d47de939dd4d7489abf44060c9cda448d,60.18203,24.91341,00000000342570c2,31.5
5329,2019-08-01T09:06:14Z,747f06eec526dd916a0cc2ddbd175a102cdfd56f751802854085caea,60.16829,24.94214,00000000afef4555,33.81
5330,2019-08-01T09:06:14Z,75003dbce84bab66829b2489dc3bff3abc4ec7f1b136c28b0835fa0e,60.15133,24.92329,00000000e8a064a4,10.78
5331,2019-08-01T09:06:14Z,750297d0d8ff0ca837d9c2289c26302d62f38708617150431ab14509,60.16531,24.9442,00000000fdda10fe,16.1
5332,2019-08-01T09:06:14Z,7563b91d728fe470bc4d89aa18128a87b92c747336dd2c70cfbf9e84,60.1538,24.95595,0000000038bf9618,29.32
5333,2019-08-01T09:06:14Z,774131d73accbbb31ec3c43c3501b7969645eb65df1839ca8116526e,60.15432,24.9211,0000000019fb59c4,13.75
5334,2019-08-01T09:06:14Z,7803e2d46157a5482e745447d4c2c332fbd818d87a20b0f6187c628d,60.17065,24.93641,000000000f4919c9,25.36
5335,2019-08-01T09:06:14Z,78047bec076b1b43b674f39aa6b605b1665404036da0e4dfac3c1e1e,60.14699,24.922,00000000a53ed894,25.36
5336,2019-08-01T09:06:14Z,79669159e96cc1cdf3879c3db8c5621167f92aaa10df4dd21a9be1de,60.16829,24.94214,00000000afef4555,11.7
5337,2019-08-01T09:06:14Z,7995cffc328a06066d5474abd48d760087a7a8ecfac6c377f542b90d,60.16762,24.95415,000000006b44cce7,17.4
5338,2019-08-01T09:06:14Z,7a62d9e7c260ee9d4896ace1bd129198320f0fb15d96a8016f9b84c2,60.16829,24.94214,00000000afef4555,16.1
5339,2019-08-01T09:06:14Z,7c1534082e86ff4387878d813207626d8f728aa26b97248e00a3b8d7,60.16629,24.95957,00000000fb7600be,14.89
5340,2019-08-01T09:06:14Z,7d12711d47425111a6dce413faa867542b9532f3b9c5a934b37a0bc8,60.17918,24.95141,00000000675d5200,16.1
5341,2019-08-01T09:06:14Z,7d415f4fd9093fb383b4ebb88961ad74e6a00d3ece39504712dad639,60.17918,24.95141,00000000675d5200,9.92
5342,2019-08-01T09:06:14Z,7e2e3d07c939e3e76e7ce87678faf64e056afe54215e00488839100f,60.14947,24.91438,000000004ef3150d,18.79
5343,2019-08-01T09:06:14Z,7eb4a715919b3eb4085270535ce4d7b57112591ad7242eb189bf652a,60.17065,24.93641,000000000f4919c9,17.4
5344,2019-08-01T09:06:14Z,7f534fc0885ddf5a5c3814e4232de3356affd42f6c3560055079dc1c,60.16829,24.94214,00000000afef4555,9.12
5345,2019-08-01T09:06:14Z,7f59aaecea1eee6c703ec5d46d67b44289ddedf080defee495b73739,60.14947,24.91438,000000004ef3150d,4.94
5346,2019-08-01T09:06:14Z,7faf8705e89a761625aaed50b89538581e25d5950ec8f051d36ed829,60.14947,24.91438,000000004ef3150d,20.28
5347,2019-08-01T09:06:14Z,809bf2d7a0745ae512b934a578fd5fd47c13c5398b6d06ad350b9e7c,60.14947,24.91438,000000004ef3150d,13.75
5348,2019-08-01T09:06:14Z,8176eaeb262de7f9113561a8e31b6cf6f4c74c882f7f18ba8bb5acf8,60.173,24.92524,0000000096918cfa,25.36
5349,2019-08-01T09:06:14Z,81cabf0ecb3563f645298961619ca623084bb89ab4b7635ffe2de7c0,60.16829,24.94214,00000000afef4555,27.28
5350,2019-08-01T09:06:14Z,8292ad97931f6462dc056eb92748496c2cfa3e22dbad610514a2deab,60.17002,24.94407,000000006b087f40,23.56
5351,2019-08-01T09:06:14Z,82b78c2220aee81a2744ddfaf7ed29663888987dba6b7cdda05731d9,60.14947,24.91438,000000004ef3150d,16.1
5352,2019-08-01T09:06:14Z,82bab0a1bfd11576cf62159546b756e1da44125c76909e270ced391b,60.16897,24.95222,00000000aa852af1,14.89
5353,2019-08-01T09:06:14Z,8524898e498c83bde4bc1848aa2b372da84e7b2266f36aabe128cc27,60.17919,24.95181,000000007b5207b6,13.75
5354,2019-08-01T09:06:14Z,85bdce5b262dbd94adcff03e6cad26a1152828b6ab27e6fdd56b2b13,60.16762,24.95415,000000006b44cce7,3.74
5355,2019-08-01T09:06:14Z,87f1cc4c4a9de1ab81fe39cf7fde6cf0d4778e690f1665b62231ce46,60.149,24.9843,00000000fffb8cf0,25.36
5356,2019-08-01T09:06:14Z,880f9cbb91b9caf48ea9c5dd1a0c8e1db72922b6dfcb647b102fc469,60.16629,24.95957,00000000fb7600be,10.78
5357,2019-08-01T09:06:14Z,88c2bc6310f27465b9f08b28fb52075d7703ce7b097e5beb37c7437c,60.14947,24.91438,000000004ef3150d,12.69
5358,2019-08-01T09:06:14Z,898cde3317c73907bb23b1b885828c4bf3187c3a757a18dc32abe970,60.16762,24.95415,000000006b44cce7,8.38
5359,2019-08-01T09:06:14Z,89aeff56a0700534bbf2dfd19fc298f5a890c95e1a45b6ca7ad3c33a,60.16829,24.94214,00000000afef4555,11.7
5360,2019-08-01T09:06:14Z,8a01e28fd327e5c56dcf2dc8b2b7762a96d77584c21990a073ceb11f,60.16829,24.94214,00000000afef4555,2.54
5361,2019-08-01T09:06:14Z,8c571538c285dba9d77edacfb1829b282d54b772b62209c6e4004237,60.17918,24.95141,00000000675d5200,7.05
5362,2019-08-01T09:06:14Z,8d5e893f77b3d167ebefad4ecab181fea08513599a6f9450f0b9a827,60.17919,24.95181,000000007b5207b6,13.75
5363,2019-08-01T09:06:14Z,8d8ccef34e3b6aa97c72aa793dec4c27e35e0ea16fd6b9790d843b00,60.173,24.92524,0000000096918cfa,25.36
5364,2019-08-01T09:06:14Z,8e20d0d67339e3cf43e77c3a340d9dc6766de8d079197a08a1343ff0,60.17065,24.93641,000000000f4919c9,13.75
5365,2019-08-01T09:06:14Z,92d558faaf274f5fac1ccabea7bd30042fdd6fee95770c60123653a3,60.16762,24.95415,000000006b44cce7,9.92
5366,2019-08-01T09:06:14Z,939c459d913b0b38838071a0d13671e83e4a751f44624b21e84daa69,60.16762,24.95415,000000006b44cce7,9.12
5367,2019-08-01T09:06:14Z,941e13893853105c86bfbc6d31d62274937602143ce3bb530c8c17ed,60.17918,24.95141,00000000675d5200,17.4
5368,2019-08-01T09:06:14Z,99a026b5100e23129fa529e9a57a3dbc8490dc03b58f2193f03e2dcf,60.14951,24.92138,0000000006dd41f6,4.94
5369,2019-08-01T09:06:14Z,9abbc86fb0fc1c0532042814af76a97e6a17121831d4394749a290a6,60.16762,24.95415,000000006b44cce7,5.41
5370,2019-08-01T09:06:14Z,9b3e6848d8b34e802134d6da0e5a594897ec3fafbbf08b6d0b84068e,60.17918,24.95141,00000000675d5200,7.05
5371,2019-08-01T09:06:14Z,9bc129708b07f3c5bbf4195e83f0e5b9a663b6f371f416a8e3a605f0,60.16897,24.95222,00000000aa852af1,31.5
5372,2019-08-01T09:06:14Z,9bdb503344071eddd74d821f537246d8a6c19468b05d38d0170377f9,60.16897,24.95222,00000000aa852af1,7.69
5373,2019-08-01T09:06:14Z,9bef8b28ea93ecaee57d05b037edbfe7f80014aaf56343345fedd7be,60.17918,24.95141,00000000675d5200,17.4
5374,2019-08-01T09:06:14Z,9ce214896068957a21bc57af08680d84debbd091b49ad5e6402c4cc8,60.16629,24.95957,00000000fb7600be,16.1
5375,2019-08-01T09:06:14Z,9dfecc3e26cb27e4b80721e355ef0d6cb182ac2eebf66b006e2d9f8e,60.149,24.9843,00000000fffb8cf0,21.87
5376,2019-08-01T09:06:14Z,9e343a150f07bb3dcce5ecab8ac061b84d65b347b1af5a232e00eeb6,60.16829,24.94214,00000000afef4555,20.28
5377,2019-08-01T09:06:14Z,9eee6d740f1d483c484d02f0995f35550c09e6a8cf01f02680db5efc,60.16448,24.97323,0000000053c6c2be,25.36
5378,2019-08-01T09:06:14Z,9f2f5e6344efb60ffa5c79880ea57aeb636e51f86587e158039df6cc,60.16531,24.9442,00000000fdda10fe,23.56
5379,2019-08-01T09:06:14Z,a04214b56cac7d70680703ee6a28fac742f3c3190b55b46a79c1f76d,60.149,24.9843,00000000fffb8cf0,14.89
5380,2019-08-01T09:06:14Z,a09607edc17117a3069b79434e751f93a2a00d0d6f9aceb043e32074,60.16762,24.95415,000000006b44cce7,10.78
5381,2019-08-01T09:06:14Z,a256ee4e61079f54581967787db25324859ef431207cb182cd468fbe,60.16829,24.94214,00000000afef4555,14.89
5382,2019-08-01T09:06:14Z,a2e761fd97d8bdf78601300822b531e306b9ab7a1a43b6bfb07eba52,60.14947,24.91438,000000004ef3150d,9.92
5383,2019-08-01T09:06:14Z,a38c11c450b472b9dad2f076e2d9a63651292d3de806331d06af7f46,60.16531,24.9442,00000000fdda10fe,14.89
5384,2019-08-01T09:06:14Z,a403dc1eebc5d130e12a4c3e4298737c9e00b25b1b6b2cc36a6979c9,60.16629,24.95957,00000000fb7600be,13.75
5385,2019-08-01T09:06:14Z,a5423cad01b42682deb516a777f50fd783fd1fd9dc23b7cab01eaedc,60.16897,24.95222,00000000aa852af1,12.69
5386,2019-08-01T09:06:14Z,a808962cb511e5ed2d23e6e33efe252b1be29dc1d2f7c6154817f04f,60.16448,24.97323,0000000053c6c2be,16.1
5387,2019-08-01T09:06:14Z,a83415babca8eac00f69a32371a230fdadda29bf40fd69f75cf2e8fb,60.17919,24.95181,000000007b5207b6,13.75
5388,2019-08-01T09:06:14Z,a837f2314938b1510f3b4cc5900d5d67bc7212d234d9fed1c64f3861,60.16762,24.95415,000000006b44cce7,16.1
5389,2019-08-01T09:06:14Z,a8a4e32d99eee174bb3145405320d1737e82dbd26dfdf096bc09ff37,60.16762,24.95415,000000006b44cce7,17.4
5390,2019-08-01T09:06:14Z,a8ca7fb815e707c04434a085c4f99e783d56372143afc92225eae622,60.15133,24.92329,00000000e8a064a4,12.69
5391,2019-08-01T09:06:14Z,aa05a7036c3586a79d23f426b78bf158357208bc82d7ddf9a1326dd2,60.16531,24.9442,00000000fdda10fe,9.92
5392,2019-08-01T09:06:14Z,ab615ee5bbf567aee3505fbb360d09fc6b851f93fb15aef778b57128,60.16531,24.9442,00000000fdda10fe,9.12
5393,2019-08-01T09:06:14Z,abf0be93e7a8aec9fa8284fdbcc2493f32084aa95f15660b23e149c6,60.16629,24.95957,00000000fb7600be,11.7
5394,2019-08-01T09:06:14Z,aca524ceb3c7373172ecd0d06b26e7d610d441f4a47ab78ae0ad3340,60.15133,24.92329,00000000e8a064a4,27.28
5395,2019-08-01T09:06:14Z,acbbe4765d72f36b0323407c7dbe43db7b4ad5e2da0a6a9e5966db0b,60.16897,24.95222,00000000aa852af1,12.69
5396,2019-08-01T09:06:14Z,af67ffa8b538058603b74f48e04ab914e8f6cd450f53c47f8c3d683d,60.15432,24.9211,0000000019fb59c4,7.69
5397,2019-08-01T09:06:14Z,afaed9946dbc1509500c6f80f87eed8fe44a74ba3e14328c6efe3971,60.16829,24.94214,00000000afef4555,11.7
5398,2019-08-01T09:06:14Z,b09e9bb62cc49c085c1aee3b752af1bec69dabc939323e5733f73933,60.17065,24.93641,000000000f4919c9,21.87
5399,2019-08-01T09:06:14Z,b1b845b83b80f3949d2d3d737c6315299213f457d58313f5f6cc7d6b,60.17065,24.93641,000000000f4919c9,31.5
5400,2019-08-01T09:06:14Z,b28757d67868f9471f0d997a935e857fd0ff1095449820929597563b,60.16762,24.95415,000000006b44cce7,5.91
5401,2019-08-01T09:06:14Z,b2fb1122e95099adfb79fb9d06f717d0210c5214a7796b4ddd557040,60.16829,24.94214,00000000afef4555,13.75
5402,2019-08-01T09:06:14Z,b32e57a6f5865a23d7a0e9fa346d5ec4e975f99c4df815fe8b1449b2,60.17919,24.95181,000000007b5207b6,6.46
5403,2019-08-01T09:06:14Z,b474e34db18d21635ec9ea2654513e6759c326f3aaec96c25f9a204e,60.16897,24.95222,00000000aa852af1,11.7
5404,2019-08-01T09:06:14Z,b4ad2ae124ba06d650fd30de0b19851bff32daef16a95b7f1bb96a00,60.16897,24.95222,00000000aa852af1,27.28
5405,2019-08-01T09:06:14Z,b50a45ac0708e7b5cca42f3458430eb22ff70a81c575bafe99ffda23,60.17002,24.94407,000000006b087f40,7.05
5406,2019-08-01T09:06:14Z,b5603e758440226e490d1d7d7271a7b0d5c261eccbad198f81110136,60.15432,24.9211,0000000019fb59c4,7.69
5407,2019-08-01T09:06:14Z,b69604356a52f2b1b9c5de09a350f42d87f5b969e3e824d8b6b2368f,60.16829,24.94214,00000000afef4555,10.78
5408,2019-08-01T09:06:14Z,b6b32d1744cab38523e13d061fa256f05d6e01d920275907327c3083,60.16829,24.94214,00000000afef4555,7.05
5409,2019-08-01T09:06:14Z,b6c43126ca83e916a68e57d0178060c24fc61305836b6c8f188f7285,60.17918,24.95141,00000000675d5200,7.69
5410,2019-08-01T09:06:14Z,b6f0f4101a1a258dcb1d82d77ca91000694d4fed15bd882a8e3bfe66,60.149,24.9843,00000000fffb8cf0,17.4
5411,2019-08-01T09:06:14Z,b7c3b37b32d534f6824ac8d99b4c79d0cb915cab104fdb745550ea22,60.16762,24.95415,000000006b44cce7,9.92
5412,2019-08-01T09:06:14Z,b8fb70225ee0a2d655e2809da07a2f8cd2feb7295aa256f8b35fcf1e,60.16629,24.95957,00000000fb7600be,11.7
5413,2019-08-01T09:06:14Z,bb0509d8cfed23727a055008086076320415d2f40ddad63b703fbe2a,60.17065,24.93641,000000000f4919c9,23.56
5414,2019-08-01T09:06:14Z,bb2187a4e20012ad694c768ef2c47c9a9055671024ebf4855d4e6243,60.16531,24.9442,00000000fdda10fe,1.54
5415,2019-08-01T09:06:14Z,bbb86467d71e5ec5bd140995d266fd33a85efe89654eb13ee0471416,60.17002,24.94407,000000006b087f40,21.87
5416,2019-08-01T09:06:14Z,bc436a99a8805080541bd9dc9743df4f0e34172e2c70b59f64c4260c,60.16762,24.95415,000000006b44cce7,36.27
5417,2019-08-01T09:06:14Z,bc6d5082ca52e6dae7a1689a835434f3f6341e90afea565480eb9674,60.16829,24.94214,00000000afef4555,6.46
5418,2019-08-01T09:06:14Z,bc82f76c979de19b559e9e3aa0cd6cbf5ac361e2d7b1ac9f81fe2f4f,60.17918,24.95141,00000000675d5200,7.05
5419,2019-08-01T09:06:14Z,bd23c66c4df0bd849266a4429a24f23f2c9503cf31eb0cd9780248e6,60.18203,24.91341,00000000342570c2,25.36
5420,2019-08-01T09:06:14Z,be12d6aaccf354197284a8c92b960bd6a4e1705f7d948823e7891fde,60.16762,24.95415,000000006b44cce7,7.05
5421,2019-08-01T09:06:14Z,bee144e090a471427ec7878609f2446cb79f4c8d7e3c3bf0f67cf8d2,60.16762,24.95415,000000006b44cce7,9.92
5422,2019-08-01T09:06:14Z,c15da9ed244b57a27a083919c67d0edde078a31b18cb58f13581f173,60.1538,24.95595,0000000038bf9618,29.32
5423,2019-08-01T09:06:14Z,c1674c59c49d5bf74e6808239a91d18a04e47697d298bc61a7618af2,60.16448,24.97323,0000000053c6c2be,12.69
5424,2019-08-01T09:06:14Z,c1bf1bf699e9bc78ca15c9490d1ef02e3323f0c2c76bf0fca7955a69,60.14947,24.91438,000000004ef3150d,23.56
5425,2019-08-01T09:06:14Z,c434f18b802a764aad7a2dfb46e93546acb1b0975cf9b93fd47363f6,60.15432,24.9211,0000000019fb59c4,11.7
5426,2019-08-01T09:06:14Z,c46895857ca53c3362932d446a58c13b60d297f99ca237d4546589e8,60.16897,24.95222,00000000aa852af1,23.56
5427,2019-08-01T09:06:14Z,c5a6d2d62bc00c29fba5a97a29835008abdcf800f70540e4ccf71683,60.17919,24.95181,000000007b5207b6,23.56
5428,2019-08-01T09:06:14Z,c65c11ee6e8b5894ead3ea9b007a39127edb65a67be253aca6f78ed0,60.16448,24.97323,0000000053c6c2be,18.79
5429,2019-08-01T09:06:14Z,c8aef405537103b9d31a7e2dda43949f5844b9a36494f8defaf0d803,60.17002,24.94407,000000006b087f40,29.32
5430,2019-08-01T09:06:14Z,c8b9856a261673c3360915cd9a4dabb4afe22b63a86d7f59f7dc5f20,60.17002,24.94407,000000006b087f40,18.79
5431,2019-08-01T09:06:14Z,ca7719c7cd8d4496b666f608fc07ba9930e362a0b2d96890b0778618,60.16629,24.95957,00000000fb7600be,9.92
5432,2019-08-01T09:06:14Z,cc1fcf6550ac1eee3eceef1f35de652b641407007a7c0464ac54fdbd,60.16897,24.95222,00000000aa852af1,14.89
5433,2019-08-01T09:06:14Z,ccb852835a56f5f356dfaef8c52d6e43f731aef8fb2b040d76b5e569,60.16897,24.95222,00000000aa852af1,27.28
5434,2019-08-01T09:06:14Z,cccf3ba2a9d11b9330c18af8064a20aca9995473495bf119162a1619,60.16897,24.95222,00000000aa852af1,8.38
5435,2019-08-01T09:06:14Z,ce7de55c7709396c70ce5930097e84449a4889700e605a0b062aaeae,60.16531,24.9442,00000000fdda10fe,27.28
5436,2019-08-01T09:06:14Z,d062562fed5ad0a61560e267310beb0b717d2a1e2a11d1d575507861,60.16897,24.95222,00000000aa852af1,13.75
5437,2019-08-01T09:06:14Z,d0ae4fabf429edbfdad59f8183cc6e5929f68633315448c9b83d4c16,60.16762,24.95415,000000006b44cce7,6.46
5438,2019-08-01T09:06:14Z,d16e16def718519430296afa23976c226aaf720722bce3d92a2aad43,60.14947,24.91438,000000004ef3150d,17.4
5439,2019-08-01T09:06:14Z,d29a5ebd00326d5dedb6c60cab75fd238bdaa9d7f703f6b5974edbc7,60.16762,24.95415,000000006b44cce7,9.12
5440,2019-08-01T09:06:14Z,d31d6921eee92503b486a1b30f5330581c4744a82e6549f375544846,60.17918,24.95141,00000000675d5200,17.4
5441,2019-08-01T09:06:14Z,d562afdedae521be241c98441e436608a323fdb944dedc24c835e762,60.17065,24.93641,000000000f4919c9,4.5
5442,2019-08-01T09:06:14Z,d5e1d71cfbc2f0c6cd570c6e52ff85e58b1041cc4632a7a60ea263a0,60.16897,24.95222,00000000aa852af1,38.87
5443,2019-08-01T09:06:14Z,d653ef8368d33df4fc7edeb5a381d5826be1471f1470aa9744d47901,60.173,24.92524,0000000096918cfa,2.54
5444,2019-08-01T09:06:14Z,d65b8625c1f24304ff0e3c4a4dce7aa5d434d36be87be41834a49420,60.16531,24.9442,00000000fdda10fe,4.11
5445,2019-08-01T09:06:14Z,d6e217c6592e449e2390b1a874e08cbc9126116901dbdbf84501c6b8,60.17065,24.93641,000000000f4919c9,6.46
5446,2019-08-01T09:06:14Z,d74ea3c9e0aaa523c791aa01f4f9a7c1c43f01f585dc4146b19edf83,60.17918,24.95141,00000000675d5200,3.4
5447,2019-08-01T09:06:14Z,d7734ef0345fcffc0f4bd7579275af62987490aba012209832e92059,60.16629,24.95957,00000000fb7600be,13.75
5448,2019-08-01T09:06:14Z,d80b1d1a63e542cbbdb6a33c8fba0b0dcfa324d17f2f3173c3d5a37b,60.18203,24.91341,00000000342570c2,16.1
5449,2019-08-01T09:06:14Z,d95956cedfc4dfe06014194cc1071864bd835fcc014c1fd6f4d33337,60.16762,24.95415,000000006b44cce7,18.79
5450,2019-08-01T09:06:14Z,d983db67d9cd171123ba12eeb19c11f34a3ad1d75fc9214ac3ae8a26,60.17002,24.94407,000000006b087f40,21.87
5451,2019-08-01T09:06:14Z,d9f8ff1809ebe23c7e68bb1cbb1aa6fdfaf22375abf2962da2d7cfab,60.16531,24.9442,00000000fdda10fe,16.1
5452,2019-08-01T09:06:14Z,db4b8a2d98f1238d4f6699de91433f5bec2139b076a5e896f0f354e2,60.16762,24.95415,000000006b44cce7,16.1
5453,2019-08-01T09:06:14Z,dbedd81db3d59ee0c6948187e396a34e2fa5dd6670cf8d862bf5e1ff,60.16762,24.95415,000000006b44cce7,9.92
5454,2019-08-01T09:06:14Z,dc786895c819070347a0a268463f0a8b15f5eec1647f016a9e78e9e0,60.1538,24.95595,0000000038bf9618,33.81
5455,2019-08-01T09:06:14Z,deb8a213e1b4930e676ee8fdb394161ec46adb785171fa37437b4d44,60.15133,24.92329,00000000e8a064a4,5.91
5456,2019-08-01T09:06:14Z,ded712413bfc7de58a469fab75498089b2c3c6b5e0c9cae260102284,60.16829,24.94214,00000000afef4555,21.87
5457,2019-08-01T09:06:14Z,dfe80baf219bd267a459c954a8e3027b3f1ed29fea2a5355456d5652,60.16897,24.95222,00000000aa852af1,14.89
5458,2019-08-01T09:06:14Z,e0fe7fe5854899c0eb42b75b300339808143419404558ed4d00b0f17,60.17918,24.95141,00000000675d5200,7.69
5459,2019-08-01T09:06:14Z,e234769b1ce1634554f5fa4a290d11b2a30c3dfd009d4c39a2e9dd3d,60.17065,24.93641,000000000f4919c9,25.36
5460,2019-08-01T09:06:14Z,e294dde431d68c7b73efcf1f9b916e40bf408111c79228032c7830a4,60.16544,24.95398,0000000038d83d41,20.28
5461,2019-08-01T09:06:14Z,e2bb0ae74deee6cbc4f50c5f85da3f1779ca1db1ae7ff48ab4b33dbc,60.17918,24.95141,00000000675d5200,8.38
5462,2019-08-01T09:06:14Z,e2f445c6711e0e7d48a6a045bec347587f9f398e8928a171cfa2ca38,60.16762,24.95415,000000006b44cce7,7.05
5463,2019-08-01T09:06:14Z,e3f844c56875bd572c3b57a835b884f1060b467d3bbd25c50dcc7e28,60.16762,24.95415,000000006b44cce7,9.12
5464,2019-08-01T09:06:14Z,e508e239ba2ca68b34ad5074f3d7b013e72f6f7df36eb6cdf545be78,60.16762,24.95415,000000006b44cce7,16.1
5465,2019-08-01T09:06:14Z,e528235be3e5cc4945024d50d1ed43061e2e2f2845f2b41e081e1721,60.17918,24.95141,00000000675d5200,10.78
5466,2019-08-01T09:06:14Z,e5cad8bb9a6c8dcc067948d7f869033aca5bdd062da175c8734092e6,60.17918,24.95141,00000000675d5200,13.75
5467,2019-08-01T09:06:14Z,e60dfd6fdae0694da3bbaca41506bcb6ca5f3ac39a1801d84a65751e,60.16762,24.95415,000000006b44cce7,13.75
5468,2019-08-01T09:06:14Z,e6b4461f3fc3ee8613bfea0937b5fd730d6686a68a65ed6fecc1dd9f,60.16629,24.95957,00000000fb7600be,14.89
5469,2019-08-01T09:06:14Z,e73dcccbc4dd6af49316f19a34c347cc94ff7ab079a93a2672d78a16,60.14947,24.91438,000000004ef3150d,25.36
5470,2019-08-01T09:06:14Z,e8add7e8346b99cd4b67924113f3763441a1899897c6d1ac3a1a40a6,60.17918,24.95141,00000000675d5200,7.05
5471,2019-08-01T09:06:14Z,e8fe5d3b6aa0651dff5b4a9c6dcff3135e3bdcbb1cddc9b871e9d991,60.14947,24.91438,000000004ef3150d,33.81
5472,2019-08-01T09:06:14Z,e9275b4d525e0593374e00e9cf9885062a1699ecb3462c758a025ef1,60.16762,24.95415,000000006b44cce7,10.78
5473,2019-08-01T09:06:14Z,e979a153601f7520f54d4733fe91f75f154c8f1c08dc3408dbba5345,60.15432,24.9211,0000000019fb59c4,25.36
5474,2019-08-01T09:06:14Z,ea1b1a8ba1c01fdd1e098c585b133fc3d60f7c2458e7c2726e2df8ee,60.16629,24.95957,00000000fb7600be,20.28
5475,2019-08-01T09:06:14Z,ea3f8412ed9c4d92448688dd9cc7ff9e3eeb5fe4373d0953bf0349c1,60.16531,24.9442,00000000fdda10fe,16.1
5476,2019-08-01T09:06:14Z,ea94130fbb3464dc656765cfddbad802ddfafb1af8007cb5f42cd41f,60.16829,24.94214,00000000afef4555,9.92
5477,2019-08-01T09:06:14Z,eaf572301dc5c1eaff007bc1886cce8f0f5e92a233b8686ed2a1a9cc,60.17065,24.93641,000000000f4919c9,14.89
5478,2019-08-01T09:06:14Z,ec2dd83e04d225caca9f6b9d28bd3080ed37c5bf42e5f65123fa2394,60.17065,24.93641,000000000f4919c9,5.91
5479,2019-08-01T09:06:14Z,ec7121833f0e4b509d683b00a9c5e992e4b84882cb857145102e14f4,60.16531,24.9442,00000000fdda10fe,1.12
5480,2019-08-01T09:06:14Z,ec8c0160ac1ee5aeaf6204956c9db2ee4f98f55ae3fe1ec0af07fab8,60.16762,24.95415,000000006b44cce7,10.78
5481,2019-08-01T09:06:14Z,ed86f884272a5a400b55bfd4f22bc8cc5d6fca7fe26eee3c39cb3c52,60.15432,24.9211,0000000019fb59c4,9.12
5482,2019-08-01T09:06:14Z,ef67b9e4617f284b84167b4bdaff71108579a33ced0a2450ff25a1a1,60.16629,24.95957,00000000fb7600be,11.7
5483,2019-08-01T09:06:14Z,efc51406db4c66b8a573ec325afe8a9258a04a71b46ff3aae1cfa696,60.16762,24.95415,000000006b44cce7,16.1
5484,2019-08-01T09:06:14Z,f03d20d6bb80ce0745cb0fbed6619e0a6288bfffd08e9aabce1692ba,60.17065,24.93641,000000000f4919c9,10.78
5485,2019-08-01T09:06:14Z,f1447725764ec0dca245fc67f2aa0a0c42e6b05808076aa74f0c1e7e,60.17918,24.95141,00000000675d5200,7.69
5486,2019-08-01T09:06:14Z,f18c0c32d067aecf5602d70693ac888cab1be6dbb0d154be5153dfcc,60.16829,24.94214,00000000afef4555,12.69
5487,2019-08-01T09:06:14Z,f1b28329fc91f4708ca34857c5582c0bf1b7d0ab06127746029cd72c,60.17918,24.95141,00000000675d5200,13.75
5488,2019-08-01T09:06:14Z,f20935810c1567a80c288016c4d4dd32fe86b3479f47ae7dd64d15cc,60.15432,24.9211,0000000019fb59c4,9.12
5489,2019-08-01T09:06:14Z,f27b93329546b5d9c00e9fc70d0df72440f620564e0fff5a89ff8276,60.17065,24.93641,000000000f4919c9,25.36
5490,2019-08-01T09:06:14Z,f3919086bf89b45ea90abf40ffd1372519057bda5b604c1901e841bb,60.17002,24.94407,000000006b087f40,21.87
5491,2019-08-01T09:06:14Z,f4bbc3077da0455d4340da2eed204915327b75a792080724548b4956,60.17918,24.95141,00000000675d5200,5.41
5492,2019-08-01T09:06:14Z,f503a41d3e8b9b57628f4f061c1d8e0c53c62dd8a6fe38d212958ee6,60.16075,24.95883,00000000f1124bca,7.05
5493,2019-08-01T09:06:14Z,f52cde4e27717d6fcbbb45f656803df20a2692a8067620706a521dd7,60.16897,24.95222,00000000aa852af1,36.27
5494,2019-08-01T09:06:14Z,f587de6c8c03387c5e6a66cd7d20c45abad3668c8e2246611122547b,60.14947,24.91438,000000004ef3150d,9.12
5495,2019-08-01T09:06:14Z,f60a6068c654587fa981390a039456a2fdd85e02c009df547e204a45,60.16829,24.94214,00000000afef4555,12.69
5496,2019-08-01T09:06:14Z,f665079710528911e7b7844aa55433e09506580c7fed342e1febfaa5,60.16762,24.95415,000000006b44cce7,23.56
5497,2019-08-01T09:06:14Z,f716dcb476c9dec16df1e638def8b9157b4952a49faa2eba8a164827,60.16544,24.95398,0000000038d83d41,33.81
5498,2019-08-01T09:06:14Z,f741519cf6f519194bb45b9da0e69bda8edb903e3c24d4140f340467,60.16762,24.95415,000000006b44cce7,16.1
5499,2019-08-01T09:06:14Z,f9e527876f8dfe750fd29bc42664bbf572aed5d09d344a8934a83d90,60.17065,24.93641,000000000f4919c9,4.5
5500,2019-08-01T09:06:14Z,fa1a3814c680b20020a08346c37ee2853e895984574575312bf262e7,60.14947,24.91438,000000004ef3150d,13.75
5501,2019-08-01T09:06:14Z,fa9f19c58a086fde9429d732b1eec80eacf5fc1b2c0124d17243d008,60.17918,24.95141,00000000675d5200,2.54
5502,2019-08-01T09:06:14Z,fba6e66dd09200012637e0b454c96fd7a5459b7e8b0ba01863cdbd77,60.16762,24.95415,000000006b44cce7,2.8
5503,2019-08-01T09:06:14Z,fc75e05a713e8733c512a31a3bebec0a122af3e7afb2c5059c3f1a3a,60.17002,24.94407,000000006b087f40,16.1
5504,2019-08-01T09:06:15Z,03e0fc996a589ccdf1871b3c78e089c08c93ba1f2a02d740fb384aac,60.16531,24.9442,00000000fdda10fe,31.5
5505,2019-08-01T09:06:15Z,0bc5d37416fd27c336d64358a660668746f2c088ea9bf78994076bf9,60.16829,24.94214,00000000afef4555,27.28
5506,2019-08-01T09:06:15Z,14c7e1511b70f4dd3359cbece1377aebb4d70531f5489eefe53d7c3c,60.16544,24.95398,0000000038d83d41,29.32
5507,2019-08-01T09:06:15Z,15918569de0a46a8eb56b43d8d39f7fc82619ff1006f00822c85745c,60.17919,24.95181,000000007b5207b6,25.36
5508,2019-08-01T09:06:15Z,165ebbb4090d47319ae370f0d0854fdc1f6b79499f8b2e4d3c3533c0,60.16544,24.95398,0000000038d83d41,23.56
5509,2019-08-01T09:06:15Z,1951291ca064d0fb480d958037c1477427d2ca8db455fef0b741bf9f,60.16448,24.97323,0000000053c6c2be,20.28
5510,2019-08-01T09:06:15Z,1f0f0628cdc688d76bde2b82bee5b9b4916bf0bbdfe76cf3213e1c65,60.15432,24.9211,0000000019fb59c4,13.75
5511,2019-08-01T09:06:15Z,2a93b61a3863ace54349d7a0937e4134fcc6d4dfcf064eefae2b7cf8,60.15432,24.9211,0000000019fb59c4,20.28
5512,2019-08-01T09:06:15Z,2f33dacc8bf2b0b809b88130b46696c922929e1eb8ea92017f05509a,60.16448,24.97323,0000000053c6c2be,12.69
5513,2019-08-01T09:06:15Z,3944bc7a301be7241d1f7bc4a97f221000d535ce3d8a9af9af9b23b5,60.16531,24.9442,00000000fdda10fe,36.27
5514,2019-08-01T09:06:15Z,5d65719c4cbf045f068d084b72302f447d5fd034413d97d13be00d0e,60.18203,24.91341,00000000342570c2,25.36
5515,2019-08-01T09:06:15Z,6a657079c1bdc8114c289be1ddd83e5846d4279a920d1697b8ff0033,60.18203,24.91341,00000000342570c2,27.28
5516,2019-08-01T09:06:15Z,6d22b751ff5173035dc85c52c3dff0780126adae67fe33dc62dd45ef,60.16531,24.9442,00000000fdda10fe,20.28
5517,2019-08-01T09:06:15Z,76c7f42283513d0e289bf786d89463b5025b2ae0f4e13519a4cf228b,60.15432,24.9211,0000000019fb59c4,21.87
5518,2019-08-01T09:06:15Z,78d5f60b36b59c06c3988b94e11744bb3aed5dcbc214f91f228bf892,60.16448,24.97323,0000000053c6c2be,21.87
5519,2019-08-01T09:06:15Z,84fdfd8881f633c5f0c71c1480053953ca4b05e848052d97c063ad38,60.1538,24.95595,0000000038bf9618,23.56
5520,2019-08-01T09:06:15Z,87dfaad29a9276ddddb1fa021d3bc23ad14824c1af16f7d87e713689,60.14951,24.92138,0000000006dd41f6,9.12
5521,2019-08-01T09:06:15Z,8c75c3289c84fe4493e1e272a77b615fe1985880c5dc68a7c1a17b53,60.16762,24.95415,000000006b44cce7,10.78
5522,2019-08-01T09:06:15Z,8cc6ddaa460aeae8cc9e8a33f91a01c8cd4c0c8bf8a943210a28c84d,60.1538,24.95595,0000000038bf9618,16.1
5523,2019-08-01T09:06:15Z,9843c6216661048343a0e49cf3d8aa2883cf77f452666a1c873a1052,60.16448,24.97323,0000000053c6c2be,8.38
5524,2019-08-01T09:06:15Z,9d03d14afa49576281aa26db60e517f7c1ec8aa36f7756959a860a8a,60.16629,24.95957,00000000fb7600be,10.78
5525,2019-08-01T09:06:15Z,a91d379a4b57c5df22db0d7a041ff69f657b4b31f28554b1011fc03c,60.16544,24.95398,0000000038d83d41,27.28
5526,2019-08-01T09:06:15Z,a9da1ee82e3b670e276c26b483dd50f4a6d0c6f77ef82245d3ae6086,60.18203,24.91341,00000000342570c2,10.78
5527,2019-08-01T09:06:15Z,ab0f67c0c0e1ba5eac9013f9c314feadf340ddf08543b91e70483594,60.16544,24.95398,0000000038d83d41,18.79
5528,2019-08-01T09:06:15Z,b1f358076ba79ef902a36ca8ae3f8ec7c93308a67c479345bfdbdecf,60.1538,24.95595,0000000038bf9618,31.5
5529,2019-08-01T09:06:15Z,b4faf2d3c4d2b199afeab6ab63b583fe3a2e81e14abbef6917f25129,60.15432,24.9211,0000000019fb59c4,18.79
5530,2019-08-01T09:06:15Z,b5fd6b317890e5ab2d79e2cd1abe61626d45a753c7337d0d40728898,60.16762,24.95415,000000006b44cce7,9.12
5531,2019-08-01T09:06:15Z,b90577926dd52437738dad5f00d4049f63b26d870442dd6efe495a67,60.1538,24.95595,0000000038bf9618,31.5
5532,2019-08-01T09:06:15Z,c40c37def6bf11a63a2556519a7c6233fd417cdeea2cf14f28e7c42c,60.16531,24.9442,00000000fdda10fe,21.87
5533,2019-08-01T09:06:15Z,ce783d3c1b06378e5c39c25687746a6f88fbb0ff2b36e3405fb61cf8,60.16762,24.95415,000000006b44cce7,16.1
5534,2019-08-01T09:06:15Z,cf05623e4d87ce0906c0b0b7dbf53aacc1228016cd27c341228b6e76,60.18203,24.91341,00000000342570c2,20.28
5535,2019-08-01T09:06:15Z,dd2c9c82cf3737146294aff6f814a1349fb0bc4bedf518715dacbe8f,60.18203,24.91341,00000000342570c2,14.89
5536,2019-08-01T09:06:15Z,ec72ef080c605e71978aed0d3b5f22c3c3133677a43c614b72eedc6d,60.14699,24.922,00000000a53ed894,23.56
5537,2019-08-01T09:06:15Z,f088630d7476dae7d4b7e2bb1f10575f2c89acb4b6e061f3d57c2b40,60.16531,24.9442,00000000fdda10fe,25.36
5538,2019-08-01T09:06:15Z,fc4f3a44235f1cfc7b53f14ba2da599976a5a0a220d23b852688e485,60.17919,24.95181,000000007b5207b6,10.78
5539,2019-08-01T09:06:15Z,00787dad708490660b0b836fa415681cc57046fa521c0c0aaea14a9e,60.16762,24.95415,000000006b44cce7,5.41
5540,2019-08-01T09:06:15Z,00d98e49fc01c16216b630f9fdf19ce9826d27552ce2fa4676de957b,60.16829,24.94214,00000000afef4555,25.36
5541,2019-08-01T09:06:15Z,02050a536056486b1bf139282f0d0a3af63def1d56ff0c73ac51bb19,60.14947,24.91438,000000004ef3150d,12.69
5542,2019-08-01T09:06:15Z,023083c44c772667f1727e01c74518889b2a82d78ceb28c08b6f8a20,60.16531,24.9442,00000000fdda10fe,18.79
5543,2019-08-01T09:06:15Z,0362cc670dcfab795a3911957b6a177416bf9b99d0e2732716796c4d,60.15432,24.9211,0000000019fb59c4,12.69
5544,2019-08-01T09:06:15Z,03f427d436ba092925de462b11374bdbdab0443620037675621fbc11,60.17919,24.95181,000000007b5207b6,9.92
5545,2019-08-01T09:06:15Z,0483eb7342f4e704caa76b9bc3d6a7bd836282960dafc2c756247134,60.16762,24.95415,000000006b44cce7,10.78
5546,2019-08-01T09:06:15Z,063935180fff0e58de5d319ecb9320cf794423e3c6aeac0cca8f1a9f,60.16897,24.95222,00000000aa852af1,10.78
5547,2019-08-01T09:06:15Z,0734aa9d45f98eb8e1cc23fdf3a04a296b23370cc5bef016a0c76053,60.16829,24.94214,00000000afef4555,14.89
5548,2019-08-01T09:06:15Z,084a28a3b7b25fc337905f6c6115a66adb0bea6908a071ada1e2e1b5,60.14951,24.92138,0000000006dd41f6,31.5
5549,2019-08-01T09:06:15Z,08f10568d1e90d000e41196f141e0c1a52bab88fcf08f4753a3c055e,60.16897,24.95222,00000000aa852af1,21.87
5550,2019-08-01T09:06:15Z,08f9fd60f852d3502bfa509c955e9963e73954f961d55ba8cd46cae9,60.16629,24.95957,00000000fb7600be,11.7
5551,2019-08-01T09:06:15Z,0951ec0c700dba7330b8e8181fc852becde054d0dc7474d1488db3cd,60.17065,24.93641,000000000f4919c9,21.87
5552,2019-08-01T09:06:15Z,0c1684b697a63d7f47ebaedcfa060b3b4af294fec1e62d613699291a,60.16897,24.95222,00000000aa852af1,4.5
5553,2019-08-01T09:06:15Z,0e62c7194170ff5abcdede8e7bb2dc9370e053dcd7957fc62f077453,60.16829,24.94214,00000000afef4555,25.36
5554,2019-08-01T09:06:15Z,0feb7de3b58597dd266ed606e8d3b6e2e4e0be942b17c15be984f51c,60.14951,24.92138,0000000006dd41f6,18.79
5555,2019-08-01T09:06:15Z,1069967e3921871955b1b2b42e60f829c593a3e024401bfe61ae410e,60.16629,24.95957,00000000fb7600be,12.69
5556,2019-08-01T09:06:15Z,1074ffc7b33a1a8b54ea8f31d0f43ba07ed2ad7841b548f9bd4b9bad,60.17065,24.93641,000000000f4919c9,21.87
5557,2019-08-01T09:06:15Z,10d0fed0f7d40b253b5fc5a53297dc9af8bb76fa6f34d5e71383cb62,60.17919,24.95181,000000007b5207b6,36.27
5558,2019-08-01T09:06:15Z,13cbade1d832c78b1a0a68fd9a6559054370eeae58247347955ee632,60.16897,24.95222,00000000aa852af1,9.12
5559,2019-08-01T09:06:15Z,141ffc858c3ea6a2e69c954115114304736a35dc25ec947323090dc0,60.16762,24.95415,000000006b44cce7,3.4
5560,2019-08-01T09:06:15Z,15b314157b22b2a5bf8a39539a049ce73e7baa21b0ce24f21718ce4a,60.17002,24.94407,000000006b087f40,21.87
5561,2019-08-01T09:06:15Z,16e18d478be872d2a9801fa885d08edeb3f5ae1840b38478f9baf535,60.17919,24.95181,000000007b5207b6,20.28
5562,2019-08-01T09:06:15Z,1727cc83c0592ba3c7b06ea91e9e461c7c9403982e44a15124bfc2cf,60.16762,24.95415,000000006b44cce7,18.79
5563,2019-08-01T09:06:15Z,1880dcca5077d4ccd63084e82a411f0cb7abb12f9883625b046f2e24,60.16829,24.94214,00000000afef4555,16.1
5564,2019-08-01T09:06:15Z,190cdde22bc3e3a41cd0f9da7efb3a917bc09e8034b05ca6064ea8a8,60.17918,24.95141,00000000675d5200,13.75
5565,2019-08-01T09:06:15Z,1b4a6be5c1125aa14a89475b490ebff5ffbc62f3b6ef08d185dab136,60.16829,24.94214,00000000afef4555,17.4
5566,2019-08-01T09:06:15Z,1be12a4f71b98dc9509141bc1a766b833b6c15dc22303f7006afbe96,60.17065,24.93641,000000000f4919c9,25.36
5567,2019-08-01T09:06:15Z,1d70ff49909e1d6fb653ae053aa78084daf385dbbd2ad22b05707309,60.16829,24.94214,00000000afef4555,12.69
5568,2019-08-01T09:06:15Z,1da40c618e0432bb037d08723b65821f6223509e8b4033a4b4190047,60.17065,24.93641,000000000f4919c9,23.56
5569,2019-08-01T09:06:15Z,1dcff36b6f83b08b6ea87c1c1018c542c270299839908ca446dffb39,60.16762,24.95415,000000006b44cce7,9.12
5570,2019-08-01T09:06:15Z,1e3af5697f0a2ae45f261da79e4ba71c868dc4d78008bd1995fe6259,60.16448,24.97323,0000000053c6c2be,12.69
5571,2019-08-01T09:06:15Z,1e6029f749dce72746f03dcc61a1986b14438610b7ff6a19c8165e6f,60.16829,24.94214,00000000afef4555,13.75
5572,2019-08-01T09:06:15Z,1eadb2c1984aa73c3c2f13eab0a2e793331443c617681e36887f0bcc,60.16629,24.95957,00000000fb7600be,14.89
5573,2019-08-01T09:06:15Z,1ecbc7c6afe89033252e5510cbb893666af2b3bc29f555a3a6287fdb,60.14951,24.92138,0000000006dd41f6,4.94
5574,2019-08-01T09:06:15Z,1f813dc10021899138c12ca17c58ab3dc24db1750dcb1790f9c20e8f,60.15133,24.92329,00000000e8a064a4,10.78
5575,2019-08-01T09:06:15Z,22ac1ab1c590ea19b44c61c42f5e8da29a6acbabf56676527811507a,60.15432,24.9211,0000000019fb59c4,7.69
5576,2019-08-01T09:06:15Z,25479245e5a8b0fe47e2bd590cdd63256d84afd6c164781dc64e527d,60.149,24.9843,00000000fffb8cf0,5.41
5577,2019-08-01T09:06:15Z,2552cb43d7990bde838673115a742078e343ce93f96257728311655d,60.16897,24.95222,00000000aa852af1,23.56
5578,2019-08-01T09:06:15Z,25d340d14d855b8c18b2c6f2551ec98a1eb047d1fd3457ba881ddf28,60.17919,24.95181,000000007b5207b6,12.69
5579,2019-08-01T09:06:15Z,270749ab8e1a83f0dcbf45dc861bcc0e10361d103d7589841787e366,60.16531,24.9442,00000000fdda10fe,21.87
5580,2019-08-01T09:06:15Z,277fcf3cc917a89b46a34e0cf5164a78f5bcc88d92bb45ded60f1a91,60.17065,24.93641,000000000f4919c9,11.7
5581,2019-08-01T09:06:15Z,279fb0bcbbad5140c3a5cb21f606be809b1e94f43f38c17ebade63a4,60.16544,24.95398,0000000038d83d41,33.81
5582,2019-08-01T09:06:15Z,27b591b33a56a542440b53031a24f42290b0ec1a194af27700b75a3a,60.17918,24.95141,00000000675d5200,9.92
5583,2019-08-01T09:06:15Z,2823bf6afde4a5cc05342c15e7417c9590ba52264be5793bb688faab,60.17065,24.93641,000000000f4919c9,25.36
5584,2019-08-01T09:06:15Z,28296ae2b460df2f6807f8a84b81e5ebd24677a05bded29111dc33a4,60.17002,24.94407,000000006b087f40,38.87
5585,2019-08-01T09:06:15Z,2832565094d8e4bd54c7a2442ac8807d97669bc460c1cb75a831bbb8,60.16762,24.95415,000000006b44cce7,16.1
5586,2019-08-01T09:06:15Z,28ce50ca84cdcd4c17a36ac666e7ac0267b6ab5b77f4bfb08b2573a1,60.16762,24.95415,000000006b44cce7,2.54
5587,2019-08-01T09:06:15Z,28d50861d92f962c7a49eabaa524431aebf52870e44b79f77d7167c6,60.17919,24.95181,000000007b5207b6,5.41
5588,2019-08-01T09:06:15Z,2c184c9cc9c9a744c6959766a13f23462ffce29c252d073a252b6a7a,60.16762,24.95415,000000006b44cce7,13.75
5589,2019-08-01T09:06:15Z,2c1dcbe1930bbd0596b8dea9e2abc4e49a10db5a1fbd25f103aaf5a4,60.16762,24.95415,000000006b44cce7,17.4
5590,2019-08-01T09:06:15Z,2c6810efb2565383ca0a554f3c51f3f7905484357f5e00756dbf091a,60.17918,24.95141,00000000675d5200,5.41
5591,2019-08-01T09:06:15Z,2dcc113a258bced083c9729d8e62d6001f909ce1c9dac69fa7bead83,60.17065,24.93641,000000000f4919c9,21.87
5592,2019-08-01T09:06:15Z,2e94def094f120513b5a401acb099ee60415b5ba3a62dee97215f3b8,60.17065,24.93641,000000000f4919c9,21.87
5593,2019-08-01T09:06:15Z,2f09364857883d78a23aab14ac85e389ce786d0938e13cee655a7dbc,60.16762,24.95415,000000006b44cce7,14.89
5594,2019-08-01T09:06:15Z,2f43b7a683b0d365a46b6259a032813c293472eaedcdbcc3507adee5,60.17919,24.95181,000000007b5207b6,7.69
5595,2019-08-01T09:06:15Z,2f7636d34066fc720664bb0b85ba6e0a9db63eadebf93248bdf9e941,60.16762,24.95415,000000006b44cce7,16.1
5596,2019-08-01T09:06:15Z,2f79108a454c0072885ad1447280ed5098d061b229eaae61a8bb67be,60.15432,24.9211,0000000019fb59c4,25.36
5597,2019-08-01T09:06:15Z,2f82b3546af2df53b58cddc668c9aa196554108cdf39120ea40b417c,60.16629,24.95957,00000000fb7600be,9.12
5598,2019-08-01T09:06:15Z,2fb6d9d46ec584d1f1d7b67e7650ff7a665788f4000a4b39dc16a4e1,60.16829,24.94214,00000000afef4555,18.79
5599,2019-08-01T09:06:15Z,31b02b3b271f6feef9e49d9285929ff1c25a11e608fc5d70bc6a1fac,60.16897,24.95222,00000000aa852af1,20.28
5600,2019-08-01T09:06:15Z,3227dbecd3a095676006e4ad615dc2aea1f506c310c940230a15ac94,60.17919,24.95181,000000007b5207b6,21.87
5601,2019-08-01T09:06:15Z,32fcb1ab3a9fde533916ca28a0d5b56bbb45fd171dd5bae91f66ec6c,60.16897,24.95222,00000000aa852af1,11.7
5602,2019-08-01T09:06:15Z,33fa4cb82db5b44ffe6e7ae1039635187f90d1df328f8f139da0c693,60.17918,24.95141,00000000675d5200,2.8
5603,2019-08-01T09:06:15Z,3480c16a6649952c388d8902596e332f018e609b9585f483353ae026,60.17065,24.93641,000000000f4919c9,5.41
5604,2019-08-01T09:06:15Z,34e96c7caa63e7ede8f428b18e8fb556ac235d61a50c9d6ac7ff268f,60.17919,24.95181,000000007b5207b6,5.41
5605,2019-08-01T09:06:15Z,3609f484ad7e56259f60a61aba44f22dfca5c8b2564fce7e802ad342,60.16829,24.94214,00000000afef4555,1.7
5606,2019-08-01T09:06:15Z,367b1989198ef11170dd9fcfa7e6ebb5ceb58aab87c613ee1bb86e8c,60.16531,24.9442,00000000fdda10fe,9.92
5607,2019-08-01T09:06:15Z,3685ee6d322dcb2ad0ae181f66c3c5427d4531d7896d2f5f7571bb6d,60.16762,24.95415,000000006b44cce7,9.92
5608,2019-08-01T09:06:15Z,36fe97cd2ec69118778c771a87593630f8a6a2cb77d9ce72f845cd3c,60.16762,24.95415,000000006b44cce7,9.12
5609,2019-08-01T09:06:15Z,370e50e1f77aeb2782c892f70147b6a5749ecd7e9ee41036f693ba0a,60.16762,24.95415,000000006b44cce7,18.79
5610,2019-08-01T09:06:15Z,38fb20c6d55b10dd10a39c0fb41ad61297453e25afda81cf32313ae3,60.16531,24.9442,00000000fdda10fe,14.89
5611,2019-08-01T09:06:15Z,39c6456ee66fe96eee3d97cee2a70923cedb3da760bb5d4d413adb9c,60.17919,24.95181,000000007b5207b6,10.78
5612,2019-08-01T09:06:15Z,39e9fa7033887b7ab339887aa68753ff94d4771cda2bb8ff4ea7aa0a,60.17919,24.95181,000000007b5207b6,2.3
5613,2019-08-01T09:06:15Z,3a1afdcf7c2e5a52cdbcbbe29e8281c184037e8720920c6c75bee339,60.15133,24.92329,00000000e8a064a4,13.75
5614,2019-08-01T09:06:15Z,3a253f272d2781dc2001addfbddcac5f3dbf18610988531707b80b60,60.16829,24.94214,00000000afef4555,17.4
5615,2019-08-01T09:06:15Z,3a2f1a2c6c645bd161943b3f19c171d021512d7a8c4273ed3022f5df,60.16829,24.94214,00000000afef4555,23.56
5616,2019-08-01T09:06:15Z,3a38ba36c098f2741d6c5fb5a751fcd074d05d698ac592ca09ab443c,60.16448,24.97323,0000000053c6c2be,20.28
5617,2019-08-01T09:06:15Z,3a40ef839ab39dbb6eef8f00b0de30062b8cc56391e3303f762004a3,60.16762,24.95415,000000006b44cce7,18.79
5618,2019-08-01T09:06:15Z,3a97ae4dcab31eb5e15e5d036d286e9764e25bcf0ad8afcfba854c90,60.16762,24.95415,000000006b44cce7,7.69
5619,2019-08-01T09:06:15Z,3b124e1851087531134d5e5d0a10b6afe3551982609a81a19dd969dd,60.16829,24.94214,00000000afef4555,23.56
5620,2019-08-01T09:06:15Z,3c84dc456230381a1e1358e89031487d34c88aaa31201204e58517b7,60.16762,24.95415,000000006b44cce7,17.4
5621,2019-08-01T09:06:15Z,3d0437a1d090cd3cad05629e69a61c519aa6218e1b7fb47811e5a4ae,60.16762,24.95415,000000006b44cce7,4.94
5622,2019-08-01T09:06:15Z,3eea43670f4f29a90ced59c1af122371340275fb61ff8f14c7120658,60.16762,24.95415,000000006b44cce7,8.38
5623,2019-08-01T09:06:15Z,40646914186edc6142b7fc3daf766121b55f5bb36ea38facff686ea5,60.16897,24.95222,00000000aa852af1,7.69
5624,2019-08-01T09:06:15Z,40825cb0d315c92e0e0a73cc8e86c3b763bbf7ce226f112913e05e0f,60.17065,24.93641,000000000f4919c9,25.36
5625,2019-08-01T09:06:15Z,411f63100f0afed103b4e31b3544b8cf0c4c830902efe7da020562c4,60.16629,24.95957,00000000fb7600be,20.28
5626,2019-08-01T09:06:15Z,41a0ca2955e0ae0324f6e14aeb77ebfaac5305e31d86c42a20277b94,60.15133,24.92329,00000000e8a064a4,10.78
5627,2019-08-01T09:06:15Z,4256b81faf420b0636e1bfcf21e8b61482045aed964aae9089c67296,60.16829,24.94214,00000000afef4555,21.87
5628,2019-08-01T09:06:15Z,43e023a8726ec4c53a8cea6dcaa79e722da4677e37f3f6c9d3cc9873,60.16544,24.95398,0000000038d83d41,23.56
5629,2019-08-01T09:06:15Z,4470412c4b059a920f2699fbfb72b261e0847b3e1caa8c71d2edd5a2,60.16448,24.97323,0000000053c6c2be,16.1
5630,2019-08-01T09:06:15Z,44a120ac90dacb4d43fe4d38ee859a1015bcd226ff3d946a1e44c4ca,60.16531,24.9442,00000000fdda10fe,18.79
5631,2019-08-01T09:06:15Z,44cd682aaef3e1d1bc2b0eac71d75bb3a951f74d7c93810d260dfd07,60.16829,24.94214,00000000afef4555,14.89
5632,2019-08-01T09:06:15Z,4642dfa1df839f11e64f68bca4e3dce7bde2ff6dd68c54959fcb4788,60.17918,24.95141,00000000675d5200,11.7
5633,2019-08-01T09:06:15Z,48004849b2f48b2314aa9175433d754db1641b949bb8cf050e2dd128,60.17918,24.95141,00000000675d5200,11.7
5634,2019-08-01T09:06:15Z,484bbaa5a9d6bdd2259f022b6ea4e3c290985c13a1286bd7142d878f,60.16762,24.95415,000000006b44cce7,6.46
5635,2019-08-01T09:06:15Z,48c0ea6615ac4c02fc9bc0e06f9ea9309f9bf7e73b4324d7a6b14610,60.16829,24.94214,00000000afef4555,2.8
5636,2019-08-01T09:06:15Z,49bbad87e4d6cd03bdb073bde7be91193d74d29943badce7fc536916,60.16448,24.97323,0000000053c6c2be,12.69
5637,2019-08-01T09:06:15Z,49df780a7f20a99ad2810fa4bbb46b5fac9bc5cbe3fc800cd572f63a,60.14947,24.91438,000000004ef3150d,12.69
5638,2019-08-01T09:06:15Z,4ade4f0d92c6157a42d7fd8e353d1c93551324ba47cc134b840a6c63,60.16897,24.95222,00000000aa852af1,7.69
5639,2019-08-01T09:06:15Z,4afcc27c652d3d50a44d060f84e33dd4b17529d982928dae936cf10f,60.16448,24.97323,0000000053c6c2be,27.28
5640,2019-08-01T09:06:15Z,4ba529eeafb27285cbbade6e5ece0d4d04bd2d13c98b27a5d17abd22,60.16897,24.95222,00000000aa852af1,3.4
5641,2019-08-01T09:06:15Z,4d4fa91e93bbc2055e82019fc8ce0700b719ed13487f747ff7d25bdd,60.16829,24.94214,00000000afef4555,21.87
5642,2019-08-01T09:06:15Z,4f2ee410fae343924332b7c45d23df66786e3599cf001d739702393e,60.16762,24.95415,000000006b44cce7,14.89
5643,2019-08-01T09:06:15Z,5001aabb6808b9fd96b705d1ebe8e7aca52713c2640100d81879dd86,60.17919,24.95181,000000007b5207b6,7.05
5644,2019-08-01T09:06:15Z,51ec42fdd85671ae93876c3d875b24e56cb45699e9c3d2b623dca70d,60.16762,24.95415,000000006b44cce7,9.12
5645,2019-08-01T09:06:15Z,5372348389197e6c4bc4c5e3dab047e7384d562220e6295904bbda1b,60.17065,24.93641,000000000f4919c9,2.54
5646,2019-08-01T09:06:15Z,556cae6b2e2dec6fe691a835e8e08bd016b1a65797c0aca46879329f,60.17919,24.95181,000000007b5207b6,5.91
5647,2019-08-01T09:06:15Z,559429bba23762a872fc7b1e2219d42125ab101e4355d43fdb94ed7b,60.17919,24.95181,000000007b5207b6,12.69
5648,2019-08-01T09:06:15Z,559e6a5225ce35ab844c63ea0d0c1695dc490a3d9cfbafa5d35ac8d8,60.14947,24.91438,000000004ef3150d,12.69
5649,2019-08-01T09:06:15Z,57702e43c98321484601490acf3912614d41664464b32199d9df1606,60.16762,24.95415,000000006b44cce7,20.28
5650,2019-08-01T09:06:15Z,580f32ffed6360b30b2f9c7501977fdf5205499bea30d742caf8b2fe,60.14951,24.92138,0000000006dd41f6,29.32
5651,2019-08-01T09:06:15Z,5830a481876da00686f25b17dad06258a39212c0816ed04dda2df1bd,60.16531,24.9442,00000000fdda10fe,21.87
5652,2019-08-01T09:06:15Z,584cb0b0cdd14e608c8b57c8aecc9826f9b40027e365e2438a444ea2,60.16762,24.95415,000000006b44cce7,10.78
5653,2019-08-01T09:06:15Z,5865a27b5b56a60bca38e4a1403655e3e7fd0232a3ff2079965aff81,60.15432,24.9211,0000000019fb59c4,3.74
5654,2019-08-01T09:06:15Z,5978726eeef638856dafd3a8d199287f8daf9e90ddde750b402f8bb0,60.17065,24.93641,000000000f4919c9,0.28
5655,2019-08-01T09:06:15Z,5a34b02faac3189217466888ef1d31cc80f721ac2f18638c5db88d53,60.14947,24.91438,000000004ef3150d,17.4
5656,2019-08-01T09:06:15Z,5b06617477af6dcee75a94ac347364b50f6f3b5b7d747e5413d9ad58,60.14947,24.91438,000000004ef3150d,5.91
5657,2019-08-01T09:06:15Z,5c1f71098d5d7258d2971061c791c94e0138c8e02225c5f60d6a0428,60.149,24.9843,00000000fffb8cf0,21.87
5658,2019-08-01T09:06:15Z,5dc7341101ac9a971ad3bd8764c172439aa3c351b8b6654e21e2c76f,60.16829,24.94214,00000000afef4555,31.5
5659,2019-08-01T09:06:15Z,5e2c5c20c88ccf362ed8749d1ddc041b1cb1c38d8dbeac7870179322,60.16629,24.95957,00000000fb7600be,5.41
5660,2019-08-01T09:06:15Z,6051ed50496b74a6ff68c86205d23971fcaccd6c91edfe7d78fa71b0,60.16897,24.95222,00000000aa852af1,16.1
5661,2019-08-01T09:06:15Z,6072bfb496e2b8a999c9edbda5b76fbc0e783ff2a439c4e6c881fabf,60.16829,24.94214,00000000afef4555,4.11
5662,2019-08-01T09:06:15Z,619c5b31af2a28703a837cc7974ef0d2c5bb6584ba0fcc03076218ac,60.17002,24.94407,000000006b087f40,13.75
5663,2019-08-01T09:06:15Z,626bf35ce16dba1054cfd175d09475d3ee751bf70e56f984ff5c7ab6,60.15133,24.92329,00000000e8a064a4,21.87
5664,2019-08-01T09:06:15Z,63ff2439779051005c18876d20ed53ce060c1de9d7976821bd518fc6,60.15432,24.9211,0000000019fb59c4,20.28
5665,2019-08-01T09:06:15Z,6470ee836399c5610581ec9de09772d350282ecc4c5c57fa02a5ec68,60.16075,24.95883,00000000f1124bca,25.36
5666,2019-08-01T09:06:15Z,65b6b62b547e11e10f7f83ad497446bee2bb9653097d9d62e9b1b817,60.17065,24.93641,000000000f4919c9,5.41
5667,2019-08-01T09:06:15Z,66ad74b1795a3f2db404e46e89b7cdeb3d6e231b6573e3fd29bb7eef,60.16897,24.95222,00000000aa852af1,21.87
5668,2019-08-01T09:06:15Z,673cc832b626feba4fd2b89c6da4fc24da9d4872367191c0a723d09b,60.16829,24.94214,00000000afef4555,21.87
5669,2019-08-01T09:06:15Z,674355e17da9460e58566497be518f2eb537880c67c788fedb5067db,60.16629,24.95957,00000000fb7600be,13.75
5670,2019-08-01T09:06:15Z,67cf7d2881080aa59ed36a6d88ea1946d17e9d1d5e1ad9eee1851969,60.18203,24.91341,00000000342570c2,20.28
5671,2019-08-01T09:06:15Z,685af6b01bd180194d718801bb8b9c9de22050cc392d6c6441fe986b,60.18203,24.91341,00000000342570c2,23.56
5672,2019-08-01T09:06:15Z,68d7ad8fab31b3c5967a814376d0ddc6cf42e1db0d9e09dfbba169bd,60.16762,24.95415,000000006b44cce7,10.78
5673,2019-08-01T09:06:15Z,69e2854c78a472b462941ef730aa9fa7a9dba9c1cc22996396d4c78a,60.17919,24.95181,000000007b5207b6,14.89
5674,2019-08-01T09:06:15Z,6be747c7ea296d5a1f3e2942a6208d5f61fe895abb9a13c65372b130,60.16829,24.94214,00000000afef4555,20.28
5675,2019-08-01T09:06:15Z,6d98ac1fea7056e5b96d6095caf0e3677a4ec30e9fbcc2e50ae1cf65,60.16629,24.95957,00000000fb7600be,14.89
5676,2019-08-01T09:06:15Z,6dca84ddf4be668487766d17c5d13961ed713d24032f709ae87a497f,60.16829,24.94214,00000000afef4555,20.28
5677,2019-08-01T09:06:15Z,6e80fcea10d21e1d5e672b554c0f3fe686dc58934f38c3391fd5c262,60.17002,24.94407,000000006b087f40,16.1
5678,2019-08-01T09:06:15Z,7003a7f6a5523b645634f014e04bea36016953a8af9324e35602bc2e,60.14947,24.91438,000000004ef3150d,13.75
5679,2019-08-01T09:06:15Z,701dc50417b28dba15ad9ff809844f1766b6579389a2e5ebb0562635,60.16629,24.95957,00000000fb7600be,16.1
5680,2019-08-01T09:06:15Z,704c3f3075f13713c363014fa828e4a932e7a05676813b9963a1e554,60.17919,24.95181,000000007b5207b6,4.5
5681,2019-08-01T09:06:15Z,70d391038ec56b63a3737605c2c1db6ffbdca8e4490691776dc993f1,60.16829,24.94214,00000000afef4555,4.94
5682,2019-08-01T09:06:15Z,72439a1f997fd347d46394f31f5789edc877fe61ca34fcd31f9150b1,60.18203,24.91341,00000000342570c2,21.87
5683,2019-08-01T09:06:15Z,7292a4a47ed655e0ce0ead026bb0ae4b8093342f87a9aed5665c1456,60.16762,24.95415,000000006b44cce7,18.79
5684,2019-08-01T09:06:15Z,72f088587da3409c5a4bec360a52a230a7551c3671441baaaabc6357,60.16829,24.94214,00000000afef4555,16.1
5685,2019-08-01T09:06:15Z,739ef3c62efff5786f0fff5d47de939dd4d7489abf44060c9cda448d,60.18203,24.91341,00000000342570c2,25.36
5686,2019-08-01T09:06:15Z,75003dbce84bab66829b2489dc3bff3abc4ec7f1b136c28b0835fa0e,60.15133,24.92329,00000000e8a064a4,20.28
5687,2019-08-01T09:06:15Z,750297d0d8ff0ca837d9c2289c26302d62f38708617150431ab14509,60.16531,24.9442,00000000fdda10fe,31.5
5688,2019-08-01T09:06:15Z,76c2f7b3773d4bebd4dabada1c2b98fe4ea9762e9c98b4a6371d7746,60.16762,24.95415,000000006b44cce7,20.28
5689,2019-08-01T09:06:15Z,7700297fec4982ad776529835e2ab46d4e5cbc889e26f368c19efeef,60.16829,24.94214,00000000afef4555,31.5
5690,2019-08-01T09:06:15Z,774131d73accbbb31ec3c43c3501b7969645eb65df1839ca8116526e,60.15432,24.9211,0000000019fb59c4,10.78
5691,2019-08-01T09:06:15Z,78a9535148d256e36a93dcce58f6dac7864c3bcd43b255c37291aa30,60.17002,24.94407,000000006b087f40,18.79
5692,2019-08-01T09:06:15Z,79669159e96cc1cdf3879c3db8c5621167f92aaa10df4dd21a9be1de,60.16829,24.94214,00000000afef4555,14.89
5693,2019-08-01T09:06:15Z,79ab7360fcf828dc88bd416dd77fc12910178e0213dd5fb4336ea257,60.16897,24.95222,00000000aa852af1,33.81
5694,2019-08-01T09:06:15Z,7a62d9e7c260ee9d4896ace1bd129198320f0fb15d96a8016f9b84c2,60.16829,24.94214,00000000afef4555,18.79
5695,2019-08-01T09:06:15Z,7c1534082e86ff4387878d813207626d8f728aa26b97248e00a3b8d7,60.16629,24.95957,00000000fb7600be,17.4
5696,2019-08-01T09:06:15Z,7d12711d47425111a6dce413faa867542b9532f3b9c5a934b37a0bc8,60.17918,24.95141,00000000675d5200,12.69
5697,2019-08-01T09:06:15Z,7d415f4fd9093fb383b4ebb88961ad74e6a00d3ece39504712dad639,60.17919,24.95181,000000007b5207b6,16.1
5698,2019-08-01T09:06:15Z,7e2e3d07c939e3e76e7ce87678faf64e056afe54215e00488839100f,60.14947,24.91438,000000004ef3150d,25.36
5699,2019-08-01T09:06:15Z,7eb4a715919b3eb4085270535ce4d7b57112591ad7242eb189bf652a,60.17065,24.93641,000000000f4919c9,7.69
5700,2019-08-01T09:06:15Z,7f534fc0885ddf5a5c3814e4232de3356affd42f6c3560055079dc1c,60.16829,24.94214,00000000afef4555,18.79
5701,2019-08-01T09:06:15Z,7f59aaecea1eee6c703ec5d46d67b44289ddedf080defee495b73739,60.14947,24.91438,000000004ef3150d,10.78
5702,2019-08-01T09:06:15Z,7faf8705e89a761625aaed50b89538581e25d5950ec8f051d36ed829,60.14947,24.91438,000000004ef3150d,21.87
5703,2019-08-01T09:06:15Z,7fe96255e89da662cb4a10df4705f39989babea20fdc4ef0bf4fb395,60.14951,24.92138,0000000006dd41f6,33.81
5704,2019-08-01T09:06:15Z,809bf2d7a0745ae512b934a578fd5fd47c13c5398b6d06ad350b9e7c,60.14947,24.91438,000000004ef3150d,17.4
5705,2019-08-01T09:06:15Z,8176eaeb262de7f9113561a8e31b6cf6f4c74c882f7f18ba8bb5acf8,60.173,24.92524,0000000096918cfa,29.32
5706,2019-08-01T09:06:15Z,82b78c2220aee81a2744ddfaf7ed29663888987dba6b7cdda05731d9,60.14947,24.91438,000000004ef3150d,10.78
5707,2019-08-01T09:06:15Z,85bdce5b262dbd94adcff03e6cad26a1152828b6ab27e6fdd56b2b13,60.16762,24.95415,000000006b44cce7,2.08
5708,2019-08-01T09:06:15Z,880f9cbb91b9caf48ea9c5dd1a0c8e1db72922b6dfcb647b102fc469,60.16629,24.95957,00000000fb7600be,16.1
5709,2019-08-01T09:06:15Z,88c2bc6310f27465b9f08b28fb52075d7703ce7b097e5beb37c7437c,60.14947,24.91438,000000004ef3150d,13.75
5710,2019-08-01T09:06:15Z,898cde3317c73907bb23b1b885828c4bf3187c3a757a18dc32abe970,60.16762,24.95415,000000006b44cce7,18.79
5711,2019-08-01T09:06:15Z,8996f41485515f4fe2b7f60962df36a3421c9a14cdb3f381b1ce7052,60.16829,24.94214,00000000afef4555,21.87
5712,2019-08-01T09:06:15Z,89aeff56a0700534bbf2dfd19fc298f5a890c95e1a45b6ca7ad3c33a,60.16829,24.94214,00000000afef4555,9.92
5713,2019-08-01T09:06:15Z,8a01e28fd327e5c56dcf2dc8b2b7762a96d77584c21990a073ceb11f,60.16829,24.94214,00000000afef4555,4.94
5714,2019-08-01T09:06:15Z,8b789024cc2e6b2143ce205690fe87cbdb761aa292e434010176906d,60.16629,24.95957,00000000fb7600be,27.28
5715,2019-08-01T09:06:15Z,8c571538c285dba9d77edacfb1829b282d54b772b62209c6e4004237,60.17919,24.95181,000000007b5207b6,10.78
5716,2019-08-01T09:06:15Z,8d5e893f77b3d167ebefad4ecab181fea08513599a6f9450f0b9a827,60.17919,24.95181,000000007b5207b6,18.79
5717,2019-08-01T09:06:15Z,8e20d0d67339e3cf43e77c3a340d9dc6766de8d079197a08a1343ff0,60.17065,24.93641,000000000f4919c9,11.7
5718,2019-08-01T09:06:15Z,92d558faaf274f5fac1ccabea7bd30042fdd6fee95770c60123653a3,60.16762,24.95415,000000006b44cce7,20.28
5719,2019-08-01T09:06:15Z,939c459d913b0b38838071a0d13671e83e4a751f44624b21e84daa69,60.16762,24.95415,000000006b44cce7,12.69
5720,2019-08-01T09:06:15Z,941e13893853105c86bfbc6d31d62274937602143ce3bb530c8c17ed,60.17919,24.95181,000000007b5207b6,3.4
5721,2019-08-01T09:06:15Z,9609babe3114439a82f93f797f4a6e779b6bab625488b8ff5b63e674,60.16829,24.94214,00000000afef4555,29.32
5722,2019-08-01T09:06:15Z,9998e64e3b5162fd8890fc4e2dfe41a3e875f08500f1cef0c4820855,60.16829,24.94214,00000000afef4555,12.69
5723,2019-08-01T09:06:15Z,9abbc86fb0fc1c0532042814af76a97e6a17121831d4394749a290a6,60.16762,24.95415,000000006b44cce7,4.5
5724,2019-08-01T09:06:15Z,9b3e6848d8b34e802134d6da0e5a594897ec3fafbbf08b6d0b84068e,60.17919,24.95181,000000007b5207b6,4.5
5725,2019-08-01T09:06:15Z,9bc129708b07f3c5bbf4195e83f0e5b9a663b6f371f416a8e3a605f0,60.16897,24.95222,00000000aa852af1,29.32
5726,2019-08-01T09:06:15Z,9bdb503344071eddd74d821f537246d8a6c19468b05d38d0170377f9,60.16897,24.95222,00000000aa852af1,8.38
5727,2019-08-01T09:06:15Z,9bef8b28ea93ecaee57d05b037edbfe7f80014aaf56343345fedd7be,60.17919,24.95181,000000007b5207b6,7.05
5728,2019-08-01T09:06:15Z,9ce214896068957a21bc57af08680d84debbd091b49ad5e6402c4cc8,60.16629,24.95957,00000000fb7600be,27.28
5729,2019-08-01T09:06:15Z,9e343a150f07bb3dcce5ecab8ac061b84d65b347b1af5a232e00eeb6,60.16829,24.94214,00000000afef4555,11.7
5730,2019-08-01T09:06:15Z,9eee6d740f1d483c484d02f0995f35550c09e6a8cf01f02680db5efc,60.16448,24.97323,0000000053c6c2be,25.36
5731,2019-08-01T09:06:15Z,9fa57cff946eb6b758bd810321b0bb80d6f0c46ca5fb40b0ec22ca0d,60.16762,24.95415,000000006b44cce7,13.75
5732,2019-08-01T09:06:15Z,a011c570991d42caf54e65589bc732e525fe63af59863bed74bb86c9,60.16762,24.95415,000000006b44cce7,20.28
5733,2019-08-01T09:06:15Z,a04214b56cac7d70680703ee6a28fac742f3c3190b55b46a79c1f76d,60.149,24.9843,00000000fffb8cf0,16.1
5734,2019-08-01T09:06:15Z,a09607edc17117a3069b79434e751f93a2a00d0d6f9aceb043e32074,60.16762,24.95415,000000006b44cce7,7.69
5735,2019-08-01T09:06:15Z,a1e4dfd3f272ed9aead86a81720f20a819f72d1abf99bb045a8bf62c,60.14951,24.92138,0000000006dd41f6,27.28
5736,2019-08-01T09:06:15Z,a2e761fd97d8bdf78601300822b531e306b9ab7a1a43b6bfb07eba52,60.14947,24.91438,000000004ef3150d,9.12
5737,2019-08-01T09:06:15Z,a38c11c450b472b9dad2f076e2d9a63651292d3de806331d06af7f46,60.16531,24.9442,00000000fdda10fe,17.4
5738,2019-08-01T09:06:15Z,a403dc1eebc5d130e12a4c3e4298737c9e00b25b1b6b2cc36a6979c9,60.16629,24.95957,00000000fb7600be,9.92
5739,2019-08-01T09:06:15Z,a5423cad01b42682deb516a777f50fd783fd1fd9dc23b7cab01eaedc,60.16897,24.95222,00000000aa852af1,17.4
5740,2019-08-01T09:06:15Z,a66eb6150c36b53f6240acfe16dd98ceb16c43b8e02d0b56993bac73,60.16897,24.95222,00000000aa852af1,25.36
5741,2019-08-01T09:06:15Z,a6d010615b0732a971c180467cd17865327688c7e6c60628c3d452d3,60.16762,24.95415,000000006b44cce7,12.69
5742,2019-08-01T09:06:15Z,a6d0dd9de406b1201a4e438ec7c5f4a467f38c41e2dec42ff6c71d50,60.16897,24.95222,00000000aa852af1,11.7
5743,2019-08-01T09:06:15Z,a786eb3b8a25c58099a428799e99d0b86401f803ee38d3e5d20e59d3,60.15432,24.9211,0000000019fb59c4,16.1
5744,2019-08-01T09:06:15Z,a808962cb511e5ed2d23e6e33efe252b1be29dc1d2f7c6154817f04f,60.16448,24.97323,0000000053c6c2be,12.69
5745,2019-08-01T09:06:15Z,a83415babca8eac00f69a32371a230fdadda29bf40fd69f75cf2e8fb,60.17919,24.95181,000000007b5207b6,9.92
5746,2019-08-01T09:06:15Z,a83703c80a4d58db87327a53b0d3664d23edf7350ff6b0afaa49c530,60.16629,24.95957,00000000fb7600be,25.36
5747,2019-08-01T09:06:15Z,a8ca7fb815e707c04434a085c4f99e783d56372143afc92225eae622,60.15133,24.92329,00000000e8a064a4,14.89
5748,2019-08-01T09:06:15Z,aa05a7036c3586a79d23f426b78bf158357208bc82d7ddf9a1326dd2,60.16531,24.9442,00000000fdda10fe,13.75
5749,2019-08-01T09:06:15Z,aa5281244780ac8f283c3452639d477cd76e31fc6f0b95b99c51a9b0,60.16762,24.95415,000000006b44cce7,2.8
5750,2019-08-01T09:06:15Z,abf0be93e7a8aec9fa8284fdbcc2493f32084aa95f15660b23e149c6,60.16629,24.95957,00000000fb7600be,11.7
5751,2019-08-01T09:06:15Z,aca524ceb3c7373172ecd0d06b26e7d610d441f4a47ab78ae0ad3340,60.15133,24.92329,00000000e8a064a4,14.89
5752,2019-08-01T09:06:15Z,acbbe4765d72f36b0323407c7dbe43db7b4ad5e2da0a6a9e5966db0b,60.16897,24.95222,00000000aa852af1,11.7
5753,2019-08-01T09:06:15Z,ad22512fd6a5ad9e19fdfad7e02b2793ecb01875be243f894c637ae2,60.16829,24.94214,00000000afef4555,21.87
5754,2019-08-01T09:06:15Z,af67ffa8b538058603b74f48e04ab914e8f6cd450f53c47f8c3d683d,60.15432,24.9211,0000000019fb59c4,7.69
5755,2019-08-01T09:06:15Z,afaed9946dbc1509500c6f80f87eed8fe44a74ba3e14328c6efe3971,60.16829,24.94214,00000000afef4555,12.69
5756,2019-08-01T09:06:15Z,b09e9bb62cc49c085c1aee3b752af1bec69dabc939323e5733f73933,60.17065,24.93641,000000000f4919c9,23.56
5757,2019-08-01T09:06:15Z,b2728a54ebd2991e59d91f96f73d376de0adccecfef1326c4f51b74a,60.16762,24.95415,000000006b44cce7,13.75
5758,2019-08-01T09:06:15Z,b28757d67868f9471f0d997a935e857fd0ff1095449820929597563b,60.16762,24.95415,000000006b44cce7,7.05
5759,2019-08-01T09:06:15Z,b2fb1122e95099adfb79fb9d06f717d0210c5214a7796b4ddd557040,60.16829,24.94214,00000000afef4555,29.32
5760,2019-08-01T09:06:15Z,b32e57a6f5865a23d7a0e9fa346d5ec4e975f99c4df815fe8b1449b2,60.17919,24.95181,000000007b5207b6,14.89
5761,2019-08-01T09:06:15Z,b474e34db18d21635ec9ea2654513e6759c326f3aaec96c25f9a204e,60.16897,24.95222,00000000aa852af1,16.1
5762,2019-08-01T09:06:15Z,b50a45ac0708e7b5cca42f3458430eb22ff70a81c575bafe99ffda23,60.17002,24.94407,000000006b087f40,4.5
5763,2019-08-01T09:06:15Z,b5603e758440226e490d1d7d7271a7b0d5c261eccbad198f81110136,60.15432,24.9211,0000000019fb59c4,5.41
5764,2019-08-01T09:06:15Z,b6b32d1744cab38523e13d061fa256f05d6e01d920275907327c3083,60.16829,24.94214,00000000afef4555,14.89
5765,2019-08-01T09:06:15Z,b6c43126ca83e916a68e57d0178060c24fc61305836b6c8f188f7285,60.17918,24.95141,00000000675d5200,8.38
5766,2019-08-01T09:06:15Z,b6f0f4101a1a258dcb1d82d77ca91000694d4fed15bd882a8e3bfe66,60.149,24.9843,00000000fffb8cf0,21.87
5767,2019-08-01T09:06:15Z,bb2187a4e20012ad694c768ef2c47c9a9055671024ebf4855d4e6243,60.16531,24.9442,00000000fdda10fe,1.38
5768,2019-08-01T09:06:15Z,bc6d5082ca52e6dae7a1689a835434f3f6341e90afea565480eb9674,60.16829,24.94214,00000000afef4555,17.4
5769,2019-08-01T09:06:15Z,bc82f76c979de19b559e9e3aa0cd6cbf5ac361e2d7b1ac9f81fe2f4f,60.17919,24.95181,000000007b5207b6,7.69
5770,2019-08-01T09:06:15Z,bd17e41f002acd238070518ccfb611a42561023ceaefde667bf6fa55,60.17002,24.94407,000000006b087f40,20.28
5771,2019-08-01T09:06:15Z,c004fa64cb7de7e87d3b91639ae5f95304fb1a90b0a0e927cea958af,60.16762,24.95415,000000006b44cce7,23.56
5772,2019-08-01T09:06:15Z,c15da9ed244b57a27a083919c67d0edde078a31b18cb58f13581f173,60.1538,24.95595,0000000038bf9618,27.28
5773,2019-08-01T09:06:15Z,c1674c59c49d5bf74e6808239a91d18a04e47697d298bc61a7618af2,60.16448,24.97323,0000000053c6c2be,14.89
5774,2019-08-01T09:06:15Z,c17ab6f74f8f8d215cf04f67ed40afa69d5f4e66349cca88fba7abf2,60.16544,24.95398,0000000038d83d41,25.36
5775,2019-08-01T09:06:15Z,c375f2dac85f963c33b2daf76ffb0c32d2c8fd08172419336e308686,60.14947,24.91438,000000004ef3150d,29.32
5776,2019-08-01T09:06:15Z,c434f18b802a764aad7a2dfb46e93546acb1b0975cf9b93fd47363f6,60.15432,24.9211,0000000019fb59c4,8.38
5777,2019-08-01T09:06:15Z,c46895857ca53c3362932d446a58c13b60d297f99ca237d4546589e8,60.16897,24.95222,00000000aa852af1,20.28
5778,2019-08-01T09:06:15Z,c51beff15d228f2dab9416cadfcc60fe269ce3d9202a9cf2ec7e7647,60.16829,24.94214,00000000afef4555,16.1
5779,2019-08-01T09:06:15Z,c65c11ee6e8b5894ead3ea9b007a39127edb65a67be253aca6f78ed0,60.16448,24.97323,0000000053c6c2be,25.36
5780,2019-08-01T09:06:15Z,c872af9997af535c4615ee0b4194c7c8d644b7962afb3ca321eb386f,60.15133,24.92329,00000000e8a064a4,21.87
5781,2019-08-01T09:06:15Z,c8b9856a261673c3360915cd9a4dabb4afe22b63a86d7f59f7dc5f20,60.17002,24.94407,000000006b087f40,18.79
5782,2019-08-01T09:06:15Z,c8be2c26d4f0c9d399f32e84d95487a2644ffcb62681165be3d36a02,60.16762,24.95415,000000006b44cce7,9.92
5783,2019-08-01T09:06:15Z,c8f27660c2e8302459f9f42a38f8c1a1d42cb2de7ac7fb8995a36ed4,60.17919,24.95181,000000007b5207b6,38.87
5784,2019-08-01T09:06:15Z,c98bce1cc275ed0a1b833011f8cd251ac848fdc84501fe87eb8b5d54,60.17918,24.95141,00000000675d5200,20.28
5785,2019-08-01T09:06:15Z,c9a8056db9219e3b8d153b1063e67e81b23ffcb104c6cc03b4c7bbe2,60.15133,24.92329,00000000e8a064a4,25.36
5786,2019-08-01T09:06:15Z,ca7719c7cd8d4496b666f608fc07ba9930e362a0b2d96890b0778618,60.16629,24.95957,00000000fb7600be,10.78
5787,2019-08-01T09:06:15Z,cc1fcf6550ac1eee3eceef1f35de652b641407007a7c0464ac54fdbd,60.16897,24.95222,00000000aa852af1,13.75
5788,2019-08-01T09:06:15Z,cccf3ba2a9d11b9330c18af8064a20aca9995473495bf119162a1619,60.16897,24.95222,00000000aa852af1,12.69
5789,2019-08-01T09:06:15Z,cce3077cdfeedd0674391bec08ce94732557106542574c58a7f378bf,60.16829,24.94214,00000000afef4555,11.7
5790,2019-08-01T09:06:15Z,ce7de55c7709396c70ce5930097e84449a4889700e605a0b062aaeae,60.16531,24.9442,00000000fdda10fe,18.79
5791,2019-08-01T09:06:15Z,cf061f5093c857b2efc346d3ad51fd17cca7eb360060ba7875630cf5,60.16897,24.95222,00000000aa852af1,25.36
5792,2019-08-01T09:06:15Z,d062562fed5ad0a61560e267310beb0b717d2a1e2a11d1d575507861,60.16897,24.95222,00000000aa852af1,23.56
5793,2019-08-01T09:06:15Z,d0ae4fabf429edbfdad59f8183cc6e5929f68633315448c9b83d4c16,60.16762,24.95415,000000006b44cce7,7.69
5794,2019-08-01T09:06:15Z,d16e16def718519430296afa23976c226aaf720722bce3d92a2aad43,60.14947,24.91438,000000004ef3150d,11.7
5795,2019-08-01T09:06:15Z,d29a5ebd00326d5dedb6c60cab75fd238bdaa9d7f703f6b5974edbc7,60.16762,24.95415,000000006b44cce7,9.92
5796,2019-08-01T09:06:15Z,d31d6921eee92503b486a1b30f5330581c4744a82e6549f375544846,60.17919,24.95181,000000007b5207b6,16.1
5797,2019-08-01T09:06:15Z,d562afdedae521be241c98441e436608a323fdb944dedc24c835e762,60.17065,24.93641,000000000f4919c9,4.11
5798,2019-08-01T09:06:15Z,d653ef8368d33df4fc7edeb5a381d5826be1471f1470aa9744d47901,60.173,24.92524,0000000096918cfa,4.11
5799,2019-08-01T09:06:15Z,d65b8625c1f24304ff0e3c4a4dce7aa5d434d36be87be41834a49420,60.16531,24.9442,00000000fdda10fe,4.11
5800,2019-08-01T09:06:15Z,d6e217c6592e449e2390b1a874e08cbc9126116901dbdbf84501c6b8,60.17065,24.93641,000000000f4919c9,10.78
5801,2019-08-01T09:06:15Z,d74ea3c9e0aaa523c791aa01f4f9a7c1c43f01f585dc4146b19edf83,60.17919,24.95181,000000007b5207b6,4.5
5802,2019-08-01T09:06:15Z,d7734ef0345fcffc0f4bd7579275af62987490aba012209832e92059,60.16629,24.95957,00000000fb7600be,11.7
5803,2019-08-01T09:06:15Z,d80b1d1a63e542cbbdb6a33c8fba0b0dcfa324d17f2f3173c3d5a37b,60.18203,24.91341,00000000342570c2,18.79
5804,2019-08-01T09:06:15Z,d81eea3c8bf927d879268dc01665b897d48eecc647bbf61f91f37a33,60.16544,24.95398,0000000038d83d41,20.28
5805,2019-08-01T09:06:15Z,d8778698d75313bf43f7255696e14eda9502d5d7a6e7315071181cc8,60.16629,24.95957,00000000fb7600be,21.87
5806,2019-08-01T09:06:15Z,d95956cedfc4dfe06014194cc1071864bd835fcc014c1fd6f4d33337,60.16762,24.95415,000000006b44cce7,7.05
5807,2019-08-01T09:06:15Z,d983db67d9cd171123ba12eeb19c11f34a3ad1d75fc9214ac3ae8a26,60.17002,24.94407,000000006b087f40,20.28
5808,2019-08-01T09:06:15Z,d9f8ff1809ebe23c7e68bb1cbb1aa6fdfaf22375abf2962da2d7cfab,60.16531,24.9442,00000000fdda10fe,25.36
5809,2019-08-01T09:06:15Z,dbedd81db3d59ee0c6948187e396a34e2fa5dd6670cf8d862bf5e1ff,60.16762,24.95415,000000006b44cce7,6.46
5810,2019-08-01T09:06:15Z,dc00d45c0dd506326fb4dd3692d409df80cb3d871341ffff720dc834,60.16762,24.95415,000000006b44cce7,18.79
5811,2019-08-01T09:06:15Z,ddae2128c72cf011df2a698a8254b8738fd07a971349ea8a5e8bfa9f,60.16829,24.94214,00000000afef4555,14.89
5812,2019-08-01T09:06:15Z,deb8a213e1b4930e676ee8fdb394161ec46adb785171fa37437b4d44,60.15133,24.92329,00000000e8a064a4,9.92
5813,2019-08-01T09:06:15Z,ded712413bfc7de58a469fab75498089b2c3c6b5e0c9cae260102284,60.16829,24.94214,00000000afef4555,36.27
5814,2019-08-01T09:06:15Z,dfe80baf219bd267a459c954a8e3027b3f1ed29fea2a5355456d5652,60.16897,24.95222,00000000aa852af1,10.78
5815,2019-08-01T09:06:15Z,e0fe7fe5854899c0eb42b75b300339808143419404558ed4d00b0f17,60.17918,24.95141,00000000675d5200,5.91
5816,2019-08-01T09:06:15Z,e234769b1ce1634554f5fa4a290d11b2a30c3dfd009d4c39a2e9dd3d,60.17065,24.93641,000000000f4919c9,17.4
5817,2019-08-01T09:06:15Z,e2bb0ae74deee6cbc4f50c5f85da3f1779ca1db1ae7ff48ab4b33dbc,60.17919,24.95181,000000007b5207b6,17.4
5818,2019-08-01T09:06:15Z,e2f445c6711e0e7d48a6a045bec347587f9f398e8928a171cfa2ca38,60.16762,24.95415,000000006b44cce7,10.78
5819,2019-08-01T09:06:15Z,e3f844c56875bd572c3b57a835b884f1060b467d3bbd25c50dcc7e28,60.16762,24.95415,000000006b44cce7,11.7
5820,2019-08-01T09:06:15Z,e508e239ba2ca68b34ad5074f3d7b013e72f6f7df36eb6cdf545be78,60.16762,24.95415,000000006b44cce7,12.69
5821,2019-08-01T09:06:15Z,e528235be3e5cc4945024d50d1ed43061e2e2f2845f2b41e081e1721,60.17918,24.95141,00000000675d5200,16.1
5822,2019-08-01T09:06:15Z,e5cad8bb9a6c8dcc067948d7f869033aca5bdd062da175c8734092e6,60.17919,24.95181,000000007b5207b6,7.05
5823,2019-08-01T09:06:15Z,e73dcccbc4dd6af49316f19a34c347cc94ff7ab079a93a2672d78a16,60.14947,24.91438,000000004ef3150d,21.87
5824,2019-08-01T09:06:15Z,e8add7e8346b99cd4b67924113f3763441a1899897c6d1ac3a1a40a6,60.17919,24.95181,000000007b5207b6,13.75
5825,2019-08-01T09:06:15Z,e9275b4d525e0593374e00e9cf9885062a1699ecb3462c758a025ef1,60.16762,24.95415,000000006b44cce7,12.69
5826,2019-08-01T09:06:15Z,e979a153601f7520f54d4733fe91f75f154c8f1c08dc3408dbba5345,60.15432,24.9211,0000000019fb59c4,14.89
5827,2019-08-01T09:06:15Z,e9e1a66ce9f699fc1713bb44cd67a332f584f0c51d18774fc72b8eea,60.16762,24.95415,000000006b44cce7,17.4
5828,2019-08-01T09:06:15Z,ea3f8412ed9c4d92448688dd9cc7ff9e3eeb5fe4373d0953bf0349c1,60.16531,24.9442,00000000fdda10fe,14.89
5829,2019-08-01T09:06:15Z,ea94130fbb3464dc656765cfddbad802ddfafb1af8007cb5f42cd41f,60.16829,24.94214,00000000afef4555,12.69
5830,2019-08-01T09:06:15Z,eaf572301dc5c1eaff007bc1886cce8f0f5e92a233b8686ed2a1a9cc,60.17065,24.93641,000000000f4919c9,17.4
5831,2019-08-01T09:06:15Z,ec2dd83e04d225caca9f6b9d28bd3080ed37c5bf42e5f65123fa2394,60.17065,24.93641,000000000f4919c9,11.7
5832,2019-08-01T09:06:15Z,ec7121833f0e4b509d683b00a9c5e992e4b84882cb857145102e14f4,60.16531,24.9442,00000000fdda10fe,1.25
5833,2019-08-01T09:06:15Z,ec8c0160ac1ee5aeaf6204956c9db2ee4f98f55ae3fe1ec0af07fab8,60.16762,24.95415,000000006b44cce7,6.46
5834,2019-08-01T09:06:15Z,ed86f884272a5a400b55bfd4f22bc8cc5d6fca7fe26eee3c39cb3c52,60.15432,24.9211,0000000019fb59c4,9.92
5835,2019-08-01T09:06:15Z,eef621895ee74145a6d76c5f5493a93d7c728c80abe45a2e1933ae9f,60.16897,24.95222,00000000aa852af1,25.36
5836,2019-08-01T09:06:15Z,ef620c567fe4adc1160d75daa4075a87a75acb4a956b68eb60da0690,60.17065,24.93641,000000000f4919c9,29.32
5837,2019-08-01T09:06:15Z,ef67b9e4617f284b84167b4bdaff71108579a33ced0a2450ff25a1a1,60.16629,24.95957,00000000fb7600be,7.69
5838,2019-08-01T09:06:15Z,f03d20d6bb80ce0745cb0fbed6619e0a6288bfffd08e9aabce1692ba,60.17065,24.93641,000000000f4919c9,16.1
5839,2019-08-01T09:06:15Z,f1447725764ec0dca245fc67f2aa0a0c42e6b05808076aa74f0c1e7e,60.17919,24.95181,000000007b5207b6,10.78
5840,2019-08-01T09:06:15Z,f1b28329fc91f4708ca34857c5582c0bf1b7d0ab06127746029cd72c,60.17919,24.95181,000000007b5207b6,7.05
5841,2019-08-01T09:06:15Z,f20935810c1567a80c288016c4d4dd32fe86b3479f47ae7dd64d15cc,60.15432,24.9211,0000000019fb59c4,9.12
5842,2019-08-01T09:06:15Z,f2a253f2741501e675bd4bc055e22329fb09089d8bbe9813fc170cdb,60.16762,24.95415,000000006b44cce7,20.28
5843,2019-08-01T09:06:15Z,f3919086bf89b45ea90abf40ffd1372519057bda5b604c1901e841bb,60.17002,24.94407,000000006b087f40,17.4
5844,2019-08-01T09:06:15Z,f4bbc3077da0455d4340da2eed204915327b75a792080724548b4956,60.17919,24.95181,000000007b5207b6,8.38
5845,2019-08-01T09:06:15Z,f503a41d3e8b9b57628f4f061c1d8e0c53c62dd8a6fe38d212958ee6,60.16075,24.95883,00000000f1124bca,9.12
5846,2019-08-01T09:06:15Z,f587de6c8c03387c5e6a66cd7d20c45abad3668c8e2246611122547b,60.14947,24.91438,000000004ef3150d,17.4
5847,2019-08-01T09:06:15Z,f60a6068c654587fa981390a039456a2fdd85e02c009df547e204a45,60.16829,24.94214,00000000afef4555,16.1
5848,2019-08-01T09:06:15Z,f6cf28e5c5a403b1d1d98d925536c19ef5861ddbd1a345e11d477896,60.18203,24.91341,00000000342570c2,27.28
5849,2019-08-01T09:06:15Z,f741519cf6f519194bb45b9da0e69bda8edb903e3c24d4140f340467,60.16762,24.95415,000000006b44cce7,16.1
5850,2019-08-01T09:06:15Z,f77f8836e641389801309c311e926c1662264ab16efd01cd5bf27baf,60.16762,24.95415,000000006b44cce7,3.74
5851,2019-08-01T09:06:15Z,f803aeb1f00a057ed31451d0f3d132f27fec17305dc699176ac5339a,60.16897,24.95222,00000000aa852af1,23.56
5852,2019-08-01T09:06:15Z,f9e527876f8dfe750fd29bc42664bbf572aed5d09d344a8934a83d90,60.17065,24.93641,000000000f4919c9,4.5
5853,2019-08-01T09:06:15Z,fa1a3814c680b20020a08346c37ee2853e895984574575312bf262e7,60.14947,24.91438,000000004ef3150d,9.12
5854,2019-08-01T09:06:15Z,fa9f19c58a086fde9429d732b1eec80eacf5fc1b2c0124d17243d008,60.17919,24.95181,000000007b5207b6,10.78
5855,2019-08-01T09:06:15Z,fba6e66dd09200012637e0b454c96fd7a5459b7e8b0ba01863cdbd77,60.16762,24.95415,000000006b44cce7,3.74
5856,2019-08-01T09:06:15Z,fc75e05a713e8733c512a31a3bebec0a122af3e7afb2c5059c3f1a3a,60.17002,24.94407,000000006b087f40,9.92
5857,2019-08-01T09:06:15Z,fd2b362c58c85c1064c1729154fa6443b30f2bcb216ef86cd250207e,60.17002,24.94407,000000006b087f40,25.36
5858,2019-08-01T09:06:15Z,fdb3239bb0017def73005dc66a8d674c713493499c8feff7a6c01018,60.16762,24.95415,000000006b44cce7,20.28
5859,2019-08-01T09:06:15Z,fea1453360073dfc1896bf1f005f51addb49661f953e16cffba3c63d,60.16531,24.9442,00000000fdda10fe,8.38
5860,2019-08-01T09:06:16Z,112c36ba789fa57e2b19c9bff8bfe0b3eba19a431c3af4656c4cee5b,60.16531,24.9442,00000000fdda10fe,27.28
5861,2019-08-01T09:06:16Z,14c7e1511b70f4dd3359cbece1377aebb4d70531f5489eefe53d7c3c,60.16544,24.95398,0000000038d83d41,23.56
5862,2019-08-01T09:06:16Z,15918569de0a46a8eb56b43d8d39f7fc82619ff1006f00822c85745c,60.17919,24.95181,000000007b5207b6,5.91
5863,2019-08-01T09:06:16Z,165ebbb4090d47319ae370f0d0854fdc1f6b79499f8b2e4d3c3533c0,60.16544,24.95398,0000000038d83d41,33.81
5864,2019-08-01T09:06:16Z,1951291ca064d0fb480d958037c1477427d2ca8db455fef0b741bf9f,60.16448,24.97323,0000000053c6c2be,20.28
5865,2019-08-01T09:06:16Z,1f0f0628cdc688d76bde2b82bee5b9b4916bf0bbdfe76cf3213e1c65,60.15432,24.9211,0000000019fb59c4,12.69
5866,2019-08-01T09:06:16Z,2a93b61a3863ace54349d7a0937e4134fcc6d4dfcf064eefae2b7cf8,60.15432,24.9211,0000000019fb59c4,18.79
5867,2019-08-01T09:06:16Z,2f33dacc8bf2b0b809b88130b46696c922929e1eb8ea92017f05509a,60.16448,24.97323,0000000053c6c2be,13.75
5868,2019-08-01T09:06:16Z,5d65719c4cbf045f068d084b72302f447d5fd034413d97d13be00d0e,60.18203,24.91341,00000000342570c2,23.56
5869,2019-08-01T09:06:16Z,6a657079c1bdc8114c289be1ddd83e5846d4279a920d1697b8ff0033,60.18203,24.91341,00000000342570c2,17.4
5870,2019-08-01T09:06:16Z,6d22b751ff5173035dc85c52c3dff0780126adae67fe33dc62dd45ef,60.16531,24.9442,00000000fdda10fe,25.36
5871,2019-08-01T09:06:16Z,6ff437688c444238352c28f64f9d2a7d0f14d19c9ea42c225380501e,60.16762,24.95415,000000006b44cce7,9.12
5872,2019-08-01T09:06:16Z,76c7f42283513d0e289bf786d89463b5025b2ae0f4e13519a4cf228b,60.15432,24.9211,0000000019fb59c4,16.1
5873,2019-08-01T09:06:16Z,78d5f60b36b59c06c3988b94e11744bb3aed5dcbc214f91f228bf892,60.16448,24.97323,0000000053c6c2be,23.56
5874,2019-08-01T09:06:16Z,84fdfd8881f633c5f0c71c1480053953ca4b05e848052d97c063ad38,60.1538,24.95595,0000000038bf9618,25.36
5875,2019-08-01T09:06:16Z,87dfaad29a9276ddddb1fa021d3bc23ad14824c1af16f7d87e713689,60.14951,24.92138,0000000006dd41f6,10.78
5876,2019-08-01T09:06:16Z,8cc6ddaa460aeae8cc9e8a33f91a01c8cd4c0c8bf8a943210a28c84d,60.1538,24.95595,0000000038bf9618,18.79
5877,2019-08-01T09:06:16Z,9843c6216661048343a0e49cf3d8aa2883cf77f452666a1c873a1052,60.16448,24.97323,0000000053c6c2be,8.38
5878,2019-08-01T09:06:16Z,9d03d14afa49576281aa26db60e517f7c1ec8aa36f7756959a860a8a,60.16629,24.95957,00000000fb7600be,17.4
5879,2019-08-01T09:06:16Z,a08cae03363d2e483a6ea717973088f4bd4276de96a9d438a7358ff4,60.16897,24.95222,00000000aa852af1,25.36
5880,2019-08-01T09:06:16Z,a794b5cd3dff23bb2fe621fa0fa64a9ad4be2ab820bff2b483489903,60.16897,24.95222,00000000aa852af1,27.28
5881,2019-08-01T09:06:16Z,a9da1ee82e3b670e276c26b483dd50f4a6d0c6f77ef82245d3ae6086,60.18203,24.91341,00000000342570c2,13.75
5882,2019-08-01T09:06:16Z,ab0f67c0c0e1ba5eac9013f9c314feadf340ddf08543b91e70483594,60.16544,24.95398,0000000038d83d41,20.28
5883,2019-08-01T09:06:16Z,b1f358076ba79ef902a36ca8ae3f8ec7c93308a67c479345bfdbdecf,60.1538,24.95595,0000000038bf9618,27.28
5884,2019-08-01T09:06:16Z,b4faf2d3c4d2b199afeab6ab63b583fe3a2e81e14abbef6917f25129,60.15432,24.9211,0000000019fb59c4,14.89
5885,2019-08-01T09:06:16Z,b5fd6b317890e5ab2d79e2cd1abe61626d45a753c7337d0d40728898,60.16762,24.95415,000000006b44cce7,14.89
5886,2019-08-01T09:06:16Z,b986140b3339363c8bd5cc5eed0819ca5a421cb6e5b17c42ccf729f4,60.16829,24.94214,00000000afef4555,23.56
5887,2019-08-01T09:06:16Z,cb65d9149ed0c4b936fa3dd930cf98d16ea7610207135a6f1689be01,60.18203,24.91341,00000000342570c2,21.87
5888,2019-08-01T09:06:16Z,ce783d3c1b06378e5c39c25687746a6f88fbb0ff2b36e3405fb61cf8,60.16762,24.95415,000000006b44cce7,20.28
5889,2019-08-01T09:06:16Z,cf05623e4d87ce0906c0b0b7dbf53aacc1228016cd27c341228b6e76,60.18203,24.91341,00000000342570c2,20.28
5890,2019-08-01T09:06:16Z,d178749a24c32676d0da0f51ae6ff63c456499d4b1814af8fa75ca9e,60.16448,24.97323,0000000053c6c2be,5.91
5891,2019-08-01T09:06:16Z,dd2c9c82cf3737146294aff6f814a1349fb0bc4bedf518715dacbe8f,60.18203,24.91341,00000000342570c2,18.79
5892,2019-08-01T09:06:16Z,ec72ef080c605e71978aed0d3b5f22c3c3133677a43c614b72eedc6d,60.14699,24.922,00000000a53ed894,29.32
5893,2019-08-01T09:06:16Z,ed70dda6b7faebd4340dacdb452ab224d9d3c308df417b7fa76f54e8,60.14951,24.92138,0000000006dd41f6,23.56
5894,2019-08-01T09:06:16Z,f088630d7476dae7d4b7e2bb1f10575f2c89acb4b6e061f3d57c2b40,60.16531,24.9442,00000000fdda10fe,25.36
5895,2019-08-01T09:06:16Z,f7e45613ad966fea53fab73b435ba3a087c774e36596b3a5156a3487,60.16829,24.94214,00000000afef4555,4.94
5896,2019-08-01T09:06:16Z,f99c5dd8cc08bd2353083d875ce8bc585fb2c2ff8427b90d92f571de,60.1538,24.95595,0000000038bf9618,25.36
5897,2019-08-01T09:06:16Z,fc4f3a44235f1cfc7b53f14ba2da599976a5a0a220d23b852688e485,60.17919,24.95181,000000007b5207b6,9.12
5898,2019-08-01T09:06:16Z,00d98e49fc01c16216b630f9fdf19ce9826d27552ce2fa4676de957b,60.16829,24.94214,00000000afef4555,12.69
5899,2019-08-01T09:06:16Z,011372b726688a0c953368b50bc5a1cb0212c17dbecc587d9f9d75ce,60.16629,24.95957,00000000fb7600be,17.4
5900,2019-08-01T09:06:16Z,02050a536056486b1bf139282f0d0a3af63def1d56ff0c73ac51bb19,60.14947,24.91438,000000004ef3150d,12.69
5901,2019-08-01T09:06:16Z,023083c44c772667f1727e01c74518889b2a82d78ceb28c08b6f8a20,60.16531,24.9442,00000000fdda10fe,17.4
5902,2019-08-01T09:06:16Z,03f427d436ba092925de462b11374bdbdab0443620037675621fbc11,60.17919,24.95181,000000007b5207b6,8.38
5903,2019-08-01T09:06:16Z,063935180fff0e58de5d319ecb9320cf794423e3c6aeac0cca8f1a9f,60.16897,24.95222,00000000aa852af1,18.79
5904,2019-08-01T09:06:16Z,06ed57bf56f05c3797dc3a7299683fa195c68cdf8c501299ede8aa9e,60.15133,24.92329,00000000e8a064a4,29.32
5905,2019-08-01T09:06:16Z,08f9fd60f852d3502bfa509c955e9963e73954f961d55ba8cd46cae9,60.16629,24.95957,00000000fb7600be,10.78
5906,2019-08-01T09:06:16Z,0951ec0c700dba7330b8e8181fc852becde054d0dc7474d1488db3cd,60.17065,24.93641,000000000f4919c9,21.87
5907,2019-08-01T09:06:16Z,0c1684b697a63d7f47ebaedcfa060b3b4af294fec1e62d613699291a,60.16897,24.95222,00000000aa852af1,4.5
5908,2019-08-01T09:06:16Z,0c2d3bdaf0e8a9d6efcf95298acb85805b31c1c6618f00dd4489dddb,60.16762,24.95415,000000006b44cce7,17.4
5909,2019-08-01T09:06:16Z,0e8d646fc7b4b57d136a79e8a7c83c470ca0d37fd6cdabafed7cee9a,60.16544,24.95398,0000000038d83d41,21.87
5910,2019-08-01T09:06:16Z,0f0a47457083121cf6392eb1d6d9a764f269d3c0e33d76403c446678,60.16829,24.94214,00000000afef4555,23.56
5911,2019-08-01T09:06:16Z,0f8e18e52422d7fb71594f8dbfc8bb5ae986eb9f664407f954e275b4,60.16762,24.95415,000000006b44cce7,11.7
5912,2019-08-01T09:06:16Z,1025f7b70ca8c07f7a4decc96c14136ae9dfa75c89510f704accf13b,60.17002,24.94407,000000006b087f40,25.36
5913,2019-08-01T09:06:16Z,1069967e3921871955b1b2b42e60f829c593a3e024401bfe61ae410e,60.16629,24.95957,00000000fb7600be,14.89
5914,2019-08-01T09:06:16Z,10d0fed0f7d40b253b5fc5a53297dc9af8bb76fa6f34d5e71383cb62,60.17918,24.95141,00000000675d5200,12.69
5915,2019-08-01T09:06:16Z,11402877d08ee84d016ef8e86d3033bf6da0948f6e6bd2defce32338,60.16762,24.95415,000000006b44cce7,13.75
5916,2019-08-01T09:06:16Z,135cc53c1e5fbc7dd382c896eeb477e3cc112e6b2e21a6cd3d402eae,60.16762,24.95415,000000006b44cce7,21.87
5917,2019-08-01T09:06:16Z,13cbade1d832c78b1a0a68fd9a6559054370eeae58247347955ee632,60.16897,24.95222,00000000aa852af1,13.75
5918,2019-08-01T09:06:16Z,141ffc858c3ea6a2e69c954115114304736a35dc25ec947323090dc0,60.16762,24.95415,000000006b44cce7,7.69
5919,2019-08-01T09:06:16Z,15b314157b22b2a5bf8a39539a049ce73e7baa21b0ce24f21718ce4a,60.17002,24.94407,000000006b087f40,21.87
5920,2019-08-01T09:06:16Z,15f0c7729a45bd0fc3da95ba2b96438413942d1d46ab4add644c9f45,60.16762,24.95415,000000006b44cce7,23.56
5921,2019-08-01T09:06:16Z,16e18d478be872d2a9801fa885d08edeb3f5ae1840b38478f9baf535,60.17919,24.95181,000000007b5207b6,13.75
5922,2019-08-01T09:06:16Z,186333eb40fcc6f473b8fecb5ff31f07f082740eaef22f8594088862,60.16629,24.95957,00000000fb7600be,21.87
5923,2019-08-01T09:06:16Z,1880dcca5077d4ccd63084e82a411f0cb7abb12f9883625b046f2e24,60.16829,24.94214,00000000afef4555,17.4
5924,2019-08-01T09:06:16Z,188d2e17eacbe726e4d834ba5fdd055045b0b5a38b32ad73ea7c5d9f,60.16762,24.95415,000000006b44cce7,12.69
5925,2019-08-01T09:06:16Z,190cdde22bc3e3a41cd0f9da7efb3a917bc09e8034b05ca6064ea8a8,60.17919,24.95181,000000007b5207b6,21.87
5926,2019-08-01T09:06:16Z,1a057a74ec50ab7dac4f29547e82a9c7f37192d592a42f63379e1d8f,60.16448,24.97323,0000000053c6c2be,44.58
5927,2019-08-01T09:06:16Z,1be12a4f71b98dc9509141bc1a766b833b6c15dc22303f7006afbe96,60.17065,24.93641,000000000f4919c9,21.87
5928,2019-08-01T09:06:16Z,1d70ff49909e1d6fb653ae053aa78084daf385dbbd2ad22b05707309,60.16829,24.94214,00000000afef4555,5.91
5929,2019-08-01T09:06:16Z,1da40c618e0432bb037d08723b65821f6223509e8b4033a4b4190047,60.17065,24.93641,000000000f4919c9,25.36
5930,2019-08-01T09:06:16Z,1dcff36b6f83b08b6ea87c1c1018c542c270299839908ca446dffb39,60.16762,24.95415,000000006b44cce7,9.92
5931,2019-08-01T09:06:16Z,1e3af5697f0a2ae45f261da79e4ba71c868dc4d78008bd1995fe6259,60.16448,24.97323,0000000053c6c2be,14.89
5932,2019-08-01T09:06:16Z,1eadb2c1984aa73c3c2f13eab0a2e793331443c617681e36887f0bcc,60.16629,24.95957,00000000fb7600be,16.1
5933,2019-08-01T09:06:16Z,1f813dc10021899138c12ca17c58ab3dc24db1750dcb1790f9c20e8f,60.15133,24.92329,00000000e8a064a4,18.79
5934,2019-08-01T09:06:16Z,20b37aa6c3ad0dfea9c182498905a450537b0efbbd8563b205e93afd,60.16897,24.95222,00000000aa852af1,17.4
5935,2019-08-01T09:06:16Z,227fd98ceb97d84d0c2c3af35c32cee7a87aea62d71b1a5353ae3588,60.17065,24.93641,000000000f4919c9,21.87
5936,2019-08-01T09:06:16Z,2283762fe3af8329ae65aec44de728da8f383810e9f2a3d3b84fa031,60.16897,24.95222,00000000aa852af1,17.4
5937,2019-08-01T09:06:16Z,22ac1ab1c590ea19b44c61c42f5e8da29a6acbabf56676527811507a,60.15432,24.9211,0000000019fb59c4,10.78
5938,2019-08-01T09:06:16Z,22b68b1dc6e6d815ca8e6afbd434ae0e229670798c443052e7444648,60.16762,24.95415,000000006b44cce7,12.69
5939,2019-08-01T09:06:16Z,25479245e5a8b0fe47e2bd590cdd63256d84afd6c164781dc64e527d,60.149,24.9843,00000000fffb8cf0,5.41
5940,2019-08-01T09:06:16Z,2552cb43d7990bde838673115a742078e343ce93f96257728311655d,60.16897,24.95222,00000000aa852af1,23.56
5941,2019-08-01T09:06:16Z,270749ab8e1a83f0dcbf45dc861bcc0e10361d103d7589841787e366,60.16531,24.9442,00000000fdda10fe,21.87
5942,2019-08-01T09:06:16Z,277fcf3cc917a89b46a34e0cf5164a78f5bcc88d92bb45ded60f1a91,60.17065,24.93641,000000000f4919c9,9.12
5943,2019-08-01T09:06:16Z,27b591b33a56a542440b53031a24f42290b0ec1a194af27700b75a3a,60.17919,24.95181,000000007b5207b6,23.56
5944,2019-08-01T09:06:16Z,28296ae2b460df2f6807f8a84b81e5ebd24677a05bded29111dc33a4,60.17002,24.94407,000000006b087f40,29.32
5945,2019-08-01T09:06:16Z,28d50861d92f962c7a49eabaa524431aebf52870e44b79f77d7167c6,60.17919,24.95181,000000007b5207b6,18.79
5946,2019-08-01T09:06:16Z,29ae3c5c3aeac0c607bc816f7e74c232a40142b79a52c43c7b1ed42f,60.16829,24.94214,00000000afef4555,18.79
5947,2019-08-01T09:06:16Z,2a8ba80ac4fbda4f91ebfa759642c857fd090516070753d41bb7d6ad,60.16829,24.94214,00000000afef4555,20.28
5948,2019-08-01T09:06:16Z,2afa9ac588b2c55e8edf99ee96ecaf63451a7ab1e51571b7e2d1d491,60.16762,24.95415,000000006b44cce7,9.92
5949,2019-08-01T09:06:16Z,2bf8b355af7fc80970ed350e4579dfc9aa8ec85af6c13517cc2dab44,60.17002,24.94407,000000006b087f40,33.81
5950,2019-08-01T09:06:16Z,2c184c9cc9c9a744c6959766a13f23462ffce29c252d073a252b6a7a,60.16762,24.95415,000000006b44cce7,9.92
5951,2019-08-01T09:06:16Z,2c6810efb2565383ca0a554f3c51f3f7905484357f5e00756dbf091a,60.17919,24.95181,000000007b5207b6,23.56
5952,2019-08-01T09:06:16Z,2c6f6440161f9061a850e8db96383d5eb111f0d1d8f0b666b7c49f22,60.16897,24.95222,00000000aa852af1,25.36
5953,2019-08-01T09:06:16Z,2e94def094f120513b5a401acb099ee60415b5ba3a62dee97215f3b8,60.17065,24.93641,000000000f4919c9,17.4
5954,2019-08-01T09:06:16Z,2f43b7a683b0d365a46b6259a032813c293472eaedcdbcc3507adee5,60.17919,24.95181,000000007b5207b6,12.69
5955,2019-08-01T09:06:16Z,2f79108a454c0072885ad1447280ed5098d061b229eaae61a8bb67be,60.15432,24.9211,0000000019fb59c4,21.87
5956,2019-08-01T09:06:16Z,2f82b3546af2df53b58cddc668c9aa196554108cdf39120ea40b417c,60.16629,24.95957,00000000fb7600be,9.12
5957,2019-08-01T09:06:16Z,32fcb1ab3a9fde533916ca28a0d5b56bbb45fd171dd5bae91f66ec6c,60.16897,24.95222,00000000aa852af1,12.69
5958,2019-08-01T09:06:16Z,33fa4cb82db5b44ffe6e7ae1039635187f90d1df328f8f139da0c693,60.17919,24.95181,000000007b5207b6,4.11
5959,2019-08-01T09:06:16Z,3480c16a6649952c388d8902596e332f018e609b9585f483353ae026,60.17065,24.93641,000000000f4919c9,11.7
5960,2019-08-01T09:06:16Z,34e96c7caa63e7ede8f428b18e8fb556ac235d61a50c9d6ac7ff268f,60.17919,24.95181,000000007b5207b6,4.11
5961,2019-08-01T09:06:16Z,3609f484ad7e56259f60a61aba44f22dfca5c8b2564fce7e802ad342,60.16829,24.94214,00000000afef4555,5.91
5962,2019-08-01T09:06:16Z,367b1989198ef11170dd9fcfa7e6ebb5ceb58aab87c613ee1bb86e8c,60.16531,24.9442,00000000fdda10fe,9.12
5963,2019-08-01T09:06:16Z,3685ee6d322dcb2ad0ae181f66c3c5427d4531d7896d2f5f7571bb6d,60.16762,24.95415,000000006b44cce7,4.94
5964,2019-08-01T09:06:16Z,370e50e1f77aeb2782c892f70147b6a5749ecd7e9ee41036f693ba0a,60.16762,24.95415,000000006b44cce7,12.69
5965,2019-08-01T09:06:16Z,38fb20c6d55b10dd10a39c0fb41ad61297453e25afda81cf32313ae3,60.16531,24.9442,00000000fdda10fe,14.89
5966,2019-08-01T09:06:16Z,39126ffb278f49e06180cc6abe5b31ab3acdce1534b5b6ffa0b6e567,60.18203,24.91341,00000000342570c2,23.56
5967,2019-08-01T09:06:16Z,39c6456ee66fe96eee3d97cee2a70923cedb3da760bb5d4d413adb9c,60.17919,24.95181,000000007b5207b6,6.46
5968,2019-08-01T09:06:16Z,39e9fa7033887b7ab339887aa68753ff94d4771cda2bb8ff4ea7aa0a,60.17919,24.95181,000000007b5207b6,4.94
5969,2019-08-01T09:06:16Z,3a1afdcf7c2e5a52cdbcbbe29e8281c184037e8720920c6c75bee339,60.15133,24.92329,00000000e8a064a4,17.4
5970,2019-08-01T09:06:16Z,3a2f1a2c6c645bd161943b3f19c171d021512d7a8c4273ed3022f5df,60.16829,24.94214,00000000afef4555,27.28
5971,2019-08-01T09:06:16Z,3a38ba36c098f2741d6c5fb5a751fcd074d05d698ac592ca09ab443c,60.16448,24.97323,0000000053c6c2be,31.5
5972,2019-08-01T09:06:16Z,3a40ef839ab39dbb6eef8f00b0de30062b8cc56391e3303f762004a3,60.16762,24.95415,000000006b44cce7,25.36
5973,2019-08-01T09:06:16Z,3b124e1851087531134d5e5d0a10b6afe3551982609a81a19dd969dd,60.16829,24.94214,00000000afef4555,16.1
5974,2019-08-01T09:06:16Z,3be40c84926a525adbd09eeeb3a12b73b24c633942b2e1fbe8151ac3,60.16448,24.97323,0000000053c6c2be,14.89
5975,2019-08-01T09:06:16Z,3d0437a1d090cd3cad05629e69a61c519aa6218e1b7fb47811e5a4ae,60.16762,24.95415,000000006b44cce7,7.05
5976,2019-08-01T09:06:16Z,3eea43670f4f29a90ced59c1af122371340275fb61ff8f14c7120658,60.16762,24.95415,000000006b44cce7,9.92
5977,2019-08-01T09:06:16Z,40825cb0d315c92e0e0a73cc8e86c3b763bbf7ce226f112913e05e0f,60.17065,24.93641,000000000f4919c9,21.87
5978,2019-08-01T09:06:16Z,41a0ca2955e0ae0324f6e14aeb77ebfaac5305e31d86c42a20277b94,60.15133,24.92329,00000000e8a064a4,7.05
5979,2019-08-01T09:06:16Z,42844e90c7134ebb3ec325f57cd27cd24711c779548ebc8692a820d5,60.14951,24.92138,0000000006dd41f6,3.09
5980,2019-08-01T09:06:16Z,432417b4972b744ded3410777a6bbb583cf56172bf3436ddbe48a21d,60.16762,24.95415,000000006b44cce7,11.7
5981,2019-08-01T09:06:16Z,43e023a8726ec4c53a8cea6dcaa79e722da4677e37f3f6c9d3cc9873,60.16544,24.95398,0000000038d83d41,23.56
5982,2019-08-01T09:06:16Z,4470412c4b059a920f2699fbfb72b261e0847b3e1caa8c71d2edd5a2,60.16448,24.97323,0000000053c6c2be,18.79
5983,2019-08-01T09:06:16Z,44a120ac90dacb4d43fe4d38ee859a1015bcd226ff3d946a1e44c4ca,60.16531,24.9442,00000000fdda10fe,33.81
5984,2019-08-01T09:06:16Z,44cd682aaef3e1d1bc2b0eac71d75bb3a951f74d7c93810d260dfd07,60.16829,24.94214,00000000afef4555,14.89
5985,2019-08-01T09:06:16Z,4642dfa1df839f11e64f68bca4e3dce7bde2ff6dd68c54959fcb4788,60.17919,24.95181,000000007b5207b6,18.79
5986,2019-08-01T09:06:16Z,4682d95464cedcc021f38271a51bab9c000762b4acf802070e259ba2,60.16629,24.95957,00000000fb7600be,11.7
5987,2019-08-01T09:06:16Z,484bbaa5a9d6bdd2259f022b6ea4e3c290985c13a1286bd7142d878f,60.16762,24.95415,000000006b44cce7,4.94
5988,2019-08-01T09:06:16Z,48c0ea6615ac4c02fc9bc0e06f9ea9309f9bf7e73b4324d7a6b14610,60.16829,24.94214,00000000afef4555,5.91
5989,2019-08-01T09:06:16Z,49bbad87e4d6cd03bdb073bde7be91193d74d29943badce7fc536916,60.16448,24.97323,0000000053c6c2be,5.91
5990,2019-08-01T09:06:16Z,49df780a7f20a99ad2810fa4bbb46b5fac9bc5cbe3fc800cd572f63a,60.14947,24.91438,000000004ef3150d,25.36
5991,2019-08-01T09:06:16Z,4ade4f0d92c6157a42d7fd8e353d1c93551324ba47cc134b840a6c63,60.16897,24.95222,00000000aa852af1,4.11
5992,2019-08-01T09:06:16Z,4afcc27c652d3d50a44d060f84e33dd4b17529d982928dae936cf10f,60.16448,24.97323,0000000053c6c2be,27.28
5993,2019-08-01T09:06:16Z,4b4afca270c22aae160d996711ae685b598b87871b3b4ab2f96786b6,60.14951,24.92138,0000000006dd41f6,18.79
5994,2019-08-01T09:06:16Z,4ba529eeafb27285cbbade6e5ece0d4d04bd2d13c98b27a5d17abd22,60.16897,24.95222,00000000aa852af1,3.4
5995,2019-08-01T09:06:16Z,4e262a07e1ea47350f808684444d1d8b3f223288fb219cca9f12af23,60.1538,24.95595,0000000038bf9618,36.27
5996,2019-08-01T09:06:16Z,4eedcf0e4f6f8553eb2cfd7474a44c617bbb2eed3a06c66aad521947,60.16762,24.95415,000000006b44cce7,14.89
5997,2019-08-01T09:06:16Z,4f9125edf503fe3cb0ba1e1221fe6a67aafd99fcd89fd92d2bf20e97,60.16897,24.95222,00000000aa852af1,25.36
5998,2019-08-01T09:06:16Z,4fb4a3650a2a28469dde9c537458d24411aa6075666e047dd756fba9,60.17919,24.95181,000000007b5207b6,20.28
5999,2019-08-01T09:06:16Z,5001aabb6808b9fd96b705d1ebe8e7aca52713c2640100d81879dd86,60.17919,24.95181,000000007b5207b6,5.91
6000,2019-08-01T09:06:16Z,504f910a0bd104a130b85d0c50467a15e74dc950bcc9eac3ebecc43e,60.16531,24.9442,00000000fdda10fe,17.4
6001,2019-08-01T09:06:16Z,51ec42fdd85671ae93876c3d875b24e56cb45699e9c3d2b623dca70d,60.16762,24.95415,000000006b44cce7,11.7
6002,2019-08-01T09:06:16Z,529623421e226c215bcca0b1388813e291d3d13ed1d8465f0ab69147,60.16629,24.95957,00000000fb7600be,10.78
6003,2019-08-01T09:06:16Z,5372348389197e6c4bc4c5e3dab047e7384d562220e6295904bbda1b,60.17065,24.93641,000000000f4919c9,3.4
6004,2019-08-01T09:06:16Z,53fb53be4440aecb1a1fa63a9da1db08182cc7e252da14685e63373d,60.16762,24.95415,000000006b44cce7,8.38
6005,2019-08-01T09:06:16Z,54bd709173219e8017f317b63ecc83d0a48f64542e6fa1b83c86a56c,60.17919,24.95181,000000007b5207b6,3.74
6006,2019-08-01T09:06:16Z,556cae6b2e2dec6fe691a835e8e08bd016b1a65797c0aca46879329f,60.17919,24.95181,000000007b5207b6,18.79
6007,2019-08-01T09:06:16Z,559429bba23762a872fc7b1e2219d42125ab101e4355d43fdb94ed7b,60.17919,24.95181,000000007b5207b6,6.46
6008,2019-08-01T09:06:16Z,559e6a5225ce35ab844c63ea0d0c1695dc490a3d9cfbafa5d35ac8d8,60.14947,24.91438,000000004ef3150d,11.7
6009,2019-08-01T09:06:16Z,5830a481876da00686f25b17dad06258a39212c0816ed04dda2df1bd,60.16531,24.9442,00000000fdda10fe,17.4
6010,2019-08-01T09:06:16Z,584cb0b0cdd14e608c8b57c8aecc9826f9b40027e365e2438a444ea2,60.16762,24.95415,000000006b44cce7,8.38
6011,2019-08-01T09:06:16Z,5865a27b5b56a60bca38e4a1403655e3e7fd0232a3ff2079965aff81,60.15432,24.9211,0000000019fb59c4,11.7
6012,2019-08-01T09:06:16Z,5978726eeef638856dafd3a8d199287f8daf9e90ddde750b402f8bb0,60.17065,24.93641,000000000f4919c9,0.28
6013,2019-08-01T09:06:16Z,5a3004325b5a058e02fb9f32ef4f7e9cc465240cbda7a7e4ec89d2de,60.16629,24.95957,00000000fb7600be,23.56
6014,2019-08-01T09:06:16Z,5a34b02faac3189217466888ef1d31cc80f721ac2f18638c5db88d53,60.14947,24.91438,000000004ef3150d,16.1
6015,2019-08-01T09:06:16Z,5a8d671a78b976d212d9746d88b9a754a2d9c8341c529e88b7c6b8f4,60.17065,24.93641,000000000f4919c9,20.28
6016,2019-08-01T09:06:16Z,5b06617477af6dcee75a94ac347364b50f6f3b5b7d747e5413d9ad58,60.14947,24.91438,000000004ef3150d,5.91
6017,2019-08-01T09:06:16Z,5c1f71098d5d7258d2971061c791c94e0138c8e02225c5f60d6a0428,60.149,24.9843,00000000fffb8cf0,27.28
6018,2019-08-01T09:06:16Z,5daa76852f3e1be6c75fa2185d5787ab9010cf83d6671515769a8649,60.16531,24.9442,00000000fdda10fe,18.79
6019,2019-08-01T09:06:16Z,5e2c5c20c88ccf362ed8749d1ddc041b1cb1c38d8dbeac7870179322,60.16629,24.95957,00000000fb7600be,3.74
6020,2019-08-01T09:06:16Z,5fc05003fd8a602560d35fcb2e7c8c80c140565226badc27ab869125,60.16448,24.97323,0000000053c6c2be,27.28
6021,2019-08-01T09:06:16Z,6051ed50496b74a6ff68c86205d23971fcaccd6c91edfe7d78fa71b0,60.16897,24.95222,00000000aa852af1,25.36
6022,2019-08-01T09:06:16Z,6072bfb496e2b8a999c9edbda5b76fbc0e783ff2a439c4e6c881fabf,60.16829,24.94214,00000000afef4555,2.3
6023,2019-08-01T09:06:16Z,619c5b31af2a28703a837cc7974ef0d2c5bb6584ba0fcc03076218ac,60.17002,24.94407,000000006b087f40,27.28
6024,2019-08-01T09:06:16Z,626bf35ce16dba1054cfd175d09475d3ee751bf70e56f984ff5c7ab6,60.15133,24.92329,00000000e8a064a4,23.56
6025,2019-08-01T09:06:16Z,63ff2439779051005c18876d20ed53ce060c1de9d7976821bd518fc6,60.15432,24.9211,0000000019fb59c4,18.79
6026,2019-08-01T09:06:16Z,65b6b62b547e11e10f7f83ad497446bee2bb9653097d9d62e9b1b817,60.17065,24.93641,000000000f4919c9,20.28
6027,2019-08-01T09:06:16Z,66ad74b1795a3f2db404e46e89b7cdeb3d6e231b6573e3fd29bb7eef,60.16897,24.95222,00000000aa852af1,20.28
6028,2019-08-01T09:06:16Z,673cc832b626feba4fd2b89c6da4fc24da9d4872367191c0a723d09b,60.16829,24.94214,00000000afef4555,23.56
6029,2019-08-01T09:06:16Z,674355e17da9460e58566497be518f2eb537880c67c788fedb5067db,60.16629,24.95957,00000000fb7600be,17.4
6030,2019-08-01T09:06:16Z,685af6b01bd180194d718801bb8b9c9de22050cc392d6c6441fe986b,60.18203,24.91341,00000000342570c2,7.05
6031,2019-08-01T09:06:16Z,68d7ad8fab31b3c5967a814376d0ddc6cf42e1db0d9e09dfbba169bd,60.16762,24.95415,000000006b44cce7,12.69
6032,2019-08-01T09:06:16Z,69e2854c78a472b462941ef730aa9fa7a9dba9c1cc22996396d4c78a,60.17919,24.95181,000000007b5207b6,20.28
6033,2019-08-01T09:06:16Z,6adce4d05e58232a97635a2fd7918e4e49d9295afc0989d727f9c712,60.17002,24.94407,000000006b087f40,13.75
6034,2019-08-01T09:06:16Z,6be747c7ea296d5a1f3e2942a6208d5f61fe895abb9a13c65372b130,60.16829,24.94214,00000000afef4555,17.4
6035,2019-08-01T09:06:16Z,6d5a8ded89f26533ed851d1a0894f0d9045e9cd4baed439f7d9a922b,60.16629,24.95957,00000000fb7600be,25.36
6036,2019-08-01T09:06:16Z,6d98ac1fea7056e5b96d6095caf0e3677a4ec30e9fbcc2e50ae1cf65,60.16629,24.95957,00000000fb7600be,16.1
6037,2019-08-01T09:06:16Z,6dd5463e670c352180c1e912300e21e59f5e2976266df8c3c92b0baf,60.16829,24.94214,00000000afef4555,21.87
6038,2019-08-01T09:06:16Z,6e80fcea10d21e1d5e672b554c0f3fe686dc58934f38c3391fd5c262,60.17002,24.94407,000000006b087f40,10.78
6039,2019-08-01T09:06:16Z,6fe2cf6737d40d71251dac8ebef5356a2b765621e97a346c00a6031c,60.15432,24.9211,0000000019fb59c4,3.09
6040,2019-08-01T09:06:16Z,7003a7f6a5523b645634f014e04bea36016953a8af9324e35602bc2e,60.14947,24.91438,000000004ef3150d,16.1
6041,2019-08-01T09:06:16Z,701dc50417b28dba15ad9ff809844f1766b6579389a2e5ebb0562635,60.16629,24.95957,00000000fb7600be,20.28
6042,2019-08-01T09:06:16Z,704c3f3075f13713c363014fa828e4a932e7a05676813b9963a1e554,60.17919,24.95181,000000007b5207b6,2.08
6043,2019-08-01T09:06:16Z,72439a1f997fd347d46394f31f5789edc877fe61ca34fcd31f9150b1,60.18203,24.91341,00000000342570c2,14.89
6044,2019-08-01T09:06:16Z,728325161f4ed691db3460f87a25ed4713580e50a53fd36dd265957f,60.16531,24.9442,00000000fdda10fe,33.81
6045,2019-08-01T09:06:16Z,7292a4a47ed655e0ce0ead026bb0ae4b8093342f87a9aed5665c1456,60.16762,24.95415,000000006b44cce7,6.46
6046,2019-08-01T09:06:16Z,72f088587da3409c5a4bec360a52a230a7551c3671441baaaabc6357,60.16829,24.94214,00000000afef4555,18.79
6047,2019-08-01T09:06:16Z,75003dbce84bab66829b2489dc3bff3abc4ec7f1b136c28b0835fa0e,60.15133,24.92329,00000000e8a064a4,11.7
6048,2019-08-01T09:06:16Z,750297d0d8ff0ca837d9c2289c26302d62f38708617150431ab14509,60.16531,24.9442,00000000fdda10fe,20.28
6049,2019-08-01T09:06:16Z,774131d73accbbb31ec3c43c3501b7969645eb65df1839ca8116526e,60.15432,24.9211,0000000019fb59c4,16.1
6050,2019-08-01T09:06:16Z,774bf331a7d205164487c930f8e043d9f4064d968a7f9cb28bfa5dc9,60.16762,24.95415,000000006b44cce7,16.1
6051,2019-08-01T09:06:16Z,7803e2d46157a5482e745447d4c2c332fbd818d87a20b0f6187c628d,60.17065,24.93641,000000000f4919c9,18.79
6052,2019-08-01T09:06:16Z,78ec3b06e6504f54673ca689d2a31a647973ada7b757f2139ecb9f8e,60.16897,24.95222,00000000aa852af1,31.5
6053,2019-08-01T09:06:16Z,79ab7360fcf828dc88bd416dd77fc12910178e0213dd5fb4336ea257,60.16897,24.95222,00000000aa852af1,23.56
6054,2019-08-01T09:06:16Z,7a62d9e7c260ee9d4896ace1bd129198320f0fb15d96a8016f9b84c2,60.16829,24.94214,00000000afef4555,20.28
6055,2019-08-01T09:06:16Z,7c1534082e86ff4387878d813207626d8f728aa26b97248e00a3b8d7,60.16629,24.95957,00000000fb7600be,12.69
6056,2019-08-01T09:06:16Z,7ccf0231e25c4a2ff5abcbb7cb3fe96604d014c3fa05c2829580801d,60.16829,24.94214,00000000afef4555,18.79
6057,2019-08-01T09:06:16Z,7d415f4fd9093fb383b4ebb88961ad74e6a00d3ece39504712dad639,60.17919,24.95181,000000007b5207b6,17.4
6058,2019-08-01T09:06:16Z,7e2e3d07c939e3e76e7ce87678faf64e056afe54215e00488839100f,60.14947,24.91438,000000004ef3150d,13.75
6059,2019-08-01T09:06:16Z,7eb4a715919b3eb4085270535ce4d7b57112591ad7242eb189bf652a,60.17065,24.93641,000000000f4919c9,17.4
6060,2019-08-01T09:06:16Z,7f59aaecea1eee6c703ec5d46d67b44289ddedf080defee495b73739,60.14947,24.91438,000000004ef3150d,11.7
6061,2019-08-01T09:06:16Z,809bf2d7a0745ae512b934a578fd5fd47c13c5398b6d06ad350b9e7c,60.14947,24.91438,000000004ef3150d,13.75
6062,2019-08-01T09:06:16Z,8165c5f8d06298ffd56f071c0ad1cc9f1d4f08084936937d712d0b61,60.15133,24.92329,00000000e8a064a4,20.28
6063,2019-08-01T09:06:16Z,81cabf0ecb3563f645298961619ca623084bb89ab4b7635ffe2de7c0,60.16829,24.94214,00000000afef4555,20.28
6064,2019-08-01T09:06:16Z,82b78c2220aee81a2744ddfaf7ed29663888987dba6b7cdda05731d9,60.14947,24.91438,000000004ef3150d,21.87
6065,2019-08-01T09:06:16Z,8524898e498c83bde4bc1848aa2b372da84e7b2266f36aabe128cc27,60.17919,24.95181,000000007b5207b6,18.79
6066,2019-08-01T09:06:16Z,85bdce5b262dbd94adcff03e6cad26a1152828b6ab27e6fdd56b2b13,60.16762,24.95415,000000006b44cce7,9.12
6067,2019-08-01T09:06:16Z,86e7584bf95733cef59d74bb4955881e99dc86b73a0d5b4e3ef58b50,60.18203,24.91341,00000000342570c2,14.89
6068,2019-08-01T09:06:16Z,87f1cc4c4a9de1ab81fe39cf7fde6cf0d4778e690f1665b62231ce46,60.149,24.9843,00000000fffb8cf0,25.36
6069,2019-08-01T09:06:16Z,880f9cbb91b9caf48ea9c5dd1a0c8e1db72922b6dfcb647b102fc469,60.16629,24.95957,00000000fb7600be,18.79
6070,2019-08-01T09:06:16Z,88c2bc6310f27465b9f08b28fb52075d7703ce7b097e5beb37c7437c,60.14947,24.91438,000000004ef3150d,13.75
6071,2019-08-01T09:06:16Z,898cde3317c73907bb23b1b885828c4bf3187c3a757a18dc32abe970,60.16762,24.95415,000000006b44cce7,11.7
6072,2019-08-01T09:06:16Z,89aeff56a0700534bbf2dfd19fc298f5a890c95e1a45b6ca7ad3c33a,60.16829,24.94214,00000000afef4555,7.69
6073,2019-08-01T09:06:16Z,8a01e28fd327e5c56dcf2dc8b2b7762a96d77584c21990a073ceb11f,60.16829,24.94214,00000000afef4555,1.38
6074,2019-08-01T09:06:16Z,8c571538c285dba9d77edacfb1829b282d54b772b62209c6e4004237,60.17918,24.95141,00000000675d5200,13.75
6075,2019-08-01T09:06:16Z,8d5e893f77b3d167ebefad4ecab181fea08513599a6f9450f0b9a827,60.17919,24.95181,000000007b5207b6,21.87
6076,2019-08-01T09:06:16Z,8e20d0d67339e3cf43e77c3a340d9dc6766de8d079197a08a1343ff0,60.17065,24.93641,000000000f4919c9,21.87
6077,2019-08-01T09:06:16Z,939c459d913b0b38838071a0d13671e83e4a751f44624b21e84daa69,60.16762,24.95415,000000006b44cce7,9.12
6078,2019-08-01T09:06:16Z,941e13893853105c86bfbc6d31d62274937602143ce3bb530c8c17ed,60.17919,24.95181,000000007b5207b6,10.78
6079,2019-08-01T09:06:16Z,94cf492b77d181655514c7a3d8a0801af08b791ce038ffe4a29e0afb,60.16762,24.95415,000000006b44cce7,20.28
6080,2019-08-01T09:06:16Z,9609babe3114439a82f93f797f4a6e779b6bab625488b8ff5b63e674,60.16829,24.94214,00000000afef4555,21.87
6081,2019-08-01T09:06:16Z,99a026b5100e23129fa529e9a57a3dbc8490dc03b58f2193f03e2dcf,60.14951,24.92138,0000000006dd41f6,5.41
6082,2019-08-01T09:06:16Z,9a12cdd9d905a294b1c33d220edf652a99509b8916a79081b8e05dae,60.16629,24.95957,00000000fb7600be,18.79
6083,2019-08-01T09:06:16Z,9abbc86fb0fc1c0532042814af76a97e6a17121831d4394749a290a6,60.16762,24.95415,000000006b44cce7,4.5
6084,2019-08-01T09:06:16Z,9b3e6848d8b34e802134d6da0e5a594897ec3fafbbf08b6d0b84068e,60.17919,24.95181,000000007b5207b6,2.54
6085,2019-08-01T09:06:16Z,9bc129708b07f3c5bbf4195e83f0e5b9a663b6f371f416a8e3a605f0,60.16897,24.95222,00000000aa852af1,31.5
6086,2019-08-01T09:06:16Z,9bdb503344071eddd74d821f537246d8a6c19468b05d38d0170377f9,60.16897,24.95222,00000000aa852af1,9.92
6087,2019-08-01T09:06:16Z,9bef8b28ea93ecaee57d05b037edbfe7f80014aaf56343345fedd7be,60.17919,24.95181,000000007b5207b6,7.05
6088,2019-08-01T09:06:16Z,9e2fc7d2196f097e688761506eb14b5cf3baa0aecca96c1131ae1767,60.16897,24.95222,00000000aa852af1,16.1
6089,2019-08-01T09:06:16Z,9e343a150f07bb3dcce5ecab8ac061b84d65b347b1af5a232e00eeb6,60.16829,24.94214,00000000afef4555,4.94
6090,2019-08-01T09:06:16Z,a04214b56cac7d70680703ee6a28fac742f3c3190b55b46a79c1f76d,60.149,24.9843,00000000fffb8cf0,13.75
6091,2019-08-01T09:06:16Z,a2321cbe1ca14defdef3d74ae1f30c9affe99ff38beca31bf3c2959f,60.17002,24.94407,000000006b087f40,33.81
6092,2019-08-01T09:06:16Z,a38c11c450b472b9dad2f076e2d9a63651292d3de806331d06af7f46,60.16531,24.9442,00000000fdda10fe,18.79
6093,2019-08-01T09:06:16Z,a403dc1eebc5d130e12a4c3e4298737c9e00b25b1b6b2cc36a6979c9,60.16629,24.95957,00000000fb7600be,17.4
6094,2019-08-01T09:06:16Z,a5423cad01b42682deb516a777f50fd783fd1fd9dc23b7cab01eaedc,60.16897,24.95222,00000000aa852af1,31.5
6095,2019-08-01T09:06:16Z,a6d0dd9de406b1201a4e438ec7c5f4a467f38c41e2dec42ff6c71d50,60.16897,24.95222,00000000aa852af1,21.87
6096,2019-08-01T09:06:16Z,a786eb3b8a25c58099a428799e99d0b86401f803ee38d3e5d20e59d3,60.15432,24.9211,0000000019fb59c4,20.28
6097,2019-08-01T09:06:16Z,a808962cb511e5ed2d23e6e33efe252b1be29dc1d2f7c6154817f04f,60.16448,24.97323,0000000053c6c2be,12.69
6098,2019-08-01T09:06:16Z,a83415babca8eac00f69a32371a230fdadda29bf40fd69f75cf2e8fb,60.17919,24.95181,000000007b5207b6,9.12
6099,2019-08-01T09:06:16Z,a83703c80a4d58db87327a53b0d3664d23edf7350ff6b0afaa49c530,60.16629,24.95957,00000000fb7600be,21.87
6100,2019-08-01T09:06:16Z,a837f2314938b1510f3b4cc5900d5d67bc7212d234d9fed1c64f3861,60.16762,24.95415,000000006b44cce7,18.79
6101,2019-08-01T09:06:16Z,a8ca7fb815e707c04434a085c4f99e783d56372143afc92225eae622,60.15133,24.92329,00000000e8a064a4,20.28
6102,2019-08-01T09:06:16Z,aa05a7036c3586a79d23f426b78bf158357208bc82d7ddf9a1326dd2,60.16531,24.9442,00000000fdda10fe,8.38
6103,2019-08-01T09:06:16Z,ab615ee5bbf567aee3505fbb360d09fc6b851f93fb15aef778b57128,60.16531,24.9442,00000000fdda10fe,16.1
6104,2019-08-01T09:06:16Z,abf0be93e7a8aec9fa8284fdbcc2493f32084aa95f15660b23e149c6,60.16629,24.95957,00000000fb7600be,9.92
6105,2019-08-01T09:06:16Z,aca524ceb3c7373172ecd0d06b26e7d610d441f4a47ab78ae0ad3340,60.15133,24.92329,00000000e8a064a4,20.28
6106,2019-08-01T09:06:16Z,acb3f4b2a6b9fe720b98158caba37c1958df05919990f30368dbbd8b,60.16762,24.95415,000000006b44cce7,21.87
6107,2019-08-01T09:06:16Z,acbbe4765d72f36b0323407c7dbe43db7b4ad5e2da0a6a9e5966db0b,60.16897,24.95222,00000000aa852af1,9.92
6108,2019-08-01T09:06:16Z,ad22512fd6a5ad9e19fdfad7e02b2793ecb01875be243f894c637ae2,60.16829,24.94214,00000000afef4555,9.92
6109,2019-08-01T09:06:16Z,af67ffa8b538058603b74f48e04ab914e8f6cd450f53c47f8c3d683d,60.15432,24.9211,0000000019fb59c4,11.7
6110,2019-08-01T09:06:16Z,afaed9946dbc1509500c6f80f87eed8fe44a74ba3e14328c6efe3971,60.16829,24.94214,00000000afef4555,16.1
6111,2019-08-01T09:06:16Z,b09e9bb62cc49c085c1aee3b752af1bec69dabc939323e5733f73933,60.17065,24.93641,000000000f4919c9,31.5
6112,2019-08-01T09:06:16Z,b28757d67868f9471f0d997a935e857fd0ff1095449820929597563b,60.16762,24.95415,000000006b44cce7,8.38
6113,2019-08-01T09:06:16Z,b2fb1122e95099adfb79fb9d06f717d0210c5214a7796b4ddd557040,60.16829,24.94214,00000000afef4555,17.4
6114,2019-08-01T09:06:16Z,b32e57a6f5865a23d7a0e9fa346d5ec4e975f99c4df815fe8b1449b2,60.17919,24.95181,000000007b5207b6,12.69
6115,2019-08-01T09:06:16Z,b474e34db18d21635ec9ea2654513e6759c326f3aaec96c25f9a204e,60.16897,24.95222,00000000aa852af1,16.1
6116,2019-08-01T09:06:16Z,b50a45ac0708e7b5cca42f3458430eb22ff70a81c575bafe99ffda23,60.17002,24.94407,000000006b087f40,9.12
6117,2019-08-01T09:06:16Z,b5603e758440226e490d1d7d7271a7b0d5c261eccbad198f81110136,60.15432,24.9211,0000000019fb59c4,4.5
6118,2019-08-01T09:06:16Z,b69604356a52f2b1b9c5de09a350f42d87f5b969e3e824d8b6b2368f,60.16829,24.94214,00000000afef4555,7.69
6119,2019-08-01T09:06:16Z,b6b32d1744cab38523e13d061fa256f05d6e01d920275907327c3083,60.16829,24.94214,00000000afef4555,17.4
6120,2019-08-01T09:06:16Z,b6c43126ca83e916a68e57d0178060c24fc61305836b6c8f188f7285,60.17919,24.95181,000000007b5207b6,12.69
6121,2019-08-01T09:06:16Z,b6f0f4101a1a258dcb1d82d77ca91000694d4fed15bd882a8e3bfe66,60.149,24.9843,00000000fffb8cf0,16.1
6122,2019-08-01T09:06:16Z,baca220bc4dd6e05e27f7b99db1588e9c29a5e18a36a70622dea1e65,60.17065,24.93641,000000000f4919c9,25.36
6123,2019-08-01T09:06:16Z,bb2187a4e20012ad694c768ef2c47c9a9055671024ebf4855d4e6243,60.16531,24.9442,00000000fdda10fe,1.7
6124,2019-08-01T09:06:16Z,bbb86467d71e5ec5bd140995d266fd33a85efe89654eb13ee0471416,60.17002,24.94407,000000006b087f40,21.87
6125,2019-08-01T09:06:16Z,bc6d5082ca52e6dae7a1689a835434f3f6341e90afea565480eb9674,60.16829,24.94214,00000000afef4555,16.1
6126,2019-08-01T09:06:16Z,bc82f76c979de19b559e9e3aa0cd6cbf5ac361e2d7b1ac9f81fe2f4f,60.17919,24.95181,000000007b5207b6,8.38
6127,2019-08-01T09:06:16Z,bd23c66c4df0bd849266a4429a24f23f2c9503cf31eb0cd9780248e6,60.18203,24.91341,00000000342570c2,23.56
6128,2019-08-01T09:06:16Z,bee144e090a471427ec7878609f2446cb79f4c8d7e3c3bf0f67cf8d2,60.16762,24.95415,000000006b44cce7,13.75
6129,2019-08-01T09:06:16Z,c15da9ed244b57a27a083919c67d0edde078a31b18cb58f13581f173,60.1538,24.95595,0000000038bf9618,36.27
6130,2019-08-01T09:06:16Z,c1674c59c49d5bf74e6808239a91d18a04e47697d298bc61a7618af2,60.16448,24.97323,0000000053c6c2be,13.75
6131,2019-08-01T09:06:16Z,c17ab6f74f8f8d215cf04f67ed40afa69d5f4e66349cca88fba7abf2,60.16544,24.95398,0000000038d83d41,25.36
6132,2019-08-01T09:06:16Z,c1bf1bf699e9bc78ca15c9490d1ef02e3323f0c2c76bf0fca7955a69,60.14947,24.91438,000000004ef3150d,13.75
6133,2019-08-01T09:06:16Z,c434f18b802a764aad7a2dfb46e93546acb1b0975cf9b93fd47363f6,60.15432,24.9211,0000000019fb59c4,9.12
6134,2019-08-01T09:06:16Z,c46895857ca53c3362932d446a58c13b60d297f99ca237d4546589e8,60.16897,24.95222,00000000aa852af1,17.4
6135,2019-08-01T09:06:16Z,c51beff15d228f2dab9416cadfcc60fe269ce3d9202a9cf2ec7e7647,60.16829,24.94214,00000000afef4555,12.69
6136,2019-08-01T09:06:16Z,c5a6d2d62bc00c29fba5a97a29835008abdcf800f70540e4ccf71683,60.17919,24.95181,000000007b5207b6,25.36
6137,2019-08-01T09:06:16Z,c65c11ee6e8b5894ead3ea9b007a39127edb65a67be253aca6f78ed0,60.16448,24.97323,0000000053c6c2be,21.87
6138,2019-08-01T09:06:16Z,c71ca1a0d84d8b380a2d73e225e3300b3aaa1f0bf494129f8dbed55f,60.17918,24.95141,00000000675d5200,27.28
6139,2019-08-01T09:06:16Z,c872af9997af535c4615ee0b4194c7c8d644b7962afb3ca321eb386f,60.15133,24.92329,00000000e8a064a4,21.87
6140,2019-08-01T09:06:16Z,c8b9856a261673c3360915cd9a4dabb4afe22b63a86d7f59f7dc5f20,60.17002,24.94407,000000006b087f40,16.1
6141,2019-08-01T09:06:16Z,c8f27660c2e8302459f9f42a38f8c1a1d42cb2de7ac7fb8995a36ed4,60.17919,24.95181,000000007b5207b6,27.28
6142,2019-08-01T09:06:16Z,c98bce1cc275ed0a1b833011f8cd251ac848fdc84501fe87eb8b5d54,60.17918,24.95141,00000000675d5200,21.87
6143,2019-08-01T09:06:16Z,c9a8056db9219e3b8d153b1063e67e81b23ffcb104c6cc03b4c7bbe2,60.15133,24.92329,00000000e8a064a4,31.5
6144,2019-08-01T09:06:16Z,caae578938b71535bc6b01bfa85e8fb3c69a3fdad843a79ac04336f9,60.17002,24.94407,000000006b087f40,18.79
6145,2019-08-01T09:06:16Z,cc1fcf6550ac1eee3eceef1f35de652b641407007a7c0464ac54fdbd,60.16897,24.95222,00000000aa852af1,21.87
6146,2019-08-01T09:06:16Z,cccf3ba2a9d11b9330c18af8064a20aca9995473495bf119162a1619,60.16897,24.95222,00000000aa852af1,13.75
6147,2019-08-01T09:06:16Z,cce3077cdfeedd0674391bec08ce94732557106542574c58a7f378bf,60.16829,24.94214,00000000afef4555,9.92
6148,2019-08-01T09:06:16Z,ce7de55c7709396c70ce5930097e84449a4889700e605a0b062aaeae,60.16531,24.9442,00000000fdda10fe,13.75
6149,2019-08-01T09:06:16Z,d062562fed5ad0a61560e267310beb0b717d2a1e2a11d1d575507861,60.16897,24.95222,00000000aa852af1,8.38
6150,2019-08-01T09:06:16Z,d0ae4fabf429edbfdad59f8183cc6e5929f68633315448c9b83d4c16,60.16762,24.95415,000000006b44cce7,9.92
6151,2019-08-01T09:06:16Z,d16e16def718519430296afa23976c226aaf720722bce3d92a2aad43,60.14947,24.91438,000000004ef3150d,13.75
6152,2019-08-01T09:06:16Z,d29a5ebd00326d5dedb6c60cab75fd238bdaa9d7f703f6b5974edbc7,60.16762,24.95415,000000006b44cce7,7.69
6153,2019-08-01T09:06:16Z,d31d6921eee92503b486a1b30f5330581c4744a82e6549f375544846,60.17918,24.95141,00000000675d5200,17.4
6154,2019-08-01T09:06:16Z,d562afdedae521be241c98441e436608a323fdb944dedc24c835e762,60.17065,24.93641,000000000f4919c9,6.46
6155,2019-08-01T09:06:16Z,d653ef8368d33df4fc7edeb5a381d5826be1471f1470aa9744d47901,60.173,24.92524,0000000096918cfa,3.74
6156,2019-08-01T09:06:16Z,d65b8625c1f24304ff0e3c4a4dce7aa5d434d36be87be41834a49420,60.16531,24.9442,00000000fdda10fe,4.11
6157,2019-08-01T09:06:16Z,d6e217c6592e449e2390b1a874e08cbc9126116901dbdbf84501c6b8,60.17065,24.93641,000000000f4919c9,20.28
6158,2019-08-01T09:06:16Z,d74ea3c9e0aaa523c791aa01f4f9a7c1c43f01f585dc4146b19edf83,60.17919,24.95181,000000007b5207b6,8.38
6159,2019-08-01T09:06:16Z,d7734ef0345fcffc0f4bd7579275af62987490aba012209832e92059,60.16629,24.95957,00000000fb7600be,7.05
6160,2019-08-01T09:06:16Z,d80b1d1a63e542cbbdb6a33c8fba0b0dcfa324d17f2f3173c3d5a37b,60.18203,24.91341,00000000342570c2,16.1
6161,2019-08-01T09:06:16Z,d81eea3c8bf927d879268dc01665b897d48eecc647bbf61f91f37a33,60.16544,24.95398,0000000038d83d41,31.5
6162,2019-08-01T09:06:16Z,d87c4d5dc2cd620de54fdd076d4f9b35245053d65b644d9e01f558b5,60.16762,24.95415,000000006b44cce7,6.46
6163,2019-08-01T09:06:16Z,d95956cedfc4dfe06014194cc1071864bd835fcc014c1fd6f4d33337,60.16762,24.95415,000000006b44cce7,8.38
6164,2019-08-01T09:06:16Z,d983db67d9cd171123ba12eeb19c11f34a3ad1d75fc9214ac3ae8a26,60.17002,24.94407,000000006b087f40,23.56
6165,2019-08-01T09:06:16Z,d9f8ff1809ebe23c7e68bb1cbb1aa6fdfaf22375abf2962da2d7cfab,60.16531,24.9442,00000000fdda10fe,13.75
6166,2019-08-01T09:06:16Z,dc00d45c0dd506326fb4dd3692d409df80cb3d871341ffff720dc834,60.16762,24.95415,000000006b44cce7,9.92
6167,2019-08-01T09:06:16Z,ddae2128c72cf011df2a698a8254b8738fd07a971349ea8a5e8bfa9f,60.16829,24.94214,00000000afef4555,14.89
6168,2019-08-01T09:06:16Z,deb8a213e1b4930e676ee8fdb394161ec46adb785171fa37437b4d44,60.15133,24.92329,00000000e8a064a4,7.69
6169,2019-08-01T09:06:16Z,dfe80baf219bd267a459c954a8e3027b3f1ed29fea2a5355456d5652,60.16897,24.95222,00000000aa852af1,11.7
6170,2019-08-01T09:06:16Z,e0fe7fe5854899c0eb42b75b300339808143419404558ed4d00b0f17,60.17919,24.95181,000000007b5207b6,25.36
6171,2019-08-01T09:06:16Z,e234769b1ce1634554f5fa4a290d11b2a30c3dfd009d4c39a2e9dd3d,60.17065,24.93641,000000000f4919c9,25.36
6172,2019-08-01T09:06:16Z,e294dde431d68c7b73efcf1f9b916e40bf408111c79228032c7830a4,60.16544,24.95398,0000000038d83d41,17.4
6173,2019-08-01T09:06:16Z,e2bb0ae74deee6cbc4f50c5f85da3f1779ca1db1ae7ff48ab4b33dbc,60.17919,24.95181,000000007b5207b6,18.79
6174,2019-08-01T09:06:16Z,e2f445c6711e0e7d48a6a045bec347587f9f398e8928a171cfa2ca38,60.16762,24.95415,000000006b44cce7,9.92
6175,2019-08-01T09:06:16Z,e2f8b065913423b6cd370ba12adba60bad68b6ff2a97fbcb1d1614bf,60.16897,24.95222,00000000aa852af1,23.56
6176,2019-08-01T09:06:16Z,e4edd4806a8a6ab220f27f08db18d75df66c4d74c36507cc954ac9e7,60.16762,24.95415,000000006b44cce7,25.36
6177,2019-08-01T09:06:16Z,e508e239ba2ca68b34ad5074f3d7b013e72f6f7df36eb6cdf545be78,60.16762,24.95415,000000006b44cce7,13.75
6178,2019-08-01T09:06:16Z,e528235be3e5cc4945024d50d1ed43061e2e2f2845f2b41e081e1721,60.17919,24.95181,000000007b5207b6,4.94
6179,2019-08-01T09:06:16Z,e5cad8bb9a6c8dcc067948d7f869033aca5bdd062da175c8734092e6,60.17919,24.95181,000000007b5207b6,5.41
6180,2019-08-01T09:06:16Z,e6b4461f3fc3ee8613bfea0937b5fd730d6686a68a65ed6fecc1dd9f,60.16629,24.95957,00000000fb7600be,18.79
6181,2019-08-01T09:06:16Z,e73dcccbc4dd6af49316f19a34c347cc94ff7ab079a93a2672d78a16,60.14947,24.91438,000000004ef3150d,16.1
6182,2019-08-01T09:06:16Z,e8add7e8346b99cd4b67924113f3763441a1899897c6d1ac3a1a40a6,60.17919,24.95181,000000007b5207b6,21.87
6183,2019-08-01T09:06:16Z,e8ed8051f57ad9d9029a5e3b443c5e93e5059f8c487ba45e2583d35a,60.16829,24.94214,00000000afef4555,25.36
6184,2019-08-01T09:06:16Z,e9064a62fac257836cb6fbcf0d84fab1ebdfa46bd6734632f1e6f116,60.16829,24.94214,00000000afef4555,12.69
6185,2019-08-01T09:06:16Z,e979a153601f7520f54d4733fe91f75f154c8f1c08dc3408dbba5345,60.15432,24.9211,0000000019fb59c4,21.87
6186,2019-08-01T09:06:16Z,e9e1a66ce9f699fc1713bb44cd67a332f584f0c51d18774fc72b8eea,60.16762,24.95415,000000006b44cce7,16.1
6187,2019-08-01T09:06:16Z,ea3f8412ed9c4d92448688dd9cc7ff9e3eeb5fe4373d0953bf0349c1,60.16531,24.9442,00000000fdda10fe,23.56
6188,2019-08-01T09:06:16Z,ea94130fbb3464dc656765cfddbad802ddfafb1af8007cb5f42cd41f,60.16829,24.94214,00000000afef4555,12.69
6189,2019-08-01T09:06:16Z,ec2dd83e04d225caca9f6b9d28bd3080ed37c5bf42e5f65123fa2394,60.17065,24.93641,000000000f4919c9,12.69
6190,2019-08-01T09:06:16Z,ec7121833f0e4b509d683b00a9c5e992e4b84882cb857145102e14f4,60.16531,24.9442,00000000fdda10fe,1.38
6191,2019-08-01T09:06:16Z,ec8c0160ac1ee5aeaf6204956c9db2ee4f98f55ae3fe1ec0af07fab8,60.16762,24.95415,000000006b44cce7,16.1
6192,2019-08-01T09:06:16Z,ed86f884272a5a400b55bfd4f22bc8cc5d6fca7fe26eee3c39cb3c52,60.15432,24.9211,0000000019fb59c4,14.89
6193,2019-08-01T09:06:16Z,eedbd720e471fc3c0653bce4eb38b2f3225c8ee78a75d6b9c94a0f86,60.16629,24.95957,00000000fb7600be,23.56
6194,2019-08-01T09:06:16Z,ef620c567fe4adc1160d75daa4075a87a75acb4a956b68eb60da0690,60.17065,24.93641,000000000f4919c9,27.28
6195,2019-08-01T09:06:16Z,ef67b9e4617f284b84167b4bdaff71108579a33ced0a2450ff25a1a1,60.16629,24.95957,00000000fb7600be,8.38
6196,2019-08-01T09:06:16Z,efb0235d2d9cd06b8377959fc3e5e144c222db88b6578a8fa7a48475,60.16762,24.95415,000000006b44cce7,11.7
6197,2019-08-01T09:06:16Z,efc51406db4c66b8a573ec325afe8a9258a04a71b46ff3aae1cfa696,60.16762,24.95415,000000006b44cce7,13.75
6198,2019-08-01T09:06:16Z,f03d20d6bb80ce0745cb0fbed6619e0a6288bfffd08e9aabce1692ba,60.17065,24.93641,000000000f4919c9,29.32
6199,2019-08-01T09:06:16Z,f0b4802903d697c3b49479616aac73d360b2d79f0d20e072b412cce9,60.16762,24.95415,000000006b44cce7,17.4
6200,2019-08-01T09:06:16Z,f0c83329b5a3f9c60f7a2945073c958f9d00195295b4d460cc213759,60.16829,24.94214,00000000afef4555,27.28
6201,2019-08-01T09:06:16Z,f1447725764ec0dca245fc67f2aa0a0c42e6b05808076aa74f0c1e7e,60.17919,24.95181,000000007b5207b6,17.4
6202,2019-08-01T09:06:16Z,f1b28329fc91f4708ca34857c5582c0bf1b7d0ab06127746029cd72c,60.17919,24.95181,000000007b5207b6,7.05
6203,2019-08-01T09:06:16Z,f20935810c1567a80c288016c4d4dd32fe86b3479f47ae7dd64d15cc,60.15432,24.9211,0000000019fb59c4,4.11
6204,2019-08-01T09:06:16Z,f29ed00b645af4bbf50174e71f58a9b691d2e2342e59eda242d97380,60.16829,24.94214,00000000afef4555,10.78
6205,2019-08-01T09:06:16Z,f3919086bf89b45ea90abf40ffd1372519057bda5b604c1901e841bb,60.17002,24.94407,000000006b087f40,20.28
6206,2019-08-01T09:06:16Z,f4587b90aec9127805880f7c81fc03b9fb513fe363015399b895089f,60.16829,24.94214,00000000afef4555,27.28
6207,2019-08-01T09:06:16Z,f4bbc3077da0455d4340da2eed204915327b75a792080724548b4956,60.17919,24.95181,000000007b5207b6,7.69
6208,2019-08-01T09:06:16Z,f503a41d3e8b9b57628f4f061c1d8e0c53c62dd8a6fe38d212958ee6,60.16075,24.95883,00000000f1124bca,14.89
6209,2019-08-01T09:06:16Z,f55165f87792f06aaca9b79eea536f4bd692c8ee806294be5fb014df,60.16829,24.94214,00000000afef4555,21.87
6210,2019-08-01T09:06:16Z,f587de6c8c03387c5e6a66cd7d20c45abad3668c8e2246611122547b,60.14947,24.91438,000000004ef3150d,18.79
6211,2019-08-01T09:06:16Z,f60a6068c654587fa981390a039456a2fdd85e02c009df547e204a45,60.16829,24.94214,00000000afef4555,14.89
6212,2019-08-01T09:06:16Z,f665079710528911e7b7844aa55433e09506580c7fed342e1febfaa5,60.16762,24.95415,000000006b44cce7,16.1
6213,2019-08-01T09:06:16Z,f6cf28e5c5a403b1d1d98d925536c19ef5861ddbd1a345e11d477896,60.18203,24.91341,00000000342570c2,21.87
6214,2019-08-01T09:06:16Z,f741519cf6f519194bb45b9da0e69bda8edb903e3c24d4140f340467,60.16762,24.95415,000000006b44cce7,10.78
6215,2019-08-01T09:06:16Z,f803aeb1f00a057ed31451d0f3d132f27fec17305dc699176ac5339a,60.16897,24.95222,00000000aa852af1,21.87
6216,2019-08-01T09:06:16Z,f9e527876f8dfe750fd29bc42664bbf572aed5d09d344a8934a83d90,60.17065,24.93641,000000000f4919c9,4.11
6217,2019-08-01T09:06:16Z,fa1a3814c680b20020a08346c37ee2853e895984574575312bf262e7,60.14947,24.91438,000000004ef3150d,12.69
6218,2019-08-01T09:06:16Z,fa9f19c58a086fde9429d732b1eec80eacf5fc1b2c0124d17243d008,60.17919,24.95181,000000007b5207b6,6.46
6219,2019-08-01T09:06:16Z,fb2df85c8938d6a1bbd1ff0a1cd8aa23480ae08dc39d2b584ed35e14,60.16762,24.95415,000000006b44cce7,16.1
6220,2019-08-01T09:06:16Z,fba6e66dd09200012637e0b454c96fd7a5459b7e8b0ba01863cdbd77,60.16762,24.95415,000000006b44cce7,2.8
6221,2019-08-01T09:06:16Z,fc75e05a713e8733c512a31a3bebec0a122af3e7afb2c5059c3f1a3a,60.17002,24.94407,000000006b087f40,17.4
6222,2019-08-01T09:06:16Z,fd2075f9ca30345a2acff846d1dfdb92f1d4935162ca5e181f5272f9,60.16762,24.95415,000000006b44cce7,25.36
6223,2019-08-01T09:06:16Z,fdb3239bb0017def73005dc66a8d674c713493499c8feff7a6c01018,60.16762,24.95415,000000006b44cce7,11.7
6224,2019-08-01T09:06:16Z,fea1453360073dfc1896bf1f005f51addb49661f953e16cffba3c63d,60.16531,24.9442,00000000fdda10fe,12.69
6225,2019-08-01T09:06:16Z,ff10218d9a15a3bf160a969fa266f197770d363bc52dce7fa08ae990,60.16762,24.95415,000000006b44cce7,7.05
6226,2019-08-01T09:06:17Z,03e0fc996a589ccdf1871b3c78e089c08c93ba1f2a02d740fb384aac,60.16531,24.9442,00000000fdda10fe,27.28
6227,2019-08-01T09:06:17Z,0fff89885f08417f20aadfdbf62a372277e9085bcd024374b772ecac,60.16531,24.9442,00000000fdda10fe,23.56
6228,2019-08-01T09:06:17Z,144afc51fc2443c7031a2912566eff2ce60226a49d6d2bd7c2923700,60.16544,24.95398,0000000038d83d41,23.56
6229,2019-08-01T09:06:17Z,14c7e1511b70f4dd3359cbece1377aebb4d70531f5489eefe53d7c3c,60.16544,24.95398,0000000038d83d41,23.56
6230,2019-08-01T09:06:17Z,15918569de0a46a8eb56b43d8d39f7fc82619ff1006f00822c85745c,60.17919,24.95181,000000007b5207b6,6.46
6231,2019-08-01T09:06:17Z,165ebbb4090d47319ae370f0d0854fdc1f6b79499f8b2e4d3c3533c0,60.16544,24.95398,0000000038d83d41,21.87
6232,2019-08-01T09:06:17Z,171d0bf49a26400390df42bc1c9af98d9279bf8ccee92f39288845e1,60.16762,24.95415,000000006b44cce7,8.38
6233,2019-08-01T09:06:17Z,1951291ca064d0fb480d958037c1477427d2ca8db455fef0b741bf9f,60.16448,24.97323,0000000053c6c2be,23.56
6234,2019-08-01T09:06:17Z,1f0f0628cdc688d76bde2b82bee5b9b4916bf0bbdfe76cf3213e1c65,60.15432,24.9211,0000000019fb59c4,13.75
6235,2019-08-01T09:06:17Z,292606f67d727ffe99f3d106b447f4be48f7a9d57bab0871c46eeb58,60.1538,24.95595,0000000038bf9618,33.81
6236,2019-08-01T09:06:17Z,2a93b61a3863ace54349d7a0937e4134fcc6d4dfcf064eefae2b7cf8,60.15432,24.9211,0000000019fb59c4,23.56
6237,2019-08-01T09:06:17Z,2dd6ca2c889266702d554569764346cf583b74b0890b10e00ecd4f82,60.16544,24.95398,0000000038d83d41,25.36
6238,2019-08-01T09:06:17Z,2f33dacc8bf2b0b809b88130b46696c922929e1eb8ea92017f05509a,60.16448,24.97323,0000000053c6c2be,17.4
6239,2019-08-01T09:06:17Z,5b91abc1d452431fdb7bc15f638eee91a54034b6327f40e58ccacda6,60.14947,24.91438,000000004ef3150d,36.27
6240,2019-08-01T09:06:17Z,5d65719c4cbf045f068d084b72302f447d5fd034413d97d13be00d0e,60.18203,24.91341,00000000342570c2,18.79
6241,2019-08-01T09:06:17Z,6a657079c1bdc8114c289be1ddd83e5846d4279a920d1697b8ff0033,60.18203,24.91341,00000000342570c2,23.56
6242,2019-08-01T09:06:17Z,6d22b751ff5173035dc85c52c3dff0780126adae67fe33dc62dd45ef,60.16531,24.9442,00000000fdda10fe,23.56
6243,2019-08-01T09:06:17Z,6ff437688c444238352c28f64f9d2a7d0f14d19c9ea42c225380501e,60.16762,24.95415,000000006b44cce7,16.1
6244,2019-08-01T09:06:17Z,76c7f42283513d0e289bf786d89463b5025b2ae0f4e13519a4cf228b,60.15432,24.9211,0000000019fb59c4,18.79
6245,2019-08-01T09:06:17Z,78d5f60b36b59c06c3988b94e11744bb3aed5dcbc214f91f228bf892,60.16448,24.97323,0000000053c6c2be,31.5
6246,2019-08-01T09:06:17Z,84fdfd8881f633c5f0c71c1480053953ca4b05e848052d97c063ad38,60.1538,24.95595,0000000038bf9618,23.56
6247,2019-08-01T09:06:17Z,87dfaad29a9276ddddb1fa021d3bc23ad14824c1af16f7d87e713689,60.14951,24.92138,0000000006dd41f6,10.78
6248,2019-08-01T09:06:17Z,8c75c3289c84fe4493e1e272a77b615fe1985880c5dc68a7c1a17b53,60.16762,24.95415,000000006b44cce7,12.69
6249,2019-08-01T09:06:17Z,8cc6ddaa460aeae8cc9e8a33f91a01c8cd4c0c8bf8a943210a28c84d,60.1538,24.95595,0000000038bf9618,16.1
6250,2019-08-01T09:06:17Z,9843c6216661048343a0e49cf3d8aa2883cf77f452666a1c873a1052,60.16448,24.97323,0000000053c6c2be,10.78
6251,2019-08-01T09:06:17Z,9d03d14afa49576281aa26db60e517f7c1ec8aa36f7756959a860a8a,60.16629,24.95957,00000000fb7600be,14.89
6252,2019-08-01T09:06:17Z,a9da1ee82e3b670e276c26b483dd50f4a6d0c6f77ef82245d3ae6086,60.18203,24.91341,00000000342570c2,11.7
6253,2019-08-01T09:06:17Z,ab0f67c0c0e1ba5eac9013f9c314feadf340ddf08543b91e70483594,60.16544,24.95398,0000000038d83d41,18.79
6254,2019-08-01T09:06:17Z,b1f358076ba79ef902a36ca8ae3f8ec7c93308a67c479345bfdbdecf,60.1538,24.95595,0000000038bf9618,33.81
6255,2019-08-01T09:06:17Z,b33ae7715d6d2571066655c2c8954a5a364b5601869047de83410d9f,60.16629,24.95957,00000000fb7600be,27.28
6256,2019-08-01T09:06:17Z,b4faf2d3c4d2b199afeab6ab63b583fe3a2e81e14abbef6917f25129,60.15432,24.9211,0000000019fb59c4,23.56
6257,2019-08-01T09:06:17Z,b5fd6b317890e5ab2d79e2cd1abe61626d45a753c7337d0d40728898,60.16762,24.95415,000000006b44cce7,10.78
6258,2019-08-01T09:06:17Z,b986140b3339363c8bd5cc5eed0819ca5a421cb6e5b17c42ccf729f4,60.16829,24.94214,00000000afef4555,9.12
6259,2019-08-01T09:06:17Z,c40c37def6bf11a63a2556519a7c6233fd417cdeea2cf14f28e7c42c,60.16531,24.9442,00000000fdda10fe,18.79
6260,2019-08-01T09:06:17Z,ce783d3c1b06378e5c39c25687746a6f88fbb0ff2b36e3405fb61cf8,60.16762,24.95415,000000006b44cce7,16.1
6261,2019-08-01T09:06:17Z,cf05623e4d87ce0906c0b0b7dbf53aacc1228016cd27c341228b6e76,60.18203,24.91341,00000000342570c2,20.28
6262,2019-08-01T09:06:17Z,dd2c9c82cf3737146294aff6f814a1349fb0bc4bedf518715dacbe8f,60.18203,24.91341,00000000342570c2,20.28
6263,2019-08-01T09:06:17Z,ec72ef080c605e71978aed0d3b5f22c3c3133677a43c614b72eedc6d,60.14699,24.922,00000000a53ed894,27.28
6264,2019-08-01T09:06:17Z,ed70dda6b7faebd4340dacdb452ab224d9d3c308df417b7fa76f54e8,60.14951,24.92138,0000000006dd41f6,21.87
6265,2019-08-01T09:06:17Z,f088630d7476dae7d4b7e2bb1f10575f2c89acb4b6e061f3d57c2b40,60.16531,24.9442,00000000fdda10fe,23.56
6266,2019-08-01T09:06:17Z,f22981c21af00fc334b3d8bdd523e23a50384666e97815f0ec1dc0ac,60.16897,24.95222,00000000aa852af1,14.89
6267,2019-08-01T09:06:17Z,f70a43051a4f59f5002c4018a464b44781f7f527861efda6626a2de4,60.16829,24.94214,00000000afef4555,23.56
6268,2019-08-01T09:06:17Z,f7e45613ad966fea53fab73b435ba3a087c774e36596b3a5156a3487,60.16829,24.94214,00000000afef4555,2.08
6269,2019-08-01T09:06:17Z,f83d4b6b8ffbf8a674d212e32100b2360b80261b4e9207d77c0b0ed3,60.17919,24.95181,000000007b5207b6,9.12
6270,2019-08-01T09:06:17Z,f99c5dd8cc08bd2353083d875ce8bc585fb2c2ff8427b90d92f571de,60.1538,24.95595,0000000038bf9618,27.28
6271,2019-08-01T09:06:17Z,fc4f3a44235f1cfc7b53f14ba2da599976a5a0a220d23b852688e485,60.17919,24.95181,000000007b5207b6,16.1
6272,2019-08-01T09:06:17Z,00787dad708490660b0b836fa415681cc57046fa521c0c0aaea14a9e,60.16762,24.95415,000000006b44cce7,8.38
6273,2019-08-01T09:06:17Z,00d98e49fc01c16216b630f9fdf19ce9826d27552ce2fa4676de957b,60.16829,24.94214,00000000afef4555,18.79
6274,2019-08-01T09:06:17Z,02050a536056486b1bf139282f0d0a3af63def1d56ff0c73ac51bb19,60.14947,24.91438,000000004ef3150d,11.7
6275,2019-08-01T09:06:17Z,023083c44c772667f1727e01c74518889b2a82d78ceb28c08b6f8a20,60.16531,24.9442,00000000fdda10fe,13.75
6276,2019-08-01T09:06:17Z,0362cc670dcfab795a3911957b6a177416bf9b99d0e2732716796c4d,60.15432,24.9211,0000000019fb59c4,18.79
6277,2019-08-01T09:06:17Z,03f427d436ba092925de462b11374bdbdab0443620037675621fbc11,60.17919,24.95181,000000007b5207b6,7.05
6278,2019-08-01T09:06:17Z,063935180fff0e58de5d319ecb9320cf794423e3c6aeac0cca8f1a9f,60.16897,24.95222,00000000aa852af1,9.12
6279,2019-08-01T09:06:17Z,08f9fd60f852d3502bfa509c955e9963e73954f961d55ba8cd46cae9,60.16629,24.95957,00000000fb7600be,21.87
6280,2019-08-01T09:06:17Z,09784c350285a2908ee2d0acc9c8390a0f8841785e7cfd630597231d,60.16762,24.95415,000000006b44cce7,17.4
6281,2019-08-01T09:06:17Z,0c1684b697a63d7f47ebaedcfa060b3b4af294fec1e62d613699291a,60.16897,24.95222,00000000aa852af1,7.69
6282,2019-08-01T09:06:17Z,0ce136cd78d17c06d7c5673fecf75f44da717c2befaaea18c6bdf0b1,60.1538,24.95595,0000000038bf9618,29.32
6283,2019-08-01T09:06:17Z,0f8e18e52422d7fb71594f8dbfc8bb5ae986eb9f664407f954e275b4,60.16762,24.95415,000000006b44cce7,13.75
6284,2019-08-01T09:06:17Z,0feb7de3b58597dd266ed606e8d3b6e2e4e0be942b17c15be984f51c,60.14951,24.92138,0000000006dd41f6,21.87
6285,2019-08-01T09:06:17Z,1069967e3921871955b1b2b42e60f829c593a3e024401bfe61ae410e,60.16629,24.95957,00000000fb7600be,16.1
6286,2019-08-01T09:06:17Z,1074ffc7b33a1a8b54ea8f31d0f43ba07ed2ad7841b548f9bd4b9bad,60.17065,24.93641,000000000f4919c9,23.56
6287,2019-08-01T09:06:17Z,10d0fed0f7d40b253b5fc5a53297dc9af8bb76fa6f34d5e71383cb62,60.17918,24.95141,00000000675d5200,18.79
6288,2019-08-01T09:06:17Z,11402877d08ee84d016ef8e86d3033bf6da0948f6e6bd2defce32338,60.16762,24.95415,000000006b44cce7,16.1
6289,2019-08-01T09:06:17Z,1271bcd33c0056265a5bdf6df4092a3c9e2209abee80570cb172031b,60.16897,24.95222,00000000aa852af1,20.28
6290,2019-08-01T09:06:17Z,13a759fd293cbde0d55db753d853768b718e59036c4007d2e3a8757a,60.16762,24.95415,000000006b44cce7,17.4
6291,2019-08-01T09:06:17Z,13cbade1d832c78b1a0a68fd9a6559054370eeae58247347955ee632,60.16897,24.95222,00000000aa852af1,14.89
6292,2019-08-01T09:06:17Z,141ffc858c3ea6a2e69c954115114304736a35dc25ec947323090dc0,60.16762,24.95415,000000006b44cce7,5.41
6293,2019-08-01T09:06:17Z,15b314157b22b2a5bf8a39539a049ce73e7baa21b0ce24f21718ce4a,60.17002,24.94407,000000006b087f40,9.92
6294,2019-08-01T09:06:17Z,164d8280dbb888033f64368dd641bcef597fc327148fcf74374894c5,60.16544,24.95398,0000000038d83d41,16.1
6295,2019-08-01T09:06:17Z,16e18d478be872d2a9801fa885d08edeb3f5ae1840b38478f9baf535,60.17919,24.95181,000000007b5207b6,14.89
6296,2019-08-01T09:06:17Z,190cdde22bc3e3a41cd0f9da7efb3a917bc09e8034b05ca6064ea8a8,60.17919,24.95181,000000007b5207b6,20.28
6297,2019-08-01T09:06:17Z,1cfafdaa3ff1975bcf6f699641431e88775ba2183074d825eeb81dd3,60.149,24.9843,00000000fffb8cf0,14.89
6298,2019-08-01T09:06:17Z,1d70ff49909e1d6fb653ae053aa78084daf385dbbd2ad22b05707309,60.16829,24.94214,00000000afef4555,8.38
6299,2019-08-01T09:06:17Z,1da40c618e0432bb037d08723b65821f6223509e8b4033a4b4190047,60.17065,24.93641,000000000f4919c9,36.27
6300,2019-08-01T09:06:17Z,1dbecade1f3540eb44c3d86cb1ffc73d5bf422ea0cf76927c2d5cd74,60.16829,24.94214,00000000afef4555,17.4
6301,2019-08-01T09:06:17Z,1dcff36b6f83b08b6ea87c1c1018c542c270299839908ca446dffb39,60.16762,24.95415,000000006b44cce7,14.89
6302,2019-08-01T09:06:17Z,1e3af5697f0a2ae45f261da79e4ba71c868dc4d78008bd1995fe6259,60.16448,24.97323,0000000053c6c2be,20.28
6303,2019-08-01T09:06:17Z,1e6029f749dce72746f03dcc61a1986b14438610b7ff6a19c8165e6f,60.16829,24.94214,00000000afef4555,23.56
6304,2019-08-01T09:06:17Z,1eadb2c1984aa73c3c2f13eab0a2e793331443c617681e36887f0bcc,60.16629,24.95957,00000000fb7600be,17.4
6305,2019-08-01T09:06:17Z,1ecbc7c6afe89033252e5510cbb893666af2b3bc29f555a3a6287fdb,60.14951,24.92138,0000000006dd41f6,4.94
6306,2019-08-01T09:06:17Z,1f813dc10021899138c12ca17c58ab3dc24db1750dcb1790f9c20e8f,60.15133,24.92329,00000000e8a064a4,16.1
6307,2019-08-01T09:06:17Z,20b37aa6c3ad0dfea9c182498905a450537b0efbbd8563b205e93afd,60.16897,24.95222,00000000aa852af1,25.36
6308,2019-08-01T09:06:17Z,21ff3f9badc2cd312e927be8dc77d26c74dc6ec118b1c74ca01b491a,60.18203,24.91341,00000000342570c2,29.32
6309,2019-08-01T09:06:17Z,227fd98ceb97d84d0c2c3af35c32cee7a87aea62d71b1a5353ae3588,60.17065,24.93641,000000000f4919c9,17.4
6310,2019-08-01T09:06:17Z,22ac1ab1c590ea19b44c61c42f5e8da29a6acbabf56676527811507a,60.15432,24.9211,0000000019fb59c4,11.7
6311,2019-08-01T09:06:17Z,25479245e5a8b0fe47e2bd590cdd63256d84afd6c164781dc64e527d,60.149,24.9843,00000000fffb8cf0,5.41
6312,2019-08-01T09:06:17Z,2552cb43d7990bde838673115a742078e343ce93f96257728311655d,60.16897,24.95222,00000000aa852af1,18.79
6313,2019-08-01T09:06:17Z,25d340d14d855b8c18b2c6f2551ec98a1eb047d1fd3457ba881ddf28,60.17919,24.95181,000000007b5207b6,18.79
6314,2019-08-01T09:06:17Z,270749ab8e1a83f0dcbf45dc861bcc0e10361d103d7589841787e366,60.16531,24.9442,00000000fdda10fe,16.1
6315,2019-08-01T09:06:17Z,277fcf3cc917a89b46a34e0cf5164a78f5bcc88d92bb45ded60f1a91,60.17065,24.93641,000000000f4919c9,20.28
6316,2019-08-01T09:06:17Z,27b591b33a56a542440b53031a24f42290b0ec1a194af27700b75a3a,60.17919,24.95181,000000007b5207b6,16.1
6317,2019-08-01T09:06:17Z,2823bf6afde4a5cc05342c15e7417c9590ba52264be5793bb688faab,60.17065,24.93641,000000000f4919c9,23.56
6318,2019-08-01T09:06:17Z,28296ae2b460df2f6807f8a84b81e5ebd24677a05bded29111dc33a4,60.17002,24.94407,000000006b087f40,27.28
6319,2019-08-01T09:06:17Z,28d50861d92f962c7a49eabaa524431aebf52870e44b79f77d7167c6,60.17919,24.95181,000000007b5207b6,7.05
6320,2019-08-01T09:06:17Z,29ae3c5c3aeac0c607bc816f7e74c232a40142b79a52c43c7b1ed42f,60.16829,24.94214,00000000afef4555,20.28
6321,2019-08-01T09:06:17Z,2a8ba80ac4fbda4f91ebfa759642c857fd090516070753d41bb7d6ad,60.16829,24.94214,00000000afef4555,21.87
6322,2019-08-01T09:06:17Z,2c6810efb2565383ca0a554f3c51f3f7905484357f5e00756dbf091a,60.17919,24.95181,000000007b5207b6,17.4
6323,2019-08-01T09:06:17Z,2e94def094f120513b5a401acb099ee60415b5ba3a62dee97215f3b8,60.17065,24.93641,000000000f4919c9,29.32
6324,2019-08-01T09:06:17Z,2f43b7a683b0d365a46b6259a032813c293472eaedcdbcc3507adee5,60.17919,24.95181,000000007b5207b6,7.69
6325,2019-08-01T09:06:17Z,2f79108a454c0072885ad1447280ed5098d061b229eaae61a8bb67be,60.15432,24.9211,0000000019fb59c4,23.56
6326,2019-08-01T09:06:17Z,2fb6d9d46ec584d1f1d7b67e7650ff7a665788f4000a4b39dc16a4e1,60.16829,24.94214,00000000afef4555,27.28
6327,2019-08-01T09:06:17Z,312e78d3624e87e1645e7d54f96facd8a2321d6e65a3ef0620fb1d42,60.16531,24.9442,00000000fdda10fe,29.32
6328,2019-08-01T09:06:17Z,31b02b3b271f6feef9e49d9285929ff1c25a11e608fc5d70bc6a1fac,60.16897,24.95222,00000000aa852af1,23.56
6329,2019-08-01T09:06:17Z,3227dbecd3a095676006e4ad615dc2aea1f506c310c940230a15ac94,60.17919,24.95181,000000007b5207b6,18.79
6330,2019-08-01T09:06:17Z,32fcb1ab3a9fde533916ca28a0d5b56bbb45fd171dd5bae91f66ec6c,60.16897,24.95222,00000000aa852af1,14.89
6331,2019-08-01T09:06:17Z,33fa4cb82db5b44ffe6e7ae1039635187f90d1df328f8f139da0c693,60.17919,24.95181,000000007b5207b6,5.91
6332,2019-08-01T09:06:17Z,3480c16a6649952c388d8902596e332f018e609b9585f483353ae026,60.17065,24.93641,000000000f4919c9,3.74
6333,2019-08-01T09:06:17Z,34e96c7caa63e7ede8f428b18e8fb556ac235d61a50c9d6ac7ff268f,60.17919,24.95181,000000007b5207b6,4.94
6334,2019-08-01T09:06:17Z,359348d27f82b0270a68e954bff8bde5e1a2a32949c7088f12ce7dc8,60.15133,24.92329,00000000e8a064a4,27.28
6335,2019-08-01T09:06:17Z,3609f484ad7e56259f60a61aba44f22dfca5c8b2564fce7e802ad342,60.16829,24.94214,00000000afef4555,3.09
6336,2019-08-01T09:06:17Z,367b1989198ef11170dd9fcfa7e6ebb5ceb58aab87c613ee1bb86e8c,60.16531,24.9442,00000000fdda10fe,7.05
6337,2019-08-01T09:06:17Z,3685ee6d322dcb2ad0ae181f66c3c5427d4531d7896d2f5f7571bb6d,60.16762,24.95415,000000006b44cce7,4.94
6338,2019-08-01T09:06:17Z,36fe97cd2ec69118778c771a87593630f8a6a2cb77d9ce72f845cd3c,60.16762,24.95415,000000006b44cce7,9.12
6339,2019-08-01T09:06:17Z,39126ffb278f49e06180cc6abe5b31ab3acdce1534b5b6ffa0b6e567,60.18203,24.91341,00000000342570c2,25.36
6340,2019-08-01T09:06:17Z,397e4b6a0e6c50fbb45ede1cb6e48156c508b36115e703cc5bac6e96,60.173,24.92524,0000000096918cfa,13.75
6341,2019-08-01T09:06:17Z,39c6456ee66fe96eee3d97cee2a70923cedb3da760bb5d4d413adb9c,60.17919,24.95181,000000007b5207b6,10.78
6342,2019-08-01T09:06:17Z,39e9fa7033887b7ab339887aa68753ff94d4771cda2bb8ff4ea7aa0a,60.17919,24.95181,000000007b5207b6,2.3
6343,2019-08-01T09:06:17Z,3a1afdcf7c2e5a52cdbcbbe29e8281c184037e8720920c6c75bee339,60.15133,24.92329,00000000e8a064a4,11.7
6344,2019-08-01T09:06:17Z,3a2f1a2c6c645bd161943b3f19c171d021512d7a8c4273ed3022f5df,60.16829,24.94214,00000000afef4555,20.28
6345,2019-08-01T09:06:17Z,3a38ba36c098f2741d6c5fb5a751fcd074d05d698ac592ca09ab443c,60.16448,24.97323,0000000053c6c2be,33.81
6346,2019-08-01T09:06:17Z,3a97ae4dcab31eb5e15e5d036d286e9764e25bcf0ad8afcfba854c90,60.16762,24.95415,000000006b44cce7,5.41
6347,2019-08-01T09:06:17Z,3b124e1851087531134d5e5d0a10b6afe3551982609a81a19dd969dd,60.16829,24.94214,00000000afef4555,20.28
6348,2019-08-01T09:06:17Z,3be40c84926a525adbd09eeeb3a12b73b24c633942b2e1fbe8151ac3,60.16448,24.97323,0000000053c6c2be,17.4
6349,2019-08-01T09:06:17Z,3cc82d532d2a768e0c987e2653e32825a8b11fc2f7ba36388535f6e2,60.16075,24.95883,00000000f1124bca,33.81
6350,2019-08-01T09:06:17Z,3eea43670f4f29a90ced59c1af122371340275fb61ff8f14c7120658,60.16762,24.95415,000000006b44cce7,6.46
6351,2019-08-01T09:06:17Z,40646914186edc6142b7fc3daf766121b55f5bb36ea38facff686ea5,60.16897,24.95222,00000000aa852af1,13.75
6352,2019-08-01T09:06:17Z,411f63100f0afed103b4e31b3544b8cf0c4c830902efe7da020562c4,60.16629,24.95957,00000000fb7600be,17.4
6353,2019-08-01T09:06:17Z,41a0ca2955e0ae0324f6e14aeb77ebfaac5305e31d86c42a20277b94,60.15133,24.92329,00000000e8a064a4,9.92
6354,2019-08-01T09:06:17Z,432417b4972b744ded3410777a6bbb583cf56172bf3436ddbe48a21d,60.16762,24.95415,000000006b44cce7,10.78
6355,2019-08-01T09:06:17Z,43e023a8726ec4c53a8cea6dcaa79e722da4677e37f3f6c9d3cc9873,60.16544,24.95398,0000000038d83d41,21.87
6356,2019-08-01T09:06:17Z,4642dfa1df839f11e64f68bca4e3dce7bde2ff6dd68c54959fcb4788,60.17919,24.95181,000000007b5207b6,18.79
6357,2019-08-01T09:06:17Z,4682d95464cedcc021f38271a51bab9c000762b4acf802070e259ba2,60.16629,24.95957,00000000fb7600be,9.12
6358,2019-08-01T09:06:17Z,48004849b2f48b2314aa9175433d754db1641b949bb8cf050e2dd128,60.17918,24.95141,00000000675d5200,9.92
6359,2019-08-01T09:06:17Z,484bbaa5a9d6bdd2259f022b6ea4e3c290985c13a1286bd7142d878f,60.16762,24.95415,000000006b44cce7,4.94
6360,2019-08-01T09:06:17Z,48c0ea6615ac4c02fc9bc0e06f9ea9309f9bf7e73b4324d7a6b14610,60.16829,24.94214,00000000afef4555,6.46
6361,2019-08-01T09:06:17Z,497d535ffc7af13ad6527c1139af3451abb3584a2490e3c470f73f9d,60.16762,24.95415,000000006b44cce7,27.28
6362,2019-08-01T09:06:17Z,49bbad87e4d6cd03bdb073bde7be91193d74d29943badce7fc536916,60.16448,24.97323,0000000053c6c2be,4.5
6363,2019-08-01T09:06:17Z,49df780a7f20a99ad2810fa4bbb46b5fac9bc5cbe3fc800cd572f63a,60.14947,24.91438,000000004ef3150d,17.4
6364,2019-08-01T09:06:17Z,4ade4f0d92c6157a42d7fd8e353d1c93551324ba47cc134b840a6c63,60.16897,24.95222,00000000aa852af1,7.69
6365,2019-08-01T09:06:17Z,4b4afca270c22aae160d996711ae685b598b87871b3b4ab2f96786b6,60.14951,24.92138,0000000006dd41f6,23.56
6366,2019-08-01T09:06:17Z,4ba529eeafb27285cbbade6e5ece0d4d04bd2d13c98b27a5d17abd22,60.16897,24.95222,00000000aa852af1,3.09
6367,2019-08-01T09:06:17Z,4f609afde0ba5cb017ba3c549bdd11ff322a2e0227a0f11a9d112220,60.16762,24.95415,000000006b44cce7,14.89
6368,2019-08-01T09:06:17Z,5001aabb6808b9fd96b705d1ebe8e7aca52713c2640100d81879dd86,60.17919,24.95181,000000007b5207b6,4.11
6369,2019-08-01T09:06:17Z,5022acdb28a01d1a0b2077fc89c77bde277b7dd4f079b4fea30f75b9,60.16629,24.95957,00000000fb7600be,13.75
6370,2019-08-01T09:06:17Z,51ec42fdd85671ae93876c3d875b24e56cb45699e9c3d2b623dca70d,60.16762,24.95415,000000006b44cce7,9.92
6371,2019-08-01T09:06:17Z,529623421e226c215bcca0b1388813e291d3d13ed1d8465f0ab69147,60.16629,24.95957,00000000fb7600be,12.69
6372,2019-08-01T09:06:17Z,5372348389197e6c4bc4c5e3dab047e7384d562220e6295904bbda1b,60.17065,24.93641,000000000f4919c9,5.91
6373,2019-08-01T09:06:17Z,5385ddf78e929052bb12c39651fb3ff99e3642aa079d49f687b4c73c,60.16762,24.95415,000000006b44cce7,8.38
6374,2019-08-01T09:06:17Z,54b89ed12e25892c9160e029a0379d61425b88db1aa30b06f9ea2d8b,60.17002,24.94407,000000006b087f40,20.28
6375,2019-08-01T09:06:17Z,54bd709173219e8017f317b63ecc83d0a48f64542e6fa1b83c86a56c,60.17919,24.95181,000000007b5207b6,5.41
6376,2019-08-01T09:06:17Z,556cae6b2e2dec6fe691a835e8e08bd016b1a65797c0aca46879329f,60.17919,24.95181,000000007b5207b6,7.05
6377,2019-08-01T09:06:17Z,559429bba23762a872fc7b1e2219d42125ab101e4355d43fdb94ed7b,60.17919,24.95181,000000007b5207b6,7.69
6378,2019-08-01T09:06:17Z,559e6a5225ce35ab844c63ea0d0c1695dc490a3d9cfbafa5d35ac8d8,60.14947,24.91438,000000004ef3150d,12.69
6379,2019-08-01T09:06:17Z,57ce2ff7da47050689b3a97be36b0e0f481dc4e87d42df594f74bc2c,60.16829,24.94214,00000000afef4555,27.28
6380,2019-08-01T09:06:17Z,5830a481876da00686f25b17dad06258a39212c0816ed04dda2df1bd,60.16531,24.9442,00000000fdda10fe,16.1
6381,2019-08-01T09:06:17Z,584adabea16213fba5e201e8dddabc4a069951e35fb1731180ebf8b3,60.16762,24.95415,000000006b44cce7,20.28
6382,2019-08-01T09:06:17Z,584cb0b0cdd14e608c8b57c8aecc9826f9b40027e365e2438a444ea2,60.16762,24.95415,000000006b44cce7,8.38
6383,2019-08-01T09:06:17Z,5978726eeef638856dafd3a8d199287f8daf9e90ddde750b402f8bb0,60.17065,24.93641,000000000f4919c9,1.12
6384,2019-08-01T09:06:17Z,5a34b02faac3189217466888ef1d31cc80f721ac2f18638c5db88d53,60.14947,24.91438,000000004ef3150d,9.92
6385,2019-08-01T09:06:17Z,5a8d671a78b976d212d9746d88b9a754a2d9c8341c529e88b7c6b8f4,60.17065,24.93641,000000000f4919c9,25.36
6386,2019-08-01T09:06:17Z,5a9efbe8f65e35595e70adafcd4cf88fa573bb76f3759331cd95cab0,60.16829,24.94214,00000000afef4555,20.28
6387,2019-08-01T09:06:17Z,5b06617477af6dcee75a94ac347364b50f6f3b5b7d747e5413d9ad58,60.14947,24.91438,000000004ef3150d,6.46
6388,2019-08-01T09:06:17Z,5b87e95c530abdc4b86908a134da58f9ddf2a72683102dcad78799da,60.16531,24.9442,00000000fdda10fe,21.87
6389,2019-08-01T09:06:17Z,5c1f71098d5d7258d2971061c791c94e0138c8e02225c5f60d6a0428,60.149,24.9843,00000000fffb8cf0,16.1
6390,2019-08-01T09:06:17Z,5e2c5c20c88ccf362ed8749d1ddc041b1cb1c38d8dbeac7870179322,60.16629,24.95957,00000000fb7600be,5.41
6391,2019-08-01T09:06:17Z,6051ed50496b74a6ff68c86205d23971fcaccd6c91edfe7d78fa71b0,60.16897,24.95222,00000000aa852af1,17.4
6392,2019-08-01T09:06:17Z,6072bfb496e2b8a999c9edbda5b76fbc0e783ff2a439c4e6c881fabf,60.16829,24.94214,00000000afef4555,3.09
6393,2019-08-01T09:06:17Z,61c5ac686a059c10ad308e41213c92c7b06256ded29b5a5874e38b4d,60.16762,24.95415,000000006b44cce7,14.89
6394,2019-08-01T09:06:17Z,61e4465b011a94bbf6341adebb1aed56100967cac117b368910b36de,60.16544,24.95398,0000000038d83d41,23.56
6395,2019-08-01T09:06:17Z,626bf35ce16dba1054cfd175d09475d3ee751bf70e56f984ff5c7ab6,60.15133,24.92329,00000000e8a064a4,25.36
6396,2019-08-01T09:06:17Z,63ff2439779051005c18876d20ed53ce060c1de9d7976821bd518fc6,60.15432,24.9211,0000000019fb59c4,10.78
6397,2019-08-01T09:06:17Z,65b6b62b547e11e10f7f83ad497446bee2bb9653097d9d62e9b1b817,60.17065,24.93641,000000000f4919c9,18.79
6398,2019-08-01T09:06:17Z,66ad74b1795a3f2db404e46e89b7cdeb3d6e231b6573e3fd29bb7eef,60.16897,24.95222,00000000aa852af1,25.36
6399,2019-08-01T09:06:17Z,673cc832b626feba4fd2b89c6da4fc24da9d4872367191c0a723d09b,60.16829,24.94214,00000000afef4555,21.87
6400,2019-08-01T09:06:17Z,674355e17da9460e58566497be518f2eb537880c67c788fedb5067db,60.16629,24.95957,00000000fb7600be,10.78
6401,2019-08-01T09:06:17Z,67cf7d2881080aa59ed36a6d88ea1946d17e9d1d5e1ad9eee1851969,60.18203,24.91341,00000000342570c2,17.4
6402,2019-08-01T09:06:17Z,685af6b01bd180194d718801bb8b9c9de22050cc392d6c6441fe986b,60.18203,24.91341,00000000342570c2,7.05
6403,2019-08-01T09:06:17Z,68ce8656d033b98ec41f059782cc3801db31339b9692b2b49d812453,60.16829,24.94214,00000000afef4555,23.56
6404,2019-08-01T09:06:17Z,69e2854c78a472b462941ef730aa9fa7a9dba9c1cc22996396d4c78a,60.17919,24.95181,000000007b5207b6,11.7
6405,2019-08-01T09:06:17Z,6adce4d05e58232a97635a2fd7918e4e49d9295afc0989d727f9c712,60.17002,24.94407,000000006b087f40,14.89
6406,2019-08-01T09:06:17Z,6c1032dd0e75bb05e89afb15bb9f6b86b9c083b07357fcfeb3871a7f,60.16762,24.95415,000000006b44cce7,20.28
6407,2019-08-01T09:06:17Z,6d5a8ded89f26533ed851d1a0894f0d9045e9cd4baed439f7d9a922b,60.16629,24.95957,00000000fb7600be,20.28
6408,2019-08-01T09:06:17Z,6d98ac1fea7056e5b96d6095caf0e3677a4ec30e9fbcc2e50ae1cf65,60.16629,24.95957,00000000fb7600be,9.92
6409,2019-08-01T09:06:17Z,6dca84ddf4be668487766d17c5d13961ed713d24032f709ae87a497f,60.16829,24.94214,00000000afef4555,17.4
6410,2019-08-01T09:06:17Z,6e80fcea10d21e1d5e672b554c0f3fe686dc58934f38c3391fd5c262,60.17002,24.94407,000000006b087f40,7.69
6411,2019-08-01T09:06:17Z,6fe2cf6737d40d71251dac8ebef5356a2b765621e97a346c00a6031c,60.15432,24.9211,0000000019fb59c4,3.74
6412,2019-08-01T09:06:17Z,7003a7f6a5523b645634f014e04bea36016953a8af9324e35602bc2e,60.14947,24.91438,000000004ef3150d,14.89
6413,2019-08-01T09:06:17Z,704c3f3075f13713c363014fa828e4a932e7a05676813b9963a1e554,60.17919,24.95181,000000007b5207b6,5.41
6414,2019-08-01T09:06:17Z,70d391038ec56b63a3737605c2c1db6ffbdca8e4490691776dc993f1,60.16829,24.94214,00000000afef4555,3.4
6415,2019-08-01T09:06:17Z,7105a68b527be40338bcf13245fe1975a15988a3c557bbb24fd26422,60.16762,24.95415,000000006b44cce7,12.69
6416,2019-08-01T09:06:17Z,7226031f97fb041caef264f1911df0305fd803a368ddc488fd98a06b,60.16448,24.97323,0000000053c6c2be,31.5
6417,2019-08-01T09:06:17Z,728325161f4ed691db3460f87a25ed4713580e50a53fd36dd265957f,60.16531,24.9442,00000000fdda10fe,21.87
6418,2019-08-01T09:06:17Z,7292a4a47ed655e0ce0ead026bb0ae4b8093342f87a9aed5665c1456,60.16762,24.95415,000000006b44cce7,13.75
6419,2019-08-01T09:06:17Z,75003dbce84bab66829b2489dc3bff3abc4ec7f1b136c28b0835fa0e,60.15133,24.92329,00000000e8a064a4,7.05
6420,2019-08-01T09:06:17Z,750297d0d8ff0ca837d9c2289c26302d62f38708617150431ab14509,60.16531,24.9442,00000000fdda10fe,18.79
6421,2019-08-01T09:06:17Z,76c2f7b3773d4bebd4dabada1c2b98fe4ea9762e9c98b4a6371d7746,60.16762,24.95415,000000006b44cce7,9.12
6422,2019-08-01T09:06:17Z,7700297fec4982ad776529835e2ab46d4e5cbc889e26f368c19efeef,60.16829,24.94214,00000000afef4555,9.12
6423,2019-08-01T09:06:17Z,774131d73accbbb31ec3c43c3501b7969645eb65df1839ca8116526e,60.15432,24.9211,0000000019fb59c4,13.75
6424,2019-08-01T09:06:17Z,7803e2d46157a5482e745447d4c2c332fbd818d87a20b0f6187c628d,60.17065,24.93641,000000000f4919c9,25.36
6425,2019-08-01T09:06:17Z,78047bec076b1b43b674f39aa6b605b1665404036da0e4dfac3c1e1e,60.14699,24.922,00000000a53ed894,25.36
6426,2019-08-01T09:06:17Z,79ab7360fcf828dc88bd416dd77fc12910178e0213dd5fb4336ea257,60.16897,24.95222,00000000aa852af1,21.87
6427,2019-08-01T09:06:17Z,7a62d9e7c260ee9d4896ace1bd129198320f0fb15d96a8016f9b84c2,60.16829,24.94214,00000000afef4555,27.28
6428,2019-08-01T09:06:17Z,7c1534082e86ff4387878d813207626d8f728aa26b97248e00a3b8d7,60.16629,24.95957,00000000fb7600be,16.1
6429,2019-08-01T09:06:17Z,7cd51189de07d01882cf0a9346f0830a9b21764875334d45e143fbd5,60.17002,24.94407,000000006b087f40,20.28
6430,2019-08-01T09:06:17Z,7d415f4fd9093fb383b4ebb88961ad74e6a00d3ece39504712dad639,60.17918,24.95141,00000000675d5200,7.69
6431,2019-08-01T09:06:17Z,7e2e3d07c939e3e76e7ce87678faf64e056afe54215e00488839100f,60.14947,24.91438,000000004ef3150d,21.87
6432,2019-08-01T09:06:17Z,7eb4a715919b3eb4085270535ce4d7b57112591ad7242eb189bf652a,60.17065,24.93641,000000000f4919c9,17.4
6433,2019-08-01T09:06:17Z,7f534fc0885ddf5a5c3814e4232de3356affd42f6c3560055079dc1c,60.16829,24.94214,00000000afef4555,16.1
6434,2019-08-01T09:06:17Z,7f59aaecea1eee6c703ec5d46d67b44289ddedf080defee495b73739,60.14947,24.91438,000000004ef3150d,5.41
6435,2019-08-01T09:06:17Z,7faf8705e89a761625aaed50b89538581e25d5950ec8f051d36ed829,60.14947,24.91438,000000004ef3150d,23.56
6436,2019-08-01T09:06:17Z,7fe96255e89da662cb4a10df4705f39989babea20fdc4ef0bf4fb395,60.14951,24.92138,0000000006dd41f6,20.28
6437,2019-08-01T09:06:17Z,809bf2d7a0745ae512b934a578fd5fd47c13c5398b6d06ad350b9e7c,60.14947,24.91438,000000004ef3150d,21.87
6438,2019-08-01T09:06:17Z,82b78c2220aee81a2744ddfaf7ed29663888987dba6b7cdda05731d9,60.14947,24.91438,000000004ef3150d,16.1
6439,2019-08-01T09:06:17Z,8524898e498c83bde4bc1848aa2b372da84e7b2266f36aabe128cc27,60.17919,24.95181,000000007b5207b6,18.79
6440,2019-08-01T09:06:17Z,86e7584bf95733cef59d74bb4955881e99dc86b73a0d5b4e3ef58b50,60.18203,24.91341,00000000342570c2,17.4
6441,2019-08-01T09:06:17Z,880f9cbb91b9caf48ea9c5dd1a0c8e1db72922b6dfcb647b102fc469,60.16629,24.95957,00000000fb7600be,9.12
6442,2019-08-01T09:06:17Z,88c2bc6310f27465b9f08b28fb52075d7703ce7b097e5beb37c7437c,60.14947,24.91438,000000004ef3150d,17.4
6443,2019-08-01T09:06:17Z,898cde3317c73907bb23b1b885828c4bf3187c3a757a18dc32abe970,60.16762,24.95415,000000006b44cce7,8.38
6444,2019-08-01T09:06:17Z,89aeff56a0700534bbf2dfd19fc298f5a890c95e1a45b6ca7ad3c33a,60.16829,24.94214,00000000afef4555,10.78
6445,2019-08-01T09:06:17Z,8a01e28fd327e5c56dcf2dc8b2b7762a96d77584c21990a073ceb11f,60.16829,24.94214,00000000afef4555,1.25
6446,2019-08-01T09:06:17Z,8c571538c285dba9d77edacfb1829b282d54b772b62209c6e4004237,60.17919,24.95181,000000007b5207b6,13.75
6447,2019-08-01T09:06:17Z,8d5e893f77b3d167ebefad4ecab181fea08513599a6f9450f0b9a827,60.17919,24.95181,000000007b5207b6,11.7
6448,2019-08-01T09:06:17Z,8e20d0d67339e3cf43e77c3a340d9dc6766de8d079197a08a1343ff0,60.17065,24.93641,000000000f4919c9,13.75
6449,2019-08-01T09:06:17Z,92d558faaf274f5fac1ccabea7bd30042fdd6fee95770c60123653a3,60.16762,24.95415,000000006b44cce7,10.78
6450,2019-08-01T09:06:17Z,941e13893853105c86bfbc6d31d62274937602143ce3bb530c8c17ed,60.17919,24.95181,000000007b5207b6,4.5
6451,2019-08-01T09:06:17Z,94de25728748a75e0ae17bd3f75d246c22fa741c669973ccb86ea813,60.16531,24.9442,00000000fdda10fe,25.36
6452,2019-08-01T09:06:17Z,9609babe3114439a82f93f797f4a6e779b6bab625488b8ff5b63e674,60.16829,24.94214,00000000afef4555,21.87
6453,2019-08-01T09:06:17Z,9abbc86fb0fc1c0532042814af76a97e6a17121831d4394749a290a6,60.16762,24.95415,000000006b44cce7,3.74
6454,2019-08-01T09:06:17Z,9b3e6848d8b34e802134d6da0e5a594897ec3fafbbf08b6d0b84068e,60.17919,24.95181,000000007b5207b6,2.08
6455,2019-08-01T09:06:17Z,9bc129708b07f3c5bbf4195e83f0e5b9a663b6f371f416a8e3a605f0,60.16897,24.95222,00000000aa852af1,25.36
6456,2019-08-01T09:06:17Z,9bdb503344071eddd74d821f537246d8a6c19468b05d38d0170377f9,60.16897,24.95222,00000000aa852af1,8.38
6457,2019-08-01T09:06:17Z,9bef8b28ea93ecaee57d05b037edbfe7f80014aaf56343345fedd7be,60.17919,24.95181,000000007b5207b6,4.94
6458,2019-08-01T09:06:17Z,9d8ce84bc91758555bc98dc817e4b3d7cd3dec11d61cafc67020b0cb,60.16531,24.9442,00000000fdda10fe,25.36
6459,2019-08-01T09:06:17Z,9e343a150f07bb3dcce5ecab8ac061b84d65b347b1af5a232e00eeb6,60.16829,24.94214,00000000afef4555,7.69
6460,2019-08-01T09:06:17Z,9eee6d740f1d483c484d02f0995f35550c09e6a8cf01f02680db5efc,60.16448,24.97323,0000000053c6c2be,14.89
6461,2019-08-01T09:06:17Z,a011c570991d42caf54e65589bc732e525fe63af59863bed74bb86c9,60.16762,24.95415,000000006b44cce7,20.28
6462,2019-08-01T09:06:17Z,a04214b56cac7d70680703ee6a28fac742f3c3190b55b46a79c1f76d,60.149,24.9843,00000000fffb8cf0,16.1
6463,2019-08-01T09:06:17Z,a09607edc17117a3069b79434e751f93a2a00d0d6f9aceb043e32074,60.16762,24.95415,000000006b44cce7,12.69
6464,2019-08-01T09:06:17Z,a2333053951d093ef490bcc3b9455fa0ed512421b5b597602785ab28,60.16531,24.9442,00000000fdda10fe,12.69
6465,2019-08-01T09:06:17Z,a2e761fd97d8bdf78601300822b531e306b9ab7a1a43b6bfb07eba52,60.14947,24.91438,000000004ef3150d,18.79
6466,2019-08-01T09:06:17Z,a403dc1eebc5d130e12a4c3e4298737c9e00b25b1b6b2cc36a6979c9,60.16629,24.95957,00000000fb7600be,9.12
6467,2019-08-01T09:06:17Z,a4b9f871dcc986c95f1e84fe203bb392ba0fe13164d89119bda2c94a,60.16762,24.95415,000000006b44cce7,6.46
6468,2019-08-01T09:06:17Z,a66eb6150c36b53f6240acfe16dd98ceb16c43b8e02d0b56993bac73,60.16897,24.95222,00000000aa852af1,31.5
6469,2019-08-01T09:06:17Z,a6d010615b0732a971c180467cd17865327688c7e6c60628c3d452d3,60.16762,24.95415,000000006b44cce7,18.79
6470,2019-08-01T09:06:17Z,a6d0b3c0509ac80c4fca2773ee3b519801d204dcc027b2ef80dade84,60.16897,24.95222,00000000aa852af1,29.32
6471,2019-08-01T09:06:17Z,a6d0dd9de406b1201a4e438ec7c5f4a467f38c41e2dec42ff6c71d50,60.16897,24.95222,00000000aa852af1,14.89
6472,2019-08-01T09:06:17Z,a786eb3b8a25c58099a428799e99d0b86401f803ee38d3e5d20e59d3,60.15432,24.9211,0000000019fb59c4,9.92
6473,2019-08-01T09:06:17Z,a808962cb511e5ed2d23e6e33efe252b1be29dc1d2f7c6154817f04f,60.16448,24.97323,0000000053c6c2be,10.78
6474,2019-08-01T09:06:17Z,a83415babca8eac00f69a32371a230fdadda29bf40fd69f75cf2e8fb,60.17919,24.95181,000000007b5207b6,20.28
6475,2019-08-01T09:06:17Z,a83703c80a4d58db87327a53b0d3664d23edf7350ff6b0afaa49c530,60.16629,24.95957,00000000fb7600be,16.1
6476,2019-08-01T09:06:17Z,a8ca7fb815e707c04434a085c4f99e783d56372143afc92225eae622,60.15133,24.92329,00000000e8a064a4,23.56
6477,2019-08-01T09:06:17Z,a982f65ed2c57aff3f744dba9f5e9ca929c81c14883516889898f207,60.16762,24.95415,000000006b44cce7,14.89
6478,2019-08-01T09:06:17Z,aa05a7036c3586a79d23f426b78bf158357208bc82d7ddf9a1326dd2,60.16531,24.9442,00000000fdda10fe,9.92
6479,2019-08-01T09:06:17Z,aa5281244780ac8f283c3452639d477cd76e31fc6f0b95b99c51a9b0,60.16762,24.95415,000000006b44cce7,1.88
6480,2019-08-01T09:06:17Z,ab615ee5bbf567aee3505fbb360d09fc6b851f93fb15aef778b57128,60.16531,24.9442,00000000fdda10fe,23.56
6481,2019-08-01T09:06:17Z,abf0be93e7a8aec9fa8284fdbcc2493f32084aa95f15660b23e149c6,60.16629,24.95957,00000000fb7600be,9.92
6482,2019-08-01T09:06:17Z,aca524ceb3c7373172ecd0d06b26e7d610d441f4a47ab78ae0ad3340,60.15133,24.92329,00000000e8a064a4,21.87
6483,2019-08-01T09:06:17Z,acbbe4765d72f36b0323407c7dbe43db7b4ad5e2da0a6a9e5966db0b,60.16897,24.95222,00000000aa852af1,9.92
6484,2019-08-01T09:06:17Z,acc35cd8a1bdbe1b45ec4095092dcace33acc09c7176a24ad41a01c8,60.16762,24.95415,000000006b44cce7,20.28
6485,2019-08-01T09:06:17Z,ad22512fd6a5ad9e19fdfad7e02b2793ecb01875be243f894c637ae2,60.16829,24.94214,00000000afef4555,6.46
6486,2019-08-01T09:06:17Z,af67ffa8b538058603b74f48e04ab914e8f6cd450f53c47f8c3d683d,60.15432,24.9211,0000000019fb59c4,7.69
6487,2019-08-01T09:06:17Z,b09e9bb62cc49c085c1aee3b752af1bec69dabc939323e5733f73933,60.17065,24.93641,000000000f4919c9,23.56
6488,2019-08-01T09:06:17Z,b28757d67868f9471f0d997a935e857fd0ff1095449820929597563b,60.16762,24.95415,000000006b44cce7,11.7
6489,2019-08-01T09:06:17Z,b32e57a6f5865a23d7a0e9fa346d5ec4e975f99c4df815fe8b1449b2,60.17918,24.95141,00000000675d5200,12.69
6490,2019-08-01T09:06:17Z,b3d94dfd4a1393ebe6b450d53a8c1c172707ab9ae1ab42b50b5b31df,60.16829,24.94214,00000000afef4555,18.79
6491,2019-08-01T09:06:17Z,b474e34db18d21635ec9ea2654513e6759c326f3aaec96c25f9a204e,60.16897,24.95222,00000000aa852af1,10.78
6492,2019-08-01T09:06:17Z,b50a45ac0708e7b5cca42f3458430eb22ff70a81c575bafe99ffda23,60.17002,24.94407,000000006b087f40,9.92
6493,2019-08-01T09:06:17Z,b69604356a52f2b1b9c5de09a350f42d87f5b969e3e824d8b6b2368f,60.16829,24.94214,00000000afef4555,5.91
6494,2019-08-01T09:06:17Z,b6b32d1744cab38523e13d061fa256f05d6e01d920275907327c3083,60.16829,24.94214,00000000afef4555,23.56
6495,2019-08-01T09:06:17Z,b6c43126ca83e916a68e57d0178060c24fc61305836b6c8f188f7285,60.17919,24.95181,000000007b5207b6,8.38
6496,2019-08-01T09:06:17Z,b6f0f4101a1a258dcb1d82d77ca91000694d4fed15bd882a8e3bfe66,60.149,24.9843,00000000fffb8cf0,13.75
6497,2019-08-01T09:06:17Z,b8fb70225ee0a2d655e2809da07a2f8cd2feb7295aa256f8b35fcf1e,60.16629,24.95957,00000000fb7600be,21.87
6498,2019-08-01T09:06:17Z,bb06a3f4b8a12b4873dc63c41fdb8cb26c920cca8191b0f4453a29c5,60.15133,24.92329,00000000e8a064a4,29.32
6499,2019-08-01T09:06:17Z,bb2187a4e20012ad694c768ef2c47c9a9055671024ebf4855d4e6243,60.16531,24.9442,00000000fdda10fe,1.54
6500,2019-08-01T09:06:17Z,bc6d5082ca52e6dae7a1689a835434f3f6341e90afea565480eb9674,60.16829,24.94214,00000000afef4555,9.12
6501,2019-08-01T09:06:17Z,bc82f76c979de19b559e9e3aa0cd6cbf5ac361e2d7b1ac9f81fe2f4f,60.17919,24.95181,000000007b5207b6,7.05
6502,2019-08-01T09:06:17Z,be4cab10e0974185bff4d7ffa058a9ea21a7d885ee17bd4d907877b8,60.16829,24.94214,00000000afef4555,29.32
6503,2019-08-01T09:06:17Z,bee144e090a471427ec7878609f2446cb79f4c8d7e3c3bf0f67cf8d2,60.16762,24.95415,000000006b44cce7,10.78
6504,2019-08-01T09:06:17Z,bf546b1abc8eba5c7f399f527508a7304dea62586aa297896d71ea5c,60.18203,24.91341,00000000342570c2,29.32
6505,2019-08-01T09:06:17Z,c1674c59c49d5bf74e6808239a91d18a04e47697d298bc61a7618af2,60.16448,24.97323,0000000053c6c2be,13.75
6506,2019-08-01T09:06:17Z,c1bf1bf699e9bc78ca15c9490d1ef02e3323f0c2c76bf0fca7955a69,60.14947,24.91438,000000004ef3150d,23.56
6507,2019-08-01T09:06:17Z,c375f2dac85f963c33b2daf76ffb0c32d2c8fd08172419336e308686,60.14947,24.91438,000000004ef3150d,27.28
6508,2019-08-01T09:06:17Z,c434f18b802a764aad7a2dfb46e93546acb1b0975cf9b93fd47363f6,60.15432,24.9211,0000000019fb59c4,4.94
6509,2019-08-01T09:06:17Z,c46895857ca53c3362932d446a58c13b60d297f99ca237d4546589e8,60.16897,24.95222,00000000aa852af1,17.4
6510,2019-08-01T09:06:17Z,c51beff15d228f2dab9416cadfcc60fe269ce3d9202a9cf2ec7e7647,60.16829,24.94214,00000000afef4555,18.79
6511,2019-08-01T09:06:17Z,c65c11ee6e8b5894ead3ea9b007a39127edb65a67be253aca6f78ed0,60.16448,24.97323,0000000053c6c2be,29.32
6512,2019-08-01T09:06:17Z,c872af9997af535c4615ee0b4194c7c8d644b7962afb3ca321eb386f,60.15133,24.92329,00000000e8a064a4,23.56
6513,2019-08-01T09:06:17Z,c8aef405537103b9d31a7e2dda43949f5844b9a36494f8defaf0d803,60.17002,24.94407,000000006b087f40,29.32
6514,2019-08-01T09:06:17Z,c8be2c26d4f0c9d399f32e84d95487a2644ffcb62681165be3d36a02,60.16762,24.95415,000000006b44cce7,29.32
6515,2019-08-01T09:06:17Z,c9a8056db9219e3b8d153b1063e67e81b23ffcb104c6cc03b4c7bbe2,60.15133,24.92329,00000000e8a064a4,25.36
6516,2019-08-01T09:06:17Z,ca7719c7cd8d4496b666f608fc07ba9930e362a0b2d96890b0778618,60.16629,24.95957,00000000fb7600be,12.69
6517,2019-08-01T09:06:17Z,cc1fcf6550ac1eee3eceef1f35de652b641407007a7c0464ac54fdbd,60.16897,24.95222,00000000aa852af1,17.4
6518,2019-08-01T09:06:17Z,ccb852835a56f5f356dfaef8c52d6e43f731aef8fb2b040d76b5e569,60.16897,24.95222,00000000aa852af1,17.4
6519,2019-08-01T09:06:17Z,cccf3ba2a9d11b9330c18af8064a20aca9995473495bf119162a1619,60.16897,24.95222,00000000aa852af1,13.75
6520,2019-08-01T09:06:17Z,cce3077cdfeedd0674391bec08ce94732557106542574c58a7f378bf,60.16829,24.94214,00000000afef4555,8.38
6521,2019-08-01T09:06:17Z,ce7de55c7709396c70ce5930097e84449a4889700e605a0b062aaeae,60.16531,24.9442,00000000fdda10fe,13.75
6522,2019-08-01T09:06:17Z,cf823e18aa21de251222a9ab70c1b76b6218dea694752d56f6f84082,60.149,24.9843,00000000fffb8cf0,31.5
6523,2019-08-01T09:06:17Z,d062562fed5ad0a61560e267310beb0b717d2a1e2a11d1d575507861,60.16897,24.95222,00000000aa852af1,10.78
6524,2019-08-01T09:06:17Z,d16e16def718519430296afa23976c226aaf720722bce3d92a2aad43,60.14947,24.91438,000000004ef3150d,20.28
6525,2019-08-01T09:06:17Z,d29a5ebd00326d5dedb6c60cab75fd238bdaa9d7f703f6b5974edbc7,60.16762,24.95415,000000006b44cce7,6.46
6526,2019-08-01T09:06:17Z,d31d6921eee92503b486a1b30f5330581c4744a82e6549f375544846,60.17919,24.95181,000000007b5207b6,18.79
6527,2019-08-01T09:06:17Z,d327ac6c99e2bd3f17d3041840424e8568b4fbe6d3280c3e04504dac,60.16897,24.95222,00000000aa852af1,11.7
6528,2019-08-01T09:06:17Z,d46eba1dcdfdf95ab54f2b280201efc7e0a8644764496af99a3b64e7,60.16762,24.95415,000000006b44cce7,11.7
6529,2019-08-01T09:06:17Z,d562afdedae521be241c98441e436608a323fdb944dedc24c835e762,60.17065,24.93641,000000000f4919c9,5.91
6530,2019-08-01T09:06:17Z,d653ef8368d33df4fc7edeb5a381d5826be1471f1470aa9744d47901,60.173,24.92524,0000000096918cfa,2.8
6531,2019-08-01T09:06:17Z,d65b8625c1f24304ff0e3c4a4dce7aa5d434d36be87be41834a49420,60.16531,24.9442,00000000fdda10fe,3.74
6532,2019-08-01T09:06:17Z,d6e217c6592e449e2390b1a874e08cbc9126116901dbdbf84501c6b8,60.17065,24.93641,000000000f4919c9,9.92
6533,2019-08-01T09:06:17Z,d74ea3c9e0aaa523c791aa01f4f9a7c1c43f01f585dc4146b19edf83,60.17919,24.95181,000000007b5207b6,2.8
6534,2019-08-01T09:06:17Z,d7734ef0345fcffc0f4bd7579275af62987490aba012209832e92059,60.16629,24.95957,00000000fb7600be,8.38
6535,2019-08-01T09:06:17Z,d80b1d1a63e542cbbdb6a33c8fba0b0dcfa324d17f2f3173c3d5a37b,60.18203,24.91341,00000000342570c2,25.36
6536,2019-08-01T09:06:17Z,d81eea3c8bf927d879268dc01665b897d48eecc647bbf61f91f37a33,60.16544,24.95398,0000000038d83d41,18.79
6537,2019-08-01T09:06:17Z,d87c4d5dc2cd620de54fdd076d4f9b35245053d65b644d9e01f558b5,60.16762,24.95415,000000006b44cce7,7.05
6538,2019-08-01T09:06:17Z,dbedd81db3d59ee0c6948187e396a34e2fa5dd6670cf8d862bf5e1ff,60.16762,24.95415,000000006b44cce7,4.94
6539,2019-08-01T09:06:17Z,ddae2128c72cf011df2a698a8254b8738fd07a971349ea8a5e8bfa9f,60.16829,24.94214,00000000afef4555,11.7
6540,2019-08-01T09:06:17Z,deb8a213e1b4930e676ee8fdb394161ec46adb785171fa37437b4d44,60.15133,24.92329,00000000e8a064a4,21.87
6541,2019-08-01T09:06:17Z,dfdad4781845931b68b01bf5d5e24743edd54d7c151a45be8a4db2ca,60.16544,24.95398,0000000038d83d41,33.81
6542,2019-08-01T09:06:17Z,dfe80baf219bd267a459c954a8e3027b3f1ed29fea2a5355456d5652,60.16897,24.95222,00000000aa852af1,14.89
6543,2019-08-01T09:06:17Z,e0cf7a6517d1ada0d8ef91433c515d7c771cb73905ec354546b9741f,60.16762,24.95415,000000006b44cce7,25.36
6544,2019-08-01T09:06:17Z,e0fe7fe5854899c0eb42b75b300339808143419404558ed4d00b0f17,60.17918,24.95141,00000000675d5200,7.69
6545,2019-08-01T09:06:17Z,e234769b1ce1634554f5fa4a290d11b2a30c3dfd009d4c39a2e9dd3d,60.17065,24.93641,000000000f4919c9,21.87
6546,2019-08-01T09:06:17Z,e2bb0ae74deee6cbc4f50c5f85da3f1779ca1db1ae7ff48ab4b33dbc,60.17919,24.95181,000000007b5207b6,12.69
6547,2019-08-01T09:06:17Z,e2f445c6711e0e7d48a6a045bec347587f9f398e8928a171cfa2ca38,60.16762,24.95415,000000006b44cce7,7.05
6548,2019-08-01T09:06:17Z,e3f844c56875bd572c3b57a835b884f1060b467d3bbd25c50dcc7e28,60.16762,24.95415,000000006b44cce7,7.05
6549,2019-08-01T09:06:17Z,e528235be3e5cc4945024d50d1ed43061e2e2f2845f2b41e081e1721,60.17919,24.95181,000000007b5207b6,5.91
6550,2019-08-01T09:06:17Z,e5cad8bb9a6c8dcc067948d7f869033aca5bdd062da175c8734092e6,60.17919,24.95181,000000007b5207b6,5.91
6551,2019-08-01T09:06:17Z,e73dcccbc4dd6af49316f19a34c347cc94ff7ab079a93a2672d78a16,60.14947,24.91438,000000004ef3150d,27.28
6552,2019-08-01T09:06:17Z,e7c92f07271c58076a3543568856a6941512c32291b7e9ce8dbcece1,60.16762,24.95415,000000006b44cce7,17.4
6553,2019-08-01T09:06:17Z,e8add7e8346b99cd4b67924113f3763441a1899897c6d1ac3a1a40a6,60.17919,24.95181,000000007b5207b6,9.92
6554,2019-08-01T09:06:17Z,e9275b4d525e0593374e00e9cf9885062a1699ecb3462c758a025ef1,60.16762,24.95415,000000006b44cce7,12.69
6555,2019-08-01T09:06:17Z,e9e1a66ce9f699fc1713bb44cd67a332f584f0c51d18774fc72b8eea,60.16762,24.95415,000000006b44cce7,11.7
6556,2019-08-01T09:06:17Z,ea3f8412ed9c4d92448688dd9cc7ff9e3eeb5fe4373d0953bf0349c1,60.16531,24.9442,00000000fdda10fe,14.89
6557,2019-08-01T09:06:17Z,ea94130fbb3464dc656765cfddbad802ddfafb1af8007cb5f42cd41f,60.16829,24.94214,00000000afef4555,17.4
6558,2019-08-01T09:06:17Z,eaf572301dc5c1eaff007bc1886cce8f0f5e92a233b8686ed2a1a9cc,60.17065,24.93641,000000000f4919c9,25.36
6559,2019-08-01T09:06:17Z,ec2dd83e04d225caca9f6b9d28bd3080ed37c5bf42e5f65123fa2394,60.17065,24.93641,000000000f4919c9,8.38
6560,2019-08-01T09:06:17Z,ec7121833f0e4b509d683b00a9c5e992e4b84882cb857145102e14f4,60.16531,24.9442,00000000fdda10fe,1.88
6561,2019-08-01T09:06:17Z,ec8c0160ac1ee5aeaf6204956c9db2ee4f98f55ae3fe1ec0af07fab8,60.16762,24.95415,000000006b44cce7,7.69
6562,2019-08-01T09:06:17Z,ed86f884272a5a400b55bfd4f22bc8cc5d6fca7fe26eee3c39cb3c52,60.15432,24.9211,0000000019fb59c4,12.69
6563,2019-08-01T09:06:17Z,eedbd720e471fc3c0653bce4eb38b2f3225c8ee78a75d6b9c94a0f86,60.16629,24.95957,00000000fb7600be,27.28
6564,2019-08-01T09:06:17Z,ef67b9e4617f284b84167b4bdaff71108579a33ced0a2450ff25a1a1,60.16629,24.95957,00000000fb7600be,14.89
6565,2019-08-01T09:06:17Z,efc51406db4c66b8a573ec325afe8a9258a04a71b46ff3aae1cfa696,60.16762,24.95415,000000006b44cce7,12.69
6566,2019-08-01T09:06:17Z,f03d20d6bb80ce0745cb0fbed6619e0a6288bfffd08e9aabce1692ba,60.17065,24.93641,000000000f4919c9,16.1
6567,2019-08-01T09:06:17Z,f1447725764ec0dca245fc67f2aa0a0c42e6b05808076aa74f0c1e7e,60.17919,24.95181,000000007b5207b6,13.75
6568,2019-08-01T09:06:17Z,f18c0c32d067aecf5602d70693ac888cab1be6dbb0d154be5153dfcc,60.16829,24.94214,00000000afef4555,11.7
6569,2019-08-01T09:06:17Z,f1b28329fc91f4708ca34857c5582c0bf1b7d0ab06127746029cd72c,60.17919,24.95181,000000007b5207b6,6.46
6570,2019-08-01T09:06:17Z,f20935810c1567a80c288016c4d4dd32fe86b3479f47ae7dd64d15cc,60.15432,24.9211,0000000019fb59c4,3.74
6571,2019-08-01T09:06:17Z,f29ed00b645af4bbf50174e71f58a9b691d2e2342e59eda242d97380,60.16829,24.94214,00000000afef4555,16.1
6572,2019-08-01T09:06:17Z,f2a253f2741501e675bd4bc055e22329fb09089d8bbe9813fc170cdb,60.16762,24.95415,000000006b44cce7,18.79
6573,2019-08-01T09:06:17Z,f3919086bf89b45ea90abf40ffd1372519057bda5b604c1901e841bb,60.17002,24.94407,000000006b087f40,21.87
6574,2019-08-01T09:06:17Z,f4587b90aec9127805880f7c81fc03b9fb513fe363015399b895089f,60.16829,24.94214,00000000afef4555,18.79
6575,2019-08-01T09:06:17Z,f4bbc3077da0455d4340da2eed204915327b75a792080724548b4956,60.17919,24.95181,000000007b5207b6,10.78
6576,2019-08-01T09:06:17Z,f503a41d3e8b9b57628f4f061c1d8e0c53c62dd8a6fe38d212958ee6,60.16075,24.95883,00000000f1124bca,13.75
6577,2019-08-01T09:06:17Z,f50fd3b1715a94dff67461f4b8f252ecaa6acc16459b3d021f34f15e,60.1538,24.95595,0000000038bf9618,31.5
6578,2019-08-01T09:06:17Z,f587de6c8c03387c5e6a66cd7d20c45abad3668c8e2246611122547b,60.14947,24.91438,000000004ef3150d,18.79
6579,2019-08-01T09:06:17Z,f60a6068c654587fa981390a039456a2fdd85e02c009df547e204a45,60.16829,24.94214,00000000afef4555,14.89
6580,2019-08-01T09:06:17Z,f665079710528911e7b7844aa55433e09506580c7fed342e1febfaa5,60.16762,24.95415,000000006b44cce7,18.79
6581,2019-08-01T09:06:17Z,f77f8836e641389801309c311e926c1662264ab16efd01cd5bf27baf,60.16762,24.95415,000000006b44cce7,4.11
6582,2019-08-01T09:06:17Z,f803aeb1f00a057ed31451d0f3d132f27fec17305dc699176ac5339a,60.16897,24.95222,00000000aa852af1,11.7
6583,2019-08-01T09:06:17Z,f9e527876f8dfe750fd29bc42664bbf572aed5d09d344a8934a83d90,60.17065,24.93641,000000000f4919c9,3.4
6584,2019-08-01T09:06:17Z,fa1a3814c680b20020a08346c37ee2853e895984574575312bf262e7,60.14947,24.91438,000000004ef3150d,29.32
6585,2019-08-01T09:06:17Z,fa9f19c58a086fde9429d732b1eec80eacf5fc1b2c0124d17243d008,60.17919,24.95181,000000007b5207b6,21.87
6586,2019-08-01T09:06:17Z,fba6e66dd09200012637e0b454c96fd7a5459b7e8b0ba01863cdbd77,60.16762,24.95415,000000006b44cce7,2.8
6587,2019-08-01T09:06:17Z,fc75e05a713e8733c512a31a3bebec0a122af3e7afb2c5059c3f1a3a,60.17002,24.94407,000000006b087f40,18.79
6588,2019-08-01T09:06:17Z,fdb3239bb0017def73005dc66a8d674c713493499c8feff7a6c01018,60.16762,24.95415,000000006b44cce7,13.75
6589,2019-08-01T09:06:17Z,fea1453360073dfc1896bf1f005f51addb49661f953e16cffba3c63d,60.16531,24.9442,00000000fdda10fe,9.12
6590,2019-08-01T09:06:18Z,144afc51fc2443c7031a2912566eff2ce60226a49d6d2bd7c2923700,60.16544,24.95398,0000000038d83d41,20.28
6591,2019-08-01T09:06:18Z,14c7e1511b70f4dd3359cbece1377aebb4d70531f5489eefe53d7c3c,60.16544,24.95398,0000000038d83d41,23.56
6592,2019-08-01T09:06:18Z,15918569de0a46a8eb56b43d8d39f7fc82619ff1006f00822c85745c,60.17919,24.95181,000000007b5207b6,6.46
6593,2019-08-01T09:06:18Z,1951291ca064d0fb480d958037c1477427d2ca8db455fef0b741bf9f,60.16448,24.97323,0000000053c6c2be,25.36
6594,2019-08-01T09:06:18Z,1f0f0628cdc688d76bde2b82bee5b9b4916bf0bbdfe76cf3213e1c65,60.15432,24.9211,0000000019fb59c4,18.79
6595,2019-08-01T09:06:18Z,2a93b61a3863ace54349d7a0937e4134fcc6d4dfcf064eefae2b7cf8,60.15432,24.9211,0000000019fb59c4,20.28
6596,2019-08-01T09:06:18Z,2f33dacc8bf2b0b809b88130b46696c922929e1eb8ea92017f05509a,60.16448,24.97323,0000000053c6c2be,17.4
6597,2019-08-01T09:06:18Z,2fd87be7f3d38756587d5a0dd1ae934998ca065240c450d0538481e9,60.1538,24.95595,0000000038bf9618,41.64
6598,2019-08-01T09:06:18Z,59107c0fb745e0aacace35f3eb6888e9aa1cace3ca066219be32fe54,60.16897,24.95222,00000000aa852af1,33.81
6599,2019-08-01T09:06:18Z,5d65719c4cbf045f068d084b72302f447d5fd034413d97d13be00d0e,60.18203,24.91341,00000000342570c2,20.28
6600,2019-08-01T09:06:18Z,6a657079c1bdc8114c289be1ddd83e5846d4279a920d1697b8ff0033,60.18203,24.91341,00000000342570c2,31.5
6601,2019-08-01T09:06:18Z,6d22b751ff5173035dc85c52c3dff0780126adae67fe33dc62dd45ef,60.16531,24.9442,00000000fdda10fe,29.32
6602,2019-08-01T09:06:18Z,6f06341f358e61699fe1e55e986dd0554bc8da28b91daf0c5ad99db6,60.16629,24.95957,00000000fb7600be,21.87
6603,2019-08-01T09:06:18Z,6ff437688c444238352c28f64f9d2a7d0f14d19c9ea42c225380501e,60.16762,24.95415,000000006b44cce7,17.4
6604,2019-08-01T09:06:18Z,76c7f42283513d0e289bf786d89463b5025b2ae0f4e13519a4cf228b,60.15432,24.9211,0000000019fb59c4,18.79
6605,2019-08-01T09:06:18Z,84fdfd8881f633c5f0c71c1480053953ca4b05e848052d97c063ad38,60.1538,24.95595,0000000038bf9618,21.87
6606,2019-08-01T09:06:18Z,87dfaad29a9276ddddb1fa021d3bc23ad14824c1af16f7d87e713689,60.14951,24.92138,0000000006dd41f6,10.78
6607,2019-08-01T09:06:18Z,8cc6ddaa460aeae8cc9e8a33f91a01c8cd4c0c8bf8a943210a28c84d,60.1538,24.95595,0000000038bf9618,21.87
6608,2019-08-01T09:06:18Z,9843c6216661048343a0e49cf3d8aa2883cf77f452666a1c873a1052,60.16448,24.97323,0000000053c6c2be,7.69
6609,2019-08-01T09:06:18Z,9d03d14afa49576281aa26db60e517f7c1ec8aa36f7756959a860a8a,60.16629,24.95957,00000000fb7600be,11.7
6610,2019-08-01T09:06:18Z,a08cae03363d2e483a6ea717973088f4bd4276de96a9d438a7358ff4,60.16897,24.95222,00000000aa852af1,31.5
6611,2019-08-01T09:06:18Z,a91d379a4b57c5df22db0d7a041ff69f657b4b31f28554b1011fc03c,60.16544,24.95398,0000000038d83d41,31.5
6612,2019-08-01T09:06:18Z,a9da1ee82e3b670e276c26b483dd50f4a6d0c6f77ef82245d3ae6086,60.18203,24.91341,00000000342570c2,9.92
6613,2019-08-01T09:06:18Z,ab0f67c0c0e1ba5eac9013f9c314feadf340ddf08543b91e70483594,60.16544,24.95398,0000000038d83d41,21.87
6614,2019-08-01T09:06:18Z,b1f358076ba79ef902a36ca8ae3f8ec7c93308a67c479345bfdbdecf,60.1538,24.95595,0000000038bf9618,31.5
6615,2019-08-01T09:06:18Z,b33ae7715d6d2571066655c2c8954a5a364b5601869047de83410d9f,60.16629,24.95957,00000000fb7600be,23.56
6616,2019-08-01T09:06:18Z,b4faf2d3c4d2b199afeab6ab63b583fe3a2e81e14abbef6917f25129,60.15432,24.9211,0000000019fb59c4,16.1
6617,2019-08-01T09:06:18Z,b5fd6b317890e5ab2d79e2cd1abe61626d45a753c7337d0d40728898,60.16762,24.95415,000000006b44cce7,7.69
6618,2019-08-01T09:06:18Z,b986140b3339363c8bd5cc5eed0819ca5a421cb6e5b17c42ccf729f4,60.16829,24.94214,00000000afef4555,13.75
6619,2019-08-01T09:06:18Z,c40c37def6bf11a63a2556519a7c6233fd417cdeea2cf14f28e7c42c,60.16531,24.9442,00000000fdda10fe,14.89
6620,2019-08-01T09:06:18Z,cb65d9149ed0c4b936fa3dd930cf98d16ea7610207135a6f1689be01,60.18203,24.91341,00000000342570c2,25.36
6621,2019-08-01T09:06:18Z,ce783d3c1b06378e5c39c25687746a6f88fbb0ff2b36e3405fb61cf8,60.16762,24.95415,000000006b44cce7,20.28
6622,2019-08-01T09:06:18Z,cf05623e4d87ce0906c0b0b7dbf53aacc1228016cd27c341228b6e76,60.18203,24.91341,00000000342570c2,16.1
6623,2019-08-01T09:06:18Z,dd2c9c82cf3737146294aff6f814a1349fb0bc4bedf518715dacbe8f,60.18203,24.91341,00000000342570c2,18.79
6624,2019-08-01T09:06:18Z,ddc67f72e5e8f9a7d6b2da1da84e1837810b48e399bfa77518b37226,60.16531,24.9442,00000000fdda10fe,33.81
6625,2019-08-01T09:06:18Z,ec72ef080c605e71978aed0d3b5f22c3c3133677a43c614b72eedc6d,60.14699,24.922,00000000a53ed894,27.28
6626,2019-08-01T09:06:18Z,f1f7b52845876f30642a66e5014615e91d05b70e771d5ea25341dc8c,60.16448,24.97323,0000000053c6c2be,33.81
6627,2019-08-01T09:06:18Z,f22981c21af00fc334b3d8bdd523e23a50384666e97815f0ec1dc0ac,60.16897,24.95222,00000000aa852af1,9.92
6628,2019-08-01T09:06:18Z,f83d4b6b8ffbf8a674d212e32100b2360b80261b4e9207d77c0b0ed3,60.17919,24.95181,000000007b5207b6,12.69
6629,2019-08-01T09:06:18Z,f99c5dd8cc08bd2353083d875ce8bc585fb2c2ff8427b90d92f571de,60.1538,24.95595,0000000038bf9618,29.32
6630,2019-08-01T09:06:18Z,fc4f3a44235f1cfc7b53f14ba2da599976a5a0a220d23b852688e485,60.17919,24.95181,000000007b5207b6,11.7
6631,2019-08-01T09:06:18Z,00787dad708490660b0b836fa415681cc57046fa521c0c0aaea14a9e,60.16762,24.95415,000000006b44cce7,4.11
6632,2019-08-01T09:06:18Z,00d98e49fc01c16216b630f9fdf19ce9826d27552ce2fa4676de957b,60.16829,24.94214,00000000afef4555,13.75
6633,2019-08-01T09:06:18Z,011372b726688a0c953368b50bc5a1cb0212c17dbecc587d9f9d75ce,60.16629,24.95957,00000000fb7600be,20.28
6634,2019-08-01T09:06:18Z,02050a536056486b1bf139282f0d0a3af63def1d56ff0c73ac51bb19,60.14947,24.91438,000000004ef3150d,12.69
6635,2019-08-01T09:06:18Z,023083c44c772667f1727e01c74518889b2a82d78ceb28c08b6f8a20,60.16531,24.9442,00000000fdda10fe,10.78
6636,2019-08-01T09:06:18Z,0362cc670dcfab795a3911957b6a177416bf9b99d0e2732716796c4d,60.15432,24.9211,0000000019fb59c4,18.79
6637,2019-08-01T09:06:18Z,03f427d436ba092925de462b11374bdbdab0443620037675621fbc11,60.17918,24.95141,00000000675d5200,21.87
6638,2019-08-01T09:06:18Z,063935180fff0e58de5d319ecb9320cf794423e3c6aeac0cca8f1a9f,60.16897,24.95222,00000000aa852af1,10.78
6639,2019-08-01T09:06:18Z,08f9fd60f852d3502bfa509c955e9963e73954f961d55ba8cd46cae9,60.16629,24.95957,00000000fb7600be,12.69
6640,2019-08-01T09:06:18Z,0951ec0c700dba7330b8e8181fc852becde054d0dc7474d1488db3cd,60.17065,24.93641,000000000f4919c9,21.87
6641,2019-08-01T09:06:18Z,0b1e470de9987c18967cad858b6f79c135ffd2e9ad00bb9c470d0eb3,60.1538,24.95595,0000000038bf9618,27.28
6642,2019-08-01T09:06:18Z,0c1684b697a63d7f47ebaedcfa060b3b4af294fec1e62d613699291a,60.16897,24.95222,00000000aa852af1,4.94
6643,2019-08-01T09:06:18Z,0c2d3bdaf0e8a9d6efcf95298acb85805b31c1c6618f00dd4489dddb,60.16762,24.95415,000000006b44cce7,16.1
6644,2019-08-01T09:06:18Z,0f0a47457083121cf6392eb1d6d9a764f269d3c0e33d76403c446678,60.16829,24.94214,00000000afef4555,25.36
6645,2019-08-01T09:06:18Z,0f8637c1e98f21a79714a4d84d3453ac1b96b2bf4ef2361119067e39,60.16629,24.95957,00000000fb7600be,21.87
6646,2019-08-01T09:06:18Z,0fc3dcfc786a0b995f8e102ae37d87ee5da24053e3e634d4caaaa97f,60.17002,24.94407,000000006b087f40,27.28
6647,2019-08-01T09:06:18Z,104fa538ac0d60a9767adf904a9d871eb65a81fb8577bade30725347,60.16448,24.97323,0000000053c6c2be,21.87
6648,2019-08-01T09:06:18Z,1069967e3921871955b1b2b42e60f829c593a3e024401bfe61ae410e,60.16629,24.95957,00000000fb7600be,13.75
6649,2019-08-01T09:06:18Z,1074ffc7b33a1a8b54ea8f31d0f43ba07ed2ad7841b548f9bd4b9bad,60.17065,24.93641,000000000f4919c9,27.28
6650,2019-08-01T09:06:18Z,10d0fed0f7d40b253b5fc5a53297dc9af8bb76fa6f34d5e71383cb62,60.17919,24.95181,000000007b5207b6,21.87
6651,2019-08-01T09:06:18Z,12b9b313e577dbbb9619247e0a5ded14c2b56bede5b421cac44f9597,60.16448,24.97323,0000000053c6c2be,25.36
6652,2019-08-01T09:06:18Z,15b314157b22b2a5bf8a39539a049ce73e7baa21b0ce24f21718ce4a,60.17002,24.94407,000000006b087f40,11.7
6653,2019-08-01T09:06:18Z,16e18d478be872d2a9801fa885d08edeb3f5ae1840b38478f9baf535,60.17919,24.95181,000000007b5207b6,23.56
6654,2019-08-01T09:06:18Z,1880dcca5077d4ccd63084e82a411f0cb7abb12f9883625b046f2e24,60.16829,24.94214,00000000afef4555,16.1
6655,2019-08-01T09:06:18Z,188d2e17eacbe726e4d834ba5fdd055045b0b5a38b32ad73ea7c5d9f,60.16762,24.95415,000000006b44cce7,18.79
6656,2019-08-01T09:06:18Z,190cdde22bc3e3a41cd0f9da7efb3a917bc09e8034b05ca6064ea8a8,60.17919,24.95181,000000007b5207b6,21.87
6657,2019-08-01T09:06:18Z,1ad9bdffafbbf8933ab6b3b695988ad31df32a874eddbf84de369e78,60.16448,24.97323,0000000053c6c2be,25.36
6658,2019-08-01T09:06:18Z,1cfafdaa3ff1975bcf6f699641431e88775ba2183074d825eeb81dd3,60.149,24.9843,00000000fffb8cf0,14.89
6659,2019-08-01T09:06:18Z,1d70ff49909e1d6fb653ae053aa78084daf385dbbd2ad22b05707309,60.16829,24.94214,00000000afef4555,16.1
6660,2019-08-01T09:06:18Z,1da40c618e0432bb037d08723b65821f6223509e8b4033a4b4190047,60.17065,24.93641,000000000f4919c9,29.32
6661,2019-08-01T09:06:18Z,1dbecade1f3540eb44c3d86cb1ffc73d5bf422ea0cf76927c2d5cd74,60.16829,24.94214,00000000afef4555,17.4
6662,2019-08-01T09:06:18Z,1dcff36b6f83b08b6ea87c1c1018c542c270299839908ca446dffb39,60.16762,24.95415,000000006b44cce7,11.7
6663,2019-08-01T09:06:18Z,1e3af5697f0a2ae45f261da79e4ba71c868dc4d78008bd1995fe6259,60.16448,24.97323,0000000053c6c2be,16.1
6664,2019-08-01T09:06:18Z,1eadb2c1984aa73c3c2f13eab0a2e793331443c617681e36887f0bcc,60.16629,24.95957,00000000fb7600be,18.79
6665,2019-08-01T09:06:18Z,1ecbc7c6afe89033252e5510cbb893666af2b3bc29f555a3a6287fdb,60.14951,24.92138,0000000006dd41f6,3.09
6666,2019-08-01T09:06:18Z,1f813dc10021899138c12ca17c58ab3dc24db1750dcb1790f9c20e8f,60.15133,24.92329,00000000e8a064a4,17.4
6667,2019-08-01T09:06:18Z,20b37aa6c3ad0dfea9c182498905a450537b0efbbd8563b205e93afd,60.16897,24.95222,00000000aa852af1,23.56
6668,2019-08-01T09:06:18Z,227fd98ceb97d84d0c2c3af35c32cee7a87aea62d71b1a5353ae3588,60.17065,24.93641,000000000f4919c9,17.4
6669,2019-08-01T09:06:18Z,22ac1ab1c590ea19b44c61c42f5e8da29a6acbabf56676527811507a,60.15432,24.9211,0000000019fb59c4,17.4
6670,2019-08-01T09:06:18Z,22b68b1dc6e6d815ca8e6afbd434ae0e229670798c443052e7444648,60.16762,24.95415,000000006b44cce7,9.92
6671,2019-08-01T09:06:18Z,25479245e5a8b0fe47e2bd590cdd63256d84afd6c164781dc64e527d,60.149,24.9843,00000000fffb8cf0,5.91
6672,2019-08-01T09:06:18Z,25d340d14d855b8c18b2c6f2551ec98a1eb047d1fd3457ba881ddf28,60.17919,24.95181,000000007b5207b6,9.12
6673,2019-08-01T09:06:18Z,277fcf3cc917a89b46a34e0cf5164a78f5bcc88d92bb45ded60f1a91,60.17065,24.93641,000000000f4919c9,14.89
6674,2019-08-01T09:06:18Z,27b591b33a56a542440b53031a24f42290b0ec1a194af27700b75a3a,60.17918,24.95141,00000000675d5200,10.78
6675,2019-08-01T09:06:18Z,2823bf6afde4a5cc05342c15e7417c9590ba52264be5793bb688faab,60.17065,24.93641,000000000f4919c9,21.87
6676,2019-08-01T09:06:18Z,28296ae2b460df2f6807f8a84b81e5ebd24677a05bded29111dc33a4,60.17002,24.94407,000000006b087f40,23.56
6677,2019-08-01T09:06:18Z,28ce50ca84cdcd4c17a36ac666e7ac0267b6ab5b77f4bfb08b2573a1,60.16762,24.95415,000000006b44cce7,2.3
6678,2019-08-01T09:06:18Z,28d50861d92f962c7a49eabaa524431aebf52870e44b79f77d7167c6,60.17919,24.95181,000000007b5207b6,4.5
6679,2019-08-01T09:06:18Z,29ae3c5c3aeac0c607bc816f7e74c232a40142b79a52c43c7b1ed42f,60.16829,24.94214,00000000afef4555,18.79
6680,2019-08-01T09:06:18Z,2a8ba80ac4fbda4f91ebfa759642c857fd090516070753d41bb7d6ad,60.16829,24.94214,00000000afef4555,20.28
6681,2019-08-01T09:06:18Z,2afa9ac588b2c55e8edf99ee96ecaf63451a7ab1e51571b7e2d1d491,60.16762,24.95415,000000006b44cce7,4.5
6682,2019-08-01T09:06:18Z,2c6810efb2565383ca0a554f3c51f3f7905484357f5e00756dbf091a,60.17919,24.95181,000000007b5207b6,17.4
6683,2019-08-01T09:06:18Z,2c6f6440161f9061a850e8db96383d5eb111f0d1d8f0b666b7c49f22,60.16897,24.95222,00000000aa852af1,25.36
6684,2019-08-01T09:06:18Z,2ce64c0e9528d3f279fed5fca4841f69a8f6510583acdf2637eaa0a9,60.1538,24.95595,0000000038bf9618,31.5
6685,2019-08-01T09:06:18Z,2e94def094f120513b5a401acb099ee60415b5ba3a62dee97215f3b8,60.17065,24.93641,000000000f4919c9,14.89
6686,2019-08-01T09:06:18Z,2f43b7a683b0d365a46b6259a032813c293472eaedcdbcc3507adee5,60.17919,24.95181,000000007b5207b6,27.28
6687,2019-08-01T09:06:18Z,2f79108a454c0072885ad1447280ed5098d061b229eaae61a8bb67be,60.15432,24.9211,0000000019fb59c4,23.56
6688,2019-08-01T09:06:18Z,2f82b3546af2df53b58cddc668c9aa196554108cdf39120ea40b417c,60.16629,24.95957,00000000fb7600be,13.75
6689,2019-08-01T09:06:18Z,2fb6d9d46ec584d1f1d7b67e7650ff7a665788f4000a4b39dc16a4e1,60.16829,24.94214,00000000afef4555,23.56
6690,2019-08-01T09:06:18Z,3227dbecd3a095676006e4ad615dc2aea1f506c310c940230a15ac94,60.17919,24.95181,000000007b5207b6,20.28
6691,2019-08-01T09:06:18Z,32fcb1ab3a9fde533916ca28a0d5b56bbb45fd171dd5bae91f66ec6c,60.16897,24.95222,00000000aa852af1,12.69
6692,2019-08-01T09:06:18Z,3371cfaa0eed702110b1f5501d188c9e7424a2e018bb905af13896cc,60.16448,24.97323,0000000053c6c2be,23.56
6693,2019-08-01T09:06:18Z,33fa4cb82db5b44ffe6e7ae1039635187f90d1df328f8f139da0c693,60.17919,24.95181,000000007b5207b6,9.12
6694,2019-08-01T09:06:18Z,3480c16a6649952c388d8902596e332f018e609b9585f483353ae026,60.17065,24.93641,000000000f4919c9,3.4
6695,2019-08-01T09:06:18Z,34e96c7caa63e7ede8f428b18e8fb556ac235d61a50c9d6ac7ff268f,60.17919,24.95181,000000007b5207b6,6.46
6696,2019-08-01T09:06:18Z,3609f484ad7e56259f60a61aba44f22dfca5c8b2564fce7e802ad342,60.16829,24.94214,00000000afef4555,1.54
6697,2019-08-01T09:06:18Z,367b1989198ef11170dd9fcfa7e6ebb5ceb58aab87c613ee1bb86e8c,60.16531,24.9442,00000000fdda10fe,11.7
6698,2019-08-01T09:06:18Z,36ad599941ef5f8fe261bf8d0942a32c22483b301e53661bf17c9866,60.16829,24.94214,00000000afef4555,25.36
6699,2019-08-01T09:06:18Z,370e50e1f77aeb2782c892f70147b6a5749ecd7e9ee41036f693ba0a,60.16762,24.95415,000000006b44cce7,14.89
6700,2019-08-01T09:06:18Z,397e4b6a0e6c50fbb45ede1cb6e48156c508b36115e703cc5bac6e96,60.173,24.92524,0000000096918cfa,25.36
6701,2019-08-01T09:06:18Z,39c6456ee66fe96eee3d97cee2a70923cedb3da760bb5d4d413adb9c,60.17919,24.95181,000000007b5207b6,6.46
6702,2019-08-01T09:06:18Z,39e9fa7033887b7ab339887aa68753ff94d4771cda2bb8ff4ea7aa0a,60.17919,24.95181,000000007b5207b6,4.5
6703,2019-08-01T09:06:18Z,3a1afdcf7c2e5a52cdbcbbe29e8281c184037e8720920c6c75bee339,60.15133,24.92329,00000000e8a064a4,9.92
6704,2019-08-01T09:06:18Z,3a38ba36c098f2741d6c5fb5a751fcd074d05d698ac592ca09ab443c,60.16448,24.97323,0000000053c6c2be,29.32
6705,2019-08-01T09:06:18Z,3a97ae4dcab31eb5e15e5d036d286e9764e25bcf0ad8afcfba854c90,60.16762,24.95415,000000006b44cce7,8.38
6706,2019-08-01T09:06:18Z,3b124e1851087531134d5e5d0a10b6afe3551982609a81a19dd969dd,60.16829,24.94214,00000000afef4555,21.87
6707,2019-08-01T09:06:18Z,3be40c84926a525adbd09eeeb3a12b73b24c633942b2e1fbe8151ac3,60.16448,24.97323,0000000053c6c2be,13.75
6708,2019-08-01T09:06:18Z,3eea43670f4f29a90ced59c1af122371340275fb61ff8f14c7120658,60.16762,24.95415,000000006b44cce7,7.05
6709,2019-08-01T09:06:18Z,40646914186edc6142b7fc3daf766121b55f5bb36ea38facff686ea5,60.16897,24.95222,00000000aa852af1,23.56
6710,2019-08-01T09:06:18Z,40825cb0d315c92e0e0a73cc8e86c3b763bbf7ce226f112913e05e0f,60.17065,24.93641,000000000f4919c9,20.28
6711,2019-08-01T09:06:18Z,411f63100f0afed103b4e31b3544b8cf0c4c830902efe7da020562c4,60.16629,24.95957,00000000fb7600be,12.69
6712,2019-08-01T09:06:18Z,41a0ca2955e0ae0324f6e14aeb77ebfaac5305e31d86c42a20277b94,60.15133,24.92329,00000000e8a064a4,9.12
6713,2019-08-01T09:06:18Z,42844e90c7134ebb3ec325f57cd27cd24711c779548ebc8692a820d5,60.14951,24.92138,0000000006dd41f6,3.4
6714,2019-08-01T09:06:18Z,432417b4972b744ded3410777a6bbb583cf56172bf3436ddbe48a21d,60.16762,24.95415,000000006b44cce7,7.05
6715,2019-08-01T09:06:18Z,43e023a8726ec4c53a8cea6dcaa79e722da4677e37f3f6c9d3cc9873,60.16544,24.95398,0000000038d83d41,27.28
6716,2019-08-01T09:06:18Z,4470412c4b059a920f2699fbfb72b261e0847b3e1caa8c71d2edd5a2,60.16448,24.97323,0000000053c6c2be,17.4
6717,2019-08-01T09:06:18Z,4642dfa1df839f11e64f68bca4e3dce7bde2ff6dd68c54959fcb4788,60.17919,24.95181,000000007b5207b6,21.87
6718,2019-08-01T09:06:18Z,47bd1492244c444d45674eb48dd2e6f222cb109d820ba807c4e18c1a,60.16629,24.95957,00000000fb7600be,16.1
6719,2019-08-01T09:06:18Z,48004849b2f48b2314aa9175433d754db1641b949bb8cf050e2dd128,60.17918,24.95141,00000000675d5200,6.46
6720,2019-08-01T09:06:18Z,484bbaa5a9d6bdd2259f022b6ea4e3c290985c13a1286bd7142d878f,60.16762,24.95415,000000006b44cce7,7.05
6721,2019-08-01T09:06:18Z,48c0ea6615ac4c02fc9bc0e06f9ea9309f9bf7e73b4324d7a6b14610,60.16829,24.94214,00000000afef4555,3.09
6722,2019-08-01T09:06:18Z,49bbad87e4d6cd03bdb073bde7be91193d74d29943badce7fc536916,60.16448,24.97323,0000000053c6c2be,11.7
6723,2019-08-01T09:06:18Z,49df780a7f20a99ad2810fa4bbb46b5fac9bc5cbe3fc800cd572f63a,60.14947,24.91438,000000004ef3150d,23.56
6724,2019-08-01T09:06:18Z,4ade4f0d92c6157a42d7fd8e353d1c93551324ba47cc134b840a6c63,60.16897,24.95222,00000000aa852af1,5.41
6725,2019-08-01T09:06:18Z,4afcc27c652d3d50a44d060f84e33dd4b17529d982928dae936cf10f,60.16448,24.97323,0000000053c6c2be,27.28
6726,2019-08-01T09:06:18Z,4ba529eeafb27285cbbade6e5ece0d4d04bd2d13c98b27a5d17abd22,60.16897,24.95222,00000000aa852af1,4.94
6727,2019-08-01T09:06:18Z,4e5e16adfd317b7f9617f681099821bae42d6f0dca51dfd0957c65b4,60.16762,24.95415,000000006b44cce7,18.79
6728,2019-08-01T09:06:18Z,4f2ee410fae343924332b7c45d23df66786e3599cf001d739702393e,60.16762,24.95415,000000006b44cce7,16.1
6729,2019-08-01T09:06:18Z,504f910a0bd104a130b85d0c50467a15e74dc950bcc9eac3ebecc43e,60.16531,24.9442,00000000fdda10fe,20.28
6730,2019-08-01T09:06:18Z,51ec42fdd85671ae93876c3d875b24e56cb45699e9c3d2b623dca70d,60.16762,24.95415,000000006b44cce7,7.69
6731,2019-08-01T09:06:18Z,5372348389197e6c4bc4c5e3dab047e7384d562220e6295904bbda1b,60.17065,24.93641,000000000f4919c9,3.4
6732,2019-08-01T09:06:18Z,5385ddf78e929052bb12c39651fb3ff99e3642aa079d49f687b4c73c,60.16762,24.95415,000000006b44cce7,17.4
6733,2019-08-01T09:06:18Z,53fb53be4440aecb1a1fa63a9da1db08182cc7e252da14685e63373d,60.16762,24.95415,000000006b44cce7,8.38
6734,2019-08-01T09:06:18Z,54b89ed12e25892c9160e029a0379d61425b88db1aa30b06f9ea2d8b,60.17002,24.94407,000000006b087f40,23.56
6735,2019-08-01T09:06:18Z,54bd709173219e8017f317b63ecc83d0a48f64542e6fa1b83c86a56c,60.17919,24.95181,000000007b5207b6,7.69
6736,2019-08-01T09:06:18Z,556cae6b2e2dec6fe691a835e8e08bd016b1a65797c0aca46879329f,60.17919,24.95181,000000007b5207b6,9.92
6737,2019-08-01T09:06:18Z,559429bba23762a872fc7b1e2219d42125ab101e4355d43fdb94ed7b,60.17919,24.95181,000000007b5207b6,10.78
6738,2019-08-01T09:06:18Z,559e6a5225ce35ab844c63ea0d0c1695dc490a3d9cfbafa5d35ac8d8,60.14947,24.91438,000000004ef3150d,13.75
6739,2019-08-01T09:06:18Z,560816066eb4d44c34d0d56c57c994c0cccbd36fef545059b8e4d9d7,60.14947,24.91438,000000004ef3150d,8.38
6740,2019-08-01T09:06:18Z,5830a481876da00686f25b17dad06258a39212c0816ed04dda2df1bd,60.16531,24.9442,00000000fdda10fe,17.4
6741,2019-08-01T09:06:18Z,584cb0b0cdd14e608c8b57c8aecc9826f9b40027e365e2438a444ea2,60.16762,24.95415,000000006b44cce7,9.92
6742,2019-08-01T09:06:18Z,5865a27b5b56a60bca38e4a1403655e3e7fd0232a3ff2079965aff81,60.15432,24.9211,0000000019fb59c4,9.12
6743,2019-08-01T09:06:18Z,5978726eeef638856dafd3a8d199287f8daf9e90ddde750b402f8bb0,60.17065,24.93641,000000000f4919c9,0.59
6744,2019-08-01T09:06:18Z,5a34b02faac3189217466888ef1d31cc80f721ac2f18638c5db88d53,60.14947,24.91438,000000004ef3150d,17.4
6745,2019-08-01T09:06:18Z,5a8d671a78b976d212d9746d88b9a754a2d9c8341c529e88b7c6b8f4,60.17065,24.93641,000000000f4919c9,17.4
6746,2019-08-01T09:06:18Z,5b06617477af6dcee75a94ac347364b50f6f3b5b7d747e5413d9ad58,60.14947,24.91438,000000004ef3150d,12.69
6747,2019-08-01T09:06:18Z,5b24733f1e45af711e2eebfb97b6b1467ca5cf1f466e6c8add4f7935,60.16762,24.95415,000000006b44cce7,12.69
6748,2019-08-01T09:06:18Z,5c1f71098d5d7258d2971061c791c94e0138c8e02225c5f60d6a0428,60.149,24.9843,00000000fffb8cf0,20.28
6749,2019-08-01T09:06:18Z,5daa76852f3e1be6c75fa2185d5787ab9010cf83d6671515769a8649,60.16531,24.9442,00000000fdda10fe,25.36
6750,2019-08-01T09:06:18Z,5e2c5c20c88ccf362ed8749d1ddc041b1cb1c38d8dbeac7870179322,60.16629,24.95957,00000000fb7600be,5.41
6751,2019-08-01T09:06:18Z,6051ed50496b74a6ff68c86205d23971fcaccd6c91edfe7d78fa71b0,60.16897,24.95222,00000000aa852af1,23.56
6752,2019-08-01T09:06:18Z,6072bfb496e2b8a999c9edbda5b76fbc0e783ff2a439c4e6c881fabf,60.16829,24.94214,00000000afef4555,8.38
6753,2019-08-01T09:06:18Z,61e4465b011a94bbf6341adebb1aed56100967cac117b368910b36de,60.16544,24.95398,0000000038d83d41,23.56
6754,2019-08-01T09:06:18Z,626bf35ce16dba1054cfd175d09475d3ee751bf70e56f984ff5c7ab6,60.15133,24.92329,00000000e8a064a4,21.87
6755,2019-08-01T09:06:18Z,63ff2439779051005c18876d20ed53ce060c1de9d7976821bd518fc6,60.15432,24.9211,0000000019fb59c4,9.92
6756,2019-08-01T09:06:18Z,6470ee836399c5610581ec9de09772d350282ecc4c5c57fa02a5ec68,60.16075,24.95883,00000000f1124bca,27.28
6757,2019-08-01T09:06:18Z,65b6b62b547e11e10f7f83ad497446bee2bb9653097d9d62e9b1b817,60.17065,24.93641,000000000f4919c9,16.1
6758,2019-08-01T09:06:18Z,674355e17da9460e58566497be518f2eb537880c67c788fedb5067db,60.16629,24.95957,00000000fb7600be,11.7
6759,2019-08-01T09:06:18Z,685af6b01bd180194d718801bb8b9c9de22050cc392d6c6441fe986b,60.18203,24.91341,00000000342570c2,21.87
6760,2019-08-01T09:06:18Z,69e2854c78a472b462941ef730aa9fa7a9dba9c1cc22996396d4c78a,60.17919,24.95181,000000007b5207b6,9.92
6761,2019-08-01T09:06:18Z,6be747c7ea296d5a1f3e2942a6208d5f61fe895abb9a13c65372b130,60.16829,24.94214,00000000afef4555,17.4
6762,2019-08-01T09:06:18Z,6d5a8ded89f26533ed851d1a0894f0d9045e9cd4baed439f7d9a922b,60.16629,24.95957,00000000fb7600be,16.1
6763,2019-08-01T09:06:18Z,6d94a134d3b5f52416c91453c67615e480218e6db3a6004b1ba8a79e,60.16829,24.94214,00000000afef4555,23.56
6764,2019-08-01T09:06:18Z,6d98ac1fea7056e5b96d6095caf0e3677a4ec30e9fbcc2e50ae1cf65,60.16629,24.95957,00000000fb7600be,16.1
6765,2019-08-01T09:06:18Z,6dca84ddf4be668487766d17c5d13961ed713d24032f709ae87a497f,60.16829,24.94214,00000000afef4555,12.69
6766,2019-08-01T09:06:18Z,6e80fcea10d21e1d5e672b554c0f3fe686dc58934f38c3391fd5c262,60.17002,24.94407,000000006b087f40,20.28
6767,2019-08-01T09:06:18Z,6eb390f743af2f8f87ce6c2ab53228450ccce1d21de54f8abba160df,60.16829,24.94214,00000000afef4555,27.28
6768,2019-08-01T09:06:18Z,7003a7f6a5523b645634f014e04bea36016953a8af9324e35602bc2e,60.14947,24.91438,000000004ef3150d,11.7
6769,2019-08-01T09:06:18Z,704c3f3075f13713c363014fa828e4a932e7a05676813b9963a1e554,60.17919,24.95181,000000007b5207b6,9.92
6770,2019-08-01T09:06:18Z,70d391038ec56b63a3737605c2c1db6ffbdca8e4490691776dc993f1,60.16829,24.94214,00000000afef4555,3.74
6771,2019-08-01T09:06:18Z,7105a68b527be40338bcf13245fe1975a15988a3c557bbb24fd26422,60.16762,24.95415,000000006b44cce7,13.75
6772,2019-08-01T09:06:18Z,728325161f4ed691db3460f87a25ed4713580e50a53fd36dd265957f,60.16531,24.9442,00000000fdda10fe,18.79
6773,2019-08-01T09:06:18Z,7292a4a47ed655e0ce0ead026bb0ae4b8093342f87a9aed5665c1456,60.16762,24.95415,000000006b44cce7,10.78
6774,2019-08-01T09:06:18Z,72f088587da3409c5a4bec360a52a230a7551c3671441baaaabc6357,60.16829,24.94214,00000000afef4555,16.1
6775,2019-08-01T09:06:18Z,739ef3c62efff5786f0fff5d47de939dd4d7489abf44060c9cda448d,60.18203,24.91341,00000000342570c2,25.36
6776,2019-08-01T09:06:18Z,73ca0cb4c0b48a658aae88048c1f7dfa65e3a97d6d17a5d56e8e6232,60.16762,24.95415,000000006b44cce7,17.4
6777,2019-08-01T09:06:18Z,73d6b97f785fc0a0a9ed2a397fe1bf1cfa199679f6262451d10e0382,60.16762,24.95415,000000006b44cce7,25.36
6778,2019-08-01T09:06:18Z,75003dbce84bab66829b2489dc3bff3abc4ec7f1b136c28b0835fa0e,60.15133,24.92329,00000000e8a064a4,25.36
6779,2019-08-01T09:06:18Z,750297d0d8ff0ca837d9c2289c26302d62f38708617150431ab14509,60.16531,24.9442,00000000fdda10fe,18.79
6780,2019-08-01T09:06:18Z,7563b91d728fe470bc4d89aa18128a87b92c747336dd2c70cfbf9e84,60.1538,24.95595,0000000038bf9618,23.56
6781,2019-08-01T09:06:18Z,76f03fff95135c39d22122883f7bec6055397bafe069a7da12abcc1a,60.16544,24.95398,0000000038d83d41,23.56
6782,2019-08-01T09:06:18Z,774131d73accbbb31ec3c43c3501b7969645eb65df1839ca8116526e,60.15432,24.9211,0000000019fb59c4,10.78
6783,2019-08-01T09:06:18Z,7803e2d46157a5482e745447d4c2c332fbd818d87a20b0f6187c628d,60.17065,24.93641,000000000f4919c9,21.87
6784,2019-08-01T09:06:18Z,78047bec076b1b43b674f39aa6b605b1665404036da0e4dfac3c1e1e,60.14699,24.922,00000000a53ed894,29.32
6785,2019-08-01T09:06:18Z,7c1534082e86ff4387878d813207626d8f728aa26b97248e00a3b8d7,60.16629,24.95957,00000000fb7600be,14.89
6786,2019-08-01T09:06:18Z,7d12711d47425111a6dce413faa867542b9532f3b9c5a934b37a0bc8,60.17918,24.95141,00000000675d5200,21.87
6787,2019-08-01T09:06:18Z,7d415f4fd9093fb383b4ebb88961ad74e6a00d3ece39504712dad639,60.17919,24.95181,000000007b5207b6,20.28
6788,2019-08-01T09:06:18Z,7e2e3d07c939e3e76e7ce87678faf64e056afe54215e00488839100f,60.14947,24.91438,000000004ef3150d,20.28
6789,2019-08-01T09:06:18Z,7eb4a715919b3eb4085270535ce4d7b57112591ad7242eb189bf652a,60.17065,24.93641,000000000f4919c9,16.1
6790,2019-08-01T09:06:18Z,7f534fc0885ddf5a5c3814e4232de3356affd42f6c3560055079dc1c,60.16829,24.94214,00000000afef4555,14.89
6791,2019-08-01T09:06:18Z,7f59aaecea1eee6c703ec5d46d67b44289ddedf080defee495b73739,60.14947,24.91438,000000004ef3150d,13.75
6792,2019-08-01T09:06:18Z,7faf8705e89a761625aaed50b89538581e25d5950ec8f051d36ed829,60.14947,24.91438,000000004ef3150d,18.79
6793,2019-08-01T09:06:18Z,7fe96255e89da662cb4a10df4705f39989babea20fdc4ef0bf4fb395,60.14951,24.92138,0000000006dd41f6,18.79
6794,2019-08-01T09:06:18Z,809bf2d7a0745ae512b934a578fd5fd47c13c5398b6d06ad350b9e7c,60.14947,24.91438,000000004ef3150d,11.7
6795,2019-08-01T09:06:18Z,8165c5f8d06298ffd56f071c0ad1cc9f1d4f08084936937d712d0b61,60.15133,24.92329,00000000e8a064a4,29.32
6796,2019-08-01T09:06:18Z,81cabf0ecb3563f645298961619ca623084bb89ab4b7635ffe2de7c0,60.16829,24.94214,00000000afef4555,23.56
6797,2019-08-01T09:06:18Z,8292ad97931f6462dc056eb92748496c2cfa3e22dbad610514a2deab,60.17002,24.94407,000000006b087f40,25.36
6798,2019-08-01T09:06:18Z,82b78c2220aee81a2744ddfaf7ed29663888987dba6b7cdda05731d9,60.14947,24.91438,000000004ef3150d,12.69
6799,2019-08-01T09:06:18Z,880f9cbb91b9caf48ea9c5dd1a0c8e1db72922b6dfcb647b102fc469,60.16629,24.95957,00000000fb7600be,9.12
6800,2019-08-01T09:06:18Z,88c2bc6310f27465b9f08b28fb52075d7703ce7b097e5beb37c7437c,60.14947,24.91438,000000004ef3150d,16.1
6801,2019-08-01T09:06:18Z,898cde3317c73907bb23b1b885828c4bf3187c3a757a18dc32abe970,60.16762,24.95415,000000006b44cce7,9.92
6802,2019-08-01T09:06:18Z,89aeff56a0700534bbf2dfd19fc298f5a890c95e1a45b6ca7ad3c33a,60.16829,24.94214,00000000afef4555,10.78
6803,2019-08-01T09:06:18Z,8a01e28fd327e5c56dcf2dc8b2b7762a96d77584c21990a073ceb11f,60.16829,24.94214,00000000afef4555,1.7
6804,2019-08-01T09:06:18Z,8c571538c285dba9d77edacfb1829b282d54b772b62209c6e4004237,60.17919,24.95181,000000007b5207b6,11.7
6805,2019-08-01T09:06:18Z,8d5e893f77b3d167ebefad4ecab181fea08513599a6f9450f0b9a827,60.17919,24.95181,000000007b5207b6,12.69
6806,2019-08-01T09:06:18Z,8e20d0d67339e3cf43e77c3a340d9dc6766de8d079197a08a1343ff0,60.17065,24.93641,000000000f4919c9,18.79
6807,2019-08-01T09:06:18Z,8e6caf283696ed75a4aff0c3f528dad5878f6f4b82cbd3eae1164484,60.16897,24.95222,00000000aa852af1,18.79
6808,2019-08-01T09:06:18Z,939c459d913b0b38838071a0d13671e83e4a751f44624b21e84daa69,60.16762,24.95415,000000006b44cce7,8.38
6809,2019-08-01T09:06:18Z,941e13893853105c86bfbc6d31d62274937602143ce3bb530c8c17ed,60.17919,24.95181,000000007b5207b6,2.8
6810,2019-08-01T09:06:18Z,972dc7ab84b9c2b4fe9b48b53fdee1f8fc4a78ca70222d1b54c338c5,60.16829,24.94214,00000000afef4555,25.36
6811,2019-08-01T09:06:18Z,99a026b5100e23129fa529e9a57a3dbc8490dc03b58f2193f03e2dcf,60.14951,24.92138,0000000006dd41f6,5.91
6812,2019-08-01T09:06:18Z,9b3e6848d8b34e802134d6da0e5a594897ec3fafbbf08b6d0b84068e,60.17919,24.95181,000000007b5207b6,4.5
6813,2019-08-01T09:06:18Z,9bc129708b07f3c5bbf4195e83f0e5b9a663b6f371f416a8e3a605f0,60.16897,24.95222,00000000aa852af1,18.79
6814,2019-08-01T09:06:18Z,9bdb503344071eddd74d821f537246d8a6c19468b05d38d0170377f9,60.16897,24.95222,00000000aa852af1,7.69
6815,2019-08-01T09:06:18Z,9bef8b28ea93ecaee57d05b037edbfe7f80014aaf56343345fedd7be,60.17919,24.95181,000000007b5207b6,5.91
6816,2019-08-01T09:06:18Z,9ce214896068957a21bc57af08680d84debbd091b49ad5e6402c4cc8,60.16629,24.95957,00000000fb7600be,16.1
6817,2019-08-01T09:06:18Z,9e343a150f07bb3dcce5ecab8ac061b84d65b347b1af5a232e00eeb6,60.16829,24.94214,00000000afef4555,7.69
6818,2019-08-01T09:06:18Z,9eee6d740f1d483c484d02f0995f35550c09e6a8cf01f02680db5efc,60.16448,24.97323,0000000053c6c2be,14.89
6819,2019-08-01T09:06:18Z,a04214b56cac7d70680703ee6a28fac742f3c3190b55b46a79c1f76d,60.149,24.9843,00000000fffb8cf0,20.28
6820,2019-08-01T09:06:18Z,a09607edc17117a3069b79434e751f93a2a00d0d6f9aceb043e32074,60.16762,24.95415,000000006b44cce7,4.11
6821,2019-08-01T09:06:18Z,a2333053951d093ef490bcc3b9455fa0ed512421b5b597602785ab28,60.16531,24.9442,00000000fdda10fe,27.28
6822,2019-08-01T09:06:18Z,a2e761fd97d8bdf78601300822b531e306b9ab7a1a43b6bfb07eba52,60.14947,24.91438,000000004ef3150d,16.1
6823,2019-08-01T09:06:18Z,a38c11c450b472b9dad2f076e2d9a63651292d3de806331d06af7f46,60.16531,24.9442,00000000fdda10fe,17.4
6824,2019-08-01T09:06:18Z,a403dc1eebc5d130e12a4c3e4298737c9e00b25b1b6b2cc36a6979c9,60.16629,24.95957,00000000fb7600be,17.4
6825,2019-08-01T09:06:18Z,a47e8613674297dc49b26801b19d2110d009aaee57412f2127f3b093,60.16897,24.95222,00000000aa852af1,31.5
6826,2019-08-01T09:06:18Z,a66eb6150c36b53f6240acfe16dd98ceb16c43b8e02d0b56993bac73,60.16897,24.95222,00000000aa852af1,13.75
6827,2019-08-01T09:06:18Z,a6d0dd9de406b1201a4e438ec7c5f4a467f38c41e2dec42ff6c71d50,60.16897,24.95222,00000000aa852af1,17.4
6828,2019-08-01T09:06:18Z,a786eb3b8a25c58099a428799e99d0b86401f803ee38d3e5d20e59d3,60.15432,24.9211,0000000019fb59c4,9.92
6829,2019-08-01T09:06:18Z,a808962cb511e5ed2d23e6e33efe252b1be29dc1d2f7c6154817f04f,60.16448,24.97323,0000000053c6c2be,25.36
6830,2019-08-01T09:06:18Z,a83415babca8eac00f69a32371a230fdadda29bf40fd69f75cf2e8fb,60.17919,24.95181,000000007b5207b6,20.28
6831,2019-08-01T09:06:18Z,a83703c80a4d58db87327a53b0d3664d23edf7350ff6b0afaa49c530,60.16629,24.95957,00000000fb7600be,16.1
6832,2019-08-01T09:06:18Z,a837f2314938b1510f3b4cc5900d5d67bc7212d234d9fed1c64f3861,60.16762,24.95415,000000006b44cce7,16.1
6833,2019-08-01T09:06:18Z,a8ca7fb815e707c04434a085c4f99e783d56372143afc92225eae622,60.15133,24.92329,00000000e8a064a4,20.28
6834,2019-08-01T09:06:18Z,a982f65ed2c57aff3f744dba9f5e9ca929c81c14883516889898f207,60.16762,24.95415,000000006b44cce7,17.4
6835,2019-08-01T09:06:18Z,aa05a7036c3586a79d23f426b78bf158357208bc82d7ddf9a1326dd2,60.16531,24.9442,00000000fdda10fe,9.12
6836,2019-08-01T09:06:18Z,aa5281244780ac8f283c3452639d477cd76e31fc6f0b95b99c51a9b0,60.16762,24.95415,000000006b44cce7,1.88
6837,2019-08-01T09:06:18Z,ab615ee5bbf567aee3505fbb360d09fc6b851f93fb15aef778b57128,60.16531,24.9442,00000000fdda10fe,13.75
6838,2019-08-01T09:06:18Z,abf0be93e7a8aec9fa8284fdbcc2493f32084aa95f15660b23e149c6,60.16629,24.95957,00000000fb7600be,8.38
6839,2019-08-01T09:06:18Z,aca524ceb3c7373172ecd0d06b26e7d610d441f4a47ab78ae0ad3340,60.15133,24.92329,00000000e8a064a4,20.28
6840,2019-08-01T09:06:18Z,acbbe4765d72f36b0323407c7dbe43db7b4ad5e2da0a6a9e5966db0b,60.16897,24.95222,00000000aa852af1,12.69
6841,2019-08-01T09:06:18Z,acc35cd8a1bdbe1b45ec4095092dcace33acc09c7176a24ad41a01c8,60.16762,24.95415,000000006b44cce7,17.4
6842,2019-08-01T09:06:18Z,ad22512fd6a5ad9e19fdfad7e02b2793ecb01875be243f894c637ae2,60.16829,24.94214,00000000afef4555,14.89
6843,2019-08-01T09:06:18Z,af67ffa8b538058603b74f48e04ab914e8f6cd450f53c47f8c3d683d,60.15432,24.9211,0000000019fb59c4,7.69
6844,2019-08-01T09:06:18Z,afaed9946dbc1509500c6f80f87eed8fe44a74ba3e14328c6efe3971,60.16829,24.94214,00000000afef4555,23.56
6845,2019-08-01T09:06:18Z,b09e9bb62cc49c085c1aee3b752af1bec69dabc939323e5733f73933,60.17065,24.93641,000000000f4919c9,17.4
6846,2019-08-01T09:06:18Z,b2728a54ebd2991e59d91f96f73d376de0adccecfef1326c4f51b74a,60.16762,24.95415,000000006b44cce7,11.7
6847,2019-08-01T09:06:18Z,b28757d67868f9471f0d997a935e857fd0ff1095449820929597563b,60.16762,24.95415,000000006b44cce7,10.78
6848,2019-08-01T09:06:18Z,b32e57a6f5865a23d7a0e9fa346d5ec4e975f99c4df815fe8b1449b2,60.17919,24.95181,000000007b5207b6,7.69
6849,2019-08-01T09:06:18Z,b3d94dfd4a1393ebe6b450d53a8c1c172707ab9ae1ab42b50b5b31df,60.16829,24.94214,00000000afef4555,14.89
6850,2019-08-01T09:06:18Z,b50a45ac0708e7b5cca42f3458430eb22ff70a81c575bafe99ffda23,60.17002,24.94407,000000006b087f40,7.05
6851,2019-08-01T09:06:18Z,b5603e758440226e490d1d7d7271a7b0d5c261eccbad198f81110136,60.15432,24.9211,0000000019fb59c4,3.4
6852,2019-08-01T09:06:18Z,b69604356a52f2b1b9c5de09a350f42d87f5b969e3e824d8b6b2368f,60.16829,24.94214,00000000afef4555,13.75
6853,2019-08-01T09:06:18Z,b6b32d1744cab38523e13d061fa256f05d6e01d920275907327c3083,60.16829,24.94214,00000000afef4555,17.4
6854,2019-08-01T09:06:18Z,b6c43126ca83e916a68e57d0178060c24fc61305836b6c8f188f7285,60.17919,24.95181,000000007b5207b6,25.36
6855,2019-08-01T09:06:18Z,b6f0f4101a1a258dcb1d82d77ca91000694d4fed15bd882a8e3bfe66,60.149,24.9843,00000000fffb8cf0,14.89
6856,2019-08-01T09:06:18Z,b8fb70225ee0a2d655e2809da07a2f8cd2feb7295aa256f8b35fcf1e,60.16629,24.95957,00000000fb7600be,12.69
6857,2019-08-01T09:06:18Z,bb2187a4e20012ad694c768ef2c47c9a9055671024ebf4855d4e6243,60.16531,24.9442,00000000fdda10fe,1.25
6858,2019-08-01T09:06:18Z,bc6d5082ca52e6dae7a1689a835434f3f6341e90afea565480eb9674,60.16829,24.94214,00000000afef4555,16.1
6859,2019-08-01T09:06:18Z,bc82f76c979de19b559e9e3aa0cd6cbf5ac361e2d7b1ac9f81fe2f4f,60.17919,24.95181,000000007b5207b6,8.38
6860,2019-08-01T09:06:18Z,bd17e41f002acd238070518ccfb611a42561023ceaefde667bf6fa55,60.17002,24.94407,000000006b087f40,14.89
6861,2019-08-01T09:06:18Z,bd23c66c4df0bd849266a4429a24f23f2c9503cf31eb0cd9780248e6,60.18203,24.91341,00000000342570c2,27.28
6862,2019-08-01T09:06:18Z,be12d6aaccf354197284a8c92b960bd6a4e1705f7d948823e7891fde,60.16762,24.95415,000000006b44cce7,9.92
6863,2019-08-01T09:06:18Z,bf546b1abc8eba5c7f399f527508a7304dea62586aa297896d71ea5c,60.18203,24.91341,00000000342570c2,21.87
6864,2019-08-01T09:06:18Z,c004fa64cb7de7e87d3b91639ae5f95304fb1a90b0a0e927cea958af,60.16762,24.95415,000000006b44cce7,10.78
6865,2019-08-01T09:06:18Z,c154451b1999baeaa84dce2322d29c7f31ff05824a433589f309596e,60.16762,24.95415,000000006b44cce7,17.4
6866,2019-08-01T09:06:18Z,c1674c59c49d5bf74e6808239a91d18a04e47697d298bc61a7618af2,60.16448,24.97323,0000000053c6c2be,13.75
6867,2019-08-01T09:06:18Z,c375f2dac85f963c33b2daf76ffb0c32d2c8fd08172419336e308686,60.14947,24.91438,000000004ef3150d,21.87
6868,2019-08-01T09:06:18Z,c434f18b802a764aad7a2dfb46e93546acb1b0975cf9b93fd47363f6,60.15432,24.9211,0000000019fb59c4,17.4
6869,2019-08-01T09:06:18Z,c51beff15d228f2dab9416cadfcc60fe269ce3d9202a9cf2ec7e7647,60.16829,24.94214,00000000afef4555,16.1
6870,2019-08-01T09:06:18Z,c65c11ee6e8b5894ead3ea9b007a39127edb65a67be253aca6f78ed0,60.16448,24.97323,0000000053c6c2be,27.28
6871,2019-08-01T09:06:18Z,c71ca1a0d84d8b380a2d73e225e3300b3aaa1f0bf494129f8dbed55f,60.17918,24.95141,00000000675d5200,33.81
6872,2019-08-01T09:06:18Z,c872af9997af535c4615ee0b4194c7c8d644b7962afb3ca321eb386f,60.15133,24.92329,00000000e8a064a4,20.28
6873,2019-08-01T09:06:18Z,c8aef405537103b9d31a7e2dda43949f5844b9a36494f8defaf0d803,60.17002,24.94407,000000006b087f40,17.4
6874,2019-08-01T09:06:18Z,c98bce1cc275ed0a1b833011f8cd251ac848fdc84501fe87eb8b5d54,60.17918,24.95141,00000000675d5200,17.4
6875,2019-08-01T09:06:18Z,ca7719c7cd8d4496b666f608fc07ba9930e362a0b2d96890b0778618,60.16629,24.95957,00000000fb7600be,16.1
6876,2019-08-01T09:06:18Z,cc1fcf6550ac1eee3eceef1f35de652b641407007a7c0464ac54fdbd,60.16897,24.95222,00000000aa852af1,20.28
6877,2019-08-01T09:06:18Z,cccf3ba2a9d11b9330c18af8064a20aca9995473495bf119162a1619,60.16897,24.95222,00000000aa852af1,12.69
6878,2019-08-01T09:06:18Z,cdac044b0b1896d284492c14301798e2f2534db67c03cfbef7722fb3,60.17919,24.95181,000000007b5207b6,25.36
6879,2019-08-01T09:06:18Z,ce7de55c7709396c70ce5930097e84449a4889700e605a0b062aaeae,60.16531,24.9442,00000000fdda10fe,29.32
6880,2019-08-01T09:06:18Z,d062562fed5ad0a61560e267310beb0b717d2a1e2a11d1d575507861,60.16897,24.95222,00000000aa852af1,13.75
6881,2019-08-01T09:06:18Z,d0ae4fabf429edbfdad59f8183cc6e5929f68633315448c9b83d4c16,60.16762,24.95415,000000006b44cce7,9.92
6882,2019-08-01T09:06:18Z,d16e16def718519430296afa23976c226aaf720722bce3d92a2aad43,60.14947,24.91438,000000004ef3150d,21.87
6883,2019-08-01T09:06:18Z,d29a5ebd00326d5dedb6c60cab75fd238bdaa9d7f703f6b5974edbc7,60.16762,24.95415,000000006b44cce7,9.92
6884,2019-08-01T09:06:18Z,d31d6921eee92503b486a1b30f5330581c4744a82e6549f375544846,60.17919,24.95181,000000007b5207b6,21.87
6885,2019-08-01T09:06:18Z,d562afdedae521be241c98441e436608a323fdb944dedc24c835e762,60.17065,24.93641,000000000f4919c9,4.11
6886,2019-08-01T09:06:18Z,d653ef8368d33df4fc7edeb5a381d5826be1471f1470aa9744d47901,60.173,24.92524,0000000096918cfa,3.74
6887,2019-08-01T09:06:18Z,d65b8625c1f24304ff0e3c4a4dce7aa5d434d36be87be41834a49420,60.16531,24.9442,00000000fdda10fe,4.5
6888,2019-08-01T09:06:18Z,d6e217c6592e449e2390b1a874e08cbc9126116901dbdbf84501c6b8,60.17065,24.93641,000000000f4919c9,9.12
6889,2019-08-01T09:06:18Z,d74ea3c9e0aaa523c791aa01f4f9a7c1c43f01f585dc4146b19edf83,60.17919,24.95181,000000007b5207b6,4.94
6890,2019-08-01T09:06:18Z,d80b1d1a63e542cbbdb6a33c8fba0b0dcfa324d17f2f3173c3d5a37b,60.18203,24.91341,00000000342570c2,21.87
6891,2019-08-01T09:06:18Z,d81eea3c8bf927d879268dc01665b897d48eecc647bbf61f91f37a33,60.16544,24.95398,0000000038d83d41,20.28
6892,2019-08-01T09:06:18Z,d87c4d5dc2cd620de54fdd076d4f9b35245053d65b644d9e01f558b5,60.16762,24.95415,000000006b44cce7,7.05
6893,2019-08-01T09:06:18Z,d983db67d9cd171123ba12eeb19c11f34a3ad1d75fc9214ac3ae8a26,60.17002,24.94407,000000006b087f40,18.79
6894,2019-08-01T09:06:18Z,d9f8ff1809ebe23c7e68bb1cbb1aa6fdfaf22375abf2962da2d7cfab,60.16531,24.9442,00000000fdda10fe,17.4
6895,2019-08-01T09:06:18Z,dbedd81db3d59ee0c6948187e396a34e2fa5dd6670cf8d862bf5e1ff,60.16762,24.95415,000000006b44cce7,7.05
6896,2019-08-01T09:06:18Z,dc786895c819070347a0a268463f0a8b15f5eec1647f016a9e78e9e0,60.1538,24.95595,0000000038bf9618,29.32
6897,2019-08-01T09:06:18Z,ddae2128c72cf011df2a698a8254b8738fd07a971349ea8a5e8bfa9f,60.16829,24.94214,00000000afef4555,20.28
6898,2019-08-01T09:06:18Z,deb8a213e1b4930e676ee8fdb394161ec46adb785171fa37437b4d44,60.15133,24.92329,00000000e8a064a4,7.69
6899,2019-08-01T09:06:18Z,ded712413bfc7de58a469fab75498089b2c3c6b5e0c9cae260102284,60.16829,24.94214,00000000afef4555,10.78
6900,2019-08-01T09:06:18Z,dfe80baf219bd267a459c954a8e3027b3f1ed29fea2a5355456d5652,60.16897,24.95222,00000000aa852af1,17.4
6901,2019-08-01T09:06:18Z,e0fe7fe5854899c0eb42b75b300339808143419404558ed4d00b0f17,60.17918,24.95141,00000000675d5200,7.69
6902,2019-08-01T09:06:18Z,e234769b1ce1634554f5fa4a290d11b2a30c3dfd009d4c39a2e9dd3d,60.17065,24.93641,000000000f4919c9,23.56
6903,2019-08-01T09:06:18Z,e264983196ca00fbd29e4314431b47c9908296a2f9182852bbd61a38,60.16448,24.97323,0000000053c6c2be,33.81
6904,2019-08-01T09:06:18Z,e2bb0ae74deee6cbc4f50c5f85da3f1779ca1db1ae7ff48ab4b33dbc,60.17918,24.95141,00000000675d5200,11.7
6905,2019-08-01T09:06:18Z,e2f445c6711e0e7d48a6a045bec347587f9f398e8928a171cfa2ca38,60.16762,24.95415,000000006b44cce7,9.92
6906,2019-08-01T09:06:18Z,e2f8b065913423b6cd370ba12adba60bad68b6ff2a97fbcb1d1614bf,60.16897,24.95222,00000000aa852af1,27.28
6907,2019-08-01T09:06:18Z,e3f844c56875bd572c3b57a835b884f1060b467d3bbd25c50dcc7e28,60.16762,24.95415,000000006b44cce7,7.69
6908,2019-08-01T09:06:18Z,e528235be3e5cc4945024d50d1ed43061e2e2f2845f2b41e081e1721,60.17919,24.95181,000000007b5207b6,4.11
6909,2019-08-01T09:06:18Z,e5cad8bb9a6c8dcc067948d7f869033aca5bdd062da175c8734092e6,60.17919,24.95181,000000007b5207b6,5.91
6910,2019-08-01T09:06:18Z,e60dfd6fdae0694da3bbaca41506bcb6ca5f3ac39a1801d84a65751e,60.16762,24.95415,000000006b44cce7,13.75
6911,2019-08-01T09:06:18Z,e73dcccbc4dd6af49316f19a34c347cc94ff7ab079a93a2672d78a16,60.14947,24.91438,000000004ef3150d,27.28
6912,2019-08-01T09:06:18Z,e8add7e8346b99cd4b67924113f3763441a1899897c6d1ac3a1a40a6,60.17919,24.95181,000000007b5207b6,9.92
6913,2019-08-01T09:06:18Z,e9064a62fac257836cb6fbcf0d84fab1ebdfa46bd6734632f1e6f116,60.16829,24.94214,00000000afef4555,17.4
6914,2019-08-01T09:06:18Z,e979a153601f7520f54d4733fe91f75f154c8f1c08dc3408dbba5345,60.15432,24.9211,0000000019fb59c4,17.4
6915,2019-08-01T09:06:18Z,e9e1a66ce9f699fc1713bb44cd67a332f584f0c51d18774fc72b8eea,60.16762,24.95415,000000006b44cce7,12.69
6916,2019-08-01T09:06:18Z,ea3f8412ed9c4d92448688dd9cc7ff9e3eeb5fe4373d0953bf0349c1,60.16531,24.9442,00000000fdda10fe,23.56
6917,2019-08-01T09:06:18Z,ea94130fbb3464dc656765cfddbad802ddfafb1af8007cb5f42cd41f,60.16829,24.94214,00000000afef4555,14.89
6918,2019-08-01T09:06:18Z,eaf572301dc5c1eaff007bc1886cce8f0f5e92a233b8686ed2a1a9cc,60.17065,24.93641,000000000f4919c9,20.28
6919,2019-08-01T09:06:18Z,ec2dd83e04d225caca9f6b9d28bd3080ed37c5bf42e5f65123fa2394,60.17065,24.93641,000000000f4919c9,9.92
6920,2019-08-01T09:06:18Z,ec7121833f0e4b509d683b00a9c5e992e4b84882cb857145102e14f4,60.16531,24.9442,00000000fdda10fe,1.88
6921,2019-08-01T09:06:18Z,ec8c0160ac1ee5aeaf6204956c9db2ee4f98f55ae3fe1ec0af07fab8,60.16762,24.95415,000000006b44cce7,11.7
6922,2019-08-01T09:06:18Z,ed86f884272a5a400b55bfd4f22bc8cc5d6fca7fe26eee3c39cb3c52,60.15432,24.9211,0000000019fb59c4,13.75
6923,2019-08-01T09:06:18Z,ef67b9e4617f284b84167b4bdaff71108579a33ced0a2450ff25a1a1,60.16629,24.95957,00000000fb7600be,9.12
6924,2019-08-01T09:06:18Z,f03d20d6bb80ce0745cb0fbed6619e0a6288bfffd08e9aabce1692ba,60.17065,24.93641,000000000f4919c9,17.4
6925,2019-08-01T09:06:18Z,f0b4802903d697c3b49479616aac73d360b2d79f0d20e072b412cce9,60.16762,24.95415,000000006b44cce7,16.1
6926,2019-08-01T09:06:18Z,f1447725764ec0dca245fc67f2aa0a0c42e6b05808076aa74f0c1e7e,60.17919,24.95181,000000007b5207b6,12.69
6927,2019-08-01T09:06:18Z,f18c0c32d067aecf5602d70693ac888cab1be6dbb0d154be5153dfcc,60.16829,24.94214,00000000afef4555,23.56
6928,2019-08-01T09:06:18Z,f1b28329fc91f4708ca34857c5582c0bf1b7d0ab06127746029cd72c,60.17919,24.95181,000000007b5207b6,3.74
6929,2019-08-01T09:06:18Z,f20935810c1567a80c288016c4d4dd32fe86b3479f47ae7dd64d15cc,60.15432,24.9211,0000000019fb59c4,4.11
6930,2019-08-01T09:06:18Z,f2a253f2741501e675bd4bc055e22329fb09089d8bbe9813fc170cdb,60.16762,24.95415,000000006b44cce7,13.75
6931,2019-08-01T09:06:18Z,f3c6a2bb5be085108c62fb127b7ce4713fc276a52c88992d182025ee,60.16897,24.95222,00000000aa852af1,29.32
6932,2019-08-01T09:06:18Z,f4587b90aec9127805880f7c81fc03b9fb513fe363015399b895089f,60.16829,24.94214,00000000afef4555,27.28
6933,2019-08-01T09:06:18Z,f4bbc3077da0455d4340da2eed204915327b75a792080724548b4956,60.17919,24.95181,000000007b5207b6,4.94
6934,2019-08-01T09:06:18Z,f503a41d3e8b9b57628f4f061c1d8e0c53c62dd8a6fe38d212958ee6,60.16075,24.95883,00000000f1124bca,10.78
6935,2019-08-01T09:06:18Z,f50fd3b1715a94dff67461f4b8f252ecaa6acc16459b3d021f34f15e,60.1538,24.95595,0000000038bf9618,36.27
6936,2019-08-01T09:06:18Z,f587de6c8c03387c5e6a66cd7d20c45abad3668c8e2246611122547b,60.14947,24.91438,000000004ef3150d,23.56
6937,2019-08-01T09:06:18Z,f65d3110b508f50688a970043fd573f9fa05a0dbad4c2e07a1fec923,60.16829,24.94214,00000000afef4555,25.36
6938,2019-08-01T09:06:18Z,f6cf28e5c5a403b1d1d98d925536c19ef5861ddbd1a345e11d477896,60.18203,24.91341,00000000342570c2,25.36
6939,2019-08-01T09:06:18Z,f803aeb1f00a057ed31451d0f3d132f27fec17305dc699176ac5339a,60.16897,24.95222,00000000aa852af1,9.92
6940,2019-08-01T09:06:18Z,f9e527876f8dfe750fd29bc42664bbf572aed5d09d344a8934a83d90,60.17065,24.93641,000000000f4919c9,3.74
6941,2019-08-01T09:06:18Z,fa1a3814c680b20020a08346c37ee2853e895984574575312bf262e7,60.14947,24.91438,000000004ef3150d,33.81
6942,2019-08-01T09:06:18Z,fa9f19c58a086fde9429d732b1eec80eacf5fc1b2c0124d17243d008,60.17919,24.95181,000000007b5207b6,20.28
6943,2019-08-01T09:06:18Z,fba6e66dd09200012637e0b454c96fd7a5459b7e8b0ba01863cdbd77,60.16762,24.95415,000000006b44cce7,2.8
6944,2019-08-01T09:06:18Z,fc75e05a713e8733c512a31a3bebec0a122af3e7afb2c5059c3f1a3a,60.17002,24.94407,000000006b087f40,10.78
6945,2019-08-01T09:06:19Z,0fff89885f08417f20aadfdbf62a372277e9085bcd024374b772ecac,60.16531,24.9442,00000000fdda10fe,23.56
6946,2019-08-01T09:06:19Z,144afc51fc2443c7031a2912566eff2ce60226a49d6d2bd7c2923700,60.16544,24.95398,0000000038d83d41,20.28
6947,2019-08-01T09:06:19Z,14c7e1511b70f4dd3359cbece1377aebb4d70531f5489eefe53d7c3c,60.16544,24.95398,0000000038d83d41,27.28
6948,2019-08-01T09:06:19Z,15918569de0a46a8eb56b43d8d39f7fc82619ff1006f00822c85745c,60.17918,24.95141,00000000675d5200,2.3
6949,2019-08-01T09:06:19Z,165ebbb4090d47319ae370f0d0854fdc1f6b79499f8b2e4d3c3533c0,60.16544,24.95398,0000000038d83d41,27.28
6950,2019-08-01T09:06:19Z,171d0bf49a26400390df42bc1c9af98d9279bf8ccee92f39288845e1,60.16762,24.95415,000000006b44cce7,3.74
6951,2019-08-01T09:06:19Z,1951291ca064d0fb480d958037c1477427d2ca8db455fef0b741bf9f,60.16448,24.97323,0000000053c6c2be,25.36
6952,2019-08-01T09:06:19Z,1f0f0628cdc688d76bde2b82bee5b9b4916bf0bbdfe76cf3213e1c65,60.15432,24.9211,0000000019fb59c4,13.75
6953,2019-08-01T09:06:19Z,2a93b61a3863ace54349d7a0937e4134fcc6d4dfcf064eefae2b7cf8,60.15432,24.9211,0000000019fb59c4,20.28
6954,2019-08-01T09:06:19Z,2f33dacc8bf2b0b809b88130b46696c922929e1eb8ea92017f05509a,60.16448,24.97323,0000000053c6c2be,20.28
6955,2019-08-01T09:06:19Z,5b91abc1d452431fdb7bc15f638eee91a54034b6327f40e58ccacda6,60.14947,24.91438,000000004ef3150d,29.32
6956,2019-08-01T09:06:19Z,5d65719c4cbf045f068d084b72302f447d5fd034413d97d13be00d0e,60.18203,24.91341,00000000342570c2,21.87
6957,2019-08-01T09:06:19Z,6a657079c1bdc8114c289be1ddd83e5846d4279a920d1697b8ff0033,60.18203,24.91341,00000000342570c2,20.28
6958,2019-08-01T09:06:19Z,6d22b751ff5173035dc85c52c3dff0780126adae67fe33dc62dd45ef,60.16531,24.9442,00000000fdda10fe,23.56
6959,2019-08-01T09:06:19Z,6ff437688c444238352c28f64f9d2a7d0f14d19c9ea42c225380501e,60.16762,24.95415,000000006b44cce7,11.7
6960,2019-08-01T09:06:19Z,76c7f42283513d0e289bf786d89463b5025b2ae0f4e13519a4cf228b,60.15432,24.9211,0000000019fb59c4,20.28
6961,2019-08-01T09:06:19Z,78d5f60b36b59c06c3988b94e11744bb3aed5dcbc214f91f228bf892,60.16448,24.97323,0000000053c6c2be,21.87
6962,2019-08-01T09:06:19Z,84fdfd8881f633c5f0c71c1480053953ca4b05e848052d97c063ad38,60.1538,24.95595,0000000038bf9618,25.36
6963,2019-08-01T09:06:19Z,87dfaad29a9276ddddb1fa021d3bc23ad14824c1af16f7d87e713689,60.14951,24.92138,0000000006dd41f6,9.92
6964,2019-08-01T09:06:19Z,8c75c3289c84fe4493e1e272a77b615fe1985880c5dc68a7c1a17b53,60.16762,24.95415,000000006b44cce7,11.7
6965,2019-08-01T09:06:19Z,8cc6ddaa460aeae8cc9e8a33f91a01c8cd4c0c8bf8a943210a28c84d,60.1538,24.95595,0000000038bf9618,16.1
6966,2019-08-01T09:06:19Z,9843c6216661048343a0e49cf3d8aa2883cf77f452666a1c873a1052,60.16448,24.97323,0000000053c6c2be,10.78
6967,2019-08-01T09:06:19Z,9d03d14afa49576281aa26db60e517f7c1ec8aa36f7756959a860a8a,60.16629,24.95957,00000000fb7600be,12.69
6968,2019-08-01T09:06:19Z,a91d379a4b57c5df22db0d7a041ff69f657b4b31f28554b1011fc03c,60.16544,24.95398,0000000038d83d41,33.81
6969,2019-08-01T09:06:19Z,a9da1ee82e3b670e276c26b483dd50f4a6d0c6f77ef82245d3ae6086,60.18203,24.91341,00000000342570c2,14.89
6970,2019-08-01T09:06:19Z,ab0f67c0c0e1ba5eac9013f9c314feadf340ddf08543b91e70483594,60.16544,24.95398,0000000038d83d41,25.36
6971,2019-08-01T09:06:19Z,b1f358076ba79ef902a36ca8ae3f8ec7c93308a67c479345bfdbdecf,60.1538,24.95595,0000000038bf9618,31.5
6972,2019-08-01T09:06:19Z,b4faf2d3c4d2b199afeab6ab63b583fe3a2e81e14abbef6917f25129,60.15432,24.9211,0000000019fb59c4,29.32
6973,2019-08-01T09:06:19Z,b5fd6b317890e5ab2d79e2cd1abe61626d45a753c7337d0d40728898,60.16762,24.95415,000000006b44cce7,7.69
6974,2019-08-01T09:06:19Z,ba42c72ea7c2663b3ea5044faf12173ab18e523dc35de0e24bf374ac,60.16544,24.95398,0000000038d83d41,27.28
6975,2019-08-01T09:06:19Z,c0fc984aaabfa27a2173a0a540e05b43fa0fa2e03f530aa33146030c,60.16829,24.94214,00000000afef4555,21.87
6976,2019-08-01T09:06:19Z,ce783d3c1b06378e5c39c25687746a6f88fbb0ff2b36e3405fb61cf8,60.16762,24.95415,000000006b44cce7,17.4
6977,2019-08-01T09:06:19Z,cf05623e4d87ce0906c0b0b7dbf53aacc1228016cd27c341228b6e76,60.18203,24.91341,00000000342570c2,18.79
6978,2019-08-01T09:06:19Z,d178749a24c32676d0da0f51ae6ff63c456499d4b1814af8fa75ca9e,60.16448,24.97323,0000000053c6c2be,8.38
6979,2019-08-01T09:06:19Z,dd2c9c82cf3737146294aff6f814a1349fb0bc4bedf518715dacbe8f,60.18203,24.91341,00000000342570c2,13.75
6980,2019-08-01T09:06:19Z,ec72ef080c605e71978aed0d3b5f22c3c3133677a43c614b72eedc6d,60.14699,24.922,00000000a53ed894,31.5
6981,2019-08-01T09:06:19Z,ed70dda6b7faebd4340dacdb452ab224d9d3c308df417b7fa76f54e8,60.14951,24.92138,0000000006dd41f6,23.56
6982,2019-08-01T09:06:19Z,f22981c21af00fc334b3d8bdd523e23a50384666e97815f0ec1dc0ac,60.16897,24.95222,00000000aa852af1,12.69
6983,2019-08-01T09:06:19Z,f83d4b6b8ffbf8a674d212e32100b2360b80261b4e9207d77c0b0ed3,60.17918,24.95141,00000000675d5200,3.74
6984,2019-08-01T09:06:19Z,f99c5dd8cc08bd2353083d875ce8bc585fb2c2ff8427b90d92f571de,60.1538,24.95595,0000000038bf9618,29.32
6985,2019-08-01T09:06:19Z,fc4f3a44235f1cfc7b53f14ba2da599976a5a0a220d23b852688e485,60.17918,24.95141,00000000675d5200,20.28
6986,2019-08-01T09:06:19Z,00d98e49fc01c16216b630f9fdf19ce9826d27552ce2fa4676de957b,60.16829,24.94214,00000000afef4555,14.89
6987,2019-08-01T09:06:19Z,02050a536056486b1bf139282f0d0a3af63def1d56ff0c73ac51bb19,60.14947,24.91438,000000004ef3150d,12.69
6988,2019-08-01T09:06:19Z,023083c44c772667f1727e01c74518889b2a82d78ceb28c08b6f8a20,60.16531,24.9442,00000000fdda10fe,9.92
6989,2019-08-01T09:06:19Z,026928824d256a4f984eb8bfc77dcce6e2d481694782a80cb69ac2a6,60.16531,24.9442,00000000fdda10fe,27.28
6990,2019-08-01T09:06:19Z,028149b8bfaf37d1f064cb0b4f23ae118f00d8eff41679fb8830396a,60.16531,24.9442,00000000fdda10fe,27.28
6991,2019-08-01T09:06:19Z,0362cc670dcfab795a3911957b6a177416bf9b99d0e2732716796c4d,60.15432,24.9211,0000000019fb59c4,12.69
6992,2019-08-01T09:06:19Z,03f427d436ba092925de462b11374bdbdab0443620037675621fbc11,60.17918,24.95141,00000000675d5200,18.79
6993,2019-08-01T09:06:19Z,0483eb7342f4e704caa76b9bc3d6a7bd836282960dafc2c756247134,60.16762,24.95415,000000006b44cce7,10.78
6994,2019-08-01T09:06:19Z,063935180fff0e58de5d319ecb9320cf794423e3c6aeac0cca8f1a9f,60.16897,24.95222,00000000aa852af1,10.78
6995,2019-08-01T09:06:19Z,0734aa9d45f98eb8e1cc23fdf3a04a296b23370cc5bef016a0c76053,60.16829,24.94214,00000000afef4555,27.28
6996,2019-08-01T09:06:19Z,08f9fd60f852d3502bfa509c955e9963e73954f961d55ba8cd46cae9,60.16629,24.95957,00000000fb7600be,9.92
6997,2019-08-01T09:06:19Z,09cfe3ccea2138f9a7a14b633026c75879d915955e4d18d8913efebf,60.14951,24.92138,0000000006dd41f6,27.28
6998,2019-08-01T09:06:19Z,0c1684b697a63d7f47ebaedcfa060b3b4af294fec1e62d613699291a,60.16897,24.95222,00000000aa852af1,4.5
6999,2019-08-01T09:06:19Z,0e62c7194170ff5abcdede8e7bb2dc9370e053dcd7957fc62f077453,60.16829,24.94214,00000000afef4555,20.28
7000,2019-08-01T09:06:19Z,0f8e18e52422d7fb71594f8dbfc8bb5ae986eb9f664407f954e275b4,60.16762,24.95415,000000006b44cce7,7.69
7001,2019-08-01T09:06:19Z,0fc3dcfc786a0b995f8e102ae37d87ee5da24053e3e634d4caaaa97f,60.17002,24.94407,000000006b087f40,16.1
7002,2019-08-01T09:06:19Z,0feb7de3b58597dd266ed606e8d3b6e2e4e0be942b17c15be984f51c,60.14951,24.92138,0000000006dd41f6,25.36
7003,2019-08-01T09:06:19Z,1069967e3921871955b1b2b42e60f829c593a3e024401bfe61ae410e,60.16629,24.95957,00000000fb7600be,14.89
7004,2019-08-01T09:06:19Z,141ffc858c3ea6a2e69c954115114304736a35dc25ec947323090dc0,60.16762,24.95415,000000006b44cce7,4.11
7005,2019-08-01T09:06:19Z,15a3cdd20e3ce88c179a07d78a2d5fdda854b0fef8441d8cb3aebde8,60.17065,24.93641,000000000f4919c9,27.28
7006,2019-08-01T09:06:19Z,15b314157b22b2a5bf8a39539a049ce73e7baa21b0ce24f21718ce4a,60.17002,24.94407,000000006b087f40,18.79
7007,2019-08-01T09:06:19Z,16e18d478be872d2a9801fa885d08edeb3f5ae1840b38478f9baf535,60.17919,24.95181,000000007b5207b6,20.28
7008,2019-08-01T09:06:19Z,1880dcca5077d4ccd63084e82a411f0cb7abb12f9883625b046f2e24,60.16829,24.94214,00000000afef4555,20.28
7009,2019-08-01T09:06:19Z,1a057a74ec50ab7dac4f29547e82a9c7f37192d592a42f63379e1d8f,60.16448,24.97323,0000000053c6c2be,23.56
7010,2019-08-01T09:06:19Z,1b68a6bcf7b740e0c437e0976d4900f31368afcb2c757bba30e0a249,60.16829,24.94214,00000000afef4555,27.28
7011,2019-08-01T09:06:19Z,1cfafdaa3ff1975bcf6f699641431e88775ba2183074d825eeb81dd3,60.149,24.9843,00000000fffb8cf0,14.89
7012,2019-08-01T09:06:19Z,1d70ff49909e1d6fb653ae053aa78084daf385dbbd2ad22b05707309,60.16829,24.94214,00000000afef4555,9.92
7013,2019-08-01T09:06:19Z,1dacfb371d75dd4f90f447aac2a00faad98beb4188a6971c19eb2375,60.16629,24.95957,00000000fb7600be,20.28
7014,2019-08-01T09:06:19Z,1dbecade1f3540eb44c3d86cb1ffc73d5bf422ea0cf76927c2d5cd74,60.16829,24.94214,00000000afef4555,20.28
7015,2019-08-01T09:06:19Z,1dcff36b6f83b08b6ea87c1c1018c542c270299839908ca446dffb39,60.16762,24.95415,000000006b44cce7,10.78
7016,2019-08-01T09:06:19Z,1e3af5697f0a2ae45f261da79e4ba71c868dc4d78008bd1995fe6259,60.16448,24.97323,0000000053c6c2be,27.28
7017,2019-08-01T09:06:19Z,1ecbc7c6afe89033252e5510cbb893666af2b3bc29f555a3a6287fdb,60.14951,24.92138,0000000006dd41f6,4.94
7018,2019-08-01T09:06:19Z,1f813dc10021899138c12ca17c58ab3dc24db1750dcb1790f9c20e8f,60.15133,24.92329,00000000e8a064a4,21.87
7019,2019-08-01T09:06:19Z,20b37aa6c3ad0dfea9c182498905a450537b0efbbd8563b205e93afd,60.16897,24.95222,00000000aa852af1,23.56
7020,2019-08-01T09:06:19Z,227fd98ceb97d84d0c2c3af35c32cee7a87aea62d71b1a5353ae3588,60.17065,24.93641,000000000f4919c9,17.4
7021,2019-08-01T09:06:19Z,2283762fe3af8329ae65aec44de728da8f383810e9f2a3d3b84fa031,60.16897,24.95222,00000000aa852af1,17.4
7022,2019-08-01T09:06:19Z,22ac1ab1c590ea19b44c61c42f5e8da29a6acbabf56676527811507a,60.15432,24.9211,0000000019fb59c4,13.75
7023,2019-08-01T09:06:19Z,25479245e5a8b0fe47e2bd590cdd63256d84afd6c164781dc64e527d,60.149,24.9843,00000000fffb8cf0,4.94
7024,2019-08-01T09:06:19Z,2552cb43d7990bde838673115a742078e343ce93f96257728311655d,60.16897,24.95222,00000000aa852af1,18.79
7025,2019-08-01T09:06:19Z,25d340d14d855b8c18b2c6f2551ec98a1eb047d1fd3457ba881ddf28,60.17918,24.95141,00000000675d5200,13.75
7026,2019-08-01T09:06:19Z,277fcf3cc917a89b46a34e0cf5164a78f5bcc88d92bb45ded60f1a91,60.17065,24.93641,000000000f4919c9,4.94
7027,2019-08-01T09:06:19Z,27b591b33a56a542440b53031a24f42290b0ec1a194af27700b75a3a,60.17918,24.95141,00000000675d5200,21.87
7028,2019-08-01T09:06:19Z,2823bf6afde4a5cc05342c15e7417c9590ba52264be5793bb688faab,60.17065,24.93641,000000000f4919c9,21.87
7029,2019-08-01T09:06:19Z,28296ae2b460df2f6807f8a84b81e5ebd24677a05bded29111dc33a4,60.17002,24.94407,000000006b087f40,27.28
7030,2019-08-01T09:06:19Z,2832565094d8e4bd54c7a2442ac8807d97669bc460c1cb75a831bbb8,60.16762,24.95415,000000006b44cce7,10.78
7031,2019-08-01T09:06:19Z,28ce50ca84cdcd4c17a36ac666e7ac0267b6ab5b77f4bfb08b2573a1,60.16762,24.95415,000000006b44cce7,2.3
7032,2019-08-01T09:06:19Z,28d50861d92f962c7a49eabaa524431aebf52870e44b79f77d7167c6,60.17919,24.95181,000000007b5207b6,4.5
7033,2019-08-01T09:06:19Z,29ae3c5c3aeac0c607bc816f7e74c232a40142b79a52c43c7b1ed42f,60.16829,24.94214,00000000afef4555,18.79
7034,2019-08-01T09:06:19Z,2afa9ac588b2c55e8edf99ee96ecaf63451a7ab1e51571b7e2d1d491,60.16762,24.95415,000000006b44cce7,4.11
7035,2019-08-01T09:06:19Z,2c1dcbe1930bbd0596b8dea9e2abc4e49a10db5a1fbd25f103aaf5a4,60.16762,24.95415,000000006b44cce7,11.7
7036,2019-08-01T09:06:19Z,2c6810efb2565383ca0a554f3c51f3f7905484357f5e00756dbf091a,60.17918,24.95141,00000000675d5200,2.54
7037,2019-08-01T09:06:19Z,2c6f6440161f9061a850e8db96383d5eb111f0d1d8f0b666b7c49f22,60.16897,24.95222,00000000aa852af1,31.5
7038,2019-08-01T09:06:19Z,2e94def094f120513b5a401acb099ee60415b5ba3a62dee97215f3b8,60.17065,24.93641,000000000f4919c9,11.7
7039,2019-08-01T09:06:19Z,2f43b7a683b0d365a46b6259a032813c293472eaedcdbcc3507adee5,60.17918,24.95141,00000000675d5200,16.1
7040,2019-08-01T09:06:19Z,2f79108a454c0072885ad1447280ed5098d061b229eaae61a8bb67be,60.15432,24.9211,0000000019fb59c4,20.28
7041,2019-08-01T09:06:19Z,2f82b3546af2df53b58cddc668c9aa196554108cdf39120ea40b417c,60.16629,24.95957,00000000fb7600be,5.91
7042,2019-08-01T09:06:19Z,2fb6d9d46ec584d1f1d7b67e7650ff7a665788f4000a4b39dc16a4e1,60.16829,24.94214,00000000afef4555,21.87
7043,2019-08-01T09:06:19Z,312e78d3624e87e1645e7d54f96facd8a2321d6e65a3ef0620fb1d42,60.16531,24.9442,00000000fdda10fe,21.87
7044,2019-08-01T09:06:19Z,31b02b3b271f6feef9e49d9285929ff1c25a11e608fc5d70bc6a1fac,60.16897,24.95222,00000000aa852af1,23.56
7045,2019-08-01T09:06:19Z,32fcb1ab3a9fde533916ca28a0d5b56bbb45fd171dd5bae91f66ec6c,60.16897,24.95222,00000000aa852af1,11.7
7046,2019-08-01T09:06:19Z,33fa4cb82db5b44ffe6e7ae1039635187f90d1df328f8f139da0c693,60.17918,24.95141,00000000675d5200,2.08
7047,2019-08-01T09:06:19Z,3480c16a6649952c388d8902596e332f018e609b9585f483353ae026,60.17065,24.93641,000000000f4919c9,3.09
7048,2019-08-01T09:06:19Z,34e96c7caa63e7ede8f428b18e8fb556ac235d61a50c9d6ac7ff268f,60.17919,24.95181,000000007b5207b6,7.05
7049,2019-08-01T09:06:19Z,36011295d5b140258bdadb8420c41283e71383c047c9f598678f4b55,60.16762,24.95415,000000006b44cce7,21.87
7050,2019-08-01T09:06:19Z,3609f484ad7e56259f60a61aba44f22dfca5c8b2564fce7e802ad342,60.16829,24.94214,00000000afef4555,4.11
7051,2019-08-01T09:06:19Z,367b1989198ef11170dd9fcfa7e6ebb5ceb58aab87c613ee1bb86e8c,60.16531,24.9442,00000000fdda10fe,9.92
7052,2019-08-01T09:06:19Z,36fe97cd2ec69118778c771a87593630f8a6a2cb77d9ce72f845cd3c,60.16762,24.95415,000000006b44cce7,9.12
7053,2019-08-01T09:06:19Z,397e4b6a0e6c50fbb45ede1cb6e48156c508b36115e703cc5bac6e96,60.173,24.92524,0000000096918cfa,29.32
7054,2019-08-01T09:06:19Z,39c6456ee66fe96eee3d97cee2a70923cedb3da760bb5d4d413adb9c,60.17918,24.95141,00000000675d5200,2.54
7055,2019-08-01T09:06:19Z,39e9fa7033887b7ab339887aa68753ff94d4771cda2bb8ff4ea7aa0a,60.17918,24.95141,00000000675d5200,12.69
7056,2019-08-01T09:06:19Z,3a1afdcf7c2e5a52cdbcbbe29e8281c184037e8720920c6c75bee339,60.15133,24.92329,00000000e8a064a4,8.38
7057,2019-08-01T09:06:19Z,3a2f1a2c6c645bd161943b3f19c171d021512d7a8c4273ed3022f5df,60.16829,24.94214,00000000afef4555,23.56
7058,2019-08-01T09:06:19Z,3a97ae4dcab31eb5e15e5d036d286e9764e25bcf0ad8afcfba854c90,60.16762,24.95415,000000006b44cce7,5.91
7059,2019-08-01T09:06:19Z,3b124e1851087531134d5e5d0a10b6afe3551982609a81a19dd969dd,60.16829,24.94214,00000000afef4555,16.1
7060,2019-08-01T09:06:19Z,3b72559f8671f9bc77441302cc7d3167d5e13c8c4fb0a19edf83bed1,60.16629,24.95957,00000000fb7600be,23.56
7061,2019-08-01T09:06:19Z,3be40c84926a525adbd09eeeb3a12b73b24c633942b2e1fbe8151ac3,60.16448,24.97323,0000000053c6c2be,14.89
7062,2019-08-01T09:06:19Z,3c864716e211395e6a02802fbf80abb7b7c4519243bea4994fca7720,60.16762,24.95415,000000006b44cce7,13.75
7063,2019-08-01T09:06:19Z,3eea43670f4f29a90ced59c1af122371340275fb61ff8f14c7120658,60.16762,24.95415,000000006b44cce7,8.38
7064,2019-08-01T09:06:19Z,40825cb0d315c92e0e0a73cc8e86c3b763bbf7ce226f112913e05e0f,60.17065,24.93641,000000000f4919c9,31.5
7065,2019-08-01T09:06:19Z,411f63100f0afed103b4e31b3544b8cf0c4c830902efe7da020562c4,60.16629,24.95957,00000000fb7600be,13.75
7066,2019-08-01T09:06:19Z,41a0ca2955e0ae0324f6e14aeb77ebfaac5305e31d86c42a20277b94,60.15133,24.92329,00000000e8a064a4,20.28
7067,2019-08-01T09:06:19Z,42844e90c7134ebb3ec325f57cd27cd24711c779548ebc8692a820d5,60.14951,24.92138,0000000006dd41f6,3.74
7068,2019-08-01T09:06:19Z,432417b4972b744ded3410777a6bbb583cf56172bf3436ddbe48a21d,60.16762,24.95415,000000006b44cce7,11.7
7069,2019-08-01T09:06:19Z,4393fccdbc9fb22fab14f03ea52183ad558bcd436202e69f56a7b77a,60.16762,24.95415,000000006b44cce7,10.78
7070,2019-08-01T09:06:19Z,43e023a8726ec4c53a8cea6dcaa79e722da4677e37f3f6c9d3cc9873,60.16544,24.95398,0000000038d83d41,20.28
7071,2019-08-01T09:06:19Z,44cd682aaef3e1d1bc2b0eac71d75bb3a951f74d7c93810d260dfd07,60.16829,24.94214,00000000afef4555,20.28
7072,2019-08-01T09:06:19Z,4642dfa1df839f11e64f68bca4e3dce7bde2ff6dd68c54959fcb4788,60.17918,24.95141,00000000675d5200,7.69
7073,2019-08-01T09:06:19Z,4682d95464cedcc021f38271a51bab9c000762b4acf802070e259ba2,60.16629,24.95957,00000000fb7600be,5.41
7074,2019-08-01T09:06:19Z,484bbaa5a9d6bdd2259f022b6ea4e3c290985c13a1286bd7142d878f,60.16762,24.95415,000000006b44cce7,8.38
7075,2019-08-01T09:06:19Z,48c0ea6615ac4c02fc9bc0e06f9ea9309f9bf7e73b4324d7a6b14610,60.16829,24.94214,00000000afef4555,5.41
7076,2019-08-01T09:06:19Z,49bbad87e4d6cd03bdb073bde7be91193d74d29943badce7fc536916,60.16448,24.97323,0000000053c6c2be,5.41
7077,2019-08-01T09:06:19Z,49df780a7f20a99ad2810fa4bbb46b5fac9bc5cbe3fc800cd572f63a,60.14947,24.91438,000000004ef3150d,20.28
7078,2019-08-01T09:06:19Z,49f30a741207cbfec775d36d911b5e67735df0f53762d3d5e0de05a8,60.16531,24.9442,00000000fdda10fe,23.56
7079,2019-08-01T09:06:19Z,4ade4f0d92c6157a42d7fd8e353d1c93551324ba47cc134b840a6c63,60.16897,24.95222,00000000aa852af1,8.38
7080,2019-08-01T09:06:19Z,4ba529eeafb27285cbbade6e5ece0d4d04bd2d13c98b27a5d17abd22,60.16897,24.95222,00000000aa852af1,3.4
7081,2019-08-01T09:06:19Z,4e2a3b0277341537d1d4cde8e18ee4562952168aa2f7aff200f33c02,60.16629,24.95957,00000000fb7600be,13.75
7082,2019-08-01T09:06:19Z,4e5e16adfd317b7f9617f681099821bae42d6f0dca51dfd0957c65b4,60.16762,24.95415,000000006b44cce7,14.89
7083,2019-08-01T09:06:19Z,4f609afde0ba5cb017ba3c549bdd11ff322a2e0227a0f11a9d112220,60.16762,24.95415,000000006b44cce7,11.7
7084,2019-08-01T09:06:19Z,4fb4a3650a2a28469dde9c537458d24411aa6075666e047dd756fba9,60.17919,24.95181,000000007b5207b6,31.5
7085,2019-08-01T09:06:19Z,5022acdb28a01d1a0b2077fc89c77bde277b7dd4f079b4fea30f75b9,60.16629,24.95957,00000000fb7600be,16.1
7086,2019-08-01T09:06:19Z,504f910a0bd104a130b85d0c50467a15e74dc950bcc9eac3ebecc43e,60.16531,24.9442,00000000fdda10fe,16.1
7087,2019-08-01T09:06:19Z,5143af775374504a931805df3b7bc0712b2401f6a3ea2c49fd69cf6f,60.16829,24.94214,00000000afef4555,17.4
7088,2019-08-01T09:06:19Z,51ec42fdd85671ae93876c3d875b24e56cb45699e9c3d2b623dca70d,60.16762,24.95415,000000006b44cce7,9.12
7089,2019-08-01T09:06:19Z,52dafb8d2f758077fde6a37220aa103d803e9c58d64ac234a45708ee,60.16531,24.9442,00000000fdda10fe,27.28
7090,2019-08-01T09:06:19Z,5372348389197e6c4bc4c5e3dab047e7384d562220e6295904bbda1b,60.17065,24.93641,000000000f4919c9,4.94
7091,2019-08-01T09:06:19Z,53d8fd3162d3b72ea9f77159ab356b46d40de1758d6388e60fe70985,60.16629,24.95957,00000000fb7600be,21.87
7092,2019-08-01T09:06:19Z,53fb53be4440aecb1a1fa63a9da1db08182cc7e252da14685e63373d,60.16762,24.95415,000000006b44cce7,9.12
7093,2019-08-01T09:06:19Z,54b89ed12e25892c9160e029a0379d61425b88db1aa30b06f9ea2d8b,60.17002,24.94407,000000006b087f40,25.36
7094,2019-08-01T09:06:19Z,54bd709173219e8017f317b63ecc83d0a48f64542e6fa1b83c86a56c,60.17919,24.95181,000000007b5207b6,8.38
7095,2019-08-01T09:06:19Z,556cae6b2e2dec6fe691a835e8e08bd016b1a65797c0aca46879329f,60.17919,24.95181,000000007b5207b6,7.05
7096,2019-08-01T09:06:19Z,559429bba23762a872fc7b1e2219d42125ab101e4355d43fdb94ed7b,60.17918,24.95141,00000000675d5200,6.46
7097,2019-08-01T09:06:19Z,559e6a5225ce35ab844c63ea0d0c1695dc490a3d9cfbafa5d35ac8d8,60.14947,24.91438,000000004ef3150d,9.12
7098,2019-08-01T09:06:19Z,57ce2ff7da47050689b3a97be36b0e0f481dc4e87d42df594f74bc2c,60.16829,24.94214,00000000afef4555,23.56
7099,2019-08-01T09:06:19Z,584cb0b0cdd14e608c8b57c8aecc9826f9b40027e365e2438a444ea2,60.16762,24.95415,000000006b44cce7,11.7
7100,2019-08-01T09:06:19Z,5865a27b5b56a60bca38e4a1403655e3e7fd0232a3ff2079965aff81,60.15432,24.9211,0000000019fb59c4,11.7
7101,2019-08-01T09:06:19Z,5978726eeef638856dafd3a8d199287f8daf9e90ddde750b402f8bb0,60.17065,24.93641,000000000f4919c9,0.41
7102,2019-08-01T09:06:19Z,5a34b02faac3189217466888ef1d31cc80f721ac2f18638c5db88d53,60.14947,24.91438,000000004ef3150d,12.69
7103,2019-08-01T09:06:19Z,5a8d671a78b976d212d9746d88b9a754a2d9c8341c529e88b7c6b8f4,60.17065,24.93641,000000000f4919c9,17.4
7104,2019-08-01T09:06:19Z,5b06617477af6dcee75a94ac347364b50f6f3b5b7d747e5413d9ad58,60.14947,24.91438,000000004ef3150d,9.12
7105,2019-08-01T09:06:19Z,5b87e95c530abdc4b86908a134da58f9ddf2a72683102dcad78799da,60.16531,24.9442,00000000fdda10fe,18.79
7106,2019-08-01T09:06:19Z,5c1f71098d5d7258d2971061c791c94e0138c8e02225c5f60d6a0428,60.149,24.9843,00000000fffb8cf0,18.79
7107,2019-08-01T09:06:19Z,5e2c5c20c88ccf362ed8749d1ddc041b1cb1c38d8dbeac7870179322,60.16629,24.95957,00000000fb7600be,9.92
7108,2019-08-01T09:06:19Z,6072bfb496e2b8a999c9edbda5b76fbc0e783ff2a439c4e6c881fabf,60.16829,24.94214,00000000afef4555,7.69
7109,2019-08-01T09:06:19Z,619c5b31af2a28703a837cc7974ef0d2c5bb6584ba0fcc03076218ac,60.17002,24.94407,000000006b087f40,18.79
7110,2019-08-01T09:06:19Z,61e4465b011a94bbf6341adebb1aed56100967cac117b368910b36de,60.16544,24.95398,0000000038d83d41,23.56
7111,2019-08-01T09:06:19Z,626bf35ce16dba1054cfd175d09475d3ee751bf70e56f984ff5c7ab6,60.15133,24.92329,00000000e8a064a4,27.28
7112,2019-08-01T09:06:19Z,63ff2439779051005c18876d20ed53ce060c1de9d7976821bd518fc6,60.15432,24.9211,0000000019fb59c4,10.78
7113,2019-08-01T09:06:19Z,6470ee836399c5610581ec9de09772d350282ecc4c5c57fa02a5ec68,60.16075,24.95883,00000000f1124bca,23.56
7114,2019-08-01T09:06:19Z,648f993da1de9bc56017d18aad25895e4cf79c7f38da67de8e86dd54,60.16829,24.94214,00000000afef4555,23.56
7115,2019-08-01T09:06:19Z,65b6b62b547e11e10f7f83ad497446bee2bb9653097d9d62e9b1b817,60.17065,24.93641,000000000f4919c9,5.41
7116,2019-08-01T09:06:19Z,674355e17da9460e58566497be518f2eb537880c67c788fedb5067db,60.16629,24.95957,00000000fb7600be,9.12
7117,2019-08-01T09:06:19Z,67cf7d2881080aa59ed36a6d88ea1946d17e9d1d5e1ad9eee1851969,60.18203,24.91341,00000000342570c2,9.92
7118,2019-08-01T09:06:19Z,685af6b01bd180194d718801bb8b9c9de22050cc392d6c6441fe986b,60.18203,24.91341,00000000342570c2,20.28
7119,2019-08-01T09:06:19Z,69e2854c78a472b462941ef730aa9fa7a9dba9c1cc22996396d4c78a,60.17918,24.95141,00000000675d5200,4.5
7120,2019-08-01T09:06:19Z,6adce4d05e58232a97635a2fd7918e4e49d9295afc0989d727f9c712,60.17002,24.94407,000000006b087f40,17.4
7121,2019-08-01T09:06:19Z,6be747c7ea296d5a1f3e2942a6208d5f61fe895abb9a13c65372b130,60.16829,24.94214,00000000afef4555,20.28
7122,2019-08-01T09:06:19Z,6d5a8ded89f26533ed851d1a0894f0d9045e9cd4baed439f7d9a922b,60.16629,24.95957,00000000fb7600be,12.69
7123,2019-08-01T09:06:19Z,6d98ac1fea7056e5b96d6095caf0e3677a4ec30e9fbcc2e50ae1cf65,60.16629,24.95957,00000000fb7600be,9.92
7124,2019-08-01T09:06:19Z,6dca84ddf4be668487766d17c5d13961ed713d24032f709ae87a497f,60.16829,24.94214,00000000afef4555,18.79
7125,2019-08-01T09:06:19Z,6e80fcea10d21e1d5e672b554c0f3fe686dc58934f38c3391fd5c262,60.17002,24.94407,000000006b087f40,17.4
7126,2019-08-01T09:06:19Z,6f616e6334d0ed70e5ea15408a51e9daf643369911d94d76830a7d65,60.16544,24.95398,0000000038d83d41,21.87
7127,2019-08-01T09:06:19Z,7003a7f6a5523b645634f014e04bea36016953a8af9324e35602bc2e,60.14947,24.91438,000000004ef3150d,11.7
7128,2019-08-01T09:06:19Z,704c3f3075f13713c363014fa828e4a932e7a05676813b9963a1e554,60.17918,24.95141,00000000675d5200,2.8
7129,2019-08-01T09:06:19Z,70d391038ec56b63a3737605c2c1db6ffbdca8e4490691776dc993f1,60.16829,24.94214,00000000afef4555,7.05
7130,2019-08-01T09:06:19Z,728325161f4ed691db3460f87a25ed4713580e50a53fd36dd265957f,60.16531,24.9442,00000000fdda10fe,23.56
7131,2019-08-01T09:06:19Z,7283c4d2fe45c53905b540a5180dc566f6f964a8e1482c9611e7d7a2,60.15133,24.92329,00000000e8a064a4,29.32
7132,2019-08-01T09:06:19Z,7292a4a47ed655e0ce0ead026bb0ae4b8093342f87a9aed5665c1456,60.16762,24.95415,000000006b44cce7,8.38
7133,2019-08-01T09:06:19Z,72f088587da3409c5a4bec360a52a230a7551c3671441baaaabc6357,60.16829,24.94214,00000000afef4555,12.69
7134,2019-08-01T09:06:19Z,750297d0d8ff0ca837d9c2289c26302d62f38708617150431ab14509,60.16531,24.9442,00000000fdda10fe,16.1
7135,2019-08-01T09:06:19Z,75049fff3ffe95cf5b5e0535038134cb40d495916403fefb6d657a50,60.16762,24.95415,000000006b44cce7,17.4
7136,2019-08-01T09:06:19Z,7563b91d728fe470bc4d89aa18128a87b92c747336dd2c70cfbf9e84,60.1538,24.95595,0000000038bf9618,23.56
7137,2019-08-01T09:06:19Z,76c2f7b3773d4bebd4dabada1c2b98fe4ea9762e9c98b4a6371d7746,60.16762,24.95415,000000006b44cce7,9.12
7138,2019-08-01T09:06:19Z,7700297fec4982ad776529835e2ab46d4e5cbc889e26f368c19efeef,60.16829,24.94214,00000000afef4555,18.79
7139,2019-08-01T09:06:19Z,774131d73accbbb31ec3c43c3501b7969645eb65df1839ca8116526e,60.15432,24.9211,0000000019fb59c4,10.78
7140,2019-08-01T09:06:19Z,7803e2d46157a5482e745447d4c2c332fbd818d87a20b0f6187c628d,60.17065,24.93641,000000000f4919c9,21.87
7141,2019-08-01T09:06:19Z,78a9535148d256e36a93dcce58f6dac7864c3bcd43b255c37291aa30,60.17002,24.94407,000000006b087f40,21.87
7142,2019-08-01T09:06:19Z,79ab7360fcf828dc88bd416dd77fc12910178e0213dd5fb4336ea257,60.16897,24.95222,00000000aa852af1,23.56
7143,2019-08-01T09:06:19Z,7c1534082e86ff4387878d813207626d8f728aa26b97248e00a3b8d7,60.16629,24.95957,00000000fb7600be,17.4
7144,2019-08-01T09:06:19Z,7cd51189de07d01882cf0a9346f0830a9b21764875334d45e143fbd5,60.17002,24.94407,000000006b087f40,16.1
7145,2019-08-01T09:06:19Z,7d12711d47425111a6dce413faa867542b9532f3b9c5a934b37a0bc8,60.17918,24.95141,00000000675d5200,18.79
7146,2019-08-01T09:06:19Z,7d415f4fd9093fb383b4ebb88961ad74e6a00d3ece39504712dad639,60.17918,24.95141,00000000675d5200,16.1
7147,2019-08-01T09:06:19Z,7e2e3d07c939e3e76e7ce87678faf64e056afe54215e00488839100f,60.14947,24.91438,000000004ef3150d,18.79
7148,2019-08-01T09:06:19Z,7eb4a715919b3eb4085270535ce4d7b57112591ad7242eb189bf652a,60.17065,24.93641,000000000f4919c9,12.69
7149,2019-08-01T09:06:19Z,7f534fc0885ddf5a5c3814e4232de3356affd42f6c3560055079dc1c,60.16829,24.94214,00000000afef4555,7.05
7150,2019-08-01T09:06:19Z,7f59aaecea1eee6c703ec5d46d67b44289ddedf080defee495b73739,60.14947,24.91438,000000004ef3150d,9.92
7151,2019-08-01T09:06:19Z,7faf8705e89a761625aaed50b89538581e25d5950ec8f051d36ed829,60.14947,24.91438,000000004ef3150d,20.28
7152,2019-08-01T09:06:19Z,7fe96255e89da662cb4a10df4705f39989babea20fdc4ef0bf4fb395,60.14951,24.92138,0000000006dd41f6,29.32
7153,2019-08-01T09:06:19Z,809bf2d7a0745ae512b934a578fd5fd47c13c5398b6d06ad350b9e7c,60.14947,24.91438,000000004ef3150d,12.69
7154,2019-08-01T09:06:19Z,8165c5f8d06298ffd56f071c0ad1cc9f1d4f08084936937d712d0b61,60.15133,24.92329,00000000e8a064a4,21.87
7155,2019-08-01T09:06:19Z,82b78c2220aee81a2744ddfaf7ed29663888987dba6b7cdda05731d9,60.14947,24.91438,000000004ef3150d,16.1
7156,2019-08-01T09:06:19Z,87f1cc4c4a9de1ab81fe39cf7fde6cf0d4778e690f1665b62231ce46,60.149,24.9843,00000000fffb8cf0,27.28
7157,2019-08-01T09:06:19Z,880f9cbb91b9caf48ea9c5dd1a0c8e1db72922b6dfcb647b102fc469,60.16629,24.95957,00000000fb7600be,14.89
7158,2019-08-01T09:06:19Z,88c2bc6310f27465b9f08b28fb52075d7703ce7b097e5beb37c7437c,60.14947,24.91438,000000004ef3150d,14.89
7159,2019-08-01T09:06:19Z,898cde3317c73907bb23b1b885828c4bf3187c3a757a18dc32abe970,60.16762,24.95415,000000006b44cce7,7.69
7160,2019-08-01T09:06:19Z,89aeff56a0700534bbf2dfd19fc298f5a890c95e1a45b6ca7ad3c33a,60.16829,24.94214,00000000afef4555,11.7
7161,2019-08-01T09:06:19Z,8a01e28fd327e5c56dcf2dc8b2b7762a96d77584c21990a073ceb11f,60.16829,24.94214,00000000afef4555,2.08
7162,2019-08-01T09:06:19Z,8c571538c285dba9d77edacfb1829b282d54b772b62209c6e4004237,60.17918,24.95141,00000000675d5200,14.89
7163,2019-08-01T09:06:19Z,8d5e893f77b3d167ebefad4ecab181fea08513599a6f9450f0b9a827,60.17919,24.95181,000000007b5207b6,12.69
7164,2019-08-01T09:06:19Z,8e20d0d67339e3cf43e77c3a340d9dc6766de8d079197a08a1343ff0,60.17065,24.93641,000000000f4919c9,16.1
7165,2019-08-01T09:06:19Z,8e6caf283696ed75a4aff0c3f528dad5878f6f4b82cbd3eae1164484,60.16897,24.95222,00000000aa852af1,25.36
7166,2019-08-01T09:06:19Z,90a44cbd1a957cc59a6986cff9b6b7b8e151d379e17da645069428b8,60.173,24.92524,0000000096918cfa,11.7
7167,2019-08-01T09:06:19Z,93a13528693a5862c05b962a6681ea8c2bb319c6b0ed3b7ae2539723,60.16629,24.95957,00000000fb7600be,14.89
7168,2019-08-01T09:06:19Z,941e13893853105c86bfbc6d31d62274937602143ce3bb530c8c17ed,60.17918,24.95141,00000000675d5200,17.4
7169,2019-08-01T09:06:19Z,9487e65f18f2c842b4b9c0cdb90d96a78a34ce2673cf5484cd04b420,60.16762,24.95415,000000006b44cce7,16.1
7170,2019-08-01T09:06:19Z,99a026b5100e23129fa529e9a57a3dbc8490dc03b58f2193f03e2dcf,60.14951,24.92138,0000000006dd41f6,6.46
7171,2019-08-01T09:06:19Z,99f242a3c3e8ef2df75069f2ee802ecf75bc01317cde7e909ac73f66,60.16531,24.9442,00000000fdda10fe,7.05
7172,2019-08-01T09:06:19Z,9abbc86fb0fc1c0532042814af76a97e6a17121831d4394749a290a6,60.16762,24.95415,000000006b44cce7,10.78
7173,2019-08-01T09:06:19Z,9b3e6848d8b34e802134d6da0e5a594897ec3fafbbf08b6d0b84068e,60.17918,24.95141,00000000675d5200,5.91
7174,2019-08-01T09:06:19Z,9bc129708b07f3c5bbf4195e83f0e5b9a663b6f371f416a8e3a605f0,60.16897,24.95222,00000000aa852af1,25.36
7175,2019-08-01T09:06:19Z,9bdb503344071eddd74d821f537246d8a6c19468b05d38d0170377f9,60.16897,24.95222,00000000aa852af1,7.05
7176,2019-08-01T09:06:19Z,9bef8b28ea93ecaee57d05b037edbfe7f80014aaf56343345fedd7be,60.17919,24.95181,000000007b5207b6,5.91
7177,2019-08-01T09:06:19Z,9c29e01d643ba498ff7eb9a8883fb66d33ad8fb43da3c1eaf72fc3b4,60.17065,24.93641,000000000f4919c9,23.56
7178,2019-08-01T09:06:19Z,9ce214896068957a21bc57af08680d84debbd091b49ad5e6402c4cc8,60.16629,24.95957,00000000fb7600be,14.89
7179,2019-08-01T09:06:19Z,9e343a150f07bb3dcce5ecab8ac061b84d65b347b1af5a232e00eeb6,60.16829,24.94214,00000000afef4555,7.05
7180,2019-08-01T09:06:19Z,9eee6d740f1d483c484d02f0995f35550c09e6a8cf01f02680db5efc,60.16448,24.97323,0000000053c6c2be,23.56
7181,2019-08-01T09:06:19Z,9f2f5e6344efb60ffa5c79880ea57aeb636e51f86587e158039df6cc,60.16531,24.9442,00000000fdda10fe,27.28
7182,2019-08-01T09:06:19Z,a04214b56cac7d70680703ee6a28fac742f3c3190b55b46a79c1f76d,60.149,24.9843,00000000fffb8cf0,17.4
7183,2019-08-01T09:06:19Z,a09607edc17117a3069b79434e751f93a2a00d0d6f9aceb043e32074,60.16762,24.95415,000000006b44cce7,7.05
7184,2019-08-01T09:06:19Z,a0af15cb8910790ac8af904ddf7b0dbf5ef778ba6dd3b3e690926089,60.16762,24.95415,000000006b44cce7,14.89
7185,2019-08-01T09:06:19Z,a1049deed97cd1989c882cb47bb39f0d93d1fddbac4e9307e8a4249e,60.16544,24.95398,0000000038d83d41,25.36
7186,2019-08-01T09:06:19Z,a2333053951d093ef490bcc3b9455fa0ed512421b5b597602785ab28,60.16531,24.9442,00000000fdda10fe,23.56
7187,2019-08-01T09:06:19Z,a256ee4e61079f54581967787db25324859ef431207cb182cd468fbe,60.16829,24.94214,00000000afef4555,20.28
7188,2019-08-01T09:06:19Z,a38c11c450b472b9dad2f076e2d9a63651292d3de806331d06af7f46,60.16531,24.9442,00000000fdda10fe,12.69
7189,2019-08-01T09:06:19Z,a403dc1eebc5d130e12a4c3e4298737c9e00b25b1b6b2cc36a6979c9,60.16629,24.95957,00000000fb7600be,17.4
7190,2019-08-01T09:06:19Z,a41da858c75604050f4e6dae8beea62be9c258804f842acf4b6ca8b2,60.18203,24.91341,00000000342570c2,29.32
7191,2019-08-01T09:06:19Z,a47e8613674297dc49b26801b19d2110d009aaee57412f2127f3b093,60.16897,24.95222,00000000aa852af1,23.56
7192,2019-08-01T09:06:19Z,a4b9f871dcc986c95f1e84fe203bb392ba0fe13164d89119bda2c94a,60.16762,24.95415,000000006b44cce7,5.91
7193,2019-08-01T09:06:19Z,a66eb6150c36b53f6240acfe16dd98ceb16c43b8e02d0b56993bac73,60.16897,24.95222,00000000aa852af1,14.89
7194,2019-08-01T09:06:19Z,a6d010615b0732a971c180467cd17865327688c7e6c60628c3d452d3,60.16762,24.95415,000000006b44cce7,12.69
7195,2019-08-01T09:06:19Z,a6d0dd9de406b1201a4e438ec7c5f4a467f38c41e2dec42ff6c71d50,60.16897,24.95222,00000000aa852af1,16.1
7196,2019-08-01T09:06:19Z,a786eb3b8a25c58099a428799e99d0b86401f803ee38d3e5d20e59d3,60.15432,24.9211,0000000019fb59c4,10.78
7197,2019-08-01T09:06:19Z,a808962cb511e5ed2d23e6e33efe252b1be29dc1d2f7c6154817f04f,60.16448,24.97323,0000000053c6c2be,18.79
7198,2019-08-01T09:06:19Z,a83703c80a4d58db87327a53b0d3664d23edf7350ff6b0afaa49c530,60.16629,24.95957,00000000fb7600be,20.28
7199,2019-08-01T09:06:19Z,a837f2314938b1510f3b4cc5900d5d67bc7212d234d9fed1c64f3861,60.16762,24.95415,000000006b44cce7,14.89
7200,2019-08-01T09:06:19Z,a8ca7fb815e707c04434a085c4f99e783d56372143afc92225eae622,60.15133,24.92329,00000000e8a064a4,9.92
7201,2019-08-01T09:06:19Z,aa05a7036c3586a79d23f426b78bf158357208bc82d7ddf9a1326dd2,60.16531,24.9442,00000000fdda10fe,13.75
7202,2019-08-01T09:06:19Z,aa5281244780ac8f283c3452639d477cd76e31fc6f0b95b99c51a9b0,60.16762,24.95415,000000006b44cce7,1.7
7203,2019-08-01T09:06:19Z,ab615ee5bbf567aee3505fbb360d09fc6b851f93fb15aef778b57128,60.16531,24.9442,00000000fdda10fe,10.78
7204,2019-08-01T09:06:19Z,abf0be93e7a8aec9fa8284fdbcc2493f32084aa95f15660b23e149c6,60.16629,24.95957,00000000fb7600be,9.92
7205,2019-08-01T09:06:19Z,aca524ceb3c7373172ecd0d06b26e7d610d441f4a47ab78ae0ad3340,60.15133,24.92329,00000000e8a064a4,21.87
7206,2019-08-01T09:06:19Z,acb3f4b2a6b9fe720b98158caba37c1958df05919990f30368dbbd8b,60.16762,24.95415,000000006b44cce7,14.89
7207,2019-08-01T09:06:19Z,acbbe4765d72f36b0323407c7dbe43db7b4ad5e2da0a6a9e5966db0b,60.16897,24.95222,00000000aa852af1,12.69
7208,2019-08-01T09:06:19Z,ad22512fd6a5ad9e19fdfad7e02b2793ecb01875be243f894c637ae2,60.16829,24.94214,00000000afef4555,4.5
7209,2019-08-01T09:06:19Z,af67ffa8b538058603b74f48e04ab914e8f6cd450f53c47f8c3d683d,60.15432,24.9211,0000000019fb59c4,8.38
7210,2019-08-01T09:06:19Z,afaed9946dbc1509500c6f80f87eed8fe44a74ba3e14328c6efe3971,60.16829,24.94214,00000000afef4555,13.75
7211,2019-08-01T09:06:19Z,b09e9bb62cc49c085c1aee3b752af1bec69dabc939323e5733f73933,60.17065,24.93641,000000000f4919c9,18.79
7212,2019-08-01T09:06:19Z,b2728a54ebd2991e59d91f96f73d376de0adccecfef1326c4f51b74a,60.16762,24.95415,000000006b44cce7,10.78
7213,2019-08-01T09:06:19Z,b28757d67868f9471f0d997a935e857fd0ff1095449820929597563b,60.16762,24.95415,000000006b44cce7,5.41
7214,2019-08-01T09:06:19Z,b32e57a6f5865a23d7a0e9fa346d5ec4e975f99c4df815fe8b1449b2,60.17919,24.95181,000000007b5207b6,9.92
7215,2019-08-01T09:06:19Z,b3d94dfd4a1393ebe6b450d53a8c1c172707ab9ae1ab42b50b5b31df,60.16829,24.94214,00000000afef4555,20.28
7216,2019-08-01T09:06:19Z,b474e34db18d21635ec9ea2654513e6759c326f3aaec96c25f9a204e,60.16897,24.95222,00000000aa852af1,10.78
7217,2019-08-01T09:06:19Z,b50a45ac0708e7b5cca42f3458430eb22ff70a81c575bafe99ffda23,60.17002,24.94407,000000006b087f40,9.92
7218,2019-08-01T09:06:19Z,b5603e758440226e490d1d7d7271a7b0d5c261eccbad198f81110136,60.15432,24.9211,0000000019fb59c4,3.4
7219,2019-08-01T09:06:19Z,b69604356a52f2b1b9c5de09a350f42d87f5b969e3e824d8b6b2368f,60.16829,24.94214,00000000afef4555,17.4
7220,2019-08-01T09:06:19Z,b6b32d1744cab38523e13d061fa256f05d6e01d920275907327c3083,60.16829,24.94214,00000000afef4555,17.4
7221,2019-08-01T09:06:19Z,b6c43126ca83e916a68e57d0178060c24fc61305836b6c8f188f7285,60.17918,24.95141,00000000675d5200,12.69
7222,2019-08-01T09:06:19Z,b6f0f4101a1a258dcb1d82d77ca91000694d4fed15bd882a8e3bfe66,60.149,24.9843,00000000fffb8cf0,20.28
7223,2019-08-01T09:06:19Z,b7c3b37b32d534f6824ac8d99b4c79d0cb915cab104fdb745550ea22,60.16762,24.95415,000000006b44cce7,13.75
7224,2019-08-01T09:06:19Z,b8fb70225ee0a2d655e2809da07a2f8cd2feb7295aa256f8b35fcf1e,60.16629,24.95957,00000000fb7600be,13.75
7225,2019-08-01T09:06:19Z,bb2187a4e20012ad694c768ef2c47c9a9055671024ebf4855d4e6243,60.16531,24.9442,00000000fdda10fe,1.54
7226,2019-08-01T09:06:19Z,bc384bbbf1b2b631cf27066787a32985e9ede5c94a64dc3cab8b6855,60.14951,24.92138,0000000006dd41f6,21.87
7227,2019-08-01T09:06:19Z,bc6d5082ca52e6dae7a1689a835434f3f6341e90afea565480eb9674,60.16829,24.94214,00000000afef4555,14.89
7228,2019-08-01T09:06:19Z,bc82f76c979de19b559e9e3aa0cd6cbf5ac361e2d7b1ac9f81fe2f4f,60.17918,24.95141,00000000675d5200,7.69
7229,2019-08-01T09:06:19Z,bd23c66c4df0bd849266a4429a24f23f2c9503cf31eb0cd9780248e6,60.18203,24.91341,00000000342570c2,23.56
7230,2019-08-01T09:06:19Z,be0aec7d0615ab2d3b044d4d86b1cc0c2e35603c8195665e854c25ae,60.16829,24.94214,00000000afef4555,18.79
7231,2019-08-01T09:06:19Z,c154451b1999baeaa84dce2322d29c7f31ff05824a433589f309596e,60.16762,24.95415,000000006b44cce7,17.4
7232,2019-08-01T09:06:19Z,c1674c59c49d5bf74e6808239a91d18a04e47697d298bc61a7618af2,60.16448,24.97323,0000000053c6c2be,14.89
7233,2019-08-01T09:06:19Z,c1bf1bf699e9bc78ca15c9490d1ef02e3323f0c2c76bf0fca7955a69,60.14947,24.91438,000000004ef3150d,16.1
7234,2019-08-01T09:06:19Z,c434f18b802a764aad7a2dfb46e93546acb1b0975cf9b93fd47363f6,60.15432,24.9211,0000000019fb59c4,12.69
7235,2019-08-01T09:06:19Z,c46895857ca53c3362932d446a58c13b60d297f99ca237d4546589e8,60.16897,24.95222,00000000aa852af1,13.75
7236,2019-08-01T09:06:19Z,c51beff15d228f2dab9416cadfcc60fe269ce3d9202a9cf2ec7e7647,60.16829,24.94214,00000000afef4555,23.56
7237,2019-08-01T09:06:19Z,c55f651c108f569fe59364de834d31b122908186d2f95d20ed519564,60.16762,24.95415,000000006b44cce7,11.7
7238,2019-08-01T09:06:19Z,c65c11ee6e8b5894ead3ea9b007a39127edb65a67be253aca6f78ed0,60.16448,24.97323,0000000053c6c2be,23.56
7239,2019-08-01T09:06:19Z,c872af9997af535c4615ee0b4194c7c8d644b7962afb3ca321eb386f,60.15133,24.92329,00000000e8a064a4,21.87
7240,2019-08-01T09:06:19Z,c8aef405537103b9d31a7e2dda43949f5844b9a36494f8defaf0d803,60.17002,24.94407,000000006b087f40,27.28
7241,2019-08-01T09:06:19Z,c8be2c26d4f0c9d399f32e84d95487a2644ffcb62681165be3d36a02,60.16762,24.95415,000000006b44cce7,17.4
7242,2019-08-01T09:06:19Z,ca7719c7cd8d4496b666f608fc07ba9930e362a0b2d96890b0778618,60.16629,24.95957,00000000fb7600be,11.7
7243,2019-08-01T09:06:19Z,cccf3ba2a9d11b9330c18af8064a20aca9995473495bf119162a1619,60.16897,24.95222,00000000aa852af1,11.7
7244,2019-08-01T09:06:19Z,cce3077cdfeedd0674391bec08ce94732557106542574c58a7f378bf,60.16829,24.94214,00000000afef4555,16.1
7245,2019-08-01T09:06:19Z,cdac044b0b1896d284492c14301798e2f2534db67c03cfbef7722fb3,60.17919,24.95181,000000007b5207b6,27.28
7246,2019-08-01T09:06:19Z,ce7de55c7709396c70ce5930097e84449a4889700e605a0b062aaeae,60.16531,24.9442,00000000fdda10fe,20.28
7247,2019-08-01T09:06:19Z,d062562fed5ad0a61560e267310beb0b717d2a1e2a11d1d575507861,60.16897,24.95222,00000000aa852af1,29.32
7248,2019-08-01T09:06:19Z,d0ae4fabf429edbfdad59f8183cc6e5929f68633315448c9b83d4c16,60.16762,24.95415,000000006b44cce7,7.05
7249,2019-08-01T09:06:19Z,d16e16def718519430296afa23976c226aaf720722bce3d92a2aad43,60.14947,24.91438,000000004ef3150d,21.87
7250,2019-08-01T09:06:19Z,d29a5ebd00326d5dedb6c60cab75fd238bdaa9d7f703f6b5974edbc7,60.16762,24.95415,000000006b44cce7,7.69
7251,2019-08-01T09:06:19Z,d31d6921eee92503b486a1b30f5330581c4744a82e6549f375544846,60.17918,24.95141,00000000675d5200,16.1
7252,2019-08-01T09:06:19Z,d46eba1dcdfdf95ab54f2b280201efc7e0a8644764496af99a3b64e7,60.16762,24.95415,000000006b44cce7,21.87
7253,2019-08-01T09:06:19Z,d562afdedae521be241c98441e436608a323fdb944dedc24c835e762,60.17065,24.93641,000000000f4919c9,4.5
7254,2019-08-01T09:06:19Z,d653ef8368d33df4fc7edeb5a381d5826be1471f1470aa9744d47901,60.173,24.92524,0000000096918cfa,6.46
7255,2019-08-01T09:06:19Z,d65b8625c1f24304ff0e3c4a4dce7aa5d434d36be87be41834a49420,60.16531,24.9442,00000000fdda10fe,4.5
7256,2019-08-01T09:06:19Z,d6e217c6592e449e2390b1a874e08cbc9126116901dbdbf84501c6b8,60.17065,24.93641,000000000f4919c9,20.28
7257,2019-08-01T09:06:19Z,d74ea3c9e0aaa523c791aa01f4f9a7c1c43f01f585dc4146b19edf83,60.17918,24.95141,00000000675d5200,2.8
7258,2019-08-01T09:06:19Z,d7734ef0345fcffc0f4bd7579275af62987490aba012209832e92059,60.16629,24.95957,00000000fb7600be,20.28
7259,2019-08-01T09:06:19Z,d80b1d1a63e542cbbdb6a33c8fba0b0dcfa324d17f2f3173c3d5a37b,60.18203,24.91341,00000000342570c2,23.56
7260,2019-08-01T09:06:19Z,d81eea3c8bf927d879268dc01665b897d48eecc647bbf61f91f37a33,60.16544,24.95398,0000000038d83d41,31.5
7261,2019-08-01T09:06:19Z,d87c4d5dc2cd620de54fdd076d4f9b35245053d65b644d9e01f558b5,60.16762,24.95415,000000006b44cce7,7.05
7262,2019-08-01T09:06:19Z,d983db67d9cd171123ba12eeb19c11f34a3ad1d75fc9214ac3ae8a26,60.17002,24.94407,000000006b087f40,27.28
7263,2019-08-01T09:06:19Z,d9f8ff1809ebe23c7e68bb1cbb1aa6fdfaf22375abf2962da2d7cfab,60.16531,24.9442,00000000fdda10fe,23.56
7264,2019-08-01T09:06:19Z,dad9f0b8c733353e175a84c9ba4668db5e0974fe1e87754e1fee9084,60.16829,24.94214,00000000afef4555,21.87
7265,2019-08-01T09:06:19Z,dbedd81db3d59ee0c6948187e396a34e2fa5dd6670cf8d862bf5e1ff,60.16762,24.95415,000000006b44cce7,7.05
7266,2019-08-01T09:06:19Z,ddae2128c72cf011df2a698a8254b8738fd07a971349ea8a5e8bfa9f,60.16829,24.94214,00000000afef4555,11.7
7267,2019-08-01T09:06:19Z,deb8a213e1b4930e676ee8fdb394161ec46adb785171fa37437b4d44,60.15133,24.92329,00000000e8a064a4,4.5
7268,2019-08-01T09:06:19Z,ded712413bfc7de58a469fab75498089b2c3c6b5e0c9cae260102284,60.16829,24.94214,00000000afef4555,13.75
7269,2019-08-01T09:06:19Z,e09515dbe1e90af07cb756a83c222c60f5f0566f94590848e72f6401,60.16762,24.95415,000000006b44cce7,18.79
7270,2019-08-01T09:06:19Z,e0fe7fe5854899c0eb42b75b300339808143419404558ed4d00b0f17,60.17918,24.95141,00000000675d5200,5.91
7271,2019-08-01T09:06:19Z,e234769b1ce1634554f5fa4a290d11b2a30c3dfd009d4c39a2e9dd3d,60.17065,24.93641,000000000f4919c9,47.69
7272,2019-08-01T09:06:19Z,e2bb0ae74deee6cbc4f50c5f85da3f1779ca1db1ae7ff48ab4b33dbc,60.17918,24.95141,00000000675d5200,13.75
7273,2019-08-01T09:06:19Z,e2f8b065913423b6cd370ba12adba60bad68b6ff2a97fbcb1d1614bf,60.16897,24.95222,00000000aa852af1,17.4
7274,2019-08-01T09:06:19Z,e508e239ba2ca68b34ad5074f3d7b013e72f6f7df36eb6cdf545be78,60.16762,24.95415,000000006b44cce7,18.79
7275,2019-08-01T09:06:19Z,e528235be3e5cc4945024d50d1ed43061e2e2f2845f2b41e081e1721,60.17918,24.95141,00000000675d5200,23.56
7276,2019-08-01T09:06:19Z,e5c420a1e245fdd6edfa81749854024d8647ad7ac70035cea94ca645,60.16829,24.94214,00000000afef4555,29.32
7277,2019-08-01T09:06:19Z,e5cad8bb9a6c8dcc067948d7f869033aca5bdd062da175c8734092e6,60.17919,24.95181,000000007b5207b6,6.46
7278,2019-08-01T09:06:19Z,e6b4461f3fc3ee8613bfea0937b5fd730d6686a68a65ed6fecc1dd9f,60.16629,24.95957,00000000fb7600be,21.87
7279,2019-08-01T09:06:19Z,e73dcccbc4dd6af49316f19a34c347cc94ff7ab079a93a2672d78a16,60.14947,24.91438,000000004ef3150d,18.79
7280,2019-08-01T09:06:19Z,e8add7e8346b99cd4b67924113f3763441a1899897c6d1ac3a1a40a6,60.17918,24.95141,00000000675d5200,7.05
7281,2019-08-01T09:06:19Z,e8fe5d3b6aa0651dff5b4a9c6dcff3135e3bdcbb1cddc9b871e9d991,60.14947,24.91438,000000004ef3150d,27.28
7282,2019-08-01T09:06:19Z,e9064a62fac257836cb6fbcf0d84fab1ebdfa46bd6734632f1e6f116,60.16829,24.94214,00000000afef4555,13.75
7283,2019-08-01T09:06:19Z,e979a153601f7520f54d4733fe91f75f154c8f1c08dc3408dbba5345,60.15432,24.9211,0000000019fb59c4,21.87
7284,2019-08-01T09:06:19Z,e9e1a66ce9f699fc1713bb44cd67a332f584f0c51d18774fc72b8eea,60.16762,24.95415,000000006b44cce7,14.89
7285,2019-08-01T09:06:19Z,ea3f8412ed9c4d92448688dd9cc7ff9e3eeb5fe4373d0953bf0349c1,60.16531,24.9442,00000000fdda10fe,16.1
7286,2019-08-01T09:06:19Z,ea94130fbb3464dc656765cfddbad802ddfafb1af8007cb5f42cd41f,60.16829,24.94214,00000000afef4555,14.89
7287,2019-08-01T09:06:19Z,eaf572301dc5c1eaff007bc1886cce8f0f5e92a233b8686ed2a1a9cc,60.17065,24.93641,000000000f4919c9,18.79
7288,2019-08-01T09:06:19Z,ec7121833f0e4b509d683b00a9c5e992e4b84882cb857145102e14f4,60.16531,24.9442,00000000fdda10fe,1.88
7289,2019-08-01T09:06:19Z,ec8c0160ac1ee5aeaf6204956c9db2ee4f98f55ae3fe1ec0af07fab8,60.16762,24.95415,000000006b44cce7,12.69
7290,2019-08-01T09:06:19Z,ed86f884272a5a400b55bfd4f22bc8cc5d6fca7fe26eee3c39cb3c52,60.15432,24.9211,0000000019fb59c4,12.69
7291,2019-08-01T09:06:19Z,ee06dc571acc6f8cad13e6cd588349958dc601934f851b25d2ebee6c,60.16762,24.95415,000000006b44cce7,16.1
7292,2019-08-01T09:06:19Z,ef67b9e4617f284b84167b4bdaff71108579a33ced0a2450ff25a1a1,60.16629,24.95957,00000000fb7600be,8.38
7293,2019-08-01T09:06:19Z,efc51406db4c66b8a573ec325afe8a9258a04a71b46ff3aae1cfa696,60.16762,24.95415,000000006b44cce7,10.78
7294,2019-08-01T09:06:19Z,f03d20d6bb80ce0745cb0fbed6619e0a6288bfffd08e9aabce1692ba,60.17065,24.93641,000000000f4919c9,23.56
7295,2019-08-01T09:06:19Z,f1447725764ec0dca245fc67f2aa0a0c42e6b05808076aa74f0c1e7e,60.17919,24.95181,000000007b5207b6,13.75
7296,2019-08-01T09:06:19Z,f18c0c32d067aecf5602d70693ac888cab1be6dbb0d154be5153dfcc,60.16829,24.94214,00000000afef4555,14.89
7297,2019-08-01T09:06:19Z,f1b28329fc91f4708ca34857c5582c0bf1b7d0ab06127746029cd72c,60.17919,24.95181,000000007b5207b6,3.74
7298,2019-08-01T09:06:19Z,f20935810c1567a80c288016c4d4dd32fe86b3479f47ae7dd64d15cc,60.15432,24.9211,0000000019fb59c4,3.74
7299,2019-08-01T09:06:19Z,f29ed00b645af4bbf50174e71f58a9b691d2e2342e59eda242d97380,60.16829,24.94214,00000000afef4555,13.75
7300,2019-08-01T09:06:19Z,f2a253f2741501e675bd4bc055e22329fb09089d8bbe9813fc170cdb,60.16762,24.95415,000000006b44cce7,9.92
7301,2019-08-01T09:06:19Z,f3919086bf89b45ea90abf40ffd1372519057bda5b604c1901e841bb,60.17002,24.94407,000000006b087f40,25.36
7302,2019-08-01T09:06:19Z,f4587b90aec9127805880f7c81fc03b9fb513fe363015399b895089f,60.16829,24.94214,00000000afef4555,17.4
7303,2019-08-01T09:06:19Z,f4bbc3077da0455d4340da2eed204915327b75a792080724548b4956,60.17918,24.95141,00000000675d5200,3.74
7304,2019-08-01T09:06:19Z,f503a41d3e8b9b57628f4f061c1d8e0c53c62dd8a6fe38d212958ee6,60.16075,24.95883,00000000f1124bca,7.69
7305,2019-08-01T09:06:19Z,f50fd3b1715a94dff67461f4b8f252ecaa6acc16459b3d021f34f15e,60.1538,24.95595,0000000038bf9618,25.36
7306,2019-08-01T09:06:19Z,f55165f87792f06aaca9b79eea536f4bd692c8ee806294be5fb014df,60.16829,24.94214,00000000afef4555,21.87
7307,2019-08-01T09:06:19Z,f587de6c8c03387c5e6a66cd7d20c45abad3668c8e2246611122547b,60.14947,24.91438,000000004ef3150d,25.36
7308,2019-08-01T09:06:19Z,f5d9e90c37840670f09005aa28a20ca561c4d6bc36ffd28c9ca80584,60.16829,24.94214,00000000afef4555,20.28
7309,2019-08-01T09:06:19Z,f60a6068c654587fa981390a039456a2fdd85e02c009df547e204a45,60.16829,24.94214,00000000afef4555,27.28
7310,2019-08-01T09:06:19Z,f716dcb476c9dec16df1e638def8b9157b4952a49faa2eba8a164827,60.16544,24.95398,0000000038d83d41,25.36
7311,2019-08-01T09:06:19Z,f77f8836e641389801309c311e926c1662264ab16efd01cd5bf27baf,60.16762,24.95415,000000006b44cce7,4.94
7312,2019-08-01T09:06:19Z,f803aeb1f00a057ed31451d0f3d132f27fec17305dc699176ac5339a,60.16897,24.95222,00000000aa852af1,20.28
7313,2019-08-01T09:06:19Z,f89f3f49955c3ffb4955d445baac3d3d9190446e1e3a7f9abda1df2a,60.16629,24.95957,00000000fb7600be,23.56
7314,2019-08-01T09:06:19Z,f9e527876f8dfe750fd29bc42664bbf572aed5d09d344a8934a83d90,60.17065,24.93641,000000000f4919c9,4.11
7315,2019-08-01T09:06:19Z,fa1a3814c680b20020a08346c37ee2853e895984574575312bf262e7,60.14947,24.91438,000000004ef3150d,20.28
7316,2019-08-01T09:06:19Z,fa63dbf5999ebbf46864d144ca4cde0c355b6bd369afa04c4b55ff0f,60.16762,24.95415,000000006b44cce7,18.79
7317,2019-08-01T09:06:19Z,fa9f19c58a086fde9429d732b1eec80eacf5fc1b2c0124d17243d008,60.17918,24.95141,00000000675d5200,4.5
7318,2019-08-01T09:06:19Z,fba6e66dd09200012637e0b454c96fd7a5459b7e8b0ba01863cdbd77,60.16762,24.95415,000000006b44cce7,5.41
7319,2019-08-01T09:06:19Z,fc75e05a713e8733c512a31a3bebec0a122af3e7afb2c5059c3f1a3a,60.17002,24.94407,000000006b087f40,6.46
7320,2019-08-01T09:06:19Z,fdb3239bb0017def73005dc66a8d674c713493499c8feff7a6c01018,60.16762,24.95415,000000006b44cce7,10.78
7321,2019-08-01T09:06:19Z,fe191b6937595e5cf2ac1491e9056f0f9fb5bf66c0cb900df00b4c64,60.16829,24.94214,00000000afef4555,29.32
7322,2019-08-01T09:06:19Z,fea1453360073dfc1896bf1f005f51addb49661f953e16cffba3c63d,60.16531,24.9442,00000000fdda10fe,9.92
7323,2019-08-01T09:06:20Z,0bc5d37416fd27c336d64358a660668746f2c088ea9bf78994076bf9,60.16829,24.94214,00000000afef4555,17.4
7324,2019-08-01T09:06:20Z,0fff89885f08417f20aadfdbf62a372277e9085bcd024374b772ecac,60.16531,24.9442,00000000fdda10fe,27.28
7325,2019-08-01T09:06:20Z,144afc51fc2443c7031a2912566eff2ce60226a49d6d2bd7c2923700,60.16544,24.95398,0000000038d83d41,31.5
7326,2019-08-01T09:06:20Z,14c7e1511b70f4dd3359cbece1377aebb4d70531f5489eefe53d7c3c,60.16544,24.95398,0000000038d83d41,31.5
7327,2019-08-01T09:06:20Z,15918569de0a46a8eb56b43d8d39f7fc82619ff1006f00822c85745c,60.17918,24.95141,00000000675d5200,5.91
7328,2019-08-01T09:06:20Z,171d0bf49a26400390df42bc1c9af98d9279bf8ccee92f39288845e1,60.16762,24.95415,000000006b44cce7,4.11
7329,2019-08-01T09:06:20Z,1f0f0628cdc688d76bde2b82bee5b9b4916bf0bbdfe76cf3213e1c65,60.15432,24.9211,0000000019fb59c4,12.69
7330,2019-08-01T09:06:20Z,2a93b61a3863ace54349d7a0937e4134fcc6d4dfcf064eefae2b7cf8,60.15432,24.9211,0000000019fb59c4,21.87
7331,2019-08-01T09:06:20Z,2dd6ca2c889266702d554569764346cf583b74b0890b10e00ecd4f82,60.16544,24.95398,0000000038d83d41,25.36
7332,2019-08-01T09:06:20Z,2f33dacc8bf2b0b809b88130b46696c922929e1eb8ea92017f05509a,60.16448,24.97323,0000000053c6c2be,18.79
7333,2019-08-01T09:06:20Z,5d65719c4cbf045f068d084b72302f447d5fd034413d97d13be00d0e,60.18203,24.91341,00000000342570c2,21.87
7334,2019-08-01T09:06:20Z,6a657079c1bdc8114c289be1ddd83e5846d4279a920d1697b8ff0033,60.18203,24.91341,00000000342570c2,21.87
7335,2019-08-01T09:06:20Z,76c7f42283513d0e289bf786d89463b5025b2ae0f4e13519a4cf228b,60.15432,24.9211,0000000019fb59c4,20.28
7336,2019-08-01T09:06:20Z,78d5f60b36b59c06c3988b94e11744bb3aed5dcbc214f91f228bf892,60.16448,24.97323,0000000053c6c2be,18.79
7337,2019-08-01T09:06:20Z,84fdfd8881f633c5f0c71c1480053953ca4b05e848052d97c063ad38,60.1538,24.95595,0000000038bf9618,27.28
7338,2019-08-01T09:06:20Z,87dfaad29a9276ddddb1fa021d3bc23ad14824c1af16f7d87e713689,60.14951,24.92138,0000000006dd41f6,9.92
7339,2019-08-01T09:06:20Z,8cc6ddaa460aeae8cc9e8a33f91a01c8cd4c0c8bf8a943210a28c84d,60.1538,24.95595,0000000038bf9618,12.69
7340,2019-08-01T09:06:20Z,9843c6216661048343a0e49cf3d8aa2883cf77f452666a1c873a1052,60.16448,24.97323,0000000053c6c2be,10.78
7341,2019-08-01T09:06:20Z,9d03d14afa49576281aa26db60e517f7c1ec8aa36f7756959a860a8a,60.16629,24.95957,00000000fb7600be,13.75
7342,2019-08-01T09:06:20Z,a5302e72a58b038ac7633e65863bac48d8153d8837533ac7b5409f37,60.16629,24.95957,00000000fb7600be,10.78
7343,2019-08-01T09:06:20Z,a9da1ee82e3b670e276c26b483dd50f4a6d0c6f77ef82245d3ae6086,60.18203,24.91341,00000000342570c2,9.92
7344,2019-08-01T09:06:20Z,ab0f67c0c0e1ba5eac9013f9c314feadf340ddf08543b91e70483594,60.16544,24.95398,0000000038d83d41,21.87
7345,2019-08-01T09:06:20Z,b4faf2d3c4d2b199afeab6ab63b583fe3a2e81e14abbef6917f25129,60.15432,24.9211,0000000019fb59c4,16.1
7346,2019-08-01T09:06:20Z,b5fd6b317890e5ab2d79e2cd1abe61626d45a753c7337d0d40728898,60.16762,24.95415,000000006b44cce7,9.92
7347,2019-08-01T09:06:20Z,b986140b3339363c8bd5cc5eed0819ca5a421cb6e5b17c42ccf729f4,60.16829,24.94214,00000000afef4555,11.7
7348,2019-08-01T09:06:20Z,c0fc984aaabfa27a2173a0a540e05b43fa0fa2e03f530aa33146030c,60.16829,24.94214,00000000afef4555,16.1
7349,2019-08-01T09:06:20Z,ce783d3c1b06378e5c39c25687746a6f88fbb0ff2b36e3405fb61cf8,60.16762,24.95415,000000006b44cce7,18.79
7350,2019-08-01T09:06:20Z,cf05623e4d87ce0906c0b0b7dbf53aacc1228016cd27c341228b6e76,60.18203,24.91341,00000000342570c2,20.28
7351,2019-08-01T09:06:20Z,d178749a24c32676d0da0f51ae6ff63c456499d4b1814af8fa75ca9e,60.16448,24.97323,0000000053c6c2be,7.69
7352,2019-08-01T09:06:20Z,dd2c9c82cf3737146294aff6f814a1349fb0bc4bedf518715dacbe8f,60.18203,24.91341,00000000342570c2,20.28
7353,2019-08-01T09:06:20Z,ddc67f72e5e8f9a7d6b2da1da84e1837810b48e399bfa77518b37226,60.16531,24.9442,00000000fdda10fe,31.5
7354,2019-08-01T09:06:20Z,df89b51aeaaa1a8c64db45d6c35f918b650806b37aea9b50246a3267,60.16829,24.94214,00000000afef4555,25.36
7355,2019-08-01T09:06:20Z,ec72ef080c605e71978aed0d3b5f22c3c3133677a43c614b72eedc6d,60.14699,24.922,00000000a53ed894,21.87
7356,2019-08-01T09:06:20Z,efd1806e1eee5eca948bc2537df8d816e2cce41009b41189c350ce74,60.16531,24.9442,00000000fdda10fe,25.36
7357,2019-08-01T09:06:20Z,f088630d7476dae7d4b7e2bb1f10575f2c89acb4b6e061f3d57c2b40,60.16531,24.9442,00000000fdda10fe,33.81
7358,2019-08-01T09:06:20Z,f22981c21af00fc334b3d8bdd523e23a50384666e97815f0ec1dc0ac,60.16897,24.95222,00000000aa852af1,13.75
7359,2019-08-01T09:06:20Z,f70a43051a4f59f5002c4018a464b44781f7f527861efda6626a2de4,60.16829,24.94214,00000000afef4555,14.89
7360,2019-08-01T09:06:20Z,f7e45613ad966fea53fab73b435ba3a087c774e36596b3a5156a3487,60.16829,24.94214,00000000afef4555,1.01
7361,2019-08-01T09:06:20Z,f83d4b6b8ffbf8a674d212e32100b2360b80261b4e9207d77c0b0ed3,60.17918,24.95141,00000000675d5200,8.38
7362,2019-08-01T09:06:20Z,f99c5dd8cc08bd2353083d875ce8bc585fb2c2ff8427b90d92f571de,60.1538,24.95595,0000000038bf9618,33.81
7363,2019-08-01T09:06:20Z,fc4f3a44235f1cfc7b53f14ba2da599976a5a0a220d23b852688e485,60.17918,24.95141,00000000675d5200,18.79
7364,2019-08-01T09:06:20Z,00787dad708490660b0b836fa415681cc57046fa521c0c0aaea14a9e,60.16762,24.95415,000000006b44cce7,5.91
7365,2019-08-01T09:06:20Z,02050a536056486b1bf139282f0d0a3af63def1d56ff0c73ac51bb19,60.14947,24.91438,000000004ef3150d,12.69
7366,2019-08-01T09:06:20Z,023083c44c772667f1727e01c74518889b2a82d78ceb28c08b6f8a20,60.16531,24.9442,00000000fdda10fe,18.79
7367,2019-08-01T09:06:20Z,028149b8bfaf37d1f064cb0b4f23ae118f00d8eff41679fb8830396a,60.16531,24.9442,00000000fdda10fe,29.32
7368,2019-08-01T09:06:20Z,02fb8c740573d86a30d1a85d4b270f0d198cd0487446d6ca84453f3f,60.16544,24.95398,0000000038d83d41,31.5
7369,2019-08-01T09:06:20Z,0362cc670dcfab795a3911957b6a177416bf9b99d0e2732716796c4d,60.15432,24.9211,0000000019fb59c4,10.78
7370,2019-08-01T09:06:20Z,03f427d436ba092925de462b11374bdbdab0443620037675621fbc11,60.17918,24.95141,00000000675d5200,17.4
7371,2019-08-01T09:06:20Z,0483eb7342f4e704caa76b9bc3d6a7bd836282960dafc2c756247134,60.16762,24.95415,000000006b44cce7,8.38
7372,2019-08-01T09:06:20Z,063935180fff0e58de5d319ecb9320cf794423e3c6aeac0cca8f1a9f,60.16897,24.95222,00000000aa852af1,14.89
7373,2019-08-01T09:06:20Z,08f10568d1e90d000e41196f141e0c1a52bab88fcf08f4753a3c055e,60.16897,24.95222,00000000aa852af1,21.87
7374,2019-08-01T09:06:20Z,08f9fd60f852d3502bfa509c955e9963e73954f961d55ba8cd46cae9,60.16629,24.95957,00000000fb7600be,13.75
7375,2019-08-01T09:06:20Z,0bbf3e8a8b496959ba413e4ebbe23719511fa4c9dd914960054d7c7f,60.16762,24.95415,000000006b44cce7,9.12
7376,2019-08-01T09:06:20Z,0c1684b697a63d7f47ebaedcfa060b3b4af294fec1e62d613699291a,60.16897,24.95222,00000000aa852af1,4.5
7377,2019-08-01T09:06:20Z,0c2d3bdaf0e8a9d6efcf95298acb85805b31c1c6618f00dd4489dddb,60.16762,24.95415,000000006b44cce7,14.89
7378,2019-08-01T09:06:20Z,0fc3dcfc786a0b995f8e102ae37d87ee5da24053e3e634d4caaaa97f,60.17002,24.94407,000000006b087f40,11.7
7379,2019-08-01T09:06:20Z,0feb7de3b58597dd266ed606e8d3b6e2e4e0be942b17c15be984f51c,60.14951,24.92138,0000000006dd41f6,21.87
7380,2019-08-01T09:06:20Z,1069967e3921871955b1b2b42e60f829c593a3e024401bfe61ae410e,60.16629,24.95957,00000000fb7600be,12.69
7381,2019-08-01T09:06:20Z,1074ffc7b33a1a8b54ea8f31d0f43ba07ed2ad7841b548f9bd4b9bad,60.17065,24.93641,000000000f4919c9,27.28
7382,2019-08-01T09:06:20Z,10d0fed0f7d40b253b5fc5a53297dc9af8bb76fa6f34d5e71383cb62,60.17918,24.95141,00000000675d5200,18.79
7383,2019-08-01T09:06:20Z,1134a082e36fe03359bac74c814a0ed20468c45230115d4e25aa230d,60.16829,24.94214,00000000afef4555,29.32
7384,2019-08-01T09:06:20Z,11402877d08ee84d016ef8e86d3033bf6da0948f6e6bd2defce32338,60.16762,24.95415,000000006b44cce7,13.75
7385,2019-08-01T09:06:20Z,1271bcd33c0056265a5bdf6df4092a3c9e2209abee80570cb172031b,60.16897,24.95222,00000000aa852af1,17.4
7386,2019-08-01T09:06:20Z,12b9b313e577dbbb9619247e0a5ded14c2b56bede5b421cac44f9597,60.16448,24.97323,0000000053c6c2be,29.32
7387,2019-08-01T09:06:20Z,141ffc858c3ea6a2e69c954115114304736a35dc25ec947323090dc0,60.16762,24.95415,000000006b44cce7,4.94
7388,2019-08-01T09:06:20Z,1564db6ab71666bfe0865d19fd134f7018f49bc12ff1969853697784,60.16531,24.9442,00000000fdda10fe,25.36
7389,2019-08-01T09:06:20Z,15b314157b22b2a5bf8a39539a049ce73e7baa21b0ce24f21718ce4a,60.17002,24.94407,000000006b087f40,13.75
7390,2019-08-01T09:06:20Z,164d8280dbb888033f64368dd641bcef597fc327148fcf74374894c5,60.16544,24.95398,0000000038d83d41,20.28
7391,2019-08-01T09:06:20Z,16e18d478be872d2a9801fa885d08edeb3f5ae1840b38478f9baf535,60.17918,24.95141,00000000675d5200,13.75
7392,2019-08-01T09:06:20Z,190cdde22bc3e3a41cd0f9da7efb3a917bc09e8034b05ca6064ea8a8,60.17919,24.95181,000000007b5207b6,14.89
7393,2019-08-01T09:06:20Z,1cfafdaa3ff1975bcf6f699641431e88775ba2183074d825eeb81dd3,60.149,24.9843,00000000fffb8cf0,23.56
7394,2019-08-01T09:06:20Z,1d3e776f5c2d0514afd5e1fdcfda632877b1f59274c7293182e7c9ad,60.16762,24.95415,000000006b44cce7,25.36
7395,2019-08-01T09:06:20Z,1dbecade1f3540eb44c3d86cb1ffc73d5bf422ea0cf76927c2d5cd74,60.16829,24.94214,00000000afef4555,17.4
7396,2019-08-01T09:06:20Z,1dcff36b6f83b08b6ea87c1c1018c542c270299839908ca446dffb39,60.16762,24.95415,000000006b44cce7,11.7
7397,2019-08-01T09:06:20Z,1eadb2c1984aa73c3c2f13eab0a2e793331443c617681e36887f0bcc,60.16629,24.95957,00000000fb7600be,16.1
7398,2019-08-01T09:06:20Z,1ecbc7c6afe89033252e5510cbb893666af2b3bc29f555a3a6287fdb,60.14951,24.92138,0000000006dd41f6,3.09
7399,2019-08-01T09:06:20Z,1f813dc10021899138c12ca17c58ab3dc24db1750dcb1790f9c20e8f,60.15133,24.92329,00000000e8a064a4,13.75
7400,2019-08-01T09:06:20Z,20b37aa6c3ad0dfea9c182498905a450537b0efbbd8563b205e93afd,60.16897,24.95222,00000000aa852af1,16.1
7401,2019-08-01T09:06:20Z,227fd98ceb97d84d0c2c3af35c32cee7a87aea62d71b1a5353ae3588,60.17065,24.93641,000000000f4919c9,27.28
7402,2019-08-01T09:06:20Z,22ac1ab1c590ea19b44c61c42f5e8da29a6acbabf56676527811507a,60.15432,24.9211,0000000019fb59c4,12.69
7403,2019-08-01T09:06:20Z,22b68b1dc6e6d815ca8e6afbd434ae0e229670798c443052e7444648,60.16762,24.95415,000000006b44cce7,5.41
7404,2019-08-01T09:06:20Z,25479245e5a8b0fe47e2bd590cdd63256d84afd6c164781dc64e527d,60.149,24.9843,00000000fffb8cf0,4.5
7405,2019-08-01T09:06:20Z,25d340d14d855b8c18b2c6f2551ec98a1eb047d1fd3457ba881ddf28,60.17918,24.95141,00000000675d5200,4.5
7406,2019-08-01T09:06:20Z,268870e6ad5719f4e5d3d1da9d7ca9ed0f383268a62497c59930f403,60.15432,24.9211,0000000019fb59c4,27.28
7407,2019-08-01T09:06:20Z,277fcf3cc917a89b46a34e0cf5164a78f5bcc88d92bb45ded60f1a91,60.17065,24.93641,000000000f4919c9,9.92
7408,2019-08-01T09:06:20Z,27b591b33a56a542440b53031a24f42290b0ec1a194af27700b75a3a,60.17918,24.95141,00000000675d5200,10.78
7409,2019-08-01T09:06:20Z,2823bf6afde4a5cc05342c15e7417c9590ba52264be5793bb688faab,60.17065,24.93641,000000000f4919c9,20.28
7410,2019-08-01T09:06:20Z,2832565094d8e4bd54c7a2442ac8807d97669bc460c1cb75a831bbb8,60.16762,24.95415,000000006b44cce7,7.69
7411,2019-08-01T09:06:20Z,28ce50ca84cdcd4c17a36ac666e7ac0267b6ab5b77f4bfb08b2573a1,60.16762,24.95415,000000006b44cce7,1.7
7412,2019-08-01T09:06:20Z,28d50861d92f962c7a49eabaa524431aebf52870e44b79f77d7167c6,60.17918,24.95141,00000000675d5200,7.05
7413,2019-08-01T09:06:20Z,29ae3c5c3aeac0c607bc816f7e74c232a40142b79a52c43c7b1ed42f,60.16829,24.94214,00000000afef4555,9.12
7414,2019-08-01T09:06:20Z,2c6810efb2565383ca0a554f3c51f3f7905484357f5e00756dbf091a,60.17918,24.95141,00000000675d5200,2.3
7415,2019-08-01T09:06:20Z,2c6f6440161f9061a850e8db96383d5eb111f0d1d8f0b666b7c49f22,60.16897,24.95222,00000000aa852af1,9.92
7416,2019-08-01T09:06:20Z,2dcf0ecaac12383ceb7b327be55ef5b4e8044d537bcf586a630e32a6,60.16544,24.95398,0000000038d83d41,33.81
7417,2019-08-01T09:06:20Z,2f43b7a683b0d365a46b6259a032813c293472eaedcdbcc3507adee5,60.17918,24.95141,00000000675d5200,14.89
7418,2019-08-01T09:06:20Z,2f82b3546af2df53b58cddc668c9aa196554108cdf39120ea40b417c,60.16629,24.95957,00000000fb7600be,7.69
7419,2019-08-01T09:06:20Z,31b02b3b271f6feef9e49d9285929ff1c25a11e608fc5d70bc6a1fac,60.16897,24.95222,00000000aa852af1,27.28
7420,2019-08-01T09:06:20Z,32fcb1ab3a9fde533916ca28a0d5b56bbb45fd171dd5bae91f66ec6c,60.16897,24.95222,00000000aa852af1,12.69
7421,2019-08-01T09:06:20Z,33fa4cb82db5b44ffe6e7ae1039635187f90d1df328f8f139da0c693,60.17918,24.95141,00000000675d5200,1.88
7422,2019-08-01T09:06:20Z,3480c16a6649952c388d8902596e332f018e609b9585f483353ae026,60.17065,24.93641,000000000f4919c9,4.5
7423,2019-08-01T09:06:20Z,34e96c7caa63e7ede8f428b18e8fb556ac235d61a50c9d6ac7ff268f,60.17918,24.95141,00000000675d5200,20.28
7424,2019-08-01T09:06:20Z,3609f484ad7e56259f60a61aba44f22dfca5c8b2564fce7e802ad342,60.16829,24.94214,00000000afef4555,8.38
7425,2019-08-01T09:06:20Z,367b1989198ef11170dd9fcfa7e6ebb5ceb58aab87c613ee1bb86e8c,60.16531,24.9442,00000000fdda10fe,7.69
7426,2019-08-01T09:06:20Z,3685ee6d322dcb2ad0ae181f66c3c5427d4531d7896d2f5f7571bb6d,60.16762,24.95415,000000006b44cce7,5.91
7427,2019-08-01T09:06:20Z,381bf339e5307917190bbc605d9cef9d6e23a7bde7d6fd9cf85ea7ce,60.16762,24.95415,000000006b44cce7,17.4
7428,2019-08-01T09:06:20Z,38fb20c6d55b10dd10a39c0fb41ad61297453e25afda81cf32313ae3,60.16531,24.9442,00000000fdda10fe,23.56
7429,2019-08-01T09:06:20Z,39126ffb278f49e06180cc6abe5b31ab3acdce1534b5b6ffa0b6e567,60.18203,24.91341,00000000342570c2,21.87
7430,2019-08-01T09:06:20Z,39c6456ee66fe96eee3d97cee2a70923cedb3da760bb5d4d413adb9c,60.17918,24.95141,00000000675d5200,1.01
7431,2019-08-01T09:06:20Z,39e9fa7033887b7ab339887aa68753ff94d4771cda2bb8ff4ea7aa0a,60.17918,24.95141,00000000675d5200,16.1
7432,2019-08-01T09:06:20Z,3a1afdcf7c2e5a52cdbcbbe29e8281c184037e8720920c6c75bee339,60.15133,24.92329,00000000e8a064a4,13.75
7433,2019-08-01T09:06:20Z,3a253f272d2781dc2001addfbddcac5f3dbf18610988531707b80b60,60.16829,24.94214,00000000afef4555,23.56
7434,2019-08-01T09:06:20Z,3a38ba36c098f2741d6c5fb5a751fcd074d05d698ac592ca09ab443c,60.16448,24.97323,0000000053c6c2be,21.87
7435,2019-08-01T09:06:20Z,3a97ae4dcab31eb5e15e5d036d286e9764e25bcf0ad8afcfba854c90,60.16762,24.95415,000000006b44cce7,4.5
7436,2019-08-01T09:06:20Z,3b124e1851087531134d5e5d0a10b6afe3551982609a81a19dd969dd,60.16829,24.94214,00000000afef4555,13.75
7437,2019-08-01T09:06:20Z,3be40c84926a525adbd09eeeb3a12b73b24c633942b2e1fbe8151ac3,60.16448,24.97323,0000000053c6c2be,21.87
7438,2019-08-01T09:06:20Z,3cc82d532d2a768e0c987e2653e32825a8b11fc2f7ba36388535f6e2,60.16075,24.95883,00000000f1124bca,44.58
7439,2019-08-01T09:06:20Z,3eea43670f4f29a90ced59c1af122371340275fb61ff8f14c7120658,60.16762,24.95415,000000006b44cce7,5.41
7440,2019-08-01T09:06:20Z,40646914186edc6142b7fc3daf766121b55f5bb36ea38facff686ea5,60.16897,24.95222,00000000aa852af1,14.89
7441,2019-08-01T09:06:20Z,40825cb0d315c92e0e0a73cc8e86c3b763bbf7ce226f112913e05e0f,60.17065,24.93641,000000000f4919c9,29.32
7442,2019-08-01T09:06:20Z,40d797bd0724df6055e4fe3d38894193ac90636264869c090e787f64,60.16762,24.95415,000000006b44cce7,18.79
7443,2019-08-01T09:06:20Z,41a0ca2955e0ae0324f6e14aeb77ebfaac5305e31d86c42a20277b94,60.15133,24.92329,00000000e8a064a4,9.92
7444,2019-08-01T09:06:20Z,4256b81faf420b0636e1bfcf21e8b61482045aed964aae9089c67296,60.16829,24.94214,00000000afef4555,20.28
7445,2019-08-01T09:06:20Z,42844e90c7134ebb3ec325f57cd27cd24711c779548ebc8692a820d5,60.14951,24.92138,0000000006dd41f6,3.4
7446,2019-08-01T09:06:20Z,432417b4972b744ded3410777a6bbb583cf56172bf3436ddbe48a21d,60.16762,24.95415,000000006b44cce7,11.7
7447,2019-08-01T09:06:20Z,43e023a8726ec4c53a8cea6dcaa79e722da4677e37f3f6c9d3cc9873,60.16544,24.95398,0000000038d83d41,21.87
7448,2019-08-01T09:06:20Z,4470412c4b059a920f2699fbfb72b261e0847b3e1caa8c71d2edd5a2,60.16448,24.97323,0000000053c6c2be,18.79
7449,2019-08-01T09:06:20Z,44a120ac90dacb4d43fe4d38ee859a1015bcd226ff3d946a1e44c4ca,60.16531,24.9442,00000000fdda10fe,27.28
7450,2019-08-01T09:06:20Z,4642dfa1df839f11e64f68bca4e3dce7bde2ff6dd68c54959fcb4788,60.17918,24.95141,00000000675d5200,8.38
7451,2019-08-01T09:06:20Z,4682d95464cedcc021f38271a51bab9c000762b4acf802070e259ba2,60.16629,24.95957,00000000fb7600be,10.78
7452,2019-08-01T09:06:20Z,47bd1492244c444d45674eb48dd2e6f222cb109d820ba807c4e18c1a,60.16629,24.95957,00000000fb7600be,12.69
7453,2019-08-01T09:06:20Z,48004849b2f48b2314aa9175433d754db1641b949bb8cf050e2dd128,60.17918,24.95141,00000000675d5200,9.92
7454,2019-08-01T09:06:20Z,484bbaa5a9d6bdd2259f022b6ea4e3c290985c13a1286bd7142d878f,60.16762,24.95415,000000006b44cce7,7.05
7455,2019-08-01T09:06:20Z,48c0ea6615ac4c02fc9bc0e06f9ea9309f9bf7e73b4324d7a6b14610,60.16829,24.94214,00000000afef4555,12.69
7456,2019-08-01T09:06:20Z,49bbad87e4d6cd03bdb073bde7be91193d74d29943badce7fc536916,60.16448,24.97323,0000000053c6c2be,11.7
7457,2019-08-01T09:06:20Z,49df780a7f20a99ad2810fa4bbb46b5fac9bc5cbe3fc800cd572f63a,60.14947,24.91438,000000004ef3150d,13.75
7458,2019-08-01T09:06:20Z,4ade4f0d92c6157a42d7fd8e353d1c93551324ba47cc134b840a6c63,60.16897,24.95222,00000000aa852af1,4.94
7459,2019-08-01T09:06:20Z,4afcc27c652d3d50a44d060f84e33dd4b17529d982928dae936cf10f,60.16448,24.97323,0000000053c6c2be,25.36
7460,2019-08-01T09:06:20Z,4ba529eeafb27285cbbade6e5ece0d4d04bd2d13c98b27a5d17abd22,60.16897,24.95222,00000000aa852af1,4.94
7461,2019-08-01T09:06:20Z,4f609afde0ba5cb017ba3c549bdd11ff322a2e0227a0f11a9d112220,60.16762,24.95415,000000006b44cce7,10.78
7462,2019-08-01T09:06:20Z,4fb4a3650a2a28469dde9c537458d24411aa6075666e047dd756fba9,60.17919,24.95181,000000007b5207b6,23.56
7463,2019-08-01T09:06:20Z,5001aabb6808b9fd96b705d1ebe8e7aca52713c2640100d81879dd86,60.17918,24.95141,00000000675d5200,12.69
7464,2019-08-01T09:06:20Z,504f910a0bd104a130b85d0c50467a15e74dc950bcc9eac3ebecc43e,60.16531,24.9442,00000000fdda10fe,18.79
7465,2019-08-01T09:06:20Z,51ec42fdd85671ae93876c3d875b24e56cb45699e9c3d2b623dca70d,60.16762,24.95415,000000006b44cce7,7.69
7466,2019-08-01T09:06:20Z,529623421e226c215bcca0b1388813e291d3d13ed1d8465f0ab69147,60.16629,24.95957,00000000fb7600be,4.5
7467,2019-08-01T09:06:20Z,5372348389197e6c4bc4c5e3dab047e7384d562220e6295904bbda1b,60.17065,24.93641,000000000f4919c9,3.4
7468,2019-08-01T09:06:20Z,53fb53be4440aecb1a1fa63a9da1db08182cc7e252da14685e63373d,60.16762,24.95415,000000006b44cce7,11.7
7469,2019-08-01T09:06:20Z,54b89ed12e25892c9160e029a0379d61425b88db1aa30b06f9ea2d8b,60.17002,24.94407,000000006b087f40,16.1
7470,2019-08-01T09:06:20Z,54bd709173219e8017f317b63ecc83d0a48f64542e6fa1b83c86a56c,60.17919,24.95181,000000007b5207b6,8.38
7471,2019-08-01T09:06:20Z,556cae6b2e2dec6fe691a835e8e08bd016b1a65797c0aca46879329f,60.17919,24.95181,000000007b5207b6,4.5
7472,2019-08-01T09:06:20Z,559429bba23762a872fc7b1e2219d42125ab101e4355d43fdb94ed7b,60.17918,24.95141,00000000675d5200,4.94
7473,2019-08-01T09:06:20Z,559e6a5225ce35ab844c63ea0d0c1695dc490a3d9cfbafa5d35ac8d8,60.14947,24.91438,000000004ef3150d,9.92
7474,2019-08-01T09:06:20Z,584cb0b0cdd14e608c8b57c8aecc9826f9b40027e365e2438a444ea2,60.16762,24.95415,000000006b44cce7,12.69
7475,2019-08-01T09:06:20Z,5865a27b5b56a60bca38e4a1403655e3e7fd0232a3ff2079965aff81,60.15432,24.9211,0000000019fb59c4,3.4
7476,2019-08-01T09:06:20Z,58754229cd3381042c5ffda79c0108c5f77aa1f0f6d1468b9cb42b4c,60.16829,24.94214,00000000afef4555,16.1
7477,2019-08-01T09:06:20Z,5978726eeef638856dafd3a8d199287f8daf9e90ddde750b402f8bb0,60.17065,24.93641,000000000f4919c9,3.4
7478,2019-08-01T09:06:20Z,5a34b02faac3189217466888ef1d31cc80f721ac2f18638c5db88d53,60.14947,24.91438,000000004ef3150d,11.7
7479,2019-08-01T09:06:20Z,5a8d671a78b976d212d9746d88b9a754a2d9c8341c529e88b7c6b8f4,60.17065,24.93641,000000000f4919c9,17.4
7480,2019-08-01T09:06:20Z,5b06617477af6dcee75a94ac347364b50f6f3b5b7d747e5413d9ad58,60.14947,24.91438,000000004ef3150d,6.46
7481,2019-08-01T09:06:20Z,5c1f71098d5d7258d2971061c791c94e0138c8e02225c5f60d6a0428,60.149,24.9843,00000000fffb8cf0,17.4
7482,2019-08-01T09:06:20Z,5daa76852f3e1be6c75fa2185d5787ab9010cf83d6671515769a8649,60.16531,24.9442,00000000fdda10fe,16.1
7483,2019-08-01T09:06:20Z,5e2c5c20c88ccf362ed8749d1ddc041b1cb1c38d8dbeac7870179322,60.16629,24.95957,00000000fb7600be,7.05
7484,2019-08-01T09:06:20Z,6051ed50496b74a6ff68c86205d23971fcaccd6c91edfe7d78fa71b0,60.16897,24.95222,00000000aa852af1,18.79
7485,2019-08-01T09:06:20Z,6072bfb496e2b8a999c9edbda5b76fbc0e783ff2a439c4e6c881fabf,60.16829,24.94214,00000000afef4555,11.7
7486,2019-08-01T09:06:20Z,61e4465b011a94bbf6341adebb1aed56100967cac117b368910b36de,60.16544,24.95398,0000000038d83d41,25.36
7487,2019-08-01T09:06:20Z,61f53bab9eb8d4ebb57a9aaea9ccecc63dbf2a442c4d629c5348903f,60.16629,24.95957,00000000fb7600be,18.79
7488,2019-08-01T09:06:20Z,626bf35ce16dba1054cfd175d09475d3ee751bf70e56f984ff5c7ab6,60.15133,24.92329,00000000e8a064a4,21.87
7489,2019-08-01T09:06:20Z,63ff2439779051005c18876d20ed53ce060c1de9d7976821bd518fc6,60.15432,24.9211,0000000019fb59c4,9.92
7490,2019-08-01T09:06:20Z,6470ee836399c5610581ec9de09772d350282ecc4c5c57fa02a5ec68,60.16075,24.95883,00000000f1124bca,25.36
7491,2019-08-01T09:06:20Z,65b6b62b547e11e10f7f83ad497446bee2bb9653097d9d62e9b1b817,60.17065,24.93641,000000000f4919c9,5.41
7492,2019-08-01T09:06:20Z,674355e17da9460e58566497be518f2eb537880c67c788fedb5067db,60.16629,24.95957,00000000fb7600be,13.75
7493,2019-08-01T09:06:20Z,67cf7d2881080aa59ed36a6d88ea1946d17e9d1d5e1ad9eee1851969,60.18203,24.91341,00000000342570c2,38.87
7494,2019-08-01T09:06:20Z,685af6b01bd180194d718801bb8b9c9de22050cc392d6c6441fe986b,60.18203,24.91341,00000000342570c2,18.79
7495,2019-08-01T09:06:20Z,69e2854c78a472b462941ef730aa9fa7a9dba9c1cc22996396d4c78a,60.17918,24.95141,00000000675d5200,4.11
7496,2019-08-01T09:06:20Z,6adce4d05e58232a97635a2fd7918e4e49d9295afc0989d727f9c712,60.17002,24.94407,000000006b087f40,13.75
7497,2019-08-01T09:06:20Z,6bd8f29dd69224345723669424cf7a61a7315a6f812ef43e5a7a44da,60.16762,24.95415,000000006b44cce7,17.4
7498,2019-08-01T09:06:20Z,6d98ac1fea7056e5b96d6095caf0e3677a4ec30e9fbcc2e50ae1cf65,60.16629,24.95957,00000000fb7600be,11.7
7499,2019-08-01T09:06:20Z,6dd5463e670c352180c1e912300e21e59f5e2976266df8c3c92b0baf,60.16829,24.94214,00000000afef4555,14.89
7500,2019-08-01T09:06:20Z,6e80fcea10d21e1d5e672b554c0f3fe686dc58934f38c3391fd5c262,60.17002,24.94407,000000006b087f40,16.1
7501,2019-08-01T09:06:20Z,6fe2cf6737d40d71251dac8ebef5356a2b765621e97a346c00a6031c,60.15432,24.9211,0000000019fb59c4,2.8
7502,2019-08-01T09:06:20Z,7003a7f6a5523b645634f014e04bea36016953a8af9324e35602bc2e,60.14947,24.91438,000000004ef3150d,12.69
7503,2019-08-01T09:06:20Z,704c3f3075f13713c363014fa828e4a932e7a05676813b9963a1e554,60.17918,24.95141,00000000675d5200,6.46
7504,2019-08-01T09:06:20Z,70d391038ec56b63a3737605c2c1db6ffbdca8e4490691776dc993f1,60.16829,24.94214,00000000afef4555,8.38
7505,2019-08-01T09:06:20Z,7206b114ec1b5ce2cdb27740b01eb2f2297c870bbea1c170afde3d68,60.14951,24.92138,0000000006dd41f6,31.5
7506,2019-08-01T09:06:20Z,72439a1f997fd347d46394f31f5789edc877fe61ca34fcd31f9150b1,60.18203,24.91341,00000000342570c2,29.32
7507,2019-08-01T09:06:20Z,728325161f4ed691db3460f87a25ed4713580e50a53fd36dd265957f,60.16531,24.9442,00000000fdda10fe,20.28
7508,2019-08-01T09:06:20Z,7283c4d2fe45c53905b540a5180dc566f6f964a8e1482c9611e7d7a2,60.15133,24.92329,00000000e8a064a4,29.32
7509,2019-08-01T09:06:20Z,7292a4a47ed655e0ce0ead026bb0ae4b8093342f87a9aed5665c1456,60.16762,24.95415,000000006b44cce7,13.75
7510,2019-08-01T09:06:20Z,72f088587da3409c5a4bec360a52a230a7551c3671441baaaabc6357,60.16829,24.94214,00000000afef4555,20.28
7511,2019-08-01T09:06:20Z,739ef3c62efff5786f0fff5d47de939dd4d7489abf44060c9cda448d,60.18203,24.91341,00000000342570c2,23.56
7512,2019-08-01T09:06:20Z,74cb545f76f0bfc5498607247e26e814276a11ce91f77208054ecbc5,60.17002,24.94407,000000006b087f40,31.5
7513,2019-08-01T09:06:20Z,7563b91d728fe470bc4d89aa18128a87b92c747336dd2c70cfbf9e84,60.1538,24.95595,0000000038bf9618,25.36
7514,2019-08-01T09:06:20Z,76c2f7b3773d4bebd4dabada1c2b98fe4ea9762e9c98b4a6371d7746,60.16762,24.95415,000000006b44cce7,9.12
7515,2019-08-01T09:06:20Z,774131d73accbbb31ec3c43c3501b7969645eb65df1839ca8116526e,60.15432,24.9211,0000000019fb59c4,23.56
7516,2019-08-01T09:06:20Z,7803e2d46157a5482e745447d4c2c332fbd818d87a20b0f6187c628d,60.17065,24.93641,000000000f4919c9,16.1
7517,2019-08-01T09:06:20Z,7c1534082e86ff4387878d813207626d8f728aa26b97248e00a3b8d7,60.16629,24.95957,00000000fb7600be,14.89
7518,2019-08-01T09:06:20Z,7d415f4fd9093fb383b4ebb88961ad74e6a00d3ece39504712dad639,60.17918,24.95141,00000000675d5200,17.4
7519,2019-08-01T09:06:20Z,7e2e3d07c939e3e76e7ce87678faf64e056afe54215e00488839100f,60.14947,24.91438,000000004ef3150d,20.28
7520,2019-08-01T09:06:20Z,7eb4a715919b3eb4085270535ce4d7b57112591ad7242eb189bf652a,60.17065,24.93641,000000000f4919c9,12.69
7521,2019-08-01T09:06:20Z,7f534fc0885ddf5a5c3814e4232de3356affd42f6c3560055079dc1c,60.16829,24.94214,00000000afef4555,16.1
7522,2019-08-01T09:06:20Z,7f59aaecea1eee6c703ec5d46d67b44289ddedf080defee495b73739,60.14947,24.91438,000000004ef3150d,16.1
7523,2019-08-01T09:06:20Z,7faf8705e89a761625aaed50b89538581e25d5950ec8f051d36ed829,60.14947,24.91438,000000004ef3150d,14.89
7524,2019-08-01T09:06:20Z,7fe96255e89da662cb4a10df4705f39989babea20fdc4ef0bf4fb395,60.14951,24.92138,0000000006dd41f6,33.81
7525,2019-08-01T09:06:20Z,809bf2d7a0745ae512b934a578fd5fd47c13c5398b6d06ad350b9e7c,60.14947,24.91438,000000004ef3150d,11.7
7526,2019-08-01T09:06:20Z,8165c5f8d06298ffd56f071c0ad1cc9f1d4f08084936937d712d0b61,60.15133,24.92329,00000000e8a064a4,17.4
7527,2019-08-01T09:06:20Z,82b78c2220aee81a2744ddfaf7ed29663888987dba6b7cdda05731d9,60.14947,24.91438,000000004ef3150d,8.38
7528,2019-08-01T09:06:20Z,8524898e498c83bde4bc1848aa2b372da84e7b2266f36aabe128cc27,60.17919,24.95181,000000007b5207b6,17.4
7529,2019-08-01T09:06:20Z,85bdce5b262dbd94adcff03e6cad26a1152828b6ab27e6fdd56b2b13,60.16762,24.95415,000000006b44cce7,3.09
7530,2019-08-01T09:06:20Z,87f1cc4c4a9de1ab81fe39cf7fde6cf0d4778e690f1665b62231ce46,60.149,24.9843,00000000fffb8cf0,27.28
7531,2019-08-01T09:06:20Z,880f9cbb91b9caf48ea9c5dd1a0c8e1db72922b6dfcb647b102fc469,60.16629,24.95957,00000000fb7600be,6.46
7532,2019-08-01T09:06:20Z,88c2bc6310f27465b9f08b28fb52075d7703ce7b097e5beb37c7437c,60.14947,24.91438,000000004ef3150d,9.92
7533,2019-08-01T09:06:20Z,898cde3317c73907bb23b1b885828c4bf3187c3a757a18dc32abe970,60.16762,24.95415,000000006b44cce7,4.11
7534,2019-08-01T09:06:20Z,8996f41485515f4fe2b7f60962df36a3421c9a14cdb3f381b1ce7052,60.16829,24.94214,00000000afef4555,27.28
7535,2019-08-01T09:06:20Z,89aeff56a0700534bbf2dfd19fc298f5a890c95e1a45b6ca7ad3c33a,60.16829,24.94214,00000000afef4555,7.69
7536,2019-08-01T09:06:20Z,8a01e28fd327e5c56dcf2dc8b2b7762a96d77584c21990a073ceb11f,60.16829,24.94214,00000000afef4555,2.8
7537,2019-08-01T09:06:20Z,8c2c35fb6ebc0f07014a3291523f291bea82160dee13d091314cde65,60.16762,24.95415,000000006b44cce7,8.38
7538,2019-08-01T09:06:20Z,8c571538c285dba9d77edacfb1829b282d54b772b62209c6e4004237,60.17918,24.95141,00000000675d5200,12.69
7539,2019-08-01T09:06:20Z,8d5e893f77b3d167ebefad4ecab181fea08513599a6f9450f0b9a827,60.17919,24.95181,000000007b5207b6,12.69
7540,2019-08-01T09:06:20Z,8d8ccef34e3b6aa97c72aa793dec4c27e35e0ea16fd6b9790d843b00,60.173,24.92524,0000000096918cfa,25.36
7541,2019-08-01T09:06:20Z,8e6caf283696ed75a4aff0c3f528dad5878f6f4b82cbd3eae1164484,60.16897,24.95222,00000000aa852af1,29.32
7542,2019-08-01T09:06:20Z,90a44cbd1a957cc59a6986cff9b6b7b8e151d379e17da645069428b8,60.173,24.92524,0000000096918cfa,16.1
7543,2019-08-01T09:06:20Z,939c459d913b0b38838071a0d13671e83e4a751f44624b21e84daa69,60.16762,24.95415,000000006b44cce7,9.92
7544,2019-08-01T09:06:20Z,941e13893853105c86bfbc6d31d62274937602143ce3bb530c8c17ed,60.17919,24.95181,000000007b5207b6,10.78
7545,2019-08-01T09:06:20Z,9609babe3114439a82f93f797f4a6e779b6bab625488b8ff5b63e674,60.16829,24.94214,00000000afef4555,21.87
7546,2019-08-01T09:06:20Z,99a026b5100e23129fa529e9a57a3dbc8490dc03b58f2193f03e2dcf,60.14951,24.92138,0000000006dd41f6,5.41
7547,2019-08-01T09:06:20Z,99f242a3c3e8ef2df75069f2ee802ecf75bc01317cde7e909ac73f66,60.16531,24.9442,00000000fdda10fe,9.12
7548,2019-08-01T09:06:20Z,9abbc86fb0fc1c0532042814af76a97e6a17121831d4394749a290a6,60.16762,24.95415,000000006b44cce7,6.46
7549,2019-08-01T09:06:20Z,9b3e6848d8b34e802134d6da0e5a594897ec3fafbbf08b6d0b84068e,60.17918,24.95141,00000000675d5200,7.69
7550,2019-08-01T09:06:20Z,9bdb503344071eddd74d821f537246d8a6c19468b05d38d0170377f9,60.16897,24.95222,00000000aa852af1,7.05
7551,2019-08-01T09:06:20Z,9bef8b28ea93ecaee57d05b037edbfe7f80014aaf56343345fedd7be,60.17918,24.95141,00000000675d5200,9.12
7552,2019-08-01T09:06:20Z,9ce214896068957a21bc57af08680d84debbd091b49ad5e6402c4cc8,60.16629,24.95957,00000000fb7600be,17.4
7553,2019-08-01T09:06:20Z,9e2fc7d2196f097e688761506eb14b5cf3baa0aecca96c1131ae1767,60.16897,24.95222,00000000aa852af1,11.7
7554,2019-08-01T09:06:20Z,9e343a150f07bb3dcce5ecab8ac061b84d65b347b1af5a232e00eeb6,60.16829,24.94214,00000000afef4555,6.46
7555,2019-08-01T09:06:20Z,9eee6d740f1d483c484d02f0995f35550c09e6a8cf01f02680db5efc,60.16448,24.97323,0000000053c6c2be,27.28
7556,2019-08-01T09:06:20Z,9f2f5e6344efb60ffa5c79880ea57aeb636e51f86587e158039df6cc,60.16531,24.9442,00000000fdda10fe,25.36
7557,2019-08-01T09:06:20Z,9fa57cff946eb6b758bd810321b0bb80d6f0c46ca5fb40b0ec22ca0d,60.16762,24.95415,000000006b44cce7,11.7
7558,2019-08-01T09:06:20Z,9fe150ec915809e658e73e8d7076541dd0ae11c3374241f41adbb90b,60.16629,24.95957,00000000fb7600be,25.36
7559,2019-08-01T09:06:20Z,a04214b56cac7d70680703ee6a28fac742f3c3190b55b46a79c1f76d,60.149,24.9843,00000000fffb8cf0,11.7
7560,2019-08-01T09:06:20Z,a09607edc17117a3069b79434e751f93a2a00d0d6f9aceb043e32074,60.16762,24.95415,000000006b44cce7,12.69
7561,2019-08-01T09:06:20Z,a1049deed97cd1989c882cb47bb39f0d93d1fddbac4e9307e8a4249e,60.16544,24.95398,0000000038d83d41,23.56
7562,2019-08-01T09:06:20Z,a2e761fd97d8bdf78601300822b531e306b9ab7a1a43b6bfb07eba52,60.14947,24.91438,000000004ef3150d,11.7
7563,2019-08-01T09:06:20Z,a38c11c450b472b9dad2f076e2d9a63651292d3de806331d06af7f46,60.16531,24.9442,00000000fdda10fe,13.75
7564,2019-08-01T09:06:20Z,a403dc1eebc5d130e12a4c3e4298737c9e00b25b1b6b2cc36a6979c9,60.16629,24.95957,00000000fb7600be,17.4
7565,2019-08-01T09:06:20Z,a4b9f871dcc986c95f1e84fe203bb392ba0fe13164d89119bda2c94a,60.16762,24.95415,000000006b44cce7,12.69
7566,2019-08-01T09:06:20Z,a66eb6150c36b53f6240acfe16dd98ceb16c43b8e02d0b56993bac73,60.16897,24.95222,00000000aa852af1,13.75
7567,2019-08-01T09:06:20Z,a6d0dd9de406b1201a4e438ec7c5f4a467f38c41e2dec42ff6c71d50,60.16897,24.95222,00000000aa852af1,14.89
7568,2019-08-01T09:06:20Z,a786eb3b8a25c58099a428799e99d0b86401f803ee38d3e5d20e59d3,60.15432,24.9211,0000000019fb59c4,12.69
7569,2019-08-01T09:06:20Z,a808962cb511e5ed2d23e6e33efe252b1be29dc1d2f7c6154817f04f,60.16448,24.97323,0000000053c6c2be,12.69
7570,2019-08-01T09:06:20Z,a83415babca8eac00f69a32371a230fdadda29bf40fd69f75cf2e8fb,60.17918,24.95141,00000000675d5200,23.56
7571,2019-08-01T09:06:20Z,a83703c80a4d58db87327a53b0d3664d23edf7350ff6b0afaa49c530,60.16629,24.95957,00000000fb7600be,18.79
7572,2019-08-01T09:06:20Z,a837f2314938b1510f3b4cc5900d5d67bc7212d234d9fed1c64f3861,60.16762,24.95415,000000006b44cce7,14.89
7573,2019-08-01T09:06:20Z,a8ca7fb815e707c04434a085c4f99e783d56372143afc92225eae622,60.15133,24.92329,00000000e8a064a4,27.28
7574,2019-08-01T09:06:20Z,a982f65ed2c57aff3f744dba9f5e9ca929c81c14883516889898f207,60.16762,24.95415,000000006b44cce7,14.89
7575,2019-08-01T09:06:20Z,aa05a7036c3586a79d23f426b78bf158357208bc82d7ddf9a1326dd2,60.16531,24.9442,00000000fdda10fe,9.92
7576,2019-08-01T09:06:20Z,aa5281244780ac8f283c3452639d477cd76e31fc6f0b95b99c51a9b0,60.16762,24.95415,000000006b44cce7,3.4
7577,2019-08-01T09:06:20Z,ab615ee5bbf567aee3505fbb360d09fc6b851f93fb15aef778b57128,60.16531,24.9442,00000000fdda10fe,16.1
7578,2019-08-01T09:06:20Z,abf0be93e7a8aec9fa8284fdbcc2493f32084aa95f15660b23e149c6,60.16629,24.95957,00000000fb7600be,18.79
7579,2019-08-01T09:06:20Z,aca524ceb3c7373172ecd0d06b26e7d610d441f4a47ab78ae0ad3340,60.15133,24.92329,00000000e8a064a4,12.69
7580,2019-08-01T09:06:20Z,acbbe4765d72f36b0323407c7dbe43db7b4ad5e2da0a6a9e5966db0b,60.16897,24.95222,00000000aa852af1,18.79
7581,2019-08-01T09:06:20Z,ad22512fd6a5ad9e19fdfad7e02b2793ecb01875be243f894c637ae2,60.16829,24.94214,00000000afef4555,4.94
7582,2019-08-01T09:06:20Z,af67ffa8b538058603b74f48e04ab914e8f6cd450f53c47f8c3d683d,60.15432,24.9211,0000000019fb59c4,8.38
7583,2019-08-01T09:06:20Z,afaed9946dbc1509500c6f80f87eed8fe44a74ba3e14328c6efe3971,60.16829,24.94214,00000000afef4555,10.78
7584,2019-08-01T09:06:20Z,b09e9bb62cc49c085c1aee3b752af1bec69dabc939323e5733f73933,60.17065,24.93641,000000000f4919c9,18.79
7585,2019-08-01T09:06:20Z,b28757d67868f9471f0d997a935e857fd0ff1095449820929597563b,60.16762,24.95415,000000006b44cce7,8.38
7586,2019-08-01T09:06:20Z,b32e57a6f5865a23d7a0e9fa346d5ec4e975f99c4df815fe8b1449b2,60.17918,24.95141,00000000675d5200,11.7
7587,2019-08-01T09:06:20Z,b474e34db18d21635ec9ea2654513e6759c326f3aaec96c25f9a204e,60.16897,24.95222,00000000aa852af1,10.78
7588,2019-08-01T09:06:20Z,b50a45ac0708e7b5cca42f3458430eb22ff70a81c575bafe99ffda23,60.17002,24.94407,000000006b087f40,9.12
7589,2019-08-01T09:06:20Z,b5603e758440226e490d1d7d7271a7b0d5c261eccbad198f81110136,60.15432,24.9211,0000000019fb59c4,4.5
7590,2019-08-01T09:06:20Z,b6b32d1744cab38523e13d061fa256f05d6e01d920275907327c3083,60.16829,24.94214,00000000afef4555,9.92
7591,2019-08-01T09:06:20Z,b6c43126ca83e916a68e57d0178060c24fc61305836b6c8f188f7285,60.17918,24.95141,00000000675d5200,14.89
7592,2019-08-01T09:06:20Z,b6f0f4101a1a258dcb1d82d77ca91000694d4fed15bd882a8e3bfe66,60.149,24.9843,00000000fffb8cf0,20.28
7593,2019-08-01T09:06:20Z,b8fb70225ee0a2d655e2809da07a2f8cd2feb7295aa256f8b35fcf1e,60.16629,24.95957,00000000fb7600be,17.4
7594,2019-08-01T09:06:20Z,bb2187a4e20012ad694c768ef2c47c9a9055671024ebf4855d4e6243,60.16531,24.9442,00000000fdda10fe,1.54
7595,2019-08-01T09:06:20Z,bc436a99a8805080541bd9dc9743df4f0e34172e2c70b59f64c4260c,60.16762,24.95415,000000006b44cce7,14.89
7596,2019-08-01T09:06:20Z,bc6d5082ca52e6dae7a1689a835434f3f6341e90afea565480eb9674,60.16829,24.94214,00000000afef4555,14.89
7597,2019-08-01T09:06:20Z,bc82f76c979de19b559e9e3aa0cd6cbf5ac361e2d7b1ac9f81fe2f4f,60.17918,24.95141,00000000675d5200,7.69
7598,2019-08-01T09:06:20Z,bd17e41f002acd238070518ccfb611a42561023ceaefde667bf6fa55,60.17002,24.94407,000000006b087f40,23.56
7599,2019-08-01T09:06:20Z,bd23c66c4df0bd849266a4429a24f23f2c9503cf31eb0cd9780248e6,60.18203,24.91341,00000000342570c2,13.75
7600,2019-08-01T09:06:20Z,be0aec7d0615ab2d3b044d4d86b1cc0c2e35603c8195665e854c25ae,60.16829,24.94214,00000000afef4555,18.79
7601,2019-08-01T09:06:20Z,bf49d47a337e26ce22d9f900a012f227185efed1dc30802b35273839,60.16762,24.95415,000000006b44cce7,9.92
7602,2019-08-01T09:06:20Z,c09ca77613756563bc54c39fb18e42a10d980ba647b2b238f789e2ef,60.173,24.92524,0000000096918cfa,21.87
7603,2019-08-01T09:06:20Z,c0a0ca3433586ed2ae0e448f2406fabac7292ac79d49562e0bd5cef8,60.16762,24.95415,000000006b44cce7,16.1
7604,2019-08-01T09:06:20Z,c154451b1999baeaa84dce2322d29c7f31ff05824a433589f309596e,60.16762,24.95415,000000006b44cce7,18.79
7605,2019-08-01T09:06:20Z,c1674c59c49d5bf74e6808239a91d18a04e47697d298bc61a7618af2,60.16448,24.97323,0000000053c6c2be,14.89
7606,2019-08-01T09:06:20Z,c1bf1bf699e9bc78ca15c9490d1ef02e3323f0c2c76bf0fca7955a69,60.14947,24.91438,000000004ef3150d,12.69
7607,2019-08-01T09:06:20Z,c375f2dac85f963c33b2daf76ffb0c32d2c8fd08172419336e308686,60.14947,24.91438,000000004ef3150d,25.36
7608,2019-08-01T09:06:20Z,c434f18b802a764aad7a2dfb46e93546acb1b0975cf9b93fd47363f6,60.15432,24.9211,0000000019fb59c4,5.41
7609,2019-08-01T09:06:20Z,c46895857ca53c3362932d446a58c13b60d297f99ca237d4546589e8,60.16897,24.95222,00000000aa852af1,14.89
7610,2019-08-01T09:06:20Z,c51beff15d228f2dab9416cadfcc60fe269ce3d9202a9cf2ec7e7647,60.16829,24.94214,00000000afef4555,20.28
7611,2019-08-01T09:06:20Z,c5a6d2d62bc00c29fba5a97a29835008abdcf800f70540e4ccf71683,60.17919,24.95181,000000007b5207b6,17.4
7612,2019-08-01T09:06:20Z,c65c11ee6e8b5894ead3ea9b007a39127edb65a67be253aca6f78ed0,60.16448,24.97323,0000000053c6c2be,25.36
7613,2019-08-01T09:06:20Z,c872af9997af535c4615ee0b4194c7c8d644b7962afb3ca321eb386f,60.15133,24.92329,00000000e8a064a4,21.87
7614,2019-08-01T09:06:20Z,c8b9856a261673c3360915cd9a4dabb4afe22b63a86d7f59f7dc5f20,60.17002,24.94407,000000006b087f40,20.28
7615,2019-08-01T09:06:20Z,c98bce1cc275ed0a1b833011f8cd251ac848fdc84501fe87eb8b5d54,60.17918,24.95141,00000000675d5200,13.75
7616,2019-08-01T09:06:20Z,c9ce14e0dbf0cf3c24f6a92a1930fa32de9a1de0ffe63082ccddb0d6,60.16448,24.97323,0000000053c6c2be,27.28
7617,2019-08-01T09:06:20Z,ca7719c7cd8d4496b666f608fc07ba9930e362a0b2d96890b0778618,60.16629,24.95957,00000000fb7600be,16.1
7618,2019-08-01T09:06:20Z,cccf3ba2a9d11b9330c18af8064a20aca9995473495bf119162a1619,60.16897,24.95222,00000000aa852af1,13.75
7619,2019-08-01T09:06:20Z,cf061f5093c857b2efc346d3ad51fd17cca7eb360060ba7875630cf5,60.16897,24.95222,00000000aa852af1,20.28
7620,2019-08-01T09:06:20Z,cf823e18aa21de251222a9ab70c1b76b6218dea694752d56f6f84082,60.149,24.9843,00000000fffb8cf0,27.28
7621,2019-08-01T09:06:20Z,d062562fed5ad0a61560e267310beb0b717d2a1e2a11d1d575507861,60.16897,24.95222,00000000aa852af1,13.75
7622,2019-08-01T09:06:20Z,d16e16def718519430296afa23976c226aaf720722bce3d92a2aad43,60.14947,24.91438,000000004ef3150d,12.69
7623,2019-08-01T09:06:20Z,d29a5ebd00326d5dedb6c60cab75fd238bdaa9d7f703f6b5974edbc7,60.16762,24.95415,000000006b44cce7,9.92
7624,2019-08-01T09:06:20Z,d31d6921eee92503b486a1b30f5330581c4744a82e6549f375544846,60.17918,24.95141,00000000675d5200,16.1
7625,2019-08-01T09:06:20Z,d562afdedae521be241c98441e436608a323fdb944dedc24c835e762,60.17065,24.93641,000000000f4919c9,7.05
7626,2019-08-01T09:06:20Z,d653ef8368d33df4fc7edeb5a381d5826be1471f1470aa9744d47901,60.173,24.92524,0000000096918cfa,2.8
7627,2019-08-01T09:06:20Z,d74ea3c9e0aaa523c791aa01f4f9a7c1c43f01f585dc4146b19edf83,60.17918,24.95141,00000000675d5200,17.4
7628,2019-08-01T09:06:20Z,d96f75e45e25f419ec5440ac7b974af6ecb23842b2dc149285d892d5,60.17002,24.94407,000000006b087f40,29.32
7629,2019-08-01T09:06:20Z,d9f8ff1809ebe23c7e68bb1cbb1aa6fdfaf22375abf2962da2d7cfab,60.16531,24.9442,00000000fdda10fe,12.69
7630,2019-08-01T09:06:20Z,dbedd81db3d59ee0c6948187e396a34e2fa5dd6670cf8d862bf5e1ff,60.16762,24.95415,000000006b44cce7,5.91
7631,2019-08-01T09:06:20Z,dc786895c819070347a0a268463f0a8b15f5eec1647f016a9e78e9e0,60.1538,24.95595,0000000038bf9618,33.81
7632,2019-08-01T09:06:20Z,ddae2128c72cf011df2a698a8254b8738fd07a971349ea8a5e8bfa9f,60.16829,24.94214,00000000afef4555,20.28
7633,2019-08-01T09:06:20Z,deb8a213e1b4930e676ee8fdb394161ec46adb785171fa37437b4d44,60.15133,24.92329,00000000e8a064a4,9.92
7634,2019-08-01T09:06:20Z,ded712413bfc7de58a469fab75498089b2c3c6b5e0c9cae260102284,60.16829,24.94214,00000000afef4555,17.4
7635,2019-08-01T09:06:20Z,dfe80baf219bd267a459c954a8e3027b3f1ed29fea2a5355456d5652,60.16897,24.95222,00000000aa852af1,18.79
7636,2019-08-01T09:06:20Z,e0fe7fe5854899c0eb42b75b300339808143419404558ed4d00b0f17,60.17918,24.95141,00000000675d5200,11.7
7637,2019-08-01T09:06:20Z,e234769b1ce1634554f5fa4a290d11b2a30c3dfd009d4c39a2e9dd3d,60.17065,24.93641,000000000f4919c9,23.56
7638,2019-08-01T09:06:20Z,e294dde431d68c7b73efcf1f9b916e40bf408111c79228032c7830a4,60.16544,24.95398,0000000038d83d41,23.56
7639,2019-08-01T09:06:20Z,e2bb0ae74deee6cbc4f50c5f85da3f1779ca1db1ae7ff48ab4b33dbc,60.17918,24.95141,00000000675d5200,7.05
7640,2019-08-01T09:06:20Z,e2f445c6711e0e7d48a6a045bec347587f9f398e8928a171cfa2ca38,60.16762,24.95415,000000006b44cce7,10.78
7641,2019-08-01T09:06:20Z,e3f844c56875bd572c3b57a835b884f1060b467d3bbd25c50dcc7e28,60.16762,24.95415,000000006b44cce7,11.7
7642,2019-08-01T09:06:20Z,e508e239ba2ca68b34ad5074f3d7b013e72f6f7df36eb6cdf545be78,60.16762,24.95415,000000006b44cce7,13.75
7643,2019-08-01T09:06:20Z,e528235be3e5cc4945024d50d1ed43061e2e2f2845f2b41e081e1721,60.17918,24.95141,00000000675d5200,12.69
7644,2019-08-01T09:06:20Z,e5cad8bb9a6c8dcc067948d7f869033aca5bdd062da175c8734092e6,60.17918,24.95141,00000000675d5200,21.87
7645,2019-08-01T09:06:20Z,e73dcccbc4dd6af49316f19a34c347cc94ff7ab079a93a2672d78a16,60.14947,24.91438,000000004ef3150d,18.79
7646,2019-08-01T09:06:20Z,e8add7e8346b99cd4b67924113f3763441a1899897c6d1ac3a1a40a6,60.17918,24.95141,00000000675d5200,9.12
7647,2019-08-01T09:06:20Z,e8ed8051f57ad9d9029a5e3b443c5e93e5059f8c487ba45e2583d35a,60.16829,24.94214,00000000afef4555,14.89
7648,2019-08-01T09:06:20Z,e9275b4d525e0593374e00e9cf9885062a1699ecb3462c758a025ef1,60.16762,24.95415,000000006b44cce7,17.4
7649,2019-08-01T09:06:20Z,ea3f8412ed9c4d92448688dd9cc7ff9e3eeb5fe4373d0953bf0349c1,60.16531,24.9442,00000000fdda10fe,14.89
7650,2019-08-01T09:06:20Z,ea94130fbb3464dc656765cfddbad802ddfafb1af8007cb5f42cd41f,60.16829,24.94214,00000000afef4555,11.7
7651,2019-08-01T09:06:20Z,eaf572301dc5c1eaff007bc1886cce8f0f5e92a233b8686ed2a1a9cc,60.17065,24.93641,000000000f4919c9,16.1
7652,2019-08-01T09:06:20Z,ec2dd83e04d225caca9f6b9d28bd3080ed37c5bf42e5f65123fa2394,60.17065,24.93641,000000000f4919c9,9.92
7653,2019-08-01T09:06:20Z,ec7121833f0e4b509d683b00a9c5e992e4b84882cb857145102e14f4,60.16531,24.9442,00000000fdda10fe,1.38
7654,2019-08-01T09:06:20Z,ec8c0160ac1ee5aeaf6204956c9db2ee4f98f55ae3fe1ec0af07fab8,60.16762,24.95415,000000006b44cce7,4.5
7655,2019-08-01T09:06:20Z,ed86f884272a5a400b55bfd4f22bc8cc5d6fca7fe26eee3c39cb3c52,60.15432,24.9211,0000000019fb59c4,12.69
7656,2019-08-01T09:06:20Z,eef621895ee74145a6d76c5f5493a93d7c728c80abe45a2e1933ae9f,60.16897,24.95222,00000000aa852af1,23.56
7657,2019-08-01T09:06:20Z,ef67b9e4617f284b84167b4bdaff71108579a33ced0a2450ff25a1a1,60.16629,24.95957,00000000fb7600be,12.69
7658,2019-08-01T09:06:20Z,f03d20d6bb80ce0745cb0fbed6619e0a6288bfffd08e9aabce1692ba,60.17065,24.93641,000000000f4919c9,23.56
7659,2019-08-01T09:06:20Z,f1447725764ec0dca245fc67f2aa0a0c42e6b05808076aa74f0c1e7e,60.17918,24.95141,00000000675d5200,9.12
7660,2019-08-01T09:06:20Z,f18c0c32d067aecf5602d70693ac888cab1be6dbb0d154be5153dfcc,60.16829,24.94214,00000000afef4555,16.1
7661,2019-08-01T09:06:20Z,f1b28329fc91f4708ca34857c5582c0bf1b7d0ab06127746029cd72c,60.17918,24.95141,00000000675d5200,12.69
7662,2019-08-01T09:06:20Z,f20935810c1567a80c288016c4d4dd32fe86b3479f47ae7dd64d15cc,60.15432,24.9211,0000000019fb59c4,11.7
7663,2019-08-01T09:06:20Z,f29ed00b645af4bbf50174e71f58a9b691d2e2342e59eda242d97380,60.16829,24.94214,00000000afef4555,11.7
7664,2019-08-01T09:06:20Z,f4587b90aec9127805880f7c81fc03b9fb513fe363015399b895089f,60.16829,24.94214,00000000afef4555,27.28
7665,2019-08-01T09:06:20Z,f4bbc3077da0455d4340da2eed204915327b75a792080724548b4956,60.17918,24.95141,00000000675d5200,1.88
7666,2019-08-01T09:06:20Z,f503a41d3e8b9b57628f4f061c1d8e0c53c62dd8a6fe38d212958ee6,60.16075,24.95883,00000000f1124bca,7.05
7667,2019-08-01T09:06:20Z,f50fd3b1715a94dff67461f4b8f252ecaa6acc16459b3d021f34f15e,60.1538,24.95595,0000000038bf9618,29.32
7668,2019-08-01T09:06:20Z,f55165f87792f06aaca9b79eea536f4bd692c8ee806294be5fb014df,60.16829,24.94214,00000000afef4555,25.36
7669,2019-08-01T09:06:20Z,f587de6c8c03387c5e6a66cd7d20c45abad3668c8e2246611122547b,60.14947,24.91438,000000004ef3150d,9.12
7670,2019-08-01T09:06:20Z,f60a6068c654587fa981390a039456a2fdd85e02c009df547e204a45,60.16829,24.94214,00000000afef4555,17.4
7671,2019-08-01T09:06:20Z,f716dcb476c9dec16df1e638def8b9157b4952a49faa2eba8a164827,60.16544,24.95398,0000000038d83d41,21.87
7672,2019-08-01T09:06:20Z,f77f8836e641389801309c311e926c1662264ab16efd01cd5bf27baf,60.16762,24.95415,000000006b44cce7,5.91
7673,2019-08-01T09:06:20Z,f9e527876f8dfe750fd29bc42664bbf572aed5d09d344a8934a83d90,60.17065,24.93641,000000000f4919c9,4.11
7674,2019-08-01T09:06:20Z,fa1a3814c680b20020a08346c37ee2853e895984574575312bf262e7,60.14947,24.91438,000000004ef3150d,21.87
7675,2019-08-01T09:06:20Z,fa9f19c58a086fde9429d732b1eec80eacf5fc1b2c0124d17243d008,60.17918,24.95141,00000000675d5200,7.69
7676,2019-08-01T09:06:20Z,fba6e66dd09200012637e0b454c96fd7a5459b7e8b0ba01863cdbd77,60.16762,24.95415,000000006b44cce7,2.8
7677,2019-08-01T09:06:20Z,fea1453360073dfc1896bf1f005f51addb49661f953e16cffba3c63d,60.16531,24.9442,00000000fdda10fe,12.69
7678,2019-08-01T09:06:21Z,0ffffc922d45d8063a1ee9f51760d94aa7e3f957374f5a86b3a18d09,60.16897,24.95222,00000000aa852af1,23.56
7679,2019-08-01T09:06:21Z,144afc51fc2443c7031a2912566eff2ce60226a49d6d2bd7c2923700,60.16544,24.95398,0000000038d83d41,21.87
7680,2019-08-01T09:06:21Z,14c7e1511b70f4dd3359cbece1377aebb4d70531f5489eefe53d7c3c,60.16544,24.95398,0000000038d83d41,29.32
7681,2019-08-01T09:06:21Z,15918569de0a46a8eb56b43d8d39f7fc82619ff1006f00822c85745c,60.17918,24.95141,00000000675d5200,2.08
7682,2019-08-01T09:06:21Z,165ebbb4090d47319ae370f0d0854fdc1f6b79499f8b2e4d3c3533c0,60.16544,24.95398,0000000038d83d41,25.36
7683,2019-08-01T09:06:21Z,1f0f0628cdc688d76bde2b82bee5b9b4916bf0bbdfe76cf3213e1c65,60.15432,24.9211,0000000019fb59c4,14.89
7684,2019-08-01T09:06:21Z,2a93b61a3863ace54349d7a0937e4134fcc6d4dfcf064eefae2b7cf8,60.15432,24.9211,0000000019fb59c4,18.79
7685,2019-08-01T09:06:21Z,2f33dacc8bf2b0b809b88130b46696c922929e1eb8ea92017f05509a,60.16448,24.97323,0000000053c6c2be,20.28
7686,2019-08-01T09:06:21Z,5d65719c4cbf045f068d084b72302f447d5fd034413d97d13be00d0e,60.18203,24.91341,00000000342570c2,21.87
7687,2019-08-01T09:06:21Z,6a657079c1bdc8114c289be1ddd83e5846d4279a920d1697b8ff0033,60.18203,24.91341,00000000342570c2,23.56
7688,2019-08-01T09:06:21Z,6d22b751ff5173035dc85c52c3dff0780126adae67fe33dc62dd45ef,60.16531,24.9442,00000000fdda10fe,20.28
7689,2019-08-01T09:06:21Z,6ff437688c444238352c28f64f9d2a7d0f14d19c9ea42c225380501e,60.16762,24.95415,000000006b44cce7,12.69
7690,2019-08-01T09:06:21Z,76c7f42283513d0e289bf786d89463b5025b2ae0f4e13519a4cf228b,60.15432,24.9211,0000000019fb59c4,23.56
7691,2019-08-01T09:06:21Z,78d5f60b36b59c06c3988b94e11744bb3aed5dcbc214f91f228bf892,60.16448,24.97323,0000000053c6c2be,36.27
7692,2019-08-01T09:06:21Z,84fdfd8881f633c5f0c71c1480053953ca4b05e848052d97c063ad38,60.1538,24.95595,0000000038bf9618,33.81
7693,2019-08-01T09:06:21Z,87dfaad29a9276ddddb1fa021d3bc23ad14824c1af16f7d87e713689,60.14951,24.92138,0000000006dd41f6,9.92
7694,2019-08-01T09:06:21Z,8c75c3289c84fe4493e1e272a77b615fe1985880c5dc68a7c1a17b53,60.16762,24.95415,000000006b44cce7,12.69
7695,2019-08-01T09:06:21Z,8cc6ddaa460aeae8cc9e8a33f91a01c8cd4c0c8bf8a943210a28c84d,60.1538,24.95595,0000000038bf9618,11.7
7696,2019-08-01T09:06:21Z,9843c6216661048343a0e49cf3d8aa2883cf77f452666a1c873a1052,60.16448,24.97323,0000000053c6c2be,9.92
7697,2019-08-01T09:06:21Z,9d03d14afa49576281aa26db60e517f7c1ec8aa36f7756959a860a8a,60.16629,24.95957,00000000fb7600be,13.75
7698,2019-08-01T09:06:21Z,a5302e72a58b038ac7633e65863bac48d8153d8837533ac7b5409f37,60.16629,24.95957,00000000fb7600be,11.7
7699,2019-08-01T09:06:21Z,a794b5cd3dff23bb2fe621fa0fa64a9ad4be2ab820bff2b483489903,60.16897,24.95222,00000000aa852af1,25.36
7700,2019-08-01T09:06:21Z,a9da1ee82e3b670e276c26b483dd50f4a6d0c6f77ef82245d3ae6086,60.18203,24.91341,00000000342570c2,9.92
7701,2019-08-01T09:06:21Z,ab0f67c0c0e1ba5eac9013f9c314feadf340ddf08543b91e70483594,60.16544,24.95398,0000000038d83d41,18.79
7702,2019-08-01T09:06:21Z,b4faf2d3c4d2b199afeab6ab63b583fe3a2e81e14abbef6917f25129,60.15432,24.9211,0000000019fb59c4,20.28
7703,2019-08-01T09:06:21Z,b5fd6b317890e5ab2d79e2cd1abe61626d45a753c7337d0d40728898,60.16762,24.95415,000000006b44cce7,9.12
7704,2019-08-01T09:06:21Z,ba42c72ea7c2663b3ea5044faf12173ab18e523dc35de0e24bf374ac,60.16544,24.95398,0000000038d83d41,23.56
7705,2019-08-01T09:06:21Z,c40c37def6bf11a63a2556519a7c6233fd417cdeea2cf14f28e7c42c,60.16531,24.9442,00000000fdda10fe,14.89
7706,2019-08-01T09:06:21Z,ce783d3c1b06378e5c39c25687746a6f88fbb0ff2b36e3405fb61cf8,60.16762,24.95415,000000006b44cce7,17.4
7707,2019-08-01T09:06:21Z,cf05623e4d87ce0906c0b0b7dbf53aacc1228016cd27c341228b6e76,60.18203,24.91341,00000000342570c2,20.28
7708,2019-08-01T09:06:21Z,d73d0854198e184ee42ff4f9e9da255df0af90985363aea6a02d33d7,60.16897,24.95222,00000000aa852af1,31.5
7709,2019-08-01T09:06:21Z,dd2c9c82cf3737146294aff6f814a1349fb0bc4bedf518715dacbe8f,60.18203,24.91341,00000000342570c2,17.4
7710,2019-08-01T09:06:21Z,df89b51aeaaa1a8c64db45d6c35f918b650806b37aea9b50246a3267,60.16829,24.94214,00000000afef4555,18.79
7711,2019-08-01T09:06:21Z,ec72ef080c605e71978aed0d3b5f22c3c3133677a43c614b72eedc6d,60.14699,24.922,00000000a53ed894,36.27
7712,2019-08-01T09:06:21Z,ed70dda6b7faebd4340dacdb452ab224d9d3c308df417b7fa76f54e8,60.14951,24.92138,0000000006dd41f6,23.56
7713,2019-08-01T09:06:21Z,efd1806e1eee5eca948bc2537df8d816e2cce41009b41189c350ce74,60.16531,24.9442,00000000fdda10fe,21.87
7714,2019-08-01T09:06:21Z,f088630d7476dae7d4b7e2bb1f10575f2c89acb4b6e061f3d57c2b40,60.16531,24.9442,00000000fdda10fe,23.56
7715,2019-08-01T09:06:21Z,f1f7b52845876f30642a66e5014615e91d05b70e771d5ea25341dc8c,60.16448,24.97323,0000000053c6c2be,36.27
7716,2019-08-01T09:06:21Z,f70a43051a4f59f5002c4018a464b44781f7f527861efda6626a2de4,60.16829,24.94214,00000000afef4555,29.32
7717,2019-08-01T09:06:21Z,f83d4b6b8ffbf8a674d212e32100b2360b80261b4e9207d77c0b0ed3,60.17918,24.95141,00000000675d5200,4.94
7718,2019-08-01T09:06:21Z,f99c5dd8cc08bd2353083d875ce8bc585fb2c2ff8427b90d92f571de,60.1538,24.95595,0000000038bf9618,36.27
7719,2019-08-01T09:06:21Z,fc4f3a44235f1cfc7b53f14ba2da599976a5a0a220d23b852688e485,60.17918,24.95141,00000000675d5200,25.36
7720,2019-08-01T09:06:21Z,00787dad708490660b0b836fa415681cc57046fa521c0c0aaea14a9e,60.16762,24.95415,000000006b44cce7,4.5
7721,2019-08-01T09:06:21Z,00d98e49fc01c16216b630f9fdf19ce9826d27552ce2fa4676de957b,60.16829,24.94214,00000000afef4555,16.1
7722,2019-08-01T09:06:21Z,02050a536056486b1bf139282f0d0a3af63def1d56ff0c73ac51bb19,60.14947,24.91438,000000004ef3150d,16.1
7723,2019-08-01T09:06:21Z,023083c44c772667f1727e01c74518889b2a82d78ceb28c08b6f8a20,60.16531,24.9442,00000000fdda10fe,18.79
7724,2019-08-01T09:06:21Z,028149b8bfaf37d1f064cb0b4f23ae118f00d8eff41679fb8830396a,60.16531,24.9442,00000000fdda10fe,25.36
7725,2019-08-01T09:06:21Z,0362cc670dcfab795a3911957b6a177416bf9b99d0e2732716796c4d,60.15432,24.9211,0000000019fb59c4,31.5
7726,2019-08-01T09:06:21Z,03f427d436ba092925de462b11374bdbdab0443620037675621fbc11,60.17919,24.95181,000000007b5207b6,20.28
7727,2019-08-01T09:06:21Z,0483eb7342f4e704caa76b9bc3d6a7bd836282960dafc2c756247134,60.16762,24.95415,000000006b44cce7,8.38
7728,2019-08-01T09:06:21Z,063935180fff0e58de5d319ecb9320cf794423e3c6aeac0cca8f1a9f,60.16897,24.95222,00000000aa852af1,9.92
7729,2019-08-01T09:06:21Z,08f10568d1e90d000e41196f141e0c1a52bab88fcf08f4753a3c055e,60.16897,24.95222,00000000aa852af1,21.87
7730,2019-08-01T09:06:21Z,08f9fd60f852d3502bfa509c955e9963e73954f961d55ba8cd46cae9,60.16629,24.95957,00000000fb7600be,33.81
7731,2019-08-01T09:06:21Z,0951ec0c700dba7330b8e8181fc852becde054d0dc7474d1488db3cd,60.17065,24.93641,000000000f4919c9,18.79
7732,2019-08-01T09:06:21Z,09cfe3ccea2138f9a7a14b633026c75879d915955e4d18d8913efebf,60.14951,24.92138,0000000006dd41f6,54.47
7733,2019-08-01T09:06:21Z,0a2ee6303f628b9ab7302760fa090ff8e53785250ea299c5af49f0d0,60.14699,24.922,00000000a53ed894,20.28
7734,2019-08-01T09:06:21Z,0a4545064081fa300763c6773f1d0bc94f50886af099201d626346bb,60.16762,24.95415,000000006b44cce7,21.87
7735,2019-08-01T09:06:21Z,0b1e470de9987c18967cad858b6f79c135ffd2e9ad00bb9c470d0eb3,60.1538,24.95595,0000000038bf9618,29.32
7736,2019-08-01T09:06:21Z,0c1684b697a63d7f47ebaedcfa060b3b4af294fec1e62d613699291a,60.16897,24.95222,00000000aa852af1,7.05
7737,2019-08-01T09:06:21Z,0d2a30f4e69ed2b7c428129d550b561c93cfe41bbf290ae41a4343bc,60.16762,24.95415,000000006b44cce7,18.79
7738,2019-08-01T09:06:21Z,0e8d646fc7b4b57d136a79e8a7c83c470ca0d37fd6cdabafed7cee9a,60.16544,24.95398,0000000038d83d41,29.32
7739,2019-08-01T09:06:21Z,0f0a47457083121cf6392eb1d6d9a764f269d3c0e33d76403c446678,60.16829,24.94214,00000000afef4555,23.56
7740,2019-08-01T09:06:21Z,0f8e18e52422d7fb71594f8dbfc8bb5ae986eb9f664407f954e275b4,60.16762,24.95415,000000006b44cce7,11.7
7741,2019-08-01T09:06:21Z,0fc3dcfc786a0b995f8e102ae37d87ee5da24053e3e634d4caaaa97f,60.17002,24.94407,000000006b087f40,20.28
7742,2019-08-01T09:06:21Z,1069967e3921871955b1b2b42e60f829c593a3e024401bfe61ae410e,60.16629,24.95957,00000000fb7600be,12.69
7743,2019-08-01T09:06:21Z,1074ffc7b33a1a8b54ea8f31d0f43ba07ed2ad7841b548f9bd4b9bad,60.17065,24.93641,000000000f4919c9,23.56
7744,2019-08-01T09:06:21Z,1134a082e36fe03359bac74c814a0ed20468c45230115d4e25aa230d,60.16829,24.94214,00000000afef4555,20.28
7745,2019-08-01T09:06:21Z,1190156a73bf59a847cf2ffe8e6c4216b8658b3898324d94a582c787,60.16762,24.95415,000000006b44cce7,9.12
7746,2019-08-01T09:06:21Z,1271bcd33c0056265a5bdf6df4092a3c9e2209abee80570cb172031b,60.16897,24.95222,00000000aa852af1,23.56
7747,2019-08-01T09:06:21Z,13a759fd293cbde0d55db753d853768b718e59036c4007d2e3a8757a,60.16762,24.95415,000000006b44cce7,14.89
7748,2019-08-01T09:06:21Z,141ffc858c3ea6a2e69c954115114304736a35dc25ec947323090dc0,60.16762,24.95415,000000006b44cce7,4.5
7749,2019-08-01T09:06:21Z,15b314157b22b2a5bf8a39539a049ce73e7baa21b0ce24f21718ce4a,60.17002,24.94407,000000006b087f40,9.92
7750,2019-08-01T09:06:21Z,164d8280dbb888033f64368dd641bcef597fc327148fcf74374894c5,60.16544,24.95398,0000000038d83d41,23.56
7751,2019-08-01T09:06:21Z,16e18d478be872d2a9801fa885d08edeb3f5ae1840b38478f9baf535,60.17918,24.95141,00000000675d5200,23.56
7752,2019-08-01T09:06:21Z,171980d40f8d22e4729243ca1e6e18c1416a08d9e495829266ca211e,60.16897,24.95222,00000000aa852af1,21.87
7753,2019-08-01T09:06:21Z,1880dcca5077d4ccd63084e82a411f0cb7abb12f9883625b046f2e24,60.16829,24.94214,00000000afef4555,21.87
7754,2019-08-01T09:06:21Z,190cdde22bc3e3a41cd0f9da7efb3a917bc09e8034b05ca6064ea8a8,60.17919,24.95181,000000007b5207b6,17.4
7755,2019-08-01T09:06:21Z,1d70ff49909e1d6fb653ae053aa78084daf385dbbd2ad22b05707309,60.16829,24.94214,00000000afef4555,16.1
7756,2019-08-01T09:06:21Z,1dacfb371d75dd4f90f447aac2a00faad98beb4188a6971c19eb2375,60.16629,24.95957,00000000fb7600be,18.79
7757,2019-08-01T09:06:21Z,1dcff36b6f83b08b6ea87c1c1018c542c270299839908ca446dffb39,60.16762,24.95415,000000006b44cce7,10.78
7758,2019-08-01T09:06:21Z,1eadb2c1984aa73c3c2f13eab0a2e793331443c617681e36887f0bcc,60.16629,24.95957,00000000fb7600be,18.79
7759,2019-08-01T09:06:21Z,1ecbc7c6afe89033252e5510cbb893666af2b3bc29f555a3a6287fdb,60.14951,24.92138,0000000006dd41f6,3.4
7760,2019-08-01T09:06:21Z,1f813dc10021899138c12ca17c58ab3dc24db1750dcb1790f9c20e8f,60.15133,24.92329,00000000e8a064a4,13.75
7761,2019-08-01T09:06:21Z,227fd98ceb97d84d0c2c3af35c32cee7a87aea62d71b1a5353ae3588,60.17065,24.93641,000000000f4919c9,16.1
7762,2019-08-01T09:06:21Z,2283762fe3af8329ae65aec44de728da8f383810e9f2a3d3b84fa031,60.16897,24.95222,00000000aa852af1,21.87
7763,2019-08-01T09:06:21Z,22ac1ab1c590ea19b44c61c42f5e8da29a6acbabf56676527811507a,60.15432,24.9211,0000000019fb59c4,27.28
7764,2019-08-01T09:06:21Z,22b68b1dc6e6d815ca8e6afbd434ae0e229670798c443052e7444648,60.16762,24.95415,000000006b44cce7,9.92
7765,2019-08-01T09:06:21Z,25479245e5a8b0fe47e2bd590cdd63256d84afd6c164781dc64e527d,60.149,24.9843,00000000fffb8cf0,4.5
7766,2019-08-01T09:06:21Z,25d340d14d855b8c18b2c6f2551ec98a1eb047d1fd3457ba881ddf28,60.17918,24.95141,00000000675d5200,5.41
7767,2019-08-01T09:06:21Z,270749ab8e1a83f0dcbf45dc861bcc0e10361d103d7589841787e366,60.16531,24.9442,00000000fdda10fe,14.89
7768,2019-08-01T09:06:21Z,277fcf3cc917a89b46a34e0cf5164a78f5bcc88d92bb45ded60f1a91,60.17065,24.93641,000000000f4919c9,14.89
7769,2019-08-01T09:06:21Z,27b591b33a56a542440b53031a24f42290b0ec1a194af27700b75a3a,60.17918,24.95141,00000000675d5200,7.69
7770,2019-08-01T09:06:21Z,2823bf6afde4a5cc05342c15e7417c9590ba52264be5793bb688faab,60.17065,24.93641,000000000f4919c9,31.5
7771,2019-08-01T09:06:21Z,2832565094d8e4bd54c7a2442ac8807d97669bc460c1cb75a831bbb8,60.16762,24.95415,000000006b44cce7,9.12
7772,2019-08-01T09:06:21Z,28ce50ca84cdcd4c17a36ac666e7ac0267b6ab5b77f4bfb08b2573a1,60.16762,24.95415,000000006b44cce7,1.7
7773,2019-08-01T09:06:21Z,28d50861d92f962c7a49eabaa524431aebf52870e44b79f77d7167c6,60.17918,24.95141,00000000675d5200,7.69
7774,2019-08-01T09:06:21Z,29ae3c5c3aeac0c607bc816f7e74c232a40142b79a52c43c7b1ed42f,60.16829,24.94214,00000000afef4555,9.92
7775,2019-08-01T09:06:21Z,2a8ba80ac4fbda4f91ebfa759642c857fd090516070753d41bb7d6ad,60.16829,24.94214,00000000afef4555,31.5
7776,2019-08-01T09:06:21Z,2afa9ac588b2c55e8edf99ee96ecaf63451a7ab1e51571b7e2d1d491,60.16762,24.95415,000000006b44cce7,4.5
7777,2019-08-01T09:06:21Z,2c184c9cc9c9a744c6959766a13f23462ffce29c252d073a252b6a7a,60.16762,24.95415,000000006b44cce7,12.69
7778,2019-08-01T09:06:21Z,2c1dcbe1930bbd0596b8dea9e2abc4e49a10db5a1fbd25f103aaf5a4,60.16762,24.95415,000000006b44cce7,16.1
7779,2019-08-01T09:06:21Z,2c6810efb2565383ca0a554f3c51f3f7905484357f5e00756dbf091a,60.17918,24.95141,00000000675d5200,2.3
7780,2019-08-01T09:06:21Z,2c6f6440161f9061a850e8db96383d5eb111f0d1d8f0b666b7c49f22,60.16897,24.95222,00000000aa852af1,20.28
7781,2019-08-01T09:06:21Z,2dcf0ecaac12383ceb7b327be55ef5b4e8044d537bcf586a630e32a6,60.16544,24.95398,0000000038d83d41,31.5
7782,2019-08-01T09:06:21Z,2ea9a23b1a04016fb4810d1ceb5731d90774224fd9235877005a4e1c,60.16897,24.95222,00000000aa852af1,33.81
7783,2019-08-01T09:06:21Z,2f43b7a683b0d365a46b6259a032813c293472eaedcdbcc3507adee5,60.17918,24.95141,00000000675d5200,9.12
7784,2019-08-01T09:06:21Z,2f79108a454c0072885ad1447280ed5098d061b229eaae61a8bb67be,60.15432,24.9211,0000000019fb59c4,16.1
7785,2019-08-01T09:06:21Z,2f82b3546af2df53b58cddc668c9aa196554108cdf39120ea40b417c,60.16629,24.95957,00000000fb7600be,5.41
7786,2019-08-01T09:06:21Z,2fb6d9d46ec584d1f1d7b67e7650ff7a665788f4000a4b39dc16a4e1,60.16829,24.94214,00000000afef4555,27.28
7787,2019-08-01T09:06:21Z,32fcb1ab3a9fde533916ca28a0d5b56bbb45fd171dd5bae91f66ec6c,60.16897,24.95222,00000000aa852af1,13.75
7788,2019-08-01T09:06:21Z,33fa4cb82db5b44ffe6e7ae1039635187f90d1df328f8f139da0c693,60.17918,24.95141,00000000675d5200,4.5
7789,2019-08-01T09:06:21Z,3480c16a6649952c388d8902596e332f018e609b9585f483353ae026,60.17065,24.93641,000000000f4919c9,3.4
7790,2019-08-01T09:06:21Z,34e96c7caa63e7ede8f428b18e8fb556ac235d61a50c9d6ac7ff268f,60.17918,24.95141,00000000675d5200,11.7
7791,2019-08-01T09:06:21Z,3609f484ad7e56259f60a61aba44f22dfca5c8b2564fce7e802ad342,60.16829,24.94214,00000000afef4555,5.91
7792,2019-08-01T09:06:21Z,367b1989198ef11170dd9fcfa7e6ebb5ceb58aab87c613ee1bb86e8c,60.16531,24.9442,00000000fdda10fe,10.78
7793,2019-08-01T09:06:21Z,3685ee6d322dcb2ad0ae181f66c3c5427d4531d7896d2f5f7571bb6d,60.16762,24.95415,000000006b44cce7,8.38
7794,2019-08-01T09:06:21Z,370e50e1f77aeb2782c892f70147b6a5749ecd7e9ee41036f693ba0a,60.16762,24.95415,000000006b44cce7,21.87
7795,2019-08-01T09:06:21Z,38fb20c6d55b10dd10a39c0fb41ad61297453e25afda81cf32313ae3,60.16531,24.9442,00000000fdda10fe,23.56
7796,2019-08-01T09:06:21Z,39126ffb278f49e06180cc6abe5b31ab3acdce1534b5b6ffa0b6e567,60.18203,24.91341,00000000342570c2,27.28
7797,2019-08-01T09:06:21Z,397e4b6a0e6c50fbb45ede1cb6e48156c508b36115e703cc5bac6e96,60.173,24.92524,0000000096918cfa,18.79
7798,2019-08-01T09:06:21Z,39c6456ee66fe96eee3d97cee2a70923cedb3da760bb5d4d413adb9c,60.17918,24.95141,00000000675d5200,3.09
7799,2019-08-01T09:06:21Z,39e9fa7033887b7ab339887aa68753ff94d4771cda2bb8ff4ea7aa0a,60.17918,24.95141,00000000675d5200,12.69
7800,2019-08-01T09:06:21Z,3a1afdcf7c2e5a52cdbcbbe29e8281c184037e8720920c6c75bee339,60.15133,24.92329,00000000e8a064a4,11.7
7801,2019-08-01T09:06:21Z,3a97ae4dcab31eb5e15e5d036d286e9764e25bcf0ad8afcfba854c90,60.16762,24.95415,000000006b44cce7,13.75
7802,2019-08-01T09:06:21Z,3be40c84926a525adbd09eeeb3a12b73b24c633942b2e1fbe8151ac3,60.16448,24.97323,0000000053c6c2be,21.87
7803,2019-08-01T09:06:21Z,3cc82d532d2a768e0c987e2653e32825a8b11fc2f7ba36388535f6e2,60.16075,24.95883,00000000f1124bca,18.79
7804,2019-08-01T09:06:21Z,3eea43670f4f29a90ced59c1af122371340275fb61ff8f14c7120658,60.16762,24.95415,000000006b44cce7,7.69
7805,2019-08-01T09:06:21Z,40646914186edc6142b7fc3daf766121b55f5bb36ea38facff686ea5,60.16897,24.95222,00000000aa852af1,18.79
7806,2019-08-01T09:06:21Z,40825cb0d315c92e0e0a73cc8e86c3b763bbf7ce226f112913e05e0f,60.17065,24.93641,000000000f4919c9,17.4
7807,2019-08-01T09:06:21Z,411f63100f0afed103b4e31b3544b8cf0c4c830902efe7da020562c4,60.16629,24.95957,00000000fb7600be,16.1
7808,2019-08-01T09:06:21Z,41a0ca2955e0ae0324f6e14aeb77ebfaac5305e31d86c42a20277b94,60.15133,24.92329,00000000e8a064a4,11.7
7809,2019-08-01T09:06:21Z,42844e90c7134ebb3ec325f57cd27cd24711c779548ebc8692a820d5,60.14951,24.92138,0000000006dd41f6,3.4
7810,2019-08-01T09:06:21Z,4393fccdbc9fb22fab14f03ea52183ad558bcd436202e69f56a7b77a,60.16762,24.95415,000000006b44cce7,13.75
7811,2019-08-01T09:06:21Z,43e023a8726ec4c53a8cea6dcaa79e722da4677e37f3f6c9d3cc9873,60.16544,24.95398,0000000038d83d41,14.89
7812,2019-08-01T09:06:21Z,4470412c4b059a920f2699fbfb72b261e0847b3e1caa8c71d2edd5a2,60.16448,24.97323,0000000053c6c2be,18.79
7813,2019-08-01T09:06:21Z,4642dfa1df839f11e64f68bca4e3dce7bde2ff6dd68c54959fcb4788,60.17918,24.95141,00000000675d5200,2.08
7814,2019-08-01T09:06:21Z,4682d95464cedcc021f38271a51bab9c000762b4acf802070e259ba2,60.16629,24.95957,00000000fb7600be,5.41
7815,2019-08-01T09:06:21Z,478830e26b1b9314c3f35b4ca62aba9828872733abbc7f32b78daac3,60.16531,24.9442,00000000fdda10fe,21.87
7816,2019-08-01T09:06:21Z,47bd1492244c444d45674eb48dd2e6f222cb109d820ba807c4e18c1a,60.16629,24.95957,00000000fb7600be,16.1
7817,2019-08-01T09:06:21Z,48004849b2f48b2314aa9175433d754db1641b949bb8cf050e2dd128,60.17918,24.95141,00000000675d5200,10.78
7818,2019-08-01T09:06:21Z,484bbaa5a9d6bdd2259f022b6ea4e3c290985c13a1286bd7142d878f,60.16762,24.95415,000000006b44cce7,5.91
7819,2019-08-01T09:06:21Z,48c0ea6615ac4c02fc9bc0e06f9ea9309f9bf7e73b4324d7a6b14610,60.16829,24.94214,00000000afef4555,11.7
7820,2019-08-01T09:06:21Z,49bbad87e4d6cd03bdb073bde7be91193d74d29943badce7fc536916,60.16448,24.97323,0000000053c6c2be,5.41
7821,2019-08-01T09:06:21Z,49df780a7f20a99ad2810fa4bbb46b5fac9bc5cbe3fc800cd572f63a,60.14947,24.91438,000000004ef3150d,17.4
7822,2019-08-01T09:06:21Z,49f30a741207cbfec775d36d911b5e67735df0f53762d3d5e0de05a8,60.16531,24.9442,00000000fdda10fe,27.28
7823,2019-08-01T09:06:21Z,4ade4f0d92c6157a42d7fd8e353d1c93551324ba47cc134b840a6c63,60.16897,24.95222,00000000aa852af1,5.41
7824,2019-08-01T09:06:21Z,4b4afca270c22aae160d996711ae685b598b87871b3b4ab2f96786b6,60.14951,24.92138,0000000006dd41f6,21.87
7825,2019-08-01T09:06:21Z,4ba529eeafb27285cbbade6e5ece0d4d04bd2d13c98b27a5d17abd22,60.16897,24.95222,00000000aa852af1,3.09
7826,2019-08-01T09:06:21Z,4f609afde0ba5cb017ba3c549bdd11ff322a2e0227a0f11a9d112220,60.16762,24.95415,000000006b44cce7,12.69
7827,2019-08-01T09:06:21Z,4fb4a3650a2a28469dde9c537458d24411aa6075666e047dd756fba9,60.17919,24.95181,000000007b5207b6,25.36
7828,2019-08-01T09:06:21Z,5001aabb6808b9fd96b705d1ebe8e7aca52713c2640100d81879dd86,60.17919,24.95181,000000007b5207b6,3.74
7829,2019-08-01T09:06:21Z,504f910a0bd104a130b85d0c50467a15e74dc950bcc9eac3ebecc43e,60.16531,24.9442,00000000fdda10fe,18.79
7830,2019-08-01T09:06:21Z,51ec42fdd85671ae93876c3d875b24e56cb45699e9c3d2b623dca70d,60.16762,24.95415,000000006b44cce7,9.92
7831,2019-08-01T09:06:21Z,529623421e226c215bcca0b1388813e291d3d13ed1d8465f0ab69147,60.16629,24.95957,00000000fb7600be,6.46
7832,2019-08-01T09:06:21Z,5372348389197e6c4bc4c5e3dab047e7384d562220e6295904bbda1b,60.17065,24.93641,000000000f4919c9,4.94
7833,2019-08-01T09:06:21Z,53fb53be4440aecb1a1fa63a9da1db08182cc7e252da14685e63373d,60.16762,24.95415,000000006b44cce7,13.75
7834,2019-08-01T09:06:21Z,54b89ed12e25892c9160e029a0379d61425b88db1aa30b06f9ea2d8b,60.17002,24.94407,000000006b087f40,20.28
7835,2019-08-01T09:06:21Z,54bd709173219e8017f317b63ecc83d0a48f64542e6fa1b83c86a56c,60.17919,24.95181,000000007b5207b6,10.78
7836,2019-08-01T09:06:21Z,556cae6b2e2dec6fe691a835e8e08bd016b1a65797c0aca46879329f,60.17919,24.95181,000000007b5207b6,4.94
7837,2019-08-01T09:06:21Z,559429bba23762a872fc7b1e2219d42125ab101e4355d43fdb94ed7b,60.17918,24.95141,00000000675d5200,13.75
7838,2019-08-01T09:06:21Z,559e6a5225ce35ab844c63ea0d0c1695dc490a3d9cfbafa5d35ac8d8,60.14947,24.91438,000000004ef3150d,9.92
7839,2019-08-01T09:06:21Z,560816066eb4d44c34d0d56c57c994c0cccbd36fef545059b8e4d9d7,60.14947,24.91438,000000004ef3150d,7.69
7840,2019-08-01T09:06:21Z,57c17edc71bbce06ad692952a1e05eaa77181884e580c0848f3a23fc,60.14951,24.92138,0000000006dd41f6,21.87
7841,2019-08-01T09:06:21Z,5830a481876da00686f25b17dad06258a39212c0816ed04dda2df1bd,60.16531,24.9442,00000000fdda10fe,18.79
7842,2019-08-01T09:06:21Z,584cb0b0cdd14e608c8b57c8aecc9826f9b40027e365e2438a444ea2,60.16762,24.95415,000000006b44cce7,10.78
7843,2019-08-01T09:06:21Z,5865a27b5b56a60bca38e4a1403655e3e7fd0232a3ff2079965aff81,60.15432,24.9211,0000000019fb59c4,5.41
7844,2019-08-01T09:06:21Z,5978726eeef638856dafd3a8d199287f8daf9e90ddde750b402f8bb0,60.17065,24.93641,000000000f4919c9,1.7
7845,2019-08-01T09:06:21Z,5a3004325b5a058e02fb9f32ef4f7e9cc465240cbda7a7e4ec89d2de,60.16629,24.95957,00000000fb7600be,27.28
7846,2019-08-01T09:06:21Z,5a34b02faac3189217466888ef1d31cc80f721ac2f18638c5db88d53,60.14947,24.91438,000000004ef3150d,9.92
7847,2019-08-01T09:06:21Z,5b06617477af6dcee75a94ac347364b50f6f3b5b7d747e5413d9ad58,60.14947,24.91438,000000004ef3150d,12.69
7848,2019-08-01T09:06:21Z,5c1f71098d5d7258d2971061c791c94e0138c8e02225c5f60d6a0428,60.149,24.9843,00000000fffb8cf0,21.87
7849,2019-08-01T09:06:21Z,5daa76852f3e1be6c75fa2185d5787ab9010cf83d6671515769a8649,60.16531,24.9442,00000000fdda10fe,11.7
7850,2019-08-01T09:06:21Z,5e2c5c20c88ccf362ed8749d1ddc041b1cb1c38d8dbeac7870179322,60.16629,24.95957,00000000fb7600be,12.69
7851,2019-08-01T09:06:21Z,6051ed50496b74a6ff68c86205d23971fcaccd6c91edfe7d78fa71b0,60.16897,24.95222,00000000aa852af1,16.1
7852,2019-08-01T09:06:21Z,6072bfb496e2b8a999c9edbda5b76fbc0e783ff2a439c4e6c881fabf,60.16829,24.94214,00000000afef4555,9.92
7853,2019-08-01T09:06:21Z,60fb71f332cc032172f6238e9ddeaf6911310759fc2cd535746d74f9,60.16629,24.95957,00000000fb7600be,21.87
7854,2019-08-01T09:06:21Z,61f53bab9eb8d4ebb57a9aaea9ccecc63dbf2a442c4d629c5348903f,60.16629,24.95957,00000000fb7600be,23.56
7855,2019-08-01T09:06:21Z,626bf35ce16dba1054cfd175d09475d3ee751bf70e56f984ff5c7ab6,60.15133,24.92329,00000000e8a064a4,25.36
7856,2019-08-01T09:06:21Z,63ff2439779051005c18876d20ed53ce060c1de9d7976821bd518fc6,60.15432,24.9211,0000000019fb59c4,10.78
7857,2019-08-01T09:06:21Z,648f993da1de9bc56017d18aad25895e4cf79c7f38da67de8e86dd54,60.16829,24.94214,00000000afef4555,23.56
7858,2019-08-01T09:06:21Z,65b6b62b547e11e10f7f83ad497446bee2bb9653097d9d62e9b1b817,60.17065,24.93641,000000000f4919c9,12.69
7859,2019-08-01T09:06:21Z,673cc832b626feba4fd2b89c6da4fc24da9d4872367191c0a723d09b,60.16829,24.94214,00000000afef4555,23.56
7860,2019-08-01T09:06:21Z,674355e17da9460e58566497be518f2eb537880c67c788fedb5067db,60.16629,24.95957,00000000fb7600be,12.69
7861,2019-08-01T09:06:21Z,685af6b01bd180194d718801bb8b9c9de22050cc392d6c6441fe986b,60.18203,24.91341,00000000342570c2,10.78
7862,2019-08-01T09:06:21Z,68d7ad8fab31b3c5967a814376d0ddc6cf42e1db0d9e09dfbba169bd,60.16762,24.95415,000000006b44cce7,9.92
7863,2019-08-01T09:06:21Z,69e2854c78a472b462941ef730aa9fa7a9dba9c1cc22996396d4c78a,60.17918,24.95141,00000000675d5200,6.46
7864,2019-08-01T09:06:21Z,6adce4d05e58232a97635a2fd7918e4e49d9295afc0989d727f9c712,60.17002,24.94407,000000006b087f40,20.28
7865,2019-08-01T09:06:21Z,6c48841a532bcffd2ea10ab292e6f543fd8b434a08dacf740a7d85af,60.16762,24.95415,000000006b44cce7,13.75
7866,2019-08-01T09:06:21Z,6d5a8ded89f26533ed851d1a0894f0d9045e9cd4baed439f7d9a922b,60.16629,24.95957,00000000fb7600be,7.69
7867,2019-08-01T09:06:21Z,6d98ac1fea7056e5b96d6095caf0e3677a4ec30e9fbcc2e50ae1cf65,60.16629,24.95957,00000000fb7600be,9.12
7868,2019-08-01T09:06:21Z,6dca84ddf4be668487766d17c5d13961ed713d24032f709ae87a497f,60.16829,24.94214,00000000afef4555,14.89
7869,2019-08-01T09:06:21Z,6dd5463e670c352180c1e912300e21e59f5e2976266df8c3c92b0baf,60.16829,24.94214,00000000afef4555,17.4
7870,2019-08-01T09:06:21Z,6e80fcea10d21e1d5e672b554c0f3fe686dc58934f38c3391fd5c262,60.17002,24.94407,000000006b087f40,9.12
7871,2019-08-01T09:06:21Z,6eb390f743af2f8f87ce6c2ab53228450ccce1d21de54f8abba160df,60.16829,24.94214,00000000afef4555,25.36
7872,2019-08-01T09:06:21Z,6fe2cf6737d40d71251dac8ebef5356a2b765621e97a346c00a6031c,60.15432,24.9211,0000000019fb59c4,3.09
7873,2019-08-01T09:06:21Z,7003a7f6a5523b645634f014e04bea36016953a8af9324e35602bc2e,60.14947,24.91438,000000004ef3150d,14.89
7874,2019-08-01T09:06:21Z,701dc50417b28dba15ad9ff809844f1766b6579389a2e5ebb0562635,60.16629,24.95957,00000000fb7600be,25.36
7875,2019-08-01T09:06:21Z,704c3f3075f13713c363014fa828e4a932e7a05676813b9963a1e554,60.17918,24.95141,00000000675d5200,3.09
7876,2019-08-01T09:06:21Z,728325161f4ed691db3460f87a25ed4713580e50a53fd36dd265957f,60.16531,24.9442,00000000fdda10fe,18.79
7877,2019-08-01T09:06:21Z,73d6b97f785fc0a0a9ed2a397fe1bf1cfa199679f6262451d10e0382,60.16762,24.95415,000000006b44cce7,14.89
7878,2019-08-01T09:06:21Z,750297d0d8ff0ca837d9c2289c26302d62f38708617150431ab14509,60.16531,24.9442,00000000fdda10fe,11.7
7879,2019-08-01T09:06:21Z,76c2f7b3773d4bebd4dabada1c2b98fe4ea9762e9c98b4a6371d7746,60.16762,24.95415,000000006b44cce7,9.92
7880,2019-08-01T09:06:21Z,7700297fec4982ad776529835e2ab46d4e5cbc889e26f368c19efeef,60.16829,24.94214,00000000afef4555,17.4
7881,2019-08-01T09:06:21Z,774131d73accbbb31ec3c43c3501b7969645eb65df1839ca8116526e,60.15432,24.9211,0000000019fb59c4,9.12
7882,2019-08-01T09:06:21Z,7803e2d46157a5482e745447d4c2c332fbd818d87a20b0f6187c628d,60.17065,24.93641,000000000f4919c9,16.1
7883,2019-08-01T09:06:21Z,78047bec076b1b43b674f39aa6b605b1665404036da0e4dfac3c1e1e,60.14699,24.922,00000000a53ed894,27.28
7884,2019-08-01T09:06:21Z,78a9535148d256e36a93dcce58f6dac7864c3bcd43b255c37291aa30,60.17002,24.94407,000000006b087f40,20.28
7885,2019-08-01T09:06:21Z,78ec3b06e6504f54673ca689d2a31a647973ada7b757f2139ecb9f8e,60.16897,24.95222,00000000aa852af1,27.28
7886,2019-08-01T09:06:21Z,7c1534082e86ff4387878d813207626d8f728aa26b97248e00a3b8d7,60.16629,24.95957,00000000fb7600be,14.89
7887,2019-08-01T09:06:21Z,7ccf0231e25c4a2ff5abcbb7cb3fe96604d014c3fa05c2829580801d,60.16829,24.94214,00000000afef4555,9.92
7888,2019-08-01T09:06:21Z,7cd51189de07d01882cf0a9346f0830a9b21764875334d45e143fbd5,60.17002,24.94407,000000006b087f40,20.28
7889,2019-08-01T09:06:21Z,7d12711d47425111a6dce413faa867542b9532f3b9c5a934b37a0bc8,60.17918,24.95141,00000000675d5200,17.4
7890,2019-08-01T09:06:21Z,7d415f4fd9093fb383b4ebb88961ad74e6a00d3ece39504712dad639,60.17918,24.95141,00000000675d5200,8.38
7891,2019-08-01T09:06:21Z,7e2e3d07c939e3e76e7ce87678faf64e056afe54215e00488839100f,60.14947,24.91438,000000004ef3150d,14.89
7892,2019-08-01T09:06:21Z,7eb4a715919b3eb4085270535ce4d7b57112591ad7242eb189bf652a,60.17065,24.93641,000000000f4919c9,16.1
7893,2019-08-01T09:06:21Z,7f534fc0885ddf5a5c3814e4232de3356affd42f6c3560055079dc1c,60.16829,24.94214,00000000afef4555,11.7
7894,2019-08-01T09:06:21Z,7f59aaecea1eee6c703ec5d46d67b44289ddedf080defee495b73739,60.14947,24.91438,000000004ef3150d,16.1
7895,2019-08-01T09:06:21Z,7faf8705e89a761625aaed50b89538581e25d5950ec8f051d36ed829,60.14947,24.91438,000000004ef3150d,14.89
7896,2019-08-01T09:06:21Z,809bf2d7a0745ae512b934a578fd5fd47c13c5398b6d06ad350b9e7c,60.14947,24.91438,000000004ef3150d,23.56
7897,2019-08-01T09:06:21Z,8165c5f8d06298ffd56f071c0ad1cc9f1d4f08084936937d712d0b61,60.15133,24.92329,00000000e8a064a4,18.79
7898,2019-08-01T09:06:21Z,8292ad97931f6462dc056eb92748496c2cfa3e22dbad610514a2deab,60.17002,24.94407,000000006b087f40,29.32
7899,2019-08-01T09:06:21Z,82b78c2220aee81a2744ddfaf7ed29663888987dba6b7cdda05731d9,60.14947,24.91438,000000004ef3150d,12.69
7900,2019-08-01T09:06:21Z,8524898e498c83bde4bc1848aa2b372da84e7b2266f36aabe128cc27,60.17919,24.95181,000000007b5207b6,12.69
7901,2019-08-01T09:06:21Z,85bdce5b262dbd94adcff03e6cad26a1152828b6ab27e6fdd56b2b13,60.16762,24.95415,000000006b44cce7,2.3
7902,2019-08-01T09:06:21Z,87f1cc4c4a9de1ab81fe39cf7fde6cf0d4778e690f1665b62231ce46,60.149,24.9843,00000000fffb8cf0,25.36
7903,2019-08-01T09:06:21Z,880f9cbb91b9caf48ea9c5dd1a0c8e1db72922b6dfcb647b102fc469,60.16629,24.95957,00000000fb7600be,4.5
7904,2019-08-01T09:06:21Z,88c2bc6310f27465b9f08b28fb52075d7703ce7b097e5beb37c7437c,60.14947,24.91438,000000004ef3150d,20.28
7905,2019-08-01T09:06:21Z,898cde3317c73907bb23b1b885828c4bf3187c3a757a18dc32abe970,60.16762,24.95415,000000006b44cce7,5.41
7906,2019-08-01T09:06:21Z,89aeff56a0700534bbf2dfd19fc298f5a890c95e1a45b6ca7ad3c33a,60.16829,24.94214,00000000afef4555,10.78
7907,2019-08-01T09:06:21Z,8a01e28fd327e5c56dcf2dc8b2b7762a96d77584c21990a073ceb11f,60.16829,24.94214,00000000afef4555,1.88
7908,2019-08-01T09:06:21Z,8c2c35fb6ebc0f07014a3291523f291bea82160dee13d091314cde65,60.16762,24.95415,000000006b44cce7,10.78
7909,2019-08-01T09:06:21Z,8c571538c285dba9d77edacfb1829b282d54b772b62209c6e4004237,60.17918,24.95141,00000000675d5200,5.41
7910,2019-08-01T09:06:21Z,8e20d0d67339e3cf43e77c3a340d9dc6766de8d079197a08a1343ff0,60.17065,24.93641,000000000f4919c9,17.4
7911,2019-08-01T09:06:21Z,8ff363623484e942b5555694468900717744f957e1a6221903490bac,60.16762,24.95415,000000006b44cce7,11.7
7912,2019-08-01T09:06:21Z,90a44cbd1a957cc59a6986cff9b6b7b8e151d379e17da645069428b8,60.173,24.92524,0000000096918cfa,17.4
7913,2019-08-01T09:06:21Z,939c459d913b0b38838071a0d13671e83e4a751f44624b21e84daa69,60.16762,24.95415,000000006b44cce7,9.92
7914,2019-08-01T09:06:21Z,93a13528693a5862c05b962a6681ea8c2bb319c6b0ed3b7ae2539723,60.16629,24.95957,00000000fb7600be,9.92
7915,2019-08-01T09:06:21Z,941e13893853105c86bfbc6d31d62274937602143ce3bb530c8c17ed,60.17918,24.95141,00000000675d5200,20.28
7916,2019-08-01T09:06:21Z,94b54a06b97b71144684ec289acfd57fa5ef17038131748fe839f728,60.16762,24.95415,000000006b44cce7,11.7
7917,2019-08-01T09:06:21Z,9609babe3114439a82f93f797f4a6e779b6bab625488b8ff5b63e674,60.16829,24.94214,00000000afef4555,25.36
7918,2019-08-01T09:06:21Z,972dc7ab84b9c2b4fe9b48b53fdee1f8fc4a78ca70222d1b54c338c5,60.16829,24.94214,00000000afef4555,20.28
7919,2019-08-01T09:06:21Z,99f242a3c3e8ef2df75069f2ee802ecf75bc01317cde7e909ac73f66,60.16531,24.9442,00000000fdda10fe,10.78
7920,2019-08-01T09:06:21Z,9a12cdd9d905a294b1c33d220edf652a99509b8916a79081b8e05dae,60.16629,24.95957,00000000fb7600be,18.79
7921,2019-08-01T09:06:21Z,9abbc86fb0fc1c0532042814af76a97e6a17121831d4394749a290a6,60.16762,24.95415,000000006b44cce7,9.92
7922,2019-08-01T09:06:21Z,9b3e6848d8b34e802134d6da0e5a594897ec3fafbbf08b6d0b84068e,60.17918,24.95141,00000000675d5200,7.69
7923,2019-08-01T09:06:21Z,9bc129708b07f3c5bbf4195e83f0e5b9a663b6f371f416a8e3a605f0,60.16897,24.95222,00000000aa852af1,31.5
7924,2019-08-01T09:06:21Z,9bdb503344071eddd74d821f537246d8a6c19468b05d38d0170377f9,60.16897,24.95222,00000000aa852af1,13.75
7925,2019-08-01T09:06:21Z,9bef8b28ea93ecaee57d05b037edbfe7f80014aaf56343345fedd7be,60.17918,24.95141,00000000675d5200,18.79
7926,2019-08-01T09:06:21Z,9ce214896068957a21bc57af08680d84debbd091b49ad5e6402c4cc8,60.16629,24.95957,00000000fb7600be,23.56
7927,2019-08-01T09:06:21Z,9e2fc7d2196f097e688761506eb14b5cf3baa0aecca96c1131ae1767,60.16897,24.95222,00000000aa852af1,20.28
7928,2019-08-01T09:06:21Z,9e343a150f07bb3dcce5ecab8ac061b84d65b347b1af5a232e00eeb6,60.16829,24.94214,00000000afef4555,5.91
7929,2019-08-01T09:06:21Z,9eee6d740f1d483c484d02f0995f35550c09e6a8cf01f02680db5efc,60.16448,24.97323,0000000053c6c2be,25.36
7930,2019-08-01T09:06:21Z,9fa57cff946eb6b758bd810321b0bb80d6f0c46ca5fb40b0ec22ca0d,60.16762,24.95415,000000006b44cce7,25.36
7931,2019-08-01T09:06:21Z,a04214b56cac7d70680703ee6a28fac742f3c3190b55b46a79c1f76d,60.149,24.9843,00000000fffb8cf0,11.7
7932,2019-08-01T09:06:21Z,a09607edc17117a3069b79434e751f93a2a00d0d6f9aceb043e32074,60.16762,24.95415,000000006b44cce7,11.7
7933,2019-08-01T09:06:21Z,a1049deed97cd1989c882cb47bb39f0d93d1fddbac4e9307e8a4249e,60.16544,24.95398,0000000038d83d41,23.56
7934,2019-08-01T09:06:21Z,a2333053951d093ef490bcc3b9455fa0ed512421b5b597602785ab28,60.16531,24.9442,00000000fdda10fe,16.1
7935,2019-08-01T09:06:21Z,a38c11c450b472b9dad2f076e2d9a63651292d3de806331d06af7f46,60.16531,24.9442,00000000fdda10fe,12.69
7936,2019-08-01T09:06:21Z,a43c84bf84005aa17da2549e889c7c09e1035e5290ef5d904ea65e6c,60.16829,24.94214,00000000afef4555,38.87
7937,2019-08-01T09:06:21Z,a47e8613674297dc49b26801b19d2110d009aaee57412f2127f3b093,60.16897,24.95222,00000000aa852af1,18.79
7938,2019-08-01T09:06:21Z,a4b9f871dcc986c95f1e84fe203bb392ba0fe13164d89119bda2c94a,60.16762,24.95415,000000006b44cce7,11.7
7939,2019-08-01T09:06:21Z,a66eb6150c36b53f6240acfe16dd98ceb16c43b8e02d0b56993bac73,60.16897,24.95222,00000000aa852af1,10.78
7940,2019-08-01T09:06:21Z,a6d010615b0732a971c180467cd17865327688c7e6c60628c3d452d3,60.16762,24.95415,000000006b44cce7,16.1
7941,2019-08-01T09:06:21Z,a6d0dd9de406b1201a4e438ec7c5f4a467f38c41e2dec42ff6c71d50,60.16897,24.95222,00000000aa852af1,11.7
7942,2019-08-01T09:06:21Z,a786eb3b8a25c58099a428799e99d0b86401f803ee38d3e5d20e59d3,60.15432,24.9211,0000000019fb59c4,14.89
7943,2019-08-01T09:06:21Z,a808962cb511e5ed2d23e6e33efe252b1be29dc1d2f7c6154817f04f,60.16448,24.97323,0000000053c6c2be,17.4
7944,2019-08-01T09:06:21Z,a83415babca8eac00f69a32371a230fdadda29bf40fd69f75cf2e8fb,60.17918,24.95141,00000000675d5200,25.36
7945,2019-08-01T09:06:21Z,a83703c80a4d58db87327a53b0d3664d23edf7350ff6b0afaa49c530,60.16629,24.95957,00000000fb7600be,17.4
7946,2019-08-01T09:06:21Z,a8ca7fb815e707c04434a085c4f99e783d56372143afc92225eae622,60.15133,24.92329,00000000e8a064a4,25.36
7947,2019-08-01T09:06:21Z,a955553f8d3b05fb11d9249f1c5418ca2db8c29d4013eb84349a5aa4,60.16762,24.95415,000000006b44cce7,18.79
7948,2019-08-01T09:06:21Z,a982f65ed2c57aff3f744dba9f5e9ca929c81c14883516889898f207,60.16762,24.95415,000000006b44cce7,16.1
7949,2019-08-01T09:06:21Z,aa05a7036c3586a79d23f426b78bf158357208bc82d7ddf9a1326dd2,60.16531,24.9442,00000000fdda10fe,9.12
7950,2019-08-01T09:06:21Z,aa5281244780ac8f283c3452639d477cd76e31fc6f0b95b99c51a9b0,60.16762,24.95415,000000006b44cce7,3.4
7951,2019-08-01T09:06:21Z,ab615ee5bbf567aee3505fbb360d09fc6b851f93fb15aef778b57128,60.16531,24.9442,00000000fdda10fe,7.05
7952,2019-08-01T09:06:21Z,abf0be93e7a8aec9fa8284fdbcc2493f32084aa95f15660b23e149c6,60.16629,24.95957,00000000fb7600be,16.1
7953,2019-08-01T09:06:21Z,aca524ceb3c7373172ecd0d06b26e7d610d441f4a47ab78ae0ad3340,60.15133,24.92329,00000000e8a064a4,16.1
7954,2019-08-01T09:06:21Z,acbbe4765d72f36b0323407c7dbe43db7b4ad5e2da0a6a9e5966db0b,60.16897,24.95222,00000000aa852af1,20.28
7955,2019-08-01T09:06:21Z,ad22512fd6a5ad9e19fdfad7e02b2793ecb01875be243f894c637ae2,60.16829,24.94214,00000000afef4555,7.05
7956,2019-08-01T09:06:21Z,af67ffa8b538058603b74f48e04ab914e8f6cd450f53c47f8c3d683d,60.15432,24.9211,0000000019fb59c4,7.05
7957,2019-08-01T09:06:21Z,afaed9946dbc1509500c6f80f87eed8fe44a74ba3e14328c6efe3971,60.16829,24.94214,00000000afef4555,14.89
7958,2019-08-01T09:06:21Z,b09e9bb62cc49c085c1aee3b752af1bec69dabc939323e5733f73933,60.17065,24.93641,000000000f4919c9,29.32
7959,2019-08-01T09:06:21Z,b32e57a6f5865a23d7a0e9fa346d5ec4e975f99c4df815fe8b1449b2,60.17919,24.95181,000000007b5207b6,9.12
7960,2019-08-01T09:06:21Z,b474e34db18d21635ec9ea2654513e6759c326f3aaec96c25f9a204e,60.16897,24.95222,00000000aa852af1,7.69
7961,2019-08-01T09:06:21Z,b50a45ac0708e7b5cca42f3458430eb22ff70a81c575bafe99ffda23,60.17002,24.94407,000000006b087f40,7.05
7962,2019-08-01T09:06:21Z,b5603e758440226e490d1d7d7271a7b0d5c261eccbad198f81110136,60.15432,24.9211,0000000019fb59c4,3.74
7963,2019-08-01T09:06:21Z,b69604356a52f2b1b9c5de09a350f42d87f5b969e3e824d8b6b2368f,60.16829,24.94214,00000000afef4555,29.32
7964,2019-08-01T09:06:21Z,b6b32d1744cab38523e13d061fa256f05d6e01d920275907327c3083,60.16829,24.94214,00000000afef4555,23.56
7965,2019-08-01T09:06:21Z,b6c43126ca83e916a68e57d0178060c24fc61305836b6c8f188f7285,60.17918,24.95141,00000000675d5200,5.91
7966,2019-08-01T09:06:21Z,b6f0f4101a1a258dcb1d82d77ca91000694d4fed15bd882a8e3bfe66,60.149,24.9843,00000000fffb8cf0,20.28
7967,2019-08-01T09:06:21Z,b8fb70225ee0a2d655e2809da07a2f8cd2feb7295aa256f8b35fcf1e,60.16629,24.95957,00000000fb7600be,17.4
7968,2019-08-01T09:06:21Z,baca220bc4dd6e05e27f7b99db1588e9c29a5e18a36a70622dea1e65,60.17065,24.93641,000000000f4919c9,21.87
7969,2019-08-01T09:06:21Z,bb2187a4e20012ad694c768ef2c47c9a9055671024ebf4855d4e6243,60.16531,24.9442,00000000fdda10fe,1.25
7970,2019-08-01T09:06:21Z,bbb86467d71e5ec5bd140995d266fd33a85efe89654eb13ee0471416,60.17002,24.94407,000000006b087f40,23.56
7971,2019-08-01T09:06:21Z,bc6d5082ca52e6dae7a1689a835434f3f6341e90afea565480eb9674,60.16829,24.94214,00000000afef4555,9.92
7972,2019-08-01T09:06:21Z,bc82f76c979de19b559e9e3aa0cd6cbf5ac361e2d7b1ac9f81fe2f4f,60.17918,24.95141,00000000675d5200,9.12
7973,2019-08-01T09:06:21Z,bc9f41b866167e5e74a46c4e05c457a12872b6d20ff01d48bade4039,60.16829,24.94214,00000000afef4555,27.28
7974,2019-08-01T09:06:21Z,bd17e41f002acd238070518ccfb611a42561023ceaefde667bf6fa55,60.17002,24.94407,000000006b087f40,20.28
7975,2019-08-01T09:06:21Z,be0aec7d0615ab2d3b044d4d86b1cc0c2e35603c8195665e854c25ae,60.16829,24.94214,00000000afef4555,13.75
7976,2019-08-01T09:06:21Z,bf49d47a337e26ce22d9f900a012f227185efed1dc30802b35273839,60.16762,24.95415,000000006b44cce7,13.75
7977,2019-08-01T09:06:21Z,c09ca77613756563bc54c39fb18e42a10d980ba647b2b238f789e2ef,60.173,24.92524,0000000096918cfa,20.28
7978,2019-08-01T09:06:21Z,c36568f7893e68ba3e3ca3169783c9e29a8a5f8cee16c1928c903ebc,60.16829,24.94214,00000000afef4555,29.32
7979,2019-08-01T09:06:21Z,c375f2dac85f963c33b2daf76ffb0c32d2c8fd08172419336e308686,60.14947,24.91438,000000004ef3150d,21.87
7980,2019-08-01T09:06:21Z,c434f18b802a764aad7a2dfb46e93546acb1b0975cf9b93fd47363f6,60.15432,24.9211,0000000019fb59c4,3.74
7981,2019-08-01T09:06:21Z,c46895857ca53c3362932d446a58c13b60d297f99ca237d4546589e8,60.16897,24.95222,00000000aa852af1,23.56
7982,2019-08-01T09:06:21Z,c5a6d2d62bc00c29fba5a97a29835008abdcf800f70540e4ccf71683,60.17919,24.95181,000000007b5207b6,14.89
7983,2019-08-01T09:06:21Z,c65c11ee6e8b5894ead3ea9b007a39127edb65a67be253aca6f78ed0,60.16448,24.97323,0000000053c6c2be,20.28
7984,2019-08-01T09:06:21Z,c872af9997af535c4615ee0b4194c7c8d644b7962afb3ca321eb386f,60.15133,24.92329,00000000e8a064a4,21.87
7985,2019-08-01T09:06:21Z,c98bce1cc275ed0a1b833011f8cd251ac848fdc84501fe87eb8b5d54,60.17918,24.95141,00000000675d5200,13.75
7986,2019-08-01T09:06:21Z,ca7719c7cd8d4496b666f608fc07ba9930e362a0b2d96890b0778618,60.16629,24.95957,00000000fb7600be,11.7
7987,2019-08-01T09:06:21Z,cccf3ba2a9d11b9330c18af8064a20aca9995473495bf119162a1619,60.16897,24.95222,00000000aa852af1,21.87
7988,2019-08-01T09:06:21Z,ce7de55c7709396c70ce5930097e84449a4889700e605a0b062aaeae,60.16531,24.9442,00000000fdda10fe,14.89
7989,2019-08-01T09:06:21Z,cf823e18aa21de251222a9ab70c1b76b6218dea694752d56f6f84082,60.149,24.9843,00000000fffb8cf0,33.81
7990,2019-08-01T09:06:21Z,d062562fed5ad0a61560e267310beb0b717d2a1e2a11d1d575507861,60.16897,24.95222,00000000aa852af1,20.28
7991,2019-08-01T09:06:21Z,d16e16def718519430296afa23976c226aaf720722bce3d92a2aad43,60.14947,24.91438,000000004ef3150d,12.69
7992,2019-08-01T09:06:21Z,d29a5ebd00326d5dedb6c60cab75fd238bdaa9d7f703f6b5974edbc7,60.16762,24.95415,000000006b44cce7,11.7
7993,2019-08-01T09:06:21Z,d31d6921eee92503b486a1b30f5330581c4744a82e6549f375544846,60.17918,24.95141,00000000675d5200,13.75
7994,2019-08-01T09:06:21Z,d562afdedae521be241c98441e436608a323fdb944dedc24c835e762,60.17065,24.93641,000000000f4919c9,7.69
7995,2019-08-01T09:06:21Z,d653ef8368d33df4fc7edeb5a381d5826be1471f1470aa9744d47901,60.173,24.92524,0000000096918cfa,2.54
7996,2019-08-01T09:06:21Z,d65b8625c1f24304ff0e3c4a4dce7aa5d434d36be87be41834a49420,60.16531,24.9442,00000000fdda10fe,5.91
7997,2019-08-01T09:06:21Z,d6e217c6592e449e2390b1a874e08cbc9126116901dbdbf84501c6b8,60.17065,24.93641,000000000f4919c9,11.7
7998,2019-08-01T09:06:21Z,d74ea3c9e0aaa523c791aa01f4f9a7c1c43f01f585dc4146b19edf83,60.17918,24.95141,00000000675d5200,4.5
7999,2019-08-01T09:06:21Z,d7734ef0345fcffc0f4bd7579275af62987490aba012209832e92059,60.16629,24.95957,00000000fb7600be,9.92
8000,2019-08-01T09:06:21Z,d8e192aeb0216a9b0596cedcf42e1b5140d6cfbbc830edc10f50c3d1,60.16762,24.95415,000000006b44cce7,17.4
8001,2019-08-01T09:06:21Z,d95956cedfc4dfe06014194cc1071864bd835fcc014c1fd6f4d33337,60.16762,24.95415,000000006b44cce7,5.91
8002,2019-08-01T09:06:21Z,d96f75e45e25f419ec5440ac7b974af6ecb23842b2dc149285d892d5,60.17002,24.94407,000000006b087f40,33.81
8003,2019-08-01T09:06:21Z,d983db67d9cd171123ba12eeb19c11f34a3ad1d75fc9214ac3ae8a26,60.17002,24.94407,000000006b087f40,27.28
8004,2019-08-01T09:06:21Z,d9f8ff1809ebe23c7e68bb1cbb1aa6fdfaf22375abf2962da2d7cfab,60.16531,24.9442,00000000fdda10fe,13.75
8005,2019-08-01T09:06:21Z,dad9f0b8c733353e175a84c9ba4668db5e0974fe1e87754e1fee9084,60.16829,24.94214,00000000afef4555,20.28
8006,2019-08-01T09:06:21Z,dbedd81db3d59ee0c6948187e396a34e2fa5dd6670cf8d862bf5e1ff,60.16762,24.95415,000000006b44cce7,9.92
8007,2019-08-01T09:06:21Z,dc786895c819070347a0a268463f0a8b15f5eec1647f016a9e78e9e0,60.1538,24.95595,0000000038bf9618,23.56
8008,2019-08-01T09:06:21Z,ddae2128c72cf011df2a698a8254b8738fd07a971349ea8a5e8bfa9f,60.16829,24.94214,00000000afef4555,14.89
8009,2019-08-01T09:06:21Z,deb8a213e1b4930e676ee8fdb394161ec46adb785171fa37437b4d44,60.15133,24.92329,00000000e8a064a4,17.4
8010,2019-08-01T09:06:21Z,ded712413bfc7de58a469fab75498089b2c3c6b5e0c9cae260102284,60.16829,24.94214,00000000afef4555,11.7
8011,2019-08-01T09:06:21Z,dfe80baf219bd267a459c954a8e3027b3f1ed29fea2a5355456d5652,60.16897,24.95222,00000000aa852af1,17.4
8012,2019-08-01T09:06:21Z,e0fe7fe5854899c0eb42b75b300339808143419404558ed4d00b0f17,60.17918,24.95141,00000000675d5200,9.12
8013,2019-08-01T09:06:21Z,e234769b1ce1634554f5fa4a290d11b2a30c3dfd009d4c39a2e9dd3d,60.17065,24.93641,000000000f4919c9,29.32
8014,2019-08-01T09:06:21Z,e294dde431d68c7b73efcf1f9b916e40bf408111c79228032c7830a4,60.16544,24.95398,0000000038d83d41,23.56
8015,2019-08-01T09:06:21Z,e2bb0ae74deee6cbc4f50c5f85da3f1779ca1db1ae7ff48ab4b33dbc,60.17918,24.95141,00000000675d5200,16.1
8016,2019-08-01T09:06:21Z,e2f445c6711e0e7d48a6a045bec347587f9f398e8928a171cfa2ca38,60.16762,24.95415,000000006b44cce7,9.92
8017,2019-08-01T09:06:21Z,e528235be3e5cc4945024d50d1ed43061e2e2f2845f2b41e081e1721,60.17918,24.95141,00000000675d5200,20.28
8018,2019-08-01T09:06:21Z,e5cad8bb9a6c8dcc067948d7f869033aca5bdd062da175c8734092e6,60.17918,24.95141,00000000675d5200,8.38
8019,2019-08-01T09:06:21Z,e5cd2e2d028adefedf292f655a3d571e90d7715c52338c68f1b3f965,60.16544,24.95398,0000000038d83d41,23.56
8020,2019-08-01T09:06:21Z,e60dfd6fdae0694da3bbaca41506bcb6ca5f3ac39a1801d84a65751e,60.16762,24.95415,000000006b44cce7,16.1
8021,2019-08-01T09:06:21Z,e73dcccbc4dd6af49316f19a34c347cc94ff7ab079a93a2672d78a16,60.14947,24.91438,000000004ef3150d,31.5
8022,2019-08-01T09:06:21Z,e7c92f07271c58076a3543568856a6941512c32291b7e9ce8dbcece1,60.16762,24.95415,000000006b44cce7,9.92
8023,2019-08-01T09:06:21Z,e8add7e8346b99cd4b67924113f3763441a1899897c6d1ac3a1a40a6,60.17918,24.95141,00000000675d5200,11.7
8024,2019-08-01T09:06:21Z,e8ed8051f57ad9d9029a5e3b443c5e93e5059f8c487ba45e2583d35a,60.16829,24.94214,00000000afef4555,25.36
8025,2019-08-01T09:06:21Z,e8fe5d3b6aa0651dff5b4a9c6dcff3135e3bdcbb1cddc9b871e9d991,60.14947,24.91438,000000004ef3150d,21.87
8026,2019-08-01T09:06:21Z,e9e1a66ce9f699fc1713bb44cd67a332f584f0c51d18774fc72b8eea,60.16762,24.95415,000000006b44cce7,16.1
8027,2019-08-01T09:06:21Z,ea3f8412ed9c4d92448688dd9cc7ff9e3eeb5fe4373d0953bf0349c1,60.16531,24.9442,00000000fdda10fe,13.75
8028,2019-08-01T09:06:21Z,ea94130fbb3464dc656765cfddbad802ddfafb1af8007cb5f42cd41f,60.16829,24.94214,00000000afef4555,9.92
8029,2019-08-01T09:06:21Z,eaf572301dc5c1eaff007bc1886cce8f0f5e92a233b8686ed2a1a9cc,60.17065,24.93641,000000000f4919c9,25.36
8030,2019-08-01T09:06:21Z,ec2dd83e04d225caca9f6b9d28bd3080ed37c5bf42e5f65123fa2394,60.17065,24.93641,000000000f4919c9,13.75
8031,2019-08-01T09:06:21Z,ec7121833f0e4b509d683b00a9c5e992e4b84882cb857145102e14f4,60.16531,24.9442,00000000fdda10fe,2.3
8032,2019-08-01T09:06:21Z,ec8c0160ac1ee5aeaf6204956c9db2ee4f98f55ae3fe1ec0af07fab8,60.16762,24.95415,000000006b44cce7,6.46
8033,2019-08-01T09:06:21Z,ed86f884272a5a400b55bfd4f22bc8cc5d6fca7fe26eee3c39cb3c52,60.15432,24.9211,0000000019fb59c4,12.69
8034,2019-08-01T09:06:21Z,ef67b9e4617f284b84167b4bdaff71108579a33ced0a2450ff25a1a1,60.16629,24.95957,00000000fb7600be,5.91
8035,2019-08-01T09:06:21Z,f03d20d6bb80ce0745cb0fbed6619e0a6288bfffd08e9aabce1692ba,60.17065,24.93641,000000000f4919c9,23.56
8036,2019-08-01T09:06:21Z,f1447725764ec0dca245fc67f2aa0a0c42e6b05808076aa74f0c1e7e,60.17918,24.95141,00000000675d5200,7.69
8037,2019-08-01T09:06:21Z,f18c0c32d067aecf5602d70693ac888cab1be6dbb0d154be5153dfcc,60.16829,24.94214,00000000afef4555,33.81
8038,2019-08-01T09:06:21Z,f1b28329fc91f4708ca34857c5582c0bf1b7d0ab06127746029cd72c,60.17918,24.95141,00000000675d5200,11.7
8039,2019-08-01T09:06:21Z,f20935810c1567a80c288016c4d4dd32fe86b3479f47ae7dd64d15cc,60.15432,24.9211,0000000019fb59c4,3.4
8040,2019-08-01T09:06:21Z,f29ed00b645af4bbf50174e71f58a9b691d2e2342e59eda242d97380,60.16829,24.94214,00000000afef4555,14.89
8041,2019-08-01T09:06:21Z,f2a253f2741501e675bd4bc055e22329fb09089d8bbe9813fc170cdb,60.16762,24.95415,000000006b44cce7,14.89
8042,2019-08-01T09:06:21Z,f4587b90aec9127805880f7c81fc03b9fb513fe363015399b895089f,60.16829,24.94214,00000000afef4555,16.1
8043,2019-08-01T09:06:21Z,f4bbc3077da0455d4340da2eed204915327b75a792080724548b4956,60.17918,24.95141,00000000675d5200,1.38
8044,2019-08-01T09:06:21Z,f503a41d3e8b9b57628f4f061c1d8e0c53c62dd8a6fe38d212958ee6,60.16075,24.95883,00000000f1124bca,13.75
8045,2019-08-01T09:06:21Z,f50fd3b1715a94dff67461f4b8f252ecaa6acc16459b3d021f34f15e,60.1538,24.95595,0000000038bf9618,33.81
8046,2019-08-01T09:06:21Z,f55165f87792f06aaca9b79eea536f4bd692c8ee806294be5fb014df,60.16829,24.94214,00000000afef4555,20.28
8047,2019-08-01T09:06:21Z,f587de6c8c03387c5e6a66cd7d20c45abad3668c8e2246611122547b,60.14947,24.91438,000000004ef3150d,20.28
8048,2019-08-01T09:06:21Z,f5d9e90c37840670f09005aa28a20ca561c4d6bc36ffd28c9ca80584,60.16829,24.94214,00000000afef4555,23.56
8049,2019-08-01T09:06:21Z,f77f8836e641389801309c311e926c1662264ab16efd01cd5bf27baf,60.16762,24.95415,000000006b44cce7,9.12
8050,2019-08-01T09:06:21Z,f803aeb1f00a057ed31451d0f3d132f27fec17305dc699176ac5339a,60.16897,24.95222,00000000aa852af1,33.81
8051,2019-08-01T09:06:21Z,f9e527876f8dfe750fd29bc42664bbf572aed5d09d344a8934a83d90,60.17065,24.93641,000000000f4919c9,4.11
8052,2019-08-01T09:06:21Z,fa1a3814c680b20020a08346c37ee2853e895984574575312bf262e7,60.14947,24.91438,000000004ef3150d,18.79
8053,2019-08-01T09:06:21Z,fa9f19c58a086fde9429d732b1eec80eacf5fc1b2c0124d17243d008,60.17918,24.95141,00000000675d5200,2.8
8054,2019-08-01T09:06:21Z,fb2df85c8938d6a1bbd1ff0a1cd8aa23480ae08dc39d2b584ed35e14,60.16762,24.95415,000000006b44cce7,11.7
8055,2019-08-01T09:06:21Z,fba6e66dd09200012637e0b454c96fd7a5459b7e8b0ba01863cdbd77,60.16762,24.95415,000000006b44cce7,2.8
8056,2019-08-01T09:06:21Z,fdb3239bb0017def73005dc66a8d674c713493499c8feff7a6c01018,60.16762,24.95415,000000006b44cce7,9.12
8057,2019-08-01T09:06:21Z,fea1453360073dfc1896bf1f005f51addb49661f953e16cffba3c63d,60.16531,24.9442,00000000fdda10fe,11.7
8058,2019-08-01T09:06:22Z,144afc51fc2443c7031a2912566eff2ce60226a49d6d2bd7c2923700,60.16544,24.95398,0000000038d83d41,21.87
8059,2019-08-01T09:06:22Z,14c7e1511b70f4dd3359cbece1377aebb4d70531f5489eefe53d7c3c,60.16544,24.95398,0000000038d83d41,27.28
8060,2019-08-01T09:06:22Z,15918569de0a46a8eb56b43d8d39f7fc82619ff1006f00822c85745c,60.17918,24.95141,00000000675d5200,1.88
8061,2019-08-01T09:06:22Z,1951291ca064d0fb480d958037c1477427d2ca8db455fef0b741bf9f,60.16448,24.97323,0000000053c6c2be,21.87
8062,2019-08-01T09:06:22Z,1f0f0628cdc688d76bde2b82bee5b9b4916bf0bbdfe76cf3213e1c65,60.15432,24.9211,0000000019fb59c4,10.78
8063,2019-08-01T09:06:22Z,2359f881a4fe8163beed82355aabbba0b00b99f1e4a2a4ccd7186bc4,60.16897,24.95222,00000000aa852af1,17.4
8064,2019-08-01T09:06:22Z,2a93b61a3863ace54349d7a0937e4134fcc6d4dfcf064eefae2b7cf8,60.15432,24.9211,0000000019fb59c4,20.28
8065,2019-08-01T09:06:22Z,2f33dacc8bf2b0b809b88130b46696c922929e1eb8ea92017f05509a,60.16448,24.97323,0000000053c6c2be,20.28
8066,2019-08-01T09:06:22Z,5d65719c4cbf045f068d084b72302f447d5fd034413d97d13be00d0e,60.18203,24.91341,00000000342570c2,20.28
8067,2019-08-01T09:06:22Z,6a657079c1bdc8114c289be1ddd83e5846d4279a920d1697b8ff0033,60.18203,24.91341,00000000342570c2,21.87
8068,2019-08-01T09:06:22Z,6d22b751ff5173035dc85c52c3dff0780126adae67fe33dc62dd45ef,60.16531,24.9442,00000000fdda10fe,27.28
8069,2019-08-01T09:06:22Z,6ff437688c444238352c28f64f9d2a7d0f14d19c9ea42c225380501e,60.16762,24.95415,000000006b44cce7,16.1
8070,2019-08-01T09:06:22Z,76c7f42283513d0e289bf786d89463b5025b2ae0f4e13519a4cf228b,60.15432,24.9211,0000000019fb59c4,18.79
8071,2019-08-01T09:06:22Z,77839e655f856d5295739c2388237a95b399c3b8a4f659cd1345d939,60.16829,24.94214,00000000afef4555,25.36
8072,2019-08-01T09:06:22Z,84fdfd8881f633c5f0c71c1480053953ca4b05e848052d97c063ad38,60.1538,24.95595,0000000038bf9618,27.28
8073,2019-08-01T09:06:22Z,87dfaad29a9276ddddb1fa021d3bc23ad14824c1af16f7d87e713689,60.14951,24.92138,0000000006dd41f6,9.92
8074,2019-08-01T09:06:22Z,8c75c3289c84fe4493e1e272a77b615fe1985880c5dc68a7c1a17b53,60.16762,24.95415,000000006b44cce7,10.78
8075,2019-08-01T09:06:22Z,8cc6ddaa460aeae8cc9e8a33f91a01c8cd4c0c8bf8a943210a28c84d,60.1538,24.95595,0000000038bf9618,13.75
8076,2019-08-01T09:06:22Z,9843c6216661048343a0e49cf3d8aa2883cf77f452666a1c873a1052,60.16448,24.97323,0000000053c6c2be,9.12
8077,2019-08-01T09:06:22Z,9d03d14afa49576281aa26db60e517f7c1ec8aa36f7756959a860a8a,60.16629,24.95957,00000000fb7600be,20.28
8078,2019-08-01T09:06:22Z,9ff35a7f150d05ef75c3777dbae4f91e5b1a4d0830a984c50f6da1bc,60.16897,24.95222,00000000aa852af1,23.56
8079,2019-08-01T09:06:22Z,a794b5cd3dff23bb2fe621fa0fa64a9ad4be2ab820bff2b483489903,60.16897,24.95222,00000000aa852af1,21.87
8080,2019-08-01T09:06:22Z,a91d379a4b57c5df22db0d7a041ff69f657b4b31f28554b1011fc03c,60.16544,24.95398,0000000038d83d41,25.36
8081,2019-08-01T09:06:22Z,a9da1ee82e3b670e276c26b483dd50f4a6d0c6f77ef82245d3ae6086,60.18203,24.91341,00000000342570c2,12.69
8082,2019-08-01T09:06:22Z,ab0f67c0c0e1ba5eac9013f9c314feadf340ddf08543b91e70483594,60.16544,24.95398,0000000038d83d41,16.1
8083,2019-08-01T09:06:22Z,ad24ac10b4e9f66916697d29a6ba2b7dc9cbdcfc8ab800656384c184,60.16448,24.97323,0000000053c6c2be,21.87
8084,2019-08-01T09:06:22Z,b4faf2d3c4d2b199afeab6ab63b583fe3a2e81e14abbef6917f25129,60.15432,24.9211,0000000019fb59c4,21.87
8085,2019-08-01T09:06:22Z,b986140b3339363c8bd5cc5eed0819ca5a421cb6e5b17c42ccf729f4,60.16829,24.94214,00000000afef4555,16.1
8086,2019-08-01T09:06:22Z,c40c37def6bf11a63a2556519a7c6233fd417cdeea2cf14f28e7c42c,60.16531,24.9442,00000000fdda10fe,23.56
8087,2019-08-01T09:06:22Z,cf05623e4d87ce0906c0b0b7dbf53aacc1228016cd27c341228b6e76,60.18203,24.91341,00000000342570c2,20.28
8088,2019-08-01T09:06:22Z,d127ead865385b64ae537a703a26be15fae4b5332ce0fbf03d5e0c23,60.1538,24.95595,0000000038bf9618,44.58
8089,2019-08-01T09:06:22Z,dd2c9c82cf3737146294aff6f814a1349fb0bc4bedf518715dacbe8f,60.18203,24.91341,00000000342570c2,21.87
8090,2019-08-01T09:06:22Z,ddc67f72e5e8f9a7d6b2da1da84e1837810b48e399bfa77518b37226,60.16531,24.9442,00000000fdda10fe,29.32
8091,2019-08-01T09:06:22Z,ec72ef080c605e71978aed0d3b5f22c3c3133677a43c614b72eedc6d,60.14699,24.922,00000000a53ed894,29.32
8092,2019-08-01T09:06:22Z,f70a43051a4f59f5002c4018a464b44781f7f527861efda6626a2de4,60.16829,24.94214,00000000afef4555,17.4
8093,2019-08-01T09:06:22Z,f7e45613ad966fea53fab73b435ba3a087c774e36596b3a5156a3487,60.16829,24.94214,00000000afef4555,1.54
8094,2019-08-01T09:06:22Z,f83d4b6b8ffbf8a674d212e32100b2360b80261b4e9207d77c0b0ed3,60.17918,24.95141,00000000675d5200,3.09
8095,2019-08-01T09:06:22Z,f99c5dd8cc08bd2353083d875ce8bc585fb2c2ff8427b90d92f571de,60.1538,24.95595,0000000038bf9618,38.87
8096,2019-08-01T09:06:22Z,fc4f3a44235f1cfc7b53f14ba2da599976a5a0a220d23b852688e485,60.17918,24.95141,00000000675d5200,14.89
8097,2019-08-01T09:06:22Z,003df90ad3d2a718b8afbb46befc7b616ad6b8a25b63fcc99e515eed,60.16629,24.95957,00000000fb7600be,25.36
8098,2019-08-01T09:06:22Z,00787dad708490660b0b836fa415681cc57046fa521c0c0aaea14a9e,60.16762,24.95415,000000006b44cce7,4.94
8099,2019-08-01T09:06:22Z,00d98e49fc01c16216b630f9fdf19ce9826d27552ce2fa4676de957b,60.16829,24.94214,00000000afef4555,12.69
8100,2019-08-01T09:06:22Z,02050a536056486b1bf139282f0d0a3af63def1d56ff0c73ac51bb19,60.14947,24.91438,000000004ef3150d,16.1
8101,2019-08-01T09:06:22Z,02fb8c740573d86a30d1a85d4b270f0d198cd0487446d6ca84453f3f,60.16544,24.95398,0000000038d83d41,31.5
8102,2019-08-01T09:06:22Z,0362cc670dcfab795a3911957b6a177416bf9b99d0e2732716796c4d,60.15432,24.9211,0000000019fb59c4,17.4
8103,2019-08-01T09:06:22Z,03f427d436ba092925de462b11374bdbdab0443620037675621fbc11,60.17919,24.95181,000000007b5207b6,9.92
8104,2019-08-01T09:06:22Z,0483eb7342f4e704caa76b9bc3d6a7bd836282960dafc2c756247134,60.16762,24.95415,000000006b44cce7,10.78
8105,2019-08-01T09:06:22Z,063935180fff0e58de5d319ecb9320cf794423e3c6aeac0cca8f1a9f,60.16897,24.95222,00000000aa852af1,8.38
8106,2019-08-01T09:06:22Z,079e84c7bc3d21e4a9da07d0d046bbb11fa92702780ad4aa362d069e,60.14947,24.91438,000000004ef3150d,33.81
8107,2019-08-01T09:06:22Z,08f9fd60f852d3502bfa509c955e9963e73954f961d55ba8cd46cae9,60.16629,24.95957,00000000fb7600be,18.79
8108,2019-08-01T09:06:22Z,0951ec0c700dba7330b8e8181fc852becde054d0dc7474d1488db3cd,60.17065,24.93641,000000000f4919c9,17.4
8109,2019-08-01T09:06:22Z,09784c350285a2908ee2d0acc9c8390a0f8841785e7cfd630597231d,60.16762,24.95415,000000006b44cce7,14.89
8110,2019-08-01T09:06:22Z,09cfe3ccea2138f9a7a14b633026c75879d915955e4d18d8913efebf,60.14951,24.92138,0000000006dd41f6,31.5
8111,2019-08-01T09:06:22Z,0b1e470de9987c18967cad858b6f79c135ffd2e9ad00bb9c470d0eb3,60.1538,24.95595,0000000038bf9618,31.5
8112,2019-08-01T09:06:22Z,0c1684b697a63d7f47ebaedcfa060b3b4af294fec1e62d613699291a,60.16897,24.95222,00000000aa852af1,4.5
8113,2019-08-01T09:06:22Z,0e62c7194170ff5abcdede8e7bb2dc9370e053dcd7957fc62f077453,60.16829,24.94214,00000000afef4555,25.36
8114,2019-08-01T09:06:22Z,0f8e18e52422d7fb71594f8dbfc8bb5ae986eb9f664407f954e275b4,60.16762,24.95415,000000006b44cce7,18.79
8115,2019-08-01T09:06:22Z,0fc3dcfc786a0b995f8e102ae37d87ee5da24053e3e634d4caaaa97f,60.17002,24.94407,000000006b087f40,20.28
8116,2019-08-01T09:06:22Z,1069967e3921871955b1b2b42e60f829c593a3e024401bfe61ae410e,60.16629,24.95957,00000000fb7600be,14.89
8117,2019-08-01T09:06:22Z,10cd81594fd56fa1f2c4799419a45b70833d3d8583b817324ee96da7,60.16897,24.95222,00000000aa852af1,25.36
8118,2019-08-01T09:06:22Z,10d0fed0f7d40b253b5fc5a53297dc9af8bb76fa6f34d5e71383cb62,60.17918,24.95141,00000000675d5200,23.56
8119,2019-08-01T09:06:22Z,141ffc858c3ea6a2e69c954115114304736a35dc25ec947323090dc0,60.16762,24.95415,000000006b44cce7,5.91
8120,2019-08-01T09:06:22Z,14a062f886bdedfe7c4c6cdae992fae0cd9703f957f69bbc4616d894,60.16897,24.95222,00000000aa852af1,31.5
8121,2019-08-01T09:06:22Z,15b314157b22b2a5bf8a39539a049ce73e7baa21b0ce24f21718ce4a,60.17002,24.94407,000000006b087f40,7.69
8122,2019-08-01T09:06:22Z,16e18d478be872d2a9801fa885d08edeb3f5ae1840b38478f9baf535,60.17918,24.95141,00000000675d5200,13.75
8123,2019-08-01T09:06:22Z,1727cc83c0592ba3c7b06ea91e9e461c7c9403982e44a15124bfc2cf,60.16762,24.95415,000000006b44cce7,29.32
8124,2019-08-01T09:06:22Z,1d70ff49909e1d6fb653ae053aa78084daf385dbbd2ad22b05707309,60.16829,24.94214,00000000afef4555,9.92
8125,2019-08-01T09:06:22Z,1dbecade1f3540eb44c3d86cb1ffc73d5bf422ea0cf76927c2d5cd74,60.16829,24.94214,00000000afef4555,27.28
8126,2019-08-01T09:06:22Z,1dcff36b6f83b08b6ea87c1c1018c542c270299839908ca446dffb39,60.16762,24.95415,000000006b44cce7,12.69
8127,2019-08-01T09:06:22Z,1e3044c19f6913531b6dd4bccb88ad02c1b39192513ccffa05444edb,60.1538,24.95595,0000000038bf9618,38.87
8128,2019-08-01T09:06:22Z,1e3af5697f0a2ae45f261da79e4ba71c868dc4d78008bd1995fe6259,60.16448,24.97323,0000000053c6c2be,18.79
8129,2019-08-01T09:06:22Z,1ecbc7c6afe89033252e5510cbb893666af2b3bc29f555a3a6287fdb,60.14951,24.92138,0000000006dd41f6,4.5
8130,2019-08-01T09:06:22Z,1f813dc10021899138c12ca17c58ab3dc24db1750dcb1790f9c20e8f,60.15133,24.92329,00000000e8a064a4,20.28
8131,2019-08-01T09:06:22Z,1f9cbaa3c02479549dc1435945c77c94e36d2f63b57b1b37311e0e88,60.16629,24.95957,00000000fb7600be,27.28
8132,2019-08-01T09:06:22Z,20b37aa6c3ad0dfea9c182498905a450537b0efbbd8563b205e93afd,60.16897,24.95222,00000000aa852af1,16.1
8133,2019-08-01T09:06:22Z,227fd98ceb97d84d0c2c3af35c32cee7a87aea62d71b1a5353ae3588,60.17065,24.93641,000000000f4919c9,17.4
8134,2019-08-01T09:06:22Z,22ac1ab1c590ea19b44c61c42f5e8da29a6acbabf56676527811507a,60.15432,24.9211,0000000019fb59c4,8.38
8135,2019-08-01T09:06:22Z,22b68b1dc6e6d815ca8e6afbd434ae0e229670798c443052e7444648,60.16762,24.95415,000000006b44cce7,5.91
8136,2019-08-01T09:06:22Z,25479245e5a8b0fe47e2bd590cdd63256d84afd6c164781dc64e527d,60.149,24.9843,00000000fffb8cf0,5.41
8137,2019-08-01T09:06:22Z,2552cb43d7990bde838673115a742078e343ce93f96257728311655d,60.16897,24.95222,00000000aa852af1,21.87
8138,2019-08-01T09:06:22Z,25d340d14d855b8c18b2c6f2551ec98a1eb047d1fd3457ba881ddf28,60.17918,24.95141,00000000675d5200,14.89
8139,2019-08-01T09:06:22Z,270749ab8e1a83f0dcbf45dc861bcc0e10361d103d7589841787e366,60.16531,24.9442,00000000fdda10fe,17.4
8140,2019-08-01T09:06:22Z,277fcf3cc917a89b46a34e0cf5164a78f5bcc88d92bb45ded60f1a91,60.17065,24.93641,000000000f4919c9,11.7
8141,2019-08-01T09:06:22Z,27b591b33a56a542440b53031a24f42290b0ec1a194af27700b75a3a,60.17918,24.95141,00000000675d5200,11.7
8142,2019-08-01T09:06:22Z,28296ae2b460df2f6807f8a84b81e5ebd24677a05bded29111dc33a4,60.17002,24.94407,000000006b087f40,27.28
8143,2019-08-01T09:06:22Z,28ce50ca84cdcd4c17a36ac666e7ac0267b6ab5b77f4bfb08b2573a1,60.16762,24.95415,000000006b44cce7,2.8
8144,2019-08-01T09:06:22Z,28d50861d92f962c7a49eabaa524431aebf52870e44b79f77d7167c6,60.17918,24.95141,00000000675d5200,7.05
8145,2019-08-01T09:06:22Z,29795b9ff1f5a6605d8cd112953fbcc6f466c5eed26286a73fffba91,60.16544,24.95398,0000000038d83d41,29.32
8146,2019-08-01T09:06:22Z,29ae3c5c3aeac0c607bc816f7e74c232a40142b79a52c43c7b1ed42f,60.16829,24.94214,00000000afef4555,11.7
8147,2019-08-01T09:06:22Z,2afa9ac588b2c55e8edf99ee96ecaf63451a7ab1e51571b7e2d1d491,60.16762,24.95415,000000006b44cce7,5.41
8148,2019-08-01T09:06:22Z,2c184c9cc9c9a744c6959766a13f23462ffce29c252d073a252b6a7a,60.16762,24.95415,000000006b44cce7,20.28
8149,2019-08-01T09:06:22Z,2c1dcbe1930bbd0596b8dea9e2abc4e49a10db5a1fbd25f103aaf5a4,60.16762,24.95415,000000006b44cce7,8.38
8150,2019-08-01T09:06:22Z,2c6810efb2565383ca0a554f3c51f3f7905484357f5e00756dbf091a,60.17918,24.95141,00000000675d5200,7.05
8151,2019-08-01T09:06:22Z,2c6f6440161f9061a850e8db96383d5eb111f0d1d8f0b666b7c49f22,60.16897,24.95222,00000000aa852af1,16.1
8152,2019-08-01T09:06:22Z,2ea9a23b1a04016fb4810d1ceb5731d90774224fd9235877005a4e1c,60.16897,24.95222,00000000aa852af1,21.87
8153,2019-08-01T09:06:22Z,2f43b7a683b0d365a46b6259a032813c293472eaedcdbcc3507adee5,60.17918,24.95141,00000000675d5200,12.69
8154,2019-08-01T09:06:22Z,2f82b3546af2df53b58cddc668c9aa196554108cdf39120ea40b417c,60.16629,24.95957,00000000fb7600be,5.41
8155,2019-08-01T09:06:22Z,2fdf8234bf59fb92878297a34d9624908cf15b78987c9b60b14510f5,60.16897,24.95222,00000000aa852af1,36.27
8156,2019-08-01T09:06:22Z,32fcb1ab3a9fde533916ca28a0d5b56bbb45fd171dd5bae91f66ec6c,60.16897,24.95222,00000000aa852af1,10.78
8157,2019-08-01T09:06:22Z,33fa4cb82db5b44ffe6e7ae1039635187f90d1df328f8f139da0c693,60.17918,24.95141,00000000675d5200,2.54
8158,2019-08-01T09:06:22Z,3480c16a6649952c388d8902596e332f018e609b9585f483353ae026,60.17065,24.93641,000000000f4919c9,3.09
8159,2019-08-01T09:06:22Z,34e96c7caa63e7ede8f428b18e8fb556ac235d61a50c9d6ac7ff268f,60.17918,24.95141,00000000675d5200,11.7
8160,2019-08-01T09:06:22Z,359348d27f82b0270a68e954bff8bde5e1a2a32949c7088f12ce7dc8,60.15133,24.92329,00000000e8a064a4,31.5
8161,2019-08-01T09:06:22Z,3609f484ad7e56259f60a61aba44f22dfca5c8b2564fce7e802ad342,60.16829,24.94214,00000000afef4555,4.11
8162,2019-08-01T09:06:22Z,367b1989198ef11170dd9fcfa7e6ebb5ceb58aab87c613ee1bb86e8c,60.16531,24.9442,00000000fdda10fe,9.92
8163,2019-08-01T09:06:22Z,3685ee6d322dcb2ad0ae181f66c3c5427d4531d7896d2f5f7571bb6d,60.16762,24.95415,000000006b44cce7,5.91
8164,2019-08-01T09:06:22Z,36fe97cd2ec69118778c771a87593630f8a6a2cb77d9ce72f845cd3c,60.16762,24.95415,000000006b44cce7,11.7
8165,2019-08-01T09:06:22Z,370e50e1f77aeb2782c892f70147b6a5749ecd7e9ee41036f693ba0a,60.16762,24.95415,000000006b44cce7,16.1
8166,2019-08-01T09:06:22Z,38fb20c6d55b10dd10a39c0fb41ad61297453e25afda81cf32313ae3,60.16531,24.9442,00000000fdda10fe,27.28
8167,2019-08-01T09:06:22Z,39126ffb278f49e06180cc6abe5b31ab3acdce1534b5b6ffa0b6e567,60.18203,24.91341,00000000342570c2,18.79
8168,2019-08-01T09:06:22Z,397e4b6a0e6c50fbb45ede1cb6e48156c508b36115e703cc5bac6e96,60.173,24.92524,0000000096918cfa,27.28
8169,2019-08-01T09:06:22Z,39c6456ee66fe96eee3d97cee2a70923cedb3da760bb5d4d413adb9c,60.17918,24.95141,00000000675d5200,2.3
8170,2019-08-01T09:06:22Z,39e9fa7033887b7ab339887aa68753ff94d4771cda2bb8ff4ea7aa0a,60.17918,24.95141,00000000675d5200,14.89
8171,2019-08-01T09:06:22Z,3a1afdcf7c2e5a52cdbcbbe29e8281c184037e8720920c6c75bee339,60.15133,24.92329,00000000e8a064a4,9.12
8172,2019-08-01T09:06:22Z,3a253f272d2781dc2001addfbddcac5f3dbf18610988531707b80b60,60.16829,24.94214,00000000afef4555,10.78
8173,2019-08-01T09:06:22Z,3a38ba36c098f2741d6c5fb5a751fcd074d05d698ac592ca09ab443c,60.16448,24.97323,0000000053c6c2be,27.28
8174,2019-08-01T09:06:22Z,3a97ae4dcab31eb5e15e5d036d286e9764e25bcf0ad8afcfba854c90,60.16762,24.95415,000000006b44cce7,2.08
8175,2019-08-01T09:06:22Z,3b124e1851087531134d5e5d0a10b6afe3551982609a81a19dd969dd,60.16829,24.94214,00000000afef4555,20.28
8176,2019-08-01T09:06:22Z,3b72559f8671f9bc77441302cc7d3167d5e13c8c4fb0a19edf83bed1,60.16629,24.95957,00000000fb7600be,25.36
8177,2019-08-01T09:06:22Z,3be40c84926a525adbd09eeeb3a12b73b24c633942b2e1fbe8151ac3,60.16448,24.97323,0000000053c6c2be,29.32
8178,2019-08-01T09:06:22Z,3e38f81e326b0b05865281c970ada8f17e15292f3591242542bfb73e,60.16531,24.9442,00000000fdda10fe,25.36
8179,2019-08-01T09:06:22Z,3eea43670f4f29a90ced59c1af122371340275fb61ff8f14c7120658,60.16762,24.95415,000000006b44cce7,16.1
8180,2019-08-01T09:06:22Z,40646914186edc6142b7fc3daf766121b55f5bb36ea38facff686ea5,60.16897,24.95222,00000000aa852af1,13.75
8181,2019-08-01T09:06:22Z,411f63100f0afed103b4e31b3544b8cf0c4c830902efe7da020562c4,60.16629,24.95957,00000000fb7600be,21.87
8182,2019-08-01T09:06:22Z,41a0ca2955e0ae0324f6e14aeb77ebfaac5305e31d86c42a20277b94,60.15133,24.92329,00000000e8a064a4,20.28
8183,2019-08-01T09:06:22Z,4256b81faf420b0636e1bfcf21e8b61482045aed964aae9089c67296,60.16829,24.94214,00000000afef4555,23.56
8184,2019-08-01T09:06:22Z,42844e90c7134ebb3ec325f57cd27cd24711c779548ebc8692a820d5,60.14951,24.92138,0000000006dd41f6,3.74
8185,2019-08-01T09:06:22Z,432417b4972b744ded3410777a6bbb583cf56172bf3436ddbe48a21d,60.16762,24.95415,000000006b44cce7,11.7
8186,2019-08-01T09:06:22Z,43e023a8726ec4c53a8cea6dcaa79e722da4677e37f3f6c9d3cc9873,60.16544,24.95398,0000000038d83d41,23.56
8187,2019-08-01T09:06:22Z,4470412c4b059a920f2699fbfb72b261e0847b3e1caa8c71d2edd5a2,60.16448,24.97323,0000000053c6c2be,21.87
8188,2019-08-01T09:06:22Z,4642dfa1df839f11e64f68bca4e3dce7bde2ff6dd68c54959fcb4788,60.17918,24.95141,00000000675d5200,4.5
8189,2019-08-01T09:06:22Z,4682d95464cedcc021f38271a51bab9c000762b4acf802070e259ba2,60.16629,24.95957,00000000fb7600be,10.78
8190,2019-08-01T09:06:22Z,48004849b2f48b2314aa9175433d754db1641b949bb8cf050e2dd128,60.17918,24.95141,00000000675d5200,11.7
8191,2019-08-01T09:06:22Z,484bbaa5a9d6bdd2259f022b6ea4e3c290985c13a1286bd7142d878f,60.16762,24.95415,000000006b44cce7,5.91
8192,2019-08-01T09:06:22Z,48c0ea6615ac4c02fc9bc0e06f9ea9309f9bf7e73b4324d7a6b14610,60.16829,24.94214,00000000afef4555,11.7
8193,2019-08-01T09:06:22Z,49bbad87e4d6cd03bdb073bde7be91193d74d29943badce7fc536916,60.16448,24.97323,0000000053c6c2be,5.41
8194,2019-08-01T09:06:22Z,49df780a7f20a99ad2810fa4bbb46b5fac9bc5cbe3fc800cd572f63a,60.14947,24.91438,000000004ef3150d,21.87
8195,2019-08-01T09:06:22Z,49f30a741207cbfec775d36d911b5e67735df0f53762d3d5e0de05a8,60.16531,24.9442,00000000fdda10fe,27.28
8196,2019-08-01T09:06:22Z,4a999019e791f2f41319d70079a0a4fc5ab56dc2e6db82a18ad7efd3,60.16762,24.95415,000000006b44cce7,16.1
8197,2019-08-01T09:06:22Z,4ade4f0d92c6157a42d7fd8e353d1c93551324ba47cc134b840a6c63,60.16897,24.95222,00000000aa852af1,7.05
8198,2019-08-01T09:06:22Z,4afcc27c652d3d50a44d060f84e33dd4b17529d982928dae936cf10f,60.16448,24.97323,0000000053c6c2be,29.32
8199,2019-08-01T09:06:22Z,4b4afca270c22aae160d996711ae685b598b87871b3b4ab2f96786b6,60.14951,24.92138,0000000006dd41f6,21.87
8200,2019-08-01T09:06:22Z,4ba529eeafb27285cbbade6e5ece0d4d04bd2d13c98b27a5d17abd22,60.16897,24.95222,00000000aa852af1,3.09
8201,2019-08-01T09:06:22Z,4c8696833edf46025bc9b5f589679b77a73c857736036aa9ef6696e5,60.17002,24.94407,000000006b087f40,20.28
8202,2019-08-01T09:06:22Z,4e262a07e1ea47350f808684444d1d8b3f223288fb219cca9f12af23,60.1538,24.95595,0000000038bf9618,25.36
8203,2019-08-01T09:06:22Z,4e5e16adfd317b7f9617f681099821bae42d6f0dca51dfd0957c65b4,60.16762,24.95415,000000006b44cce7,14.89
8204,2019-08-01T09:06:22Z,4f609afde0ba5cb017ba3c549bdd11ff322a2e0227a0f11a9d112220,60.16762,24.95415,000000006b44cce7,17.4
8205,2019-08-01T09:06:22Z,4fb4a3650a2a28469dde9c537458d24411aa6075666e047dd756fba9,60.17918,24.95141,00000000675d5200,29.32
8206,2019-08-01T09:06:22Z,5001aabb6808b9fd96b705d1ebe8e7aca52713c2640100d81879dd86,60.17918,24.95141,00000000675d5200,5.41
8207,2019-08-01T09:06:22Z,5022acdb28a01d1a0b2077fc89c77bde277b7dd4f079b4fea30f75b9,60.16629,24.95957,00000000fb7600be,21.87
8208,2019-08-01T09:06:22Z,504f910a0bd104a130b85d0c50467a15e74dc950bcc9eac3ebecc43e,60.16531,24.9442,00000000fdda10fe,16.1
8209,2019-08-01T09:06:22Z,5143af775374504a931805df3b7bc0712b2401f6a3ea2c49fd69cf6f,60.16829,24.94214,00000000afef4555,9.92
8210,2019-08-01T09:06:22Z,51ec42fdd85671ae93876c3d875b24e56cb45699e9c3d2b623dca70d,60.16762,24.95415,000000006b44cce7,7.05
8211,2019-08-01T09:06:22Z,529623421e226c215bcca0b1388813e291d3d13ed1d8465f0ab69147,60.16629,24.95957,00000000fb7600be,14.89
8212,2019-08-01T09:06:22Z,52dafb8d2f758077fde6a37220aa103d803e9c58d64ac234a45708ee,60.16531,24.9442,00000000fdda10fe,29.32
8213,2019-08-01T09:06:22Z,5372348389197e6c4bc4c5e3dab047e7384d562220e6295904bbda1b,60.17065,24.93641,000000000f4919c9,5.41
8214,2019-08-01T09:06:22Z,53fb53be4440aecb1a1fa63a9da1db08182cc7e252da14685e63373d,60.16762,24.95415,000000006b44cce7,11.7
8215,2019-08-01T09:06:22Z,54bd709173219e8017f317b63ecc83d0a48f64542e6fa1b83c86a56c,60.17918,24.95141,00000000675d5200,20.28
8216,2019-08-01T09:06:22Z,556cae6b2e2dec6fe691a835e8e08bd016b1a65797c0aca46879329f,60.17918,24.95141,00000000675d5200,13.75
8217,2019-08-01T09:06:22Z,559429bba23762a872fc7b1e2219d42125ab101e4355d43fdb94ed7b,60.17918,24.95141,00000000675d5200,13.75
8218,2019-08-01T09:06:22Z,559e6a5225ce35ab844c63ea0d0c1695dc490a3d9cfbafa5d35ac8d8,60.14947,24.91438,000000004ef3150d,11.7
8219,2019-08-01T09:06:22Z,584cb0b0cdd14e608c8b57c8aecc9826f9b40027e365e2438a444ea2,60.16762,24.95415,000000006b44cce7,9.12
8220,2019-08-01T09:06:22Z,5865a27b5b56a60bca38e4a1403655e3e7fd0232a3ff2079965aff81,60.15432,24.9211,0000000019fb59c4,4.11
8221,2019-08-01T09:06:22Z,5978726eeef638856dafd3a8d199287f8daf9e90ddde750b402f8bb0,60.17065,24.93641,000000000f4919c9,1.38
8222,2019-08-01T09:06:22Z,5a34b02faac3189217466888ef1d31cc80f721ac2f18638c5db88d53,60.14947,24.91438,000000004ef3150d,10.78
8223,2019-08-01T09:06:22Z,5a8d671a78b976d212d9746d88b9a754a2d9c8341c529e88b7c6b8f4,60.17065,24.93641,000000000f4919c9,27.28
8224,2019-08-01T09:06:22Z,5b06617477af6dcee75a94ac347364b50f6f3b5b7d747e5413d9ad58,60.14947,24.91438,000000004ef3150d,7.69
8225,2019-08-01T09:06:22Z,5c1f71098d5d7258d2971061c791c94e0138c8e02225c5f60d6a0428,60.149,24.9843,00000000fffb8cf0,20.28
8226,2019-08-01T09:06:22Z,5e2c5c20c88ccf362ed8749d1ddc041b1cb1c38d8dbeac7870179322,60.16629,24.95957,00000000fb7600be,9.12
8227,2019-08-01T09:06:22Z,6051ed50496b74a6ff68c86205d23971fcaccd6c91edfe7d78fa71b0,60.16897,24.95222,00000000aa852af1,20.28
8228,2019-08-01T09:06:22Z,6072bfb496e2b8a999c9edbda5b76fbc0e783ff2a439c4e6c881fabf,60.16829,24.94214,00000000afef4555,23.56
8229,2019-08-01T09:06:22Z,619c5b31af2a28703a837cc7974ef0d2c5bb6584ba0fcc03076218ac,60.17002,24.94407,000000006b087f40,16.1
8230,2019-08-01T09:06:22Z,61e4465b011a94bbf6341adebb1aed56100967cac117b368910b36de,60.16544,24.95398,0000000038d83d41,29.32
8231,2019-08-01T09:06:22Z,626bf35ce16dba1054cfd175d09475d3ee751bf70e56f984ff5c7ab6,60.15133,24.92329,00000000e8a064a4,23.56
8232,2019-08-01T09:06:22Z,63ff2439779051005c18876d20ed53ce060c1de9d7976821bd518fc6,60.15432,24.9211,0000000019fb59c4,10.78
8233,2019-08-01T09:06:22Z,65b6b62b547e11e10f7f83ad497446bee2bb9653097d9d62e9b1b817,60.17065,24.93641,000000000f4919c9,23.56
8234,2019-08-01T09:06:22Z,674355e17da9460e58566497be518f2eb537880c67c788fedb5067db,60.16629,24.95957,00000000fb7600be,13.75
8235,2019-08-01T09:06:22Z,685af6b01bd180194d718801bb8b9c9de22050cc392d6c6441fe986b,60.18203,24.91341,00000000342570c2,6.46
8236,2019-08-01T09:06:22Z,69e2854c78a472b462941ef730aa9fa7a9dba9c1cc22996396d4c78a,60.17918,24.95141,00000000675d5200,4.94
8237,2019-08-01T09:06:22Z,6adce4d05e58232a97635a2fd7918e4e49d9295afc0989d727f9c712,60.17002,24.94407,000000006b087f40,14.89
8238,2019-08-01T09:06:22Z,6d5a8ded89f26533ed851d1a0894f0d9045e9cd4baed439f7d9a922b,60.16629,24.95957,00000000fb7600be,11.7
8239,2019-08-01T09:06:22Z,6d98ac1fea7056e5b96d6095caf0e3677a4ec30e9fbcc2e50ae1cf65,60.16629,24.95957,00000000fb7600be,11.7
8240,2019-08-01T09:06:22Z,6dca84ddf4be668487766d17c5d13961ed713d24032f709ae87a497f,60.16829,24.94214,00000000afef4555,7.69
8241,2019-08-01T09:06:22Z,6dd5463e670c352180c1e912300e21e59f5e2976266df8c3c92b0baf,60.16829,24.94214,00000000afef4555,14.89
8242,2019-08-01T09:06:22Z,6e80fcea10d21e1d5e672b554c0f3fe686dc58934f38c3391fd5c262,60.17002,24.94407,000000006b087f40,13.75
8243,2019-08-01T09:06:22Z,6f616e6334d0ed70e5ea15408a51e9daf643369911d94d76830a7d65,60.16544,24.95398,0000000038d83d41,14.89
8244,2019-08-01T09:06:22Z,7003a7f6a5523b645634f014e04bea36016953a8af9324e35602bc2e,60.14947,24.91438,000000004ef3150d,13.75
8245,2019-08-01T09:06:22Z,704c3f3075f13713c363014fa828e4a932e7a05676813b9963a1e554,60.17918,24.95141,00000000675d5200,3.74
8246,2019-08-01T09:06:22Z,70d391038ec56b63a3737605c2c1db6ffbdca8e4490691776dc993f1,60.16829,24.94214,00000000afef4555,6.46
8247,2019-08-01T09:06:22Z,70d3a03358a60f3d5016dd1d61ae3bc3df95aecd306bbc9c48d4e028,60.16762,24.95415,000000006b44cce7,18.79
8248,2019-08-01T09:06:22Z,71b01bb8b8e877dc9ca40e756f441571d12ee3311a945417e8aaa116,60.16762,24.95415,000000006b44cce7,13.75
8249,2019-08-01T09:06:22Z,72439a1f997fd347d46394f31f5789edc877fe61ca34fcd31f9150b1,60.18203,24.91341,00000000342570c2,21.87
8250,2019-08-01T09:06:22Z,7283c4d2fe45c53905b540a5180dc566f6f964a8e1482c9611e7d7a2,60.15133,24.92329,00000000e8a064a4,31.5
8251,2019-08-01T09:06:22Z,7292a4a47ed655e0ce0ead026bb0ae4b8093342f87a9aed5665c1456,60.16762,24.95415,000000006b44cce7,7.05
8252,2019-08-01T09:06:22Z,72f088587da3409c5a4bec360a52a230a7551c3671441baaaabc6357,60.16829,24.94214,00000000afef4555,20.28
8253,2019-08-01T09:06:22Z,750297d0d8ff0ca837d9c2289c26302d62f38708617150431ab14509,60.16531,24.9442,00000000fdda10fe,10.78
8254,2019-08-01T09:06:22Z,7563b91d728fe470bc4d89aa18128a87b92c747336dd2c70cfbf9e84,60.1538,24.95595,0000000038bf9618,29.32
8255,2019-08-01T09:06:22Z,76c2f7b3773d4bebd4dabada1c2b98fe4ea9762e9c98b4a6371d7746,60.16762,24.95415,000000006b44cce7,9.92
8256,2019-08-01T09:06:22Z,7700297fec4982ad776529835e2ab46d4e5cbc889e26f368c19efeef,60.16829,24.94214,00000000afef4555,14.89
8257,2019-08-01T09:06:22Z,774131d73accbbb31ec3c43c3501b7969645eb65df1839ca8116526e,60.15432,24.9211,0000000019fb59c4,8.38
8258,2019-08-01T09:06:22Z,7803e2d46157a5482e745447d4c2c332fbd818d87a20b0f6187c628d,60.17065,24.93641,000000000f4919c9,17.4
8259,2019-08-01T09:06:22Z,78047bec076b1b43b674f39aa6b605b1665404036da0e4dfac3c1e1e,60.14699,24.922,00000000a53ed894,29.32
8260,2019-08-01T09:06:22Z,7c1534082e86ff4387878d813207626d8f728aa26b97248e00a3b8d7,60.16629,24.95957,00000000fb7600be,17.4
8261,2019-08-01T09:06:22Z,7ccf0231e25c4a2ff5abcbb7cb3fe96604d014c3fa05c2829580801d,60.16829,24.94214,00000000afef4555,16.1
8262,2019-08-01T09:06:22Z,7d11e305e0d14f601716e838b951868b907740b9b1280197cbabb183,60.16629,24.95957,00000000fb7600be,21.87
8263,2019-08-01T09:06:22Z,7d12711d47425111a6dce413faa867542b9532f3b9c5a934b37a0bc8,60.17918,24.95141,00000000675d5200,17.4
8264,2019-08-01T09:06:22Z,7d415f4fd9093fb383b4ebb88961ad74e6a00d3ece39504712dad639,60.17918,24.95141,00000000675d5200,14.89
8265,2019-08-01T09:06:22Z,7e2e3d07c939e3e76e7ce87678faf64e056afe54215e00488839100f,60.14947,24.91438,000000004ef3150d,10.78
8266,2019-08-01T09:06:22Z,7eb4a715919b3eb4085270535ce4d7b57112591ad7242eb189bf652a,60.17065,24.93641,000000000f4919c9,17.4
8267,2019-08-01T09:06:22Z,7f534fc0885ddf5a5c3814e4232de3356affd42f6c3560055079dc1c,60.16829,24.94214,00000000afef4555,7.69
8268,2019-08-01T09:06:22Z,7f59aaecea1eee6c703ec5d46d67b44289ddedf080defee495b73739,60.14947,24.91438,000000004ef3150d,6.46
8269,2019-08-01T09:06:22Z,7faf8705e89a761625aaed50b89538581e25d5950ec8f051d36ed829,60.14947,24.91438,000000004ef3150d,12.69
8270,2019-08-01T09:06:22Z,809bf2d7a0745ae512b934a578fd5fd47c13c5398b6d06ad350b9e7c,60.14947,24.91438,000000004ef3150d,9.92
8271,2019-08-01T09:06:22Z,8165c5f8d06298ffd56f071c0ad1cc9f1d4f08084936937d712d0b61,60.15133,24.92329,00000000e8a064a4,16.1
8272,2019-08-01T09:06:22Z,82b78c2220aee81a2744ddfaf7ed29663888987dba6b7cdda05731d9,60.14947,24.91438,000000004ef3150d,17.4
8273,2019-08-01T09:06:22Z,8524898e498c83bde4bc1848aa2b372da84e7b2266f36aabe128cc27,60.17919,24.95181,000000007b5207b6,14.89
8274,2019-08-01T09:06:22Z,85bdce5b262dbd94adcff03e6cad26a1152828b6ab27e6fdd56b2b13,60.16762,24.95415,000000006b44cce7,2.3
8275,2019-08-01T09:06:22Z,880f9cbb91b9caf48ea9c5dd1a0c8e1db72922b6dfcb647b102fc469,60.16629,24.95957,00000000fb7600be,10.78
8276,2019-08-01T09:06:22Z,88c2bc6310f27465b9f08b28fb52075d7703ce7b097e5beb37c7437c,60.14947,24.91438,000000004ef3150d,13.75
8277,2019-08-01T09:06:22Z,898cde3317c73907bb23b1b885828c4bf3187c3a757a18dc32abe970,60.16762,24.95415,000000006b44cce7,7.69
8278,2019-08-01T09:06:22Z,89aeff56a0700534bbf2dfd19fc298f5a890c95e1a45b6ca7ad3c33a,60.16829,24.94214,00000000afef4555,16.1
8279,2019-08-01T09:06:22Z,8a01e28fd327e5c56dcf2dc8b2b7762a96d77584c21990a073ceb11f,60.16829,24.94214,00000000afef4555,3.4
8280,2019-08-01T09:06:22Z,8c2c35fb6ebc0f07014a3291523f291bea82160dee13d091314cde65,60.16762,24.95415,000000006b44cce7,16.1
8281,2019-08-01T09:06:22Z,8c571538c285dba9d77edacfb1829b282d54b772b62209c6e4004237,60.17918,24.95141,00000000675d5200,5.41
8282,2019-08-01T09:06:22Z,8e20d0d67339e3cf43e77c3a340d9dc6766de8d079197a08a1343ff0,60.17065,24.93641,000000000f4919c9,16.1
8283,2019-08-01T09:06:22Z,8e6caf283696ed75a4aff0c3f528dad5878f6f4b82cbd3eae1164484,60.16897,24.95222,00000000aa852af1,18.79
8284,2019-08-01T09:06:22Z,8ff363623484e942b5555694468900717744f957e1a6221903490bac,60.16762,24.95415,000000006b44cce7,11.7
8285,2019-08-01T09:06:22Z,90a44cbd1a957cc59a6986cff9b6b7b8e151d379e17da645069428b8,60.173,24.92524,0000000096918cfa,21.87
8286,2019-08-01T09:06:22Z,9179da40b61de7f07e3bca9e84e8f5904fc78c4e77e3e8d5d8058aa3,60.16629,24.95957,00000000fb7600be,27.28
8287,2019-08-01T09:06:22Z,92d558faaf274f5fac1ccabea7bd30042fdd6fee95770c60123653a3,60.16762,24.95415,000000006b44cce7,9.12
8288,2019-08-01T09:06:22Z,93a13528693a5862c05b962a6681ea8c2bb319c6b0ed3b7ae2539723,60.16629,24.95957,00000000fb7600be,14.89
8289,2019-08-01T09:06:22Z,941e13893853105c86bfbc6d31d62274937602143ce3bb530c8c17ed,60.17919,24.95181,000000007b5207b6,3.4
8290,2019-08-01T09:06:22Z,94d0134c78d883121a7e06e18094d572c8f674376c94be77cc087513,60.16762,24.95415,000000006b44cce7,10.78
8291,2019-08-01T09:06:22Z,94de25728748a75e0ae17bd3f75d246c22fa741c669973ccb86ea813,60.16531,24.9442,00000000fdda10fe,20.28
8292,2019-08-01T09:06:22Z,99a026b5100e23129fa529e9a57a3dbc8490dc03b58f2193f03e2dcf,60.14951,24.92138,0000000006dd41f6,5.41
8293,2019-08-01T09:06:22Z,99f242a3c3e8ef2df75069f2ee802ecf75bc01317cde7e909ac73f66,60.16531,24.9442,00000000fdda10fe,20.28
8294,2019-08-01T09:06:22Z,9a12cdd9d905a294b1c33d220edf652a99509b8916a79081b8e05dae,60.16629,24.95957,00000000fb7600be,21.87
8295,2019-08-01T09:06:22Z,9abbc86fb0fc1c0532042814af76a97e6a17121831d4394749a290a6,60.16762,24.95415,000000006b44cce7,12.69
8296,2019-08-01T09:06:22Z,9b3e6848d8b34e802134d6da0e5a594897ec3fafbbf08b6d0b84068e,60.17918,24.95141,00000000675d5200,5.41
8297,2019-08-01T09:06:22Z,9bdb503344071eddd74d821f537246d8a6c19468b05d38d0170377f9,60.16897,24.95222,00000000aa852af1,9.12
8298,2019-08-01T09:06:22Z,9bef8b28ea93ecaee57d05b037edbfe7f80014aaf56343345fedd7be,60.17918,24.95141,00000000675d5200,23.56
8299,2019-08-01T09:06:22Z,9ca3d269c10989decb783dc8828911aab62ae593dc05946089ceb8b4,60.16762,24.95415,000000006b44cce7,20.28
8300,2019-08-01T09:06:22Z,9ce214896068957a21bc57af08680d84debbd091b49ad5e6402c4cc8,60.16629,24.95957,00000000fb7600be,21.87
8301,2019-08-01T09:06:22Z,9d8ce84bc91758555bc98dc817e4b3d7cd3dec11d61cafc67020b0cb,60.16531,24.9442,00000000fdda10fe,27.28
8302,2019-08-01T09:06:22Z,9dfecc3e26cb27e4b80721e355ef0d6cb182ac2eebf66b006e2d9f8e,60.149,24.9843,00000000fffb8cf0,25.36
8303,2019-08-01T09:06:22Z,9e2fc7d2196f097e688761506eb14b5cf3baa0aecca96c1131ae1767,60.16897,24.95222,00000000aa852af1,29.32
8304,2019-08-01T09:06:22Z,9e343a150f07bb3dcce5ecab8ac061b84d65b347b1af5a232e00eeb6,60.16829,24.94214,00000000afef4555,5.91
8305,2019-08-01T09:06:22Z,9eee6d740f1d483c484d02f0995f35550c09e6a8cf01f02680db5efc,60.16448,24.97323,0000000053c6c2be,16.1
8306,2019-08-01T09:06:22Z,a04214b56cac7d70680703ee6a28fac742f3c3190b55b46a79c1f76d,60.149,24.9843,00000000fffb8cf0,17.4
8307,2019-08-01T09:06:22Z,a09607edc17117a3069b79434e751f93a2a00d0d6f9aceb043e32074,60.16762,24.95415,000000006b44cce7,8.38
8308,2019-08-01T09:06:22Z,a1049deed97cd1989c882cb47bb39f0d93d1fddbac4e9307e8a4249e,60.16544,24.95398,0000000038d83d41,25.36
8309,2019-08-01T09:06:22Z,a256ee4e61079f54581967787db25324859ef431207cb182cd468fbe,60.16829,24.94214,00000000afef4555,21.87
8310,2019-08-01T09:06:22Z,a2e761fd97d8bdf78601300822b531e306b9ab7a1a43b6bfb07eba52,60.14947,24.91438,000000004ef3150d,9.12
8311,2019-08-01T09:06:22Z,a38c11c450b472b9dad2f076e2d9a63651292d3de806331d06af7f46,60.16531,24.9442,00000000fdda10fe,12.69
8312,2019-08-01T09:06:22Z,a403dc1eebc5d130e12a4c3e4298737c9e00b25b1b6b2cc36a6979c9,60.16629,24.95957,00000000fb7600be,12.69
8313,2019-08-01T09:06:22Z,a47e8613674297dc49b26801b19d2110d009aaee57412f2127f3b093,60.16897,24.95222,00000000aa852af1,20.28
8314,2019-08-01T09:06:22Z,a4b9f871dcc986c95f1e84fe203bb392ba0fe13164d89119bda2c94a,60.16762,24.95415,000000006b44cce7,7.05
8315,2019-08-01T09:06:22Z,a66eb6150c36b53f6240acfe16dd98ceb16c43b8e02d0b56993bac73,60.16897,24.95222,00000000aa852af1,11.7
8316,2019-08-01T09:06:22Z,a6d0dd9de406b1201a4e438ec7c5f4a467f38c41e2dec42ff6c71d50,60.16897,24.95222,00000000aa852af1,13.75
8317,2019-08-01T09:06:22Z,a786eb3b8a25c58099a428799e99d0b86401f803ee38d3e5d20e59d3,60.15432,24.9211,0000000019fb59c4,6.46
8318,2019-08-01T09:06:22Z,a808962cb511e5ed2d23e6e33efe252b1be29dc1d2f7c6154817f04f,60.16448,24.97323,0000000053c6c2be,18.79
8319,2019-08-01T09:06:22Z,a83415babca8eac00f69a32371a230fdadda29bf40fd69f75cf2e8fb,60.17919,24.95181,000000007b5207b6,10.78
8320,2019-08-01T09:06:22Z,a83703c80a4d58db87327a53b0d3664d23edf7350ff6b0afaa49c530,60.16629,24.95957,00000000fb7600be,16.1
8321,2019-08-01T09:06:22Z,a837f2314938b1510f3b4cc5900d5d67bc7212d234d9fed1c64f3861,60.16762,24.95415,000000006b44cce7,17.4
8322,2019-08-01T09:06:22Z,a8ca7fb815e707c04434a085c4f99e783d56372143afc92225eae622,60.15133,24.92329,00000000e8a064a4,21.87
8323,2019-08-01T09:06:22Z,a982f65ed2c57aff3f744dba9f5e9ca929c81c14883516889898f207,60.16762,24.95415,000000006b44cce7,18.79
8324,2019-08-01T09:06:22Z,aa05a7036c3586a79d23f426b78bf158357208bc82d7ddf9a1326dd2,60.16531,24.9442,00000000fdda10fe,9.12
8325,2019-08-01T09:06:22Z,aa5281244780ac8f283c3452639d477cd76e31fc6f0b95b99c51a9b0,60.16762,24.95415,000000006b44cce7,2.3
8326,2019-08-01T09:06:22Z,aae40914e9f174363d7184cd6565652316571ab17bfd655dcc4a8171,60.16829,24.94214,00000000afef4555,25.36
8327,2019-08-01T09:06:22Z,ab615ee5bbf567aee3505fbb360d09fc6b851f93fb15aef778b57128,60.16531,24.9442,00000000fdda10fe,13.75
8328,2019-08-01T09:06:22Z,abf0be93e7a8aec9fa8284fdbcc2493f32084aa95f15660b23e149c6,60.16629,24.95957,00000000fb7600be,10.78
8329,2019-08-01T09:06:22Z,aca524ceb3c7373172ecd0d06b26e7d610d441f4a47ab78ae0ad3340,60.15133,24.92329,00000000e8a064a4,18.79
8330,2019-08-01T09:06:22Z,acbbe4765d72f36b0323407c7dbe43db7b4ad5e2da0a6a9e5966db0b,60.16897,24.95222,00000000aa852af1,4.5
8331,2019-08-01T09:06:22Z,ad22512fd6a5ad9e19fdfad7e02b2793ecb01875be243f894c637ae2,60.16829,24.94214,00000000afef4555,7.05
8332,2019-08-01T09:06:22Z,af67ffa8b538058603b74f48e04ab914e8f6cd450f53c47f8c3d683d,60.15432,24.9211,0000000019fb59c4,7.69
8333,2019-08-01T09:06:22Z,afaed9946dbc1509500c6f80f87eed8fe44a74ba3e14328c6efe3971,60.16829,24.94214,00000000afef4555,9.12
8334,2019-08-01T09:06:22Z,b09e9bb62cc49c085c1aee3b752af1bec69dabc939323e5733f73933,60.17065,24.93641,000000000f4919c9,21.87
8335,2019-08-01T09:06:22Z,b2728a54ebd2991e59d91f96f73d376de0adccecfef1326c4f51b74a,60.16762,24.95415,000000006b44cce7,11.7
8336,2019-08-01T09:06:22Z,b28757d67868f9471f0d997a935e857fd0ff1095449820929597563b,60.16762,24.95415,000000006b44cce7,4.94
8337,2019-08-01T09:06:22Z,b32e57a6f5865a23d7a0e9fa346d5ec4e975f99c4df815fe8b1449b2,60.17918,24.95141,00000000675d5200,18.79
8338,2019-08-01T09:06:22Z,b474e34db18d21635ec9ea2654513e6759c326f3aaec96c25f9a204e,60.16897,24.95222,00000000aa852af1,8.38
8339,2019-08-01T09:06:22Z,b50a45ac0708e7b5cca42f3458430eb22ff70a81c575bafe99ffda23,60.17002,24.94407,000000006b087f40,5.41
8340,2019-08-01T09:06:22Z,b69604356a52f2b1b9c5de09a350f42d87f5b969e3e824d8b6b2368f,60.16829,24.94214,00000000afef4555,25.36
8341,2019-08-01T09:06:22Z,b6c43126ca83e916a68e57d0178060c24fc61305836b6c8f188f7285,60.17918,24.95141,00000000675d5200,7.05
8342,2019-08-01T09:06:22Z,b6f0f4101a1a258dcb1d82d77ca91000694d4fed15bd882a8e3bfe66,60.149,24.9843,00000000fffb8cf0,21.87
8343,2019-08-01T09:06:22Z,b7c3b37b32d534f6824ac8d99b4c79d0cb915cab104fdb745550ea22,60.16762,24.95415,000000006b44cce7,11.7
8344,2019-08-01T09:06:22Z,b8fb70225ee0a2d655e2809da07a2f8cd2feb7295aa256f8b35fcf1e,60.16629,24.95957,00000000fb7600be,9.92
8345,2019-08-01T09:06:22Z,baca220bc4dd6e05e27f7b99db1588e9c29a5e18a36a70622dea1e65,60.17065,24.93641,000000000f4919c9,27.28
8346,2019-08-01T09:06:22Z,bb2187a4e20012ad694c768ef2c47c9a9055671024ebf4855d4e6243,60.16531,24.9442,00000000fdda10fe,1.54
8347,2019-08-01T09:06:22Z,bc384bbbf1b2b631cf27066787a32985e9ede5c94a64dc3cab8b6855,60.14951,24.92138,0000000006dd41f6,18.79
8348,2019-08-01T09:06:22Z,bc6d5082ca52e6dae7a1689a835434f3f6341e90afea565480eb9674,60.16829,24.94214,00000000afef4555,11.7
8349,2019-08-01T09:06:22Z,bc82f76c979de19b559e9e3aa0cd6cbf5ac361e2d7b1ac9f81fe2f4f,60.17918,24.95141,00000000675d5200,9.12
8350,2019-08-01T09:06:22Z,bd17e41f002acd238070518ccfb611a42561023ceaefde667bf6fa55,60.17002,24.94407,000000006b087f40,25.36
8351,2019-08-01T09:06:22Z,be0aec7d0615ab2d3b044d4d86b1cc0c2e35603c8195665e854c25ae,60.16829,24.94214,00000000afef4555,14.89
8352,2019-08-01T09:06:22Z,be12d6aaccf354197284a8c92b960bd6a4e1705f7d948823e7891fde,60.16762,24.95415,000000006b44cce7,8.38
8353,2019-08-01T09:06:22Z,c004fa64cb7de7e87d3b91639ae5f95304fb1a90b0a0e927cea958af,60.16762,24.95415,000000006b44cce7,17.4
8354,2019-08-01T09:06:22Z,c09ca77613756563bc54c39fb18e42a10d980ba647b2b238f789e2ef,60.173,24.92524,0000000096918cfa,27.28
8355,2019-08-01T09:06:22Z,c1674c59c49d5bf74e6808239a91d18a04e47697d298bc61a7618af2,60.16448,24.97323,0000000053c6c2be,13.75
8356,2019-08-01T09:06:22Z,c1bf1bf699e9bc78ca15c9490d1ef02e3323f0c2c76bf0fca7955a69,60.14947,24.91438,000000004ef3150d,14.89
8357,2019-08-01T09:06:22Z,c375f2dac85f963c33b2daf76ffb0c32d2c8fd08172419336e308686,60.14947,24.91438,000000004ef3150d,33.81
8358,2019-08-01T09:06:22Z,c434f18b802a764aad7a2dfb46e93546acb1b0975cf9b93fd47363f6,60.15432,24.9211,0000000019fb59c4,6.46
8359,2019-08-01T09:06:22Z,c46895857ca53c3362932d446a58c13b60d297f99ca237d4546589e8,60.16897,24.95222,00000000aa852af1,23.56
8360,2019-08-01T09:06:22Z,c65c11ee6e8b5894ead3ea9b007a39127edb65a67be253aca6f78ed0,60.16448,24.97323,0000000053c6c2be,27.28
8361,2019-08-01T09:06:22Z,c8aef405537103b9d31a7e2dda43949f5844b9a36494f8defaf0d803,60.17002,24.94407,000000006b087f40,29.32
8362,2019-08-01T09:06:22Z,c98bce1cc275ed0a1b833011f8cd251ac848fdc84501fe87eb8b5d54,60.17918,24.95141,00000000675d5200,18.79
8363,2019-08-01T09:06:22Z,ca7719c7cd8d4496b666f608fc07ba9930e362a0b2d96890b0778618,60.16629,24.95957,00000000fb7600be,8.38
8364,2019-08-01T09:06:22Z,cc1fcf6550ac1eee3eceef1f35de652b641407007a7c0464ac54fdbd,60.16897,24.95222,00000000aa852af1,38.87
8365,2019-08-01T09:06:22Z,ce7de55c7709396c70ce5930097e84449a4889700e605a0b062aaeae,60.16531,24.9442,00000000fdda10fe,11.7
8366,2019-08-01T09:06:22Z,cf823e18aa21de251222a9ab70c1b76b6218dea694752d56f6f84082,60.149,24.9843,00000000fffb8cf0,23.56
8367,2019-08-01T09:06:22Z,d062562fed5ad0a61560e267310beb0b717d2a1e2a11d1d575507861,60.16897,24.95222,00000000aa852af1,14.89
8368,2019-08-01T09:06:22Z,d0ae4fabf429edbfdad59f8183cc6e5929f68633315448c9b83d4c16,60.16762,24.95415,000000006b44cce7,6.46
8369,2019-08-01T09:06:22Z,d16e16def718519430296afa23976c226aaf720722bce3d92a2aad43,60.14947,24.91438,000000004ef3150d,12.69
8370,2019-08-01T09:06:22Z,d2687732132631a87ba889096d78b1437b010c08f88f8f9073814eb5,60.16762,24.95415,000000006b44cce7,31.5
8371,2019-08-01T09:06:22Z,d29a5ebd00326d5dedb6c60cab75fd238bdaa9d7f703f6b5974edbc7,60.16762,24.95415,000000006b44cce7,7.69
8372,2019-08-01T09:06:22Z,d31d6921eee92503b486a1b30f5330581c4744a82e6549f375544846,60.17918,24.95141,00000000675d5200,14.89
8373,2019-08-01T09:06:22Z,d327ac6c99e2bd3f17d3041840424e8568b4fbe6d3280c3e04504dac,60.16897,24.95222,00000000aa852af1,18.79
8374,2019-08-01T09:06:22Z,d562afdedae521be241c98441e436608a323fdb944dedc24c835e762,60.17065,24.93641,000000000f4919c9,4.5
8375,2019-08-01T09:06:22Z,d653ef8368d33df4fc7edeb5a381d5826be1471f1470aa9744d47901,60.173,24.92524,0000000096918cfa,2.54
8376,2019-08-01T09:06:22Z,d65b8625c1f24304ff0e3c4a4dce7aa5d434d36be87be41834a49420,60.16531,24.9442,00000000fdda10fe,4.5
8377,2019-08-01T09:06:22Z,d6e217c6592e449e2390b1a874e08cbc9126116901dbdbf84501c6b8,60.17065,24.93641,000000000f4919c9,14.89
8378,2019-08-01T09:06:22Z,d74ea3c9e0aaa523c791aa01f4f9a7c1c43f01f585dc4146b19edf83,60.17918,24.95141,00000000675d5200,8.38
8379,2019-08-01T09:06:22Z,d7734ef0345fcffc0f4bd7579275af62987490aba012209832e92059,60.16629,24.95957,00000000fb7600be,9.92
8380,2019-08-01T09:06:22Z,d81eea3c8bf927d879268dc01665b897d48eecc647bbf61f91f37a33,60.16544,24.95398,0000000038d83d41,16.1
8381,2019-08-01T09:06:22Z,d87c4d5dc2cd620de54fdd076d4f9b35245053d65b644d9e01f558b5,60.16762,24.95415,000000006b44cce7,10.78
8382,2019-08-01T09:06:22Z,d8e192aeb0216a9b0596cedcf42e1b5140d6cfbbc830edc10f50c3d1,60.16762,24.95415,000000006b44cce7,16.1
8383,2019-08-01T09:06:22Z,d95956cedfc4dfe06014194cc1071864bd835fcc014c1fd6f4d33337,60.16762,24.95415,000000006b44cce7,9.92
8384,2019-08-01T09:06:22Z,d983db67d9cd171123ba12eeb19c11f34a3ad1d75fc9214ac3ae8a26,60.17002,24.94407,000000006b087f40,25.36
8385,2019-08-01T09:06:22Z,dc786895c819070347a0a268463f0a8b15f5eec1647f016a9e78e9e0,60.1538,24.95595,0000000038bf9618,27.28
8386,2019-08-01T09:06:22Z,ddae2128c72cf011df2a698a8254b8738fd07a971349ea8a5e8bfa9f,60.16829,24.94214,00000000afef4555,14.89
8387,2019-08-01T09:06:22Z,deb8a213e1b4930e676ee8fdb394161ec46adb785171fa37437b4d44,60.15133,24.92329,00000000e8a064a4,10.78
8388,2019-08-01T09:06:22Z,ded712413bfc7de58a469fab75498089b2c3c6b5e0c9cae260102284,60.16829,24.94214,00000000afef4555,10.78
8389,2019-08-01T09:06:22Z,dfe80baf219bd267a459c954a8e3027b3f1ed29fea2a5355456d5652,60.16897,24.95222,00000000aa852af1,14.89
8390,2019-08-01T09:06:22Z,e0fe7fe5854899c0eb42b75b300339808143419404558ed4d00b0f17,60.17918,24.95141,00000000675d5200,9.12
8391,2019-08-01T09:06:22Z,e234769b1ce1634554f5fa4a290d11b2a30c3dfd009d4c39a2e9dd3d,60.17065,24.93641,000000000f4919c9,21.87
8392,2019-08-01T09:06:22Z,e294dde431d68c7b73efcf1f9b916e40bf408111c79228032c7830a4,60.16544,24.95398,0000000038d83d41,23.56
8393,2019-08-01T09:06:22Z,e2bb0ae74deee6cbc4f50c5f85da3f1779ca1db1ae7ff48ab4b33dbc,60.17918,24.95141,00000000675d5200,8.38
8394,2019-08-01T09:06:22Z,e2f445c6711e0e7d48a6a045bec347587f9f398e8928a171cfa2ca38,60.16762,24.95415,000000006b44cce7,7.69
8395,2019-08-01T09:06:22Z,e2f8b065913423b6cd370ba12adba60bad68b6ff2a97fbcb1d1614bf,60.16897,24.95222,00000000aa852af1,29.32
8396,2019-08-01T09:06:22Z,e3f844c56875bd572c3b57a835b884f1060b467d3bbd25c50dcc7e28,60.16762,24.95415,000000006b44cce7,9.92
8397,2019-08-01T09:06:22Z,e528235be3e5cc4945024d50d1ed43061e2e2f2845f2b41e081e1721,60.17919,24.95181,000000007b5207b6,10.78
8398,2019-08-01T09:06:22Z,e5cad8bb9a6c8dcc067948d7f869033aca5bdd062da175c8734092e6,60.17918,24.95141,00000000675d5200,7.05
8399,2019-08-01T09:06:22Z,e60dfd6fdae0694da3bbaca41506bcb6ca5f3ac39a1801d84a65751e,60.16762,24.95415,000000006b44cce7,12.69
8400,2019-08-01T09:06:22Z,e6b4461f3fc3ee8613bfea0937b5fd730d6686a68a65ed6fecc1dd9f,60.16629,24.95957,00000000fb7600be,20.28
8401,2019-08-01T09:06:22Z,e73dcccbc4dd6af49316f19a34c347cc94ff7ab079a93a2672d78a16,60.14947,24.91438,000000004ef3150d,29.32
8402,2019-08-01T09:06:22Z,e7c92f07271c58076a3543568856a6941512c32291b7e9ce8dbcece1,60.16762,24.95415,000000006b44cce7,14.89
8403,2019-08-01T09:06:22Z,e8add7e8346b99cd4b67924113f3763441a1899897c6d1ac3a1a40a6,60.17918,24.95141,00000000675d5200,11.7
8404,2019-08-01T09:06:22Z,e8ed8051f57ad9d9029a5e3b443c5e93e5059f8c487ba45e2583d35a,60.16829,24.94214,00000000afef4555,12.69
8405,2019-08-01T09:06:22Z,e9064a62fac257836cb6fbcf0d84fab1ebdfa46bd6734632f1e6f116,60.16829,24.94214,00000000afef4555,17.4
8406,2019-08-01T09:06:22Z,e979a153601f7520f54d4733fe91f75f154c8f1c08dc3408dbba5345,60.15432,24.9211,0000000019fb59c4,20.28
8407,2019-08-01T09:06:22Z,eaf572301dc5c1eaff007bc1886cce8f0f5e92a233b8686ed2a1a9cc,60.17065,24.93641,000000000f4919c9,16.1
8408,2019-08-01T09:06:22Z,ec2dd83e04d225caca9f6b9d28bd3080ed37c5bf42e5f65123fa2394,60.17065,24.93641,000000000f4919c9,20.28
8409,2019-08-01T09:06:22Z,ec7121833f0e4b509d683b00a9c5e992e4b84882cb857145102e14f4,60.16531,24.9442,00000000fdda10fe,2.08
8410,2019-08-01T09:06:22Z,ec8c0160ac1ee5aeaf6204956c9db2ee4f98f55ae3fe1ec0af07fab8,60.16762,24.95415,000000006b44cce7,7.05
8411,2019-08-01T09:06:22Z,ed86f884272a5a400b55bfd4f22bc8cc5d6fca7fe26eee3c39cb3c52,60.15432,24.9211,0000000019fb59c4,9.12
8412,2019-08-01T09:06:22Z,ef620c567fe4adc1160d75daa4075a87a75acb4a956b68eb60da0690,60.17065,24.93641,000000000f4919c9,29.32
8413,2019-08-01T09:06:22Z,efc51406db4c66b8a573ec325afe8a9258a04a71b46ff3aae1cfa696,60.16762,24.95415,000000006b44cce7,9.92
8414,2019-08-01T09:06:22Z,f18c0c32d067aecf5602d70693ac888cab1be6dbb0d154be5153dfcc,60.16829,24.94214,00000000afef4555,17.4
8415,2019-08-01T09:06:22Z,f1b28329fc91f4708ca34857c5582c0bf1b7d0ab06127746029cd72c,60.17919,24.95181,000000007b5207b6,4.94
8416,2019-08-01T09:06:22Z,f20935810c1567a80c288016c4d4dd32fe86b3479f47ae7dd64d15cc,60.15432,24.9211,0000000019fb59c4,7.69
8417,2019-08-01T09:06:22Z,f29ed00b645af4bbf50174e71f58a9b691d2e2342e59eda242d97380,60.16829,24.94214,00000000afef4555,11.7
8418,2019-08-01T09:06:22Z,f4587b90aec9127805880f7c81fc03b9fb513fe363015399b895089f,60.16829,24.94214,00000000afef4555,21.87
8419,2019-08-01T09:06:22Z,f4bbc3077da0455d4340da2eed204915327b75a792080724548b4956,60.17918,24.95141,00000000675d5200,4.94
8420,2019-08-01T09:06:22Z,f503a41d3e8b9b57628f4f061c1d8e0c53c62dd8a6fe38d212958ee6,60.16075,24.95883,00000000f1124bca,12.69
8421,2019-08-01T09:06:22Z,f50fd3b1715a94dff67461f4b8f252ecaa6acc16459b3d021f34f15e,60.1538,24.95595,0000000038bf9618,31.5
8422,2019-08-01T09:06:22Z,f587de6c8c03387c5e6a66cd7d20c45abad3668c8e2246611122547b,60.14947,24.91438,000000004ef3150d,21.87
8423,2019-08-01T09:06:22Z,f5d9e90c37840670f09005aa28a20ca561c4d6bc36ffd28c9ca80584,60.16829,24.94214,00000000afef4555,13.75
8424,2019-08-01T09:06:22Z,f803aeb1f00a057ed31451d0f3d132f27fec17305dc699176ac5339a,60.16897,24.95222,00000000aa852af1,10.78
8425,2019-08-01T09:06:22Z,f9e527876f8dfe750fd29bc42664bbf572aed5d09d344a8934a83d90,60.17065,24.93641,000000000f4919c9,4.11
8426,2019-08-01T09:06:22Z,fa1a3814c680b20020a08346c37ee2853e895984574575312bf262e7,60.14947,24.91438,000000004ef3150d,17.4
8427,2019-08-01T09:06:22Z,fa9f19c58a086fde9429d732b1eec80eacf5fc1b2c0124d17243d008,60.17918,24.95141,00000000675d5200,7.69
8428,2019-08-01T09:06:22Z,fba6e66dd09200012637e0b454c96fd7a5459b7e8b0ba01863cdbd77,60.16762,24.95415,000000006b44cce7,4.11
8429,2019-08-01T09:06:22Z,fc75e05a713e8733c512a31a3bebec0a122af3e7afb2c5059c3f1a3a,60.17002,24.94407,000000006b087f40,7.05
8430,2019-08-01T09:06:22Z,fd2075f9ca30345a2acff846d1dfdb92f1d4935162ca5e181f5272f9,60.16762,24.95415,000000006b44cce7,20.28
8431,2019-08-01T09:06:22Z,fea1453360073dfc1896bf1f005f51addb49661f953e16cffba3c63d,60.16531,24.9442,00000000fdda10fe,9.92
8432,2019-08-01T09:06:22Z,ff10218d9a15a3bf160a969fa266f197770d363bc52dce7fa08ae990,60.16762,24.95415,000000006b44cce7,6.46
8433,2019-08-01T09:06:23Z,0fff89885f08417f20aadfdbf62a372277e9085bcd024374b772ecac,60.16531,24.9442,00000000fdda10fe,36.27
8434,2019-08-01T09:06:23Z,144afc51fc2443c7031a2912566eff2ce60226a49d6d2bd7c2923700,60.16544,24.95398,0000000038d83d41,27.28
8435,2019-08-01T09:06:23Z,14c7e1511b70f4dd3359cbece1377aebb4d70531f5489eefe53d7c3c,60.16544,24.95398,0000000038d83d41,27.28
8436,2019-08-01T09:06:23Z,15918569de0a46a8eb56b43d8d39f7fc82619ff1006f00822c85745c,60.17918,24.95141,00000000675d5200,2.3
8437,2019-08-01T09:06:23Z,165ebbb4090d47319ae370f0d0854fdc1f6b79499f8b2e4d3c3533c0,60.16544,24.95398,0000000038d83d41,23.56
8438,2019-08-01T09:06:23Z,171d0bf49a26400390df42bc1c9af98d9279bf8ccee92f39288845e1,60.16762,24.95415,000000006b44cce7,5.91
8439,2019-08-01T09:06:23Z,1f0f0628cdc688d76bde2b82bee5b9b4916bf0bbdfe76cf3213e1c65,60.15432,24.9211,0000000019fb59c4,10.78
8440,2019-08-01T09:06:23Z,2a93b61a3863ace54349d7a0937e4134fcc6d4dfcf064eefae2b7cf8,60.15432,24.9211,0000000019fb59c4,29.32
8441,2019-08-01T09:06:23Z,2becc116b6903367f24fb8033b421a173af04cdaca16ac8b2f91be52,60.16762,24.95415,000000006b44cce7,14.89
8442,2019-08-01T09:06:23Z,2dd6ca2c889266702d554569764346cf583b74b0890b10e00ecd4f82,60.16544,24.95398,0000000038d83d41,31.5
8443,2019-08-01T09:06:23Z,2f33dacc8bf2b0b809b88130b46696c922929e1eb8ea92017f05509a,60.16448,24.97323,0000000053c6c2be,16.1
8444,2019-08-01T09:06:23Z,5bbb5184fded3e51bc78e45e39917794285e6bbc72da404802a9599a,60.16531,24.9442,00000000fdda10fe,25.36
8445,2019-08-01T09:06:23Z,5d65719c4cbf045f068d084b72302f447d5fd034413d97d13be00d0e,60.18203,24.91341,00000000342570c2,21.87
8446,2019-08-01T09:06:23Z,6a657079c1bdc8114c289be1ddd83e5846d4279a920d1697b8ff0033,60.18203,24.91341,00000000342570c2,20.28
8447,2019-08-01T09:06:23Z,6ff437688c444238352c28f64f9d2a7d0f14d19c9ea42c225380501e,60.16762,24.95415,000000006b44cce7,12.69
8448,2019-08-01T09:06:23Z,747f2d1ebff218c0ebbdc0fdaef4cbe56633dfb46ae1b1f8c8142201,60.16762,24.95415,000000006b44cce7,21.87
8449,2019-08-01T09:06:23Z,76c7f42283513d0e289bf786d89463b5025b2ae0f4e13519a4cf228b,60.15432,24.9211,0000000019fb59c4,20.28
8450,2019-08-01T09:06:23Z,78d5f60b36b59c06c3988b94e11744bb3aed5dcbc214f91f228bf892,60.16448,24.97323,0000000053c6c2be,21.87
8451,2019-08-01T09:06:23Z,84fdfd8881f633c5f0c71c1480053953ca4b05e848052d97c063ad38,60.1538,24.95595,0000000038bf9618,20.28
8452,2019-08-01T09:06:23Z,87dfaad29a9276ddddb1fa021d3bc23ad14824c1af16f7d87e713689,60.14951,24.92138,0000000006dd41f6,9.92
8453,2019-08-01T09:06:23Z,8c75c3289c84fe4493e1e272a77b615fe1985880c5dc68a7c1a17b53,60.16762,24.95415,000000006b44cce7,11.7
8454,2019-08-01T09:06:23Z,8cc6ddaa460aeae8cc9e8a33f91a01c8cd4c0c8bf8a943210a28c84d,60.1538,24.95595,0000000038bf9618,17.4
8455,2019-08-01T09:06:23Z,8ffeb52bff155eab19ca329d16be495cd44a08aa7f79b94db079caf9,60.15432,24.9211,0000000019fb59c4,23.56
8456,2019-08-01T09:06:23Z,9843c6216661048343a0e49cf3d8aa2883cf77f452666a1c873a1052,60.16448,24.97323,0000000053c6c2be,9.12
8457,2019-08-01T09:06:23Z,9d03d14afa49576281aa26db60e517f7c1ec8aa36f7756959a860a8a,60.16629,24.95957,00000000fb7600be,11.7
8458,2019-08-01T09:06:23Z,9ff35a7f150d05ef75c3777dbae4f91e5b1a4d0830a984c50f6da1bc,60.16897,24.95222,00000000aa852af1,29.32
8459,2019-08-01T09:06:23Z,a91d379a4b57c5df22db0d7a041ff69f657b4b31f28554b1011fc03c,60.16544,24.95398,0000000038d83d41,29.32
8460,2019-08-01T09:06:23Z,a9da1ee82e3b670e276c26b483dd50f4a6d0c6f77ef82245d3ae6086,60.18203,24.91341,00000000342570c2,11.7
8461,2019-08-01T09:06:23Z,ab0f67c0c0e1ba5eac9013f9c314feadf340ddf08543b91e70483594,60.16544,24.95398,0000000038d83d41,23.56
8462,2019-08-01T09:06:23Z,b1f358076ba79ef902a36ca8ae3f8ec7c93308a67c479345bfdbdecf,60.1538,24.95595,0000000038bf9618,36.27
8463,2019-08-01T09:06:23Z,b4faf2d3c4d2b199afeab6ab63b583fe3a2e81e14abbef6917f25129,60.15432,24.9211,0000000019fb59c4,23.56
8464,2019-08-01T09:06:23Z,b5fd6b317890e5ab2d79e2cd1abe61626d45a753c7337d0d40728898,60.16762,24.95415,000000006b44cce7,9.92
8465,2019-08-01T09:06:23Z,ba42c72ea7c2663b3ea5044faf12173ab18e523dc35de0e24bf374ac,60.16544,24.95398,0000000038d83d41,23.56
8466,2019-08-01T09:06:23Z,c40c37def6bf11a63a2556519a7c6233fd417cdeea2cf14f28e7c42c,60.16531,24.9442,00000000fdda10fe,18.79
8467,2019-08-01T09:06:23Z,cf05623e4d87ce0906c0b0b7dbf53aacc1228016cd27c341228b6e76,60.18203,24.91341,00000000342570c2,20.28
8468,2019-08-01T09:06:23Z,d178749a24c32676d0da0f51ae6ff63c456499d4b1814af8fa75ca9e,60.16448,24.97323,0000000053c6c2be,9.12
8469,2019-08-01T09:06:23Z,dd2c9c82cf3737146294aff6f814a1349fb0bc4bedf518715dacbe8f,60.18203,24.91341,00000000342570c2,13.75
8470,2019-08-01T09:06:23Z,df89b51aeaaa1a8c64db45d6c35f918b650806b37aea9b50246a3267,60.16829,24.94214,00000000afef4555,31.5
8471,2019-08-01T09:06:23Z,ec72ef080c605e71978aed0d3b5f22c3c3133677a43c614b72eedc6d,60.14699,24.922,00000000a53ed894,25.36
8472,2019-08-01T09:06:23Z,ed70dda6b7faebd4340dacdb452ab224d9d3c308df417b7fa76f54e8,60.14951,24.92138,0000000006dd41f6,23.56
8473,2019-08-01T09:06:23Z,efd1806e1eee5eca948bc2537df8d816e2cce41009b41189c350ce74,60.16531,24.9442,00000000fdda10fe,31.5
8474,2019-08-01T09:06:23Z,f088630d7476dae7d4b7e2bb1f10575f2c89acb4b6e061f3d57c2b40,60.16531,24.9442,00000000fdda10fe,20.28
8475,2019-08-01T09:06:23Z,f70a43051a4f59f5002c4018a464b44781f7f527861efda6626a2de4,60.16829,24.94214,00000000afef4555,13.75
8476,2019-08-01T09:06:23Z,f7e45613ad966fea53fab73b435ba3a087c774e36596b3a5156a3487,60.16829,24.94214,00000000afef4555,4.94
8477,2019-08-01T09:06:23Z,f83d4b6b8ffbf8a674d212e32100b2360b80261b4e9207d77c0b0ed3,60.17918,24.95141,00000000675d5200,13.75
8478,2019-08-01T09:06:23Z,f99c5dd8cc08bd2353083d875ce8bc585fb2c2ff8427b90d92f571de,60.1538,24.95595,0000000038bf9618,31.5
8479,2019-08-01T09:06:23Z,fc4f3a44235f1cfc7b53f14ba2da599976a5a0a220d23b852688e485,60.17918,24.95141,00000000675d5200,20.28
8480,2019-08-01T09:06:23Z,02050a536056486b1bf139282f0d0a3af63def1d56ff0c73ac51bb19,60.14947,24.91438,000000004ef3150d,20.28
8481,2019-08-01T09:06:23Z,023083c44c772667f1727e01c74518889b2a82d78ceb28c08b6f8a20,60.16531,24.9442,00000000fdda10fe,11.7
8482,2019-08-01T09:06:23Z,028149b8bfaf37d1f064cb0b4f23ae118f00d8eff41679fb8830396a,60.16531,24.9442,00000000fdda10fe,27.28
8483,2019-08-01T09:06:23Z,0362cc670dcfab795a3911957b6a177416bf9b99d0e2732716796c4d,60.15432,24.9211,0000000019fb59c4,8.38
8484,2019-08-01T09:06:23Z,03f427d436ba092925de462b11374bdbdab0443620037675621fbc11,60.17918,24.95141,00000000675d5200,17.4
8485,2019-08-01T09:06:23Z,0483eb7342f4e704caa76b9bc3d6a7bd836282960dafc2c756247134,60.16762,24.95415,000000006b44cce7,9.12
8486,2019-08-01T09:06:23Z,063935180fff0e58de5d319ecb9320cf794423e3c6aeac0cca8f1a9f,60.16897,24.95222,00000000aa852af1,16.1
8487,2019-08-01T09:06:23Z,08f9fd60f852d3502bfa509c955e9963e73954f961d55ba8cd46cae9,60.16629,24.95957,00000000fb7600be,13.75
8488,2019-08-01T09:06:23Z,0b1e470de9987c18967cad858b6f79c135ffd2e9ad00bb9c470d0eb3,60.1538,24.95595,0000000038bf9618,31.5
8489,2019-08-01T09:06:23Z,0c1684b697a63d7f47ebaedcfa060b3b4af294fec1e62d613699291a,60.16897,24.95222,00000000aa852af1,6.46
8490,2019-08-01T09:06:23Z,0fc3dcfc786a0b995f8e102ae37d87ee5da24053e3e634d4caaaa97f,60.17002,24.94407,000000006b087f40,25.36
8491,2019-08-01T09:06:23Z,0feb7de3b58597dd266ed606e8d3b6e2e4e0be942b17c15be984f51c,60.14951,24.92138,0000000006dd41f6,29.32
8492,2019-08-01T09:06:23Z,1069967e3921871955b1b2b42e60f829c593a3e024401bfe61ae410e,60.16629,24.95957,00000000fb7600be,11.7
8493,2019-08-01T09:06:23Z,10cd81594fd56fa1f2c4799419a45b70833d3d8583b817324ee96da7,60.16897,24.95222,00000000aa852af1,23.56
8494,2019-08-01T09:06:23Z,1134a082e36fe03359bac74c814a0ed20468c45230115d4e25aa230d,60.16829,24.94214,00000000afef4555,10.78
8495,2019-08-01T09:06:23Z,13a759fd293cbde0d55db753d853768b718e59036c4007d2e3a8757a,60.16762,24.95415,000000006b44cce7,8.38
8496,2019-08-01T09:06:23Z,141ffc858c3ea6a2e69c954115114304736a35dc25ec947323090dc0,60.16762,24.95415,000000006b44cce7,9.92
8497,2019-08-01T09:06:23Z,14a062f886bdedfe7c4c6cdae992fae0cd9703f957f69bbc4616d894,60.16897,24.95222,00000000aa852af1,25.36
8498,2019-08-01T09:06:23Z,15b314157b22b2a5bf8a39539a049ce73e7baa21b0ce24f21718ce4a,60.17002,24.94407,000000006b087f40,13.75
8499,2019-08-01T09:06:23Z,160e77433af9ad22911458abcb358d35b410e2640131e6fabe54c071,60.17002,24.94407,000000006b087f40,21.87
8500,2019-08-01T09:06:23Z,16e18d478be872d2a9801fa885d08edeb3f5ae1840b38478f9baf535,60.17918,24.95141,00000000675d5200,17.4
8501,2019-08-01T09:06:23Z,1880dcca5077d4ccd63084e82a411f0cb7abb12f9883625b046f2e24,60.16829,24.94214,00000000afef4555,17.4
8502,2019-08-01T09:06:23Z,190cdde22bc3e3a41cd0f9da7efb3a917bc09e8034b05ca6064ea8a8,60.17918,24.95141,00000000675d5200,12.69
8503,2019-08-01T09:06:23Z,1a057a74ec50ab7dac4f29547e82a9c7f37192d592a42f63379e1d8f,60.16448,24.97323,0000000053c6c2be,29.32
8504,2019-08-01T09:06:23Z,1cfafdaa3ff1975bcf6f699641431e88775ba2183074d825eeb81dd3,60.149,24.9843,00000000fffb8cf0,14.89
8505,2019-08-01T09:06:23Z,1d70ff49909e1d6fb653ae053aa78084daf385dbbd2ad22b05707309,60.16829,24.94214,00000000afef4555,10.78
8506,2019-08-01T09:06:23Z,1da40c618e0432bb037d08723b65821f6223509e8b4033a4b4190047,60.17065,24.93641,000000000f4919c9,27.28
8507,2019-08-01T09:06:23Z,1dcff36b6f83b08b6ea87c1c1018c542c270299839908ca446dffb39,60.16762,24.95415,000000006b44cce7,13.75
8508,2019-08-01T09:06:23Z,1e3af5697f0a2ae45f261da79e4ba71c868dc4d78008bd1995fe6259,60.16448,24.97323,0000000053c6c2be,20.28
8509,2019-08-01T09:06:23Z,1e6029f749dce72746f03dcc61a1986b14438610b7ff6a19c8165e6f,60.16829,24.94214,00000000afef4555,20.28
8510,2019-08-01T09:06:23Z,1eadb2c1984aa73c3c2f13eab0a2e793331443c617681e36887f0bcc,60.16629,24.95957,00000000fb7600be,18.79
8511,2019-08-01T09:06:23Z,1eb71232cacfabc37966931f8112e59acabc361048ad25dc2468949f,60.16762,24.95415,000000006b44cce7,20.28
8512,2019-08-01T09:06:23Z,1ecbc7c6afe89033252e5510cbb893666af2b3bc29f555a3a6287fdb,60.14951,24.92138,0000000006dd41f6,3.4
8513,2019-08-01T09:06:23Z,1f813dc10021899138c12ca17c58ab3dc24db1750dcb1790f9c20e8f,60.15133,24.92329,00000000e8a064a4,21.87
8514,2019-08-01T09:06:23Z,2054040f74e16d53af6ec478891758deab95bb7c02e7f4aee4333fd3,60.17002,24.94407,000000006b087f40,27.28
8515,2019-08-01T09:06:23Z,20b37aa6c3ad0dfea9c182498905a450537b0efbbd8563b205e93afd,60.16897,24.95222,00000000aa852af1,13.75
8516,2019-08-01T09:06:23Z,20ecc60ba6748bb4a65d10d3f27a3b928bcbc43ea0eab6ff9121c1bd,60.16829,24.94214,00000000afef4555,20.28
8517,2019-08-01T09:06:23Z,227fd98ceb97d84d0c2c3af35c32cee7a87aea62d71b1a5353ae3588,60.17065,24.93641,000000000f4919c9,17.4
8518,2019-08-01T09:06:23Z,2283762fe3af8329ae65aec44de728da8f383810e9f2a3d3b84fa031,60.16897,24.95222,00000000aa852af1,20.28
8519,2019-08-01T09:06:23Z,22ac1ab1c590ea19b44c61c42f5e8da29a6acbabf56676527811507a,60.15432,24.9211,0000000019fb59c4,17.4
8520,2019-08-01T09:06:23Z,25479245e5a8b0fe47e2bd590cdd63256d84afd6c164781dc64e527d,60.149,24.9843,00000000fffb8cf0,5.91
8521,2019-08-01T09:06:23Z,2552cb43d7990bde838673115a742078e343ce93f96257728311655d,60.16897,24.95222,00000000aa852af1,20.28
8522,2019-08-01T09:06:23Z,25d340d14d855b8c18b2c6f2551ec98a1eb047d1fd3457ba881ddf28,60.17918,24.95141,00000000675d5200,5.91
8523,2019-08-01T09:06:23Z,270749ab8e1a83f0dcbf45dc861bcc0e10361d103d7589841787e366,60.16531,24.9442,00000000fdda10fe,16.1
8524,2019-08-01T09:06:23Z,277fcf3cc917a89b46a34e0cf5164a78f5bcc88d92bb45ded60f1a91,60.17065,24.93641,000000000f4919c9,9.92
8525,2019-08-01T09:06:23Z,27b591b33a56a542440b53031a24f42290b0ec1a194af27700b75a3a,60.17918,24.95141,00000000675d5200,16.1
8526,2019-08-01T09:06:23Z,27b7a58df8db5b5ea583d77edb1ab88cce3e1a1a781c8489e6b98e0b,60.16762,24.95415,000000006b44cce7,21.87
8527,2019-08-01T09:06:23Z,28296ae2b460df2f6807f8a84b81e5ebd24677a05bded29111dc33a4,60.17002,24.94407,000000006b087f40,27.28
8528,2019-08-01T09:06:23Z,28d50861d92f962c7a49eabaa524431aebf52870e44b79f77d7167c6,60.17918,24.95141,00000000675d5200,9.12
8529,2019-08-01T09:06:23Z,2949e68aa577c4837fb826dbf743795ddc51d679e4cdca8ee32e331d,60.16762,24.95415,000000006b44cce7,17.4
8530,2019-08-01T09:06:23Z,29ae3c5c3aeac0c607bc816f7e74c232a40142b79a52c43c7b1ed42f,60.16829,24.94214,00000000afef4555,6.46
8531,2019-08-01T09:06:23Z,2afa9ac588b2c55e8edf99ee96ecaf63451a7ab1e51571b7e2d1d491,60.16762,24.95415,000000006b44cce7,8.38
8532,2019-08-01T09:06:23Z,2c6810efb2565383ca0a554f3c51f3f7905484357f5e00756dbf091a,60.17918,24.95141,00000000675d5200,4.5
8533,2019-08-01T09:06:23Z,2c6f6440161f9061a850e8db96383d5eb111f0d1d8f0b666b7c49f22,60.16897,24.95222,00000000aa852af1,14.89
8534,2019-08-01T09:06:23Z,2f43b7a683b0d365a46b6259a032813c293472eaedcdbcc3507adee5,60.17918,24.95141,00000000675d5200,10.78
8535,2019-08-01T09:06:23Z,2f79108a454c0072885ad1447280ed5098d061b229eaae61a8bb67be,60.15432,24.9211,0000000019fb59c4,13.75
8536,2019-08-01T09:06:23Z,2f82b3546af2df53b58cddc668c9aa196554108cdf39120ea40b417c,60.16629,24.95957,00000000fb7600be,4.11
8537,2019-08-01T09:06:23Z,32fcb1ab3a9fde533916ca28a0d5b56bbb45fd171dd5bae91f66ec6c,60.16897,24.95222,00000000aa852af1,9.12
8538,2019-08-01T09:06:23Z,33fa4cb82db5b44ffe6e7ae1039635187f90d1df328f8f139da0c693,60.17918,24.95141,00000000675d5200,2.3
8539,2019-08-01T09:06:23Z,3425153826f9f8333f0e2bbab18350947e71eee33cb47f303d0d0f41,60.16762,24.95415,000000006b44cce7,13.75
8540,2019-08-01T09:06:23Z,3480c16a6649952c388d8902596e332f018e609b9585f483353ae026,60.17065,24.93641,000000000f4919c9,2.8
8541,2019-08-01T09:06:23Z,34cdc3630624c211194acb463285c3b512788b2045daf479b9ba3bfd,60.16829,24.94214,00000000afef4555,25.36
8542,2019-08-01T09:06:23Z,34e96c7caa63e7ede8f428b18e8fb556ac235d61a50c9d6ac7ff268f,60.17918,24.95141,00000000675d5200,11.7
8543,2019-08-01T09:06:23Z,3609f484ad7e56259f60a61aba44f22dfca5c8b2564fce7e802ad342,60.16829,24.94214,00000000afef4555,1.7
8544,2019-08-01T09:06:23Z,367b1989198ef11170dd9fcfa7e6ebb5ceb58aab87c613ee1bb86e8c,60.16531,24.9442,00000000fdda10fe,7.69
8545,2019-08-01T09:06:23Z,3685ee6d322dcb2ad0ae181f66c3c5427d4531d7896d2f5f7571bb6d,60.16762,24.95415,000000006b44cce7,5.91
8546,2019-08-01T09:06:23Z,36fe97cd2ec69118778c771a87593630f8a6a2cb77d9ce72f845cd3c,60.16762,24.95415,000000006b44cce7,11.7
8547,2019-08-01T09:06:23Z,38fb20c6d55b10dd10a39c0fb41ad61297453e25afda81cf32313ae3,60.16531,24.9442,00000000fdda10fe,20.28
8548,2019-08-01T09:06:23Z,39126ffb278f49e06180cc6abe5b31ab3acdce1534b5b6ffa0b6e567,60.18203,24.91341,00000000342570c2,21.87
8549,2019-08-01T09:06:23Z,39b9986a2c3200d66c10bdcb32d41deede7b7da3b6fadb928d3bbdc5,60.16829,24.94214,00000000afef4555,31.5
8550,2019-08-01T09:06:23Z,39c6456ee66fe96eee3d97cee2a70923cedb3da760bb5d4d413adb9c,60.17918,24.95141,00000000675d5200,2.3
8551,2019-08-01T09:06:23Z,39e9fa7033887b7ab339887aa68753ff94d4771cda2bb8ff4ea7aa0a,60.17918,24.95141,00000000675d5200,14.89
8552,2019-08-01T09:06:23Z,3a1afdcf7c2e5a52cdbcbbe29e8281c184037e8720920c6c75bee339,60.15133,24.92329,00000000e8a064a4,11.7
8553,2019-08-01T09:06:23Z,3a253f272d2781dc2001addfbddcac5f3dbf18610988531707b80b60,60.16829,24.94214,00000000afef4555,21.87
8554,2019-08-01T09:06:23Z,3a38ba36c098f2741d6c5fb5a751fcd074d05d698ac592ca09ab443c,60.16448,24.97323,0000000053c6c2be,27.28
8555,2019-08-01T09:06:23Z,3a97ae4dcab31eb5e15e5d036d286e9764e25bcf0ad8afcfba854c90,60.16762,24.95415,000000006b44cce7,5.41
8556,2019-08-01T09:06:23Z,3b124e1851087531134d5e5d0a10b6afe3551982609a81a19dd969dd,60.16829,24.94214,00000000afef4555,14.89
8557,2019-08-01T09:06:23Z,3cc82d532d2a768e0c987e2653e32825a8b11fc2f7ba36388535f6e2,60.16075,24.95883,00000000f1124bca,16.1
8558,2019-08-01T09:06:23Z,3eea43670f4f29a90ced59c1af122371340275fb61ff8f14c7120658,60.16762,24.95415,000000006b44cce7,8.38
8559,2019-08-01T09:06:23Z,40646914186edc6142b7fc3daf766121b55f5bb36ea38facff686ea5,60.16897,24.95222,00000000aa852af1,17.4
8560,2019-08-01T09:06:23Z,40dc9402556d3dbb11c7f8919225178116092f92d29166bb853a14a9,60.16762,24.95415,000000006b44cce7,12.69
8561,2019-08-01T09:06:23Z,41a0ca2955e0ae0324f6e14aeb77ebfaac5305e31d86c42a20277b94,60.15133,24.92329,00000000e8a064a4,11.7
8562,2019-08-01T09:06:23Z,432417b4972b744ded3410777a6bbb583cf56172bf3436ddbe48a21d,60.16762,24.95415,000000006b44cce7,20.28
8563,2019-08-01T09:06:23Z,44a120ac90dacb4d43fe4d38ee859a1015bcd226ff3d946a1e44c4ca,60.16531,24.9442,00000000fdda10fe,21.87
8564,2019-08-01T09:06:23Z,4642dfa1df839f11e64f68bca4e3dce7bde2ff6dd68c54959fcb4788,60.17918,24.95141,00000000675d5200,16.1
8565,2019-08-01T09:06:23Z,4682d95464cedcc021f38271a51bab9c000762b4acf802070e259ba2,60.16629,24.95957,00000000fb7600be,5.91
8566,2019-08-01T09:06:23Z,47bd1492244c444d45674eb48dd2e6f222cb109d820ba807c4e18c1a,60.16629,24.95957,00000000fb7600be,9.12
8567,2019-08-01T09:06:23Z,48004849b2f48b2314aa9175433d754db1641b949bb8cf050e2dd128,60.17918,24.95141,00000000675d5200,11.7
8568,2019-08-01T09:06:23Z,484bbaa5a9d6bdd2259f022b6ea4e3c290985c13a1286bd7142d878f,60.16762,24.95415,000000006b44cce7,4.94
8569,2019-08-01T09:06:23Z,48c0ea6615ac4c02fc9bc0e06f9ea9309f9bf7e73b4324d7a6b14610,60.16829,24.94214,00000000afef4555,12.69
8570,2019-08-01T09:06:23Z,49bbad87e4d6cd03bdb073bde7be91193d74d29943badce7fc536916,60.16448,24.97323,0000000053c6c2be,5.41
8571,2019-08-01T09:06:23Z,49df780a7f20a99ad2810fa4bbb46b5fac9bc5cbe3fc800cd572f63a,60.14947,24.91438,000000004ef3150d,13.75
8572,2019-08-01T09:06:23Z,4a999019e791f2f41319d70079a0a4fc5ab56dc2e6db82a18ad7efd3,60.16762,24.95415,000000006b44cce7,12.69
8573,2019-08-01T09:06:23Z,4ade4f0d92c6157a42d7fd8e353d1c93551324ba47cc134b840a6c63,60.16897,24.95222,00000000aa852af1,10.78
8574,2019-08-01T09:06:23Z,4afcc27c652d3d50a44d060f84e33dd4b17529d982928dae936cf10f,60.16448,24.97323,0000000053c6c2be,21.87
8575,2019-08-01T09:06:23Z,4ba529eeafb27285cbbade6e5ece0d4d04bd2d13c98b27a5d17abd22,60.16897,24.95222,00000000aa852af1,4.94
8576,2019-08-01T09:06:23Z,4c8696833edf46025bc9b5f589679b77a73c857736036aa9ef6696e5,60.17002,24.94407,000000006b087f40,18.79
8577,2019-08-01T09:06:23Z,4f93c5c493e876fd65b50774e1c92d808bcddb72337905c0c6bb385b,60.16829,24.94214,00000000afef4555,17.4
8578,2019-08-01T09:06:23Z,5001aabb6808b9fd96b705d1ebe8e7aca52713c2640100d81879dd86,60.17918,24.95141,00000000675d5200,6.46
8579,2019-08-01T09:06:23Z,504f910a0bd104a130b85d0c50467a15e74dc950bcc9eac3ebecc43e,60.16531,24.9442,00000000fdda10fe,16.1
8580,2019-08-01T09:06:23Z,5143af775374504a931805df3b7bc0712b2401f6a3ea2c49fd69cf6f,60.16829,24.94214,00000000afef4555,5.91
8581,2019-08-01T09:06:23Z,529623421e226c215bcca0b1388813e291d3d13ed1d8465f0ab69147,60.16629,24.95957,00000000fb7600be,12.69
8582,2019-08-01T09:06:23Z,52dafb8d2f758077fde6a37220aa103d803e9c58d64ac234a45708ee,60.16531,24.9442,00000000fdda10fe,31.5
8583,2019-08-01T09:06:23Z,5372348389197e6c4bc4c5e3dab047e7384d562220e6295904bbda1b,60.17065,24.93641,000000000f4919c9,7.69
8584,2019-08-01T09:06:23Z,5385ddf78e929052bb12c39651fb3ff99e3642aa079d49f687b4c73c,60.16762,24.95415,000000006b44cce7,17.4
8585,2019-08-01T09:06:23Z,54b89ed12e25892c9160e029a0379d61425b88db1aa30b06f9ea2d8b,60.17002,24.94407,000000006b087f40,16.1
8586,2019-08-01T09:06:23Z,54bd709173219e8017f317b63ecc83d0a48f64542e6fa1b83c86a56c,60.17919,24.95181,000000007b5207b6,20.28
8587,2019-08-01T09:06:23Z,556cae6b2e2dec6fe691a835e8e08bd016b1a65797c0aca46879329f,60.17918,24.95141,00000000675d5200,13.75
8588,2019-08-01T09:06:23Z,559e6a5225ce35ab844c63ea0d0c1695dc490a3d9cfbafa5d35ac8d8,60.14947,24.91438,000000004ef3150d,9.92
8589,2019-08-01T09:06:23Z,560816066eb4d44c34d0d56c57c994c0cccbd36fef545059b8e4d9d7,60.14947,24.91438,000000004ef3150d,9.92
8590,2019-08-01T09:06:23Z,57702e43c98321484601490acf3912614d41664464b32199d9df1606,60.16762,24.95415,000000006b44cce7,16.1
8591,2019-08-01T09:06:23Z,5830a481876da00686f25b17dad06258a39212c0816ed04dda2df1bd,60.16531,24.9442,00000000fdda10fe,29.32
8592,2019-08-01T09:06:23Z,584cb0b0cdd14e608c8b57c8aecc9826f9b40027e365e2438a444ea2,60.16762,24.95415,000000006b44cce7,10.78
8593,2019-08-01T09:06:23Z,5865a27b5b56a60bca38e4a1403655e3e7fd0232a3ff2079965aff81,60.15432,24.9211,0000000019fb59c4,3.09
8594,2019-08-01T09:06:23Z,5978726eeef638856dafd3a8d199287f8daf9e90ddde750b402f8bb0,60.17065,24.93641,000000000f4919c9,0.59
8595,2019-08-01T09:06:23Z,5a34b02faac3189217466888ef1d31cc80f721ac2f18638c5db88d53,60.14947,24.91438,000000004ef3150d,12.69
8596,2019-08-01T09:06:23Z,5a8d671a78b976d212d9746d88b9a754a2d9c8341c529e88b7c6b8f4,60.17065,24.93641,000000000f4919c9,27.28
8597,2019-08-01T09:06:23Z,5b06617477af6dcee75a94ac347364b50f6f3b5b7d747e5413d9ad58,60.14947,24.91438,000000004ef3150d,9.92
8598,2019-08-01T09:06:23Z,5b24733f1e45af711e2eebfb97b6b1467ca5cf1f466e6c8add4f7935,60.16762,24.95415,000000006b44cce7,27.28
8599,2019-08-01T09:06:23Z,5b87e95c530abdc4b86908a134da58f9ddf2a72683102dcad78799da,60.16531,24.9442,00000000fdda10fe,27.28
8600,2019-08-01T09:06:23Z,5c1f71098d5d7258d2971061c791c94e0138c8e02225c5f60d6a0428,60.149,24.9843,00000000fffb8cf0,13.75
8601,2019-08-01T09:06:23Z,5daa76852f3e1be6c75fa2185d5787ab9010cf83d6671515769a8649,60.16531,24.9442,00000000fdda10fe,20.28
8602,2019-08-01T09:06:23Z,5e2c5c20c88ccf362ed8749d1ddc041b1cb1c38d8dbeac7870179322,60.16629,24.95957,00000000fb7600be,7.69
8603,2019-08-01T09:06:23Z,6051ed50496b74a6ff68c86205d23971fcaccd6c91edfe7d78fa71b0,60.16897,24.95222,00000000aa852af1,18.79
8604,2019-08-01T09:06:23Z,6072bfb496e2b8a999c9edbda5b76fbc0e783ff2a439c4e6c881fabf,60.16829,24.94214,00000000afef4555,13.75
8605,2019-08-01T09:06:23Z,619c5b31af2a28703a837cc7974ef0d2c5bb6584ba0fcc03076218ac,60.17002,24.94407,000000006b087f40,16.1
8606,2019-08-01T09:06:23Z,61e4465b011a94bbf6341adebb1aed56100967cac117b368910b36de,60.16544,24.95398,0000000038d83d41,27.28
8607,2019-08-01T09:06:23Z,626bf35ce16dba1054cfd175d09475d3ee751bf70e56f984ff5c7ab6,60.15133,24.92329,00000000e8a064a4,23.56
8608,2019-08-01T09:06:23Z,63ff2439779051005c18876d20ed53ce060c1de9d7976821bd518fc6,60.15432,24.9211,0000000019fb59c4,20.28
8609,2019-08-01T09:06:23Z,6470ee836399c5610581ec9de09772d350282ecc4c5c57fa02a5ec68,60.16075,24.95883,00000000f1124bca,23.56
8610,2019-08-01T09:06:23Z,66ad74b1795a3f2db404e46e89b7cdeb3d6e231b6573e3fd29bb7eef,60.16897,24.95222,00000000aa852af1,20.28
8611,2019-08-01T09:06:23Z,67cf7d2881080aa59ed36a6d88ea1946d17e9d1d5e1ad9eee1851969,60.18203,24.91341,00000000342570c2,17.4
8612,2019-08-01T09:06:23Z,685af6b01bd180194d718801bb8b9c9de22050cc392d6c6441fe986b,60.18203,24.91341,00000000342570c2,8.38
8613,2019-08-01T09:06:23Z,69e2854c78a472b462941ef730aa9fa7a9dba9c1cc22996396d4c78a,60.17918,24.95141,00000000675d5200,4.5
8614,2019-08-01T09:06:23Z,6adce4d05e58232a97635a2fd7918e4e49d9295afc0989d727f9c712,60.17002,24.94407,000000006b087f40,20.28
8615,2019-08-01T09:06:23Z,6d5a8ded89f26533ed851d1a0894f0d9045e9cd4baed439f7d9a922b,60.16629,24.95957,00000000fb7600be,13.75
8616,2019-08-01T09:06:23Z,6dca84ddf4be668487766d17c5d13961ed713d24032f709ae87a497f,60.16829,24.94214,00000000afef4555,16.1
8617,2019-08-01T09:06:23Z,6f616e6334d0ed70e5ea15408a51e9daf643369911d94d76830a7d65,60.16544,24.95398,0000000038d83d41,21.87
8618,2019-08-01T09:06:23Z,6fe2cf6737d40d71251dac8ebef5356a2b765621e97a346c00a6031c,60.15432,24.9211,0000000019fb59c4,3.74
8619,2019-08-01T09:06:23Z,7003a7f6a5523b645634f014e04bea36016953a8af9324e35602bc2e,60.14947,24.91438,000000004ef3150d,21.87
8620,2019-08-01T09:06:23Z,704c3f3075f13713c363014fa828e4a932e7a05676813b9963a1e554,60.17918,24.95141,00000000675d5200,14.89
8621,2019-08-01T09:06:23Z,70d391038ec56b63a3737605c2c1db6ffbdca8e4490691776dc993f1,60.16829,24.94214,00000000afef4555,2.8
8622,2019-08-01T09:06:23Z,71b01bb8b8e877dc9ca40e756f441571d12ee3311a945417e8aaa116,60.16762,24.95415,000000006b44cce7,12.69
8623,2019-08-01T09:06:23Z,7224f972e57d954a4e8b81aceba310e90320d9bf441e68ee5b89b854,60.16829,24.94214,00000000afef4555,25.36
8624,2019-08-01T09:06:23Z,72439a1f997fd347d46394f31f5789edc877fe61ca34fcd31f9150b1,60.18203,24.91341,00000000342570c2,27.28
8625,2019-08-01T09:06:23Z,728325161f4ed691db3460f87a25ed4713580e50a53fd36dd265957f,60.16531,24.9442,00000000fdda10fe,12.69
8626,2019-08-01T09:06:23Z,7283c4d2fe45c53905b540a5180dc566f6f964a8e1482c9611e7d7a2,60.15133,24.92329,00000000e8a064a4,33.81
8627,2019-08-01T09:06:23Z,750297d0d8ff0ca837d9c2289c26302d62f38708617150431ab14509,60.16531,24.9442,00000000fdda10fe,10.78
8628,2019-08-01T09:06:23Z,76c2f7b3773d4bebd4dabada1c2b98fe4ea9762e9c98b4a6371d7746,60.16762,24.95415,000000006b44cce7,9.92
8629,2019-08-01T09:06:23Z,774131d73accbbb31ec3c43c3501b7969645eb65df1839ca8116526e,60.15432,24.9211,0000000019fb59c4,5.91
8630,2019-08-01T09:06:23Z,7803e2d46157a5482e745447d4c2c332fbd818d87a20b0f6187c628d,60.17065,24.93641,000000000f4919c9,21.87
8631,2019-08-01T09:06:23Z,7ae34ecfabdd530713851591903cc26b8edd3baebd6872ab0aa6ba38,60.16762,24.95415,000000006b44cce7,14.89
8632,2019-08-01T09:06:23Z,7c1534082e86ff4387878d813207626d8f728aa26b97248e00a3b8d7,60.16629,24.95957,00000000fb7600be,16.1
8633,2019-08-01T09:06:23Z,7ccf0231e25c4a2ff5abcbb7cb3fe96604d014c3fa05c2829580801d,60.16829,24.94214,00000000afef4555,21.87
8634,2019-08-01T09:06:23Z,7cd51189de07d01882cf0a9346f0830a9b21764875334d45e143fbd5,60.17002,24.94407,000000006b087f40,18.79
8635,2019-08-01T09:06:23Z,7d415f4fd9093fb383b4ebb88961ad74e6a00d3ece39504712dad639,60.17918,24.95141,00000000675d5200,12.69
8636,2019-08-01T09:06:23Z,7e2e3d07c939e3e76e7ce87678faf64e056afe54215e00488839100f,60.14947,24.91438,000000004ef3150d,17.4
8637,2019-08-01T09:06:23Z,7eb4a715919b3eb4085270535ce4d7b57112591ad7242eb189bf652a,60.17065,24.93641,000000000f4919c9,8.38
8638,2019-08-01T09:06:23Z,7f534fc0885ddf5a5c3814e4232de3356affd42f6c3560055079dc1c,60.16829,24.94214,00000000afef4555,10.78
8639,2019-08-01T09:06:23Z,7f59aaecea1eee6c703ec5d46d67b44289ddedf080defee495b73739,60.14947,24.91438,000000004ef3150d,10.78
8640,2019-08-01T09:06:23Z,7faf8705e89a761625aaed50b89538581e25d5950ec8f051d36ed829,60.14947,24.91438,000000004ef3150d,13.75
8641,2019-08-01T09:06:23Z,809bf2d7a0745ae512b934a578fd5fd47c13c5398b6d06ad350b9e7c,60.14947,24.91438,000000004ef3150d,18.79
8642,2019-08-01T09:06:23Z,8165c5f8d06298ffd56f071c0ad1cc9f1d4f08084936937d712d0b61,60.15133,24.92329,00000000e8a064a4,9.12
8643,2019-08-01T09:06:23Z,82b78c2220aee81a2744ddfaf7ed29663888987dba6b7cdda05731d9,60.14947,24.91438,000000004ef3150d,14.89
8644,2019-08-01T09:06:23Z,82bab0a1bfd11576cf62159546b756e1da44125c76909e270ced391b,60.16897,24.95222,00000000aa852af1,29.32
8645,2019-08-01T09:06:23Z,85bdce5b262dbd94adcff03e6cad26a1152828b6ab27e6fdd56b2b13,60.16762,24.95415,000000006b44cce7,6.46
8646,2019-08-01T09:06:23Z,880f9cbb91b9caf48ea9c5dd1a0c8e1db72922b6dfcb647b102fc469,60.16629,24.95957,00000000fb7600be,10.78
8647,2019-08-01T09:06:23Z,898cde3317c73907bb23b1b885828c4bf3187c3a757a18dc32abe970,60.16762,24.95415,000000006b44cce7,6.46
8648,2019-08-01T09:06:23Z,89aeff56a0700534bbf2dfd19fc298f5a890c95e1a45b6ca7ad3c33a,60.16829,24.94214,00000000afef4555,6.46
8649,2019-08-01T09:06:23Z,8a01e28fd327e5c56dcf2dc8b2b7762a96d77584c21990a073ceb11f,60.16829,24.94214,00000000afef4555,3.74
8650,2019-08-01T09:06:23Z,8d5e893f77b3d167ebefad4ecab181fea08513599a6f9450f0b9a827,60.17919,24.95181,000000007b5207b6,11.7
8651,2019-08-01T09:06:23Z,8d8ccef34e3b6aa97c72aa793dec4c27e35e0ea16fd6b9790d843b00,60.173,24.92524,0000000096918cfa,31.5
8652,2019-08-01T09:06:23Z,8e20d0d67339e3cf43e77c3a340d9dc6766de8d079197a08a1343ff0,60.17065,24.93641,000000000f4919c9,27.28
8653,2019-08-01T09:06:23Z,8e6caf283696ed75a4aff0c3f528dad5878f6f4b82cbd3eae1164484,60.16897,24.95222,00000000aa852af1,16.1
8654,2019-08-01T09:06:23Z,90a44cbd1a957cc59a6986cff9b6b7b8e151d379e17da645069428b8,60.173,24.92524,0000000096918cfa,18.79
8655,2019-08-01T09:06:23Z,9179da40b61de7f07e3bca9e84e8f5904fc78c4e77e3e8d5d8058aa3,60.16629,24.95957,00000000fb7600be,21.87
8656,2019-08-01T09:06:23Z,939c459d913b0b38838071a0d13671e83e4a751f44624b21e84daa69,60.16762,24.95415,000000006b44cce7,9.92
8657,2019-08-01T09:06:23Z,93a13528693a5862c05b962a6681ea8c2bb319c6b0ed3b7ae2539723,60.16629,24.95957,00000000fb7600be,27.28
8658,2019-08-01T09:06:23Z,941e13893853105c86bfbc6d31d62274937602143ce3bb530c8c17ed,60.17918,24.95141,00000000675d5200,17.4
8659,2019-08-01T09:06:23Z,94b54a06b97b71144684ec289acfd57fa5ef17038131748fe839f728,60.16762,24.95415,000000006b44cce7,12.69
8660,2019-08-01T09:06:23Z,94d0134c78d883121a7e06e18094d572c8f674376c94be77cc087513,60.16762,24.95415,000000006b44cce7,12.69
8661,2019-08-01T09:06:23Z,94de25728748a75e0ae17bd3f75d246c22fa741c669973ccb86ea813,60.16531,24.9442,00000000fdda10fe,33.81
8662,2019-08-01T09:06:23Z,9895eb1b16709e4d13b4f48b3370501a15b60673cd2eba7a2581113f,60.16762,24.95415,000000006b44cce7,21.87
8663,2019-08-01T09:06:23Z,99a026b5100e23129fa529e9a57a3dbc8490dc03b58f2193f03e2dcf,60.14951,24.92138,0000000006dd41f6,6.46
8664,2019-08-01T09:06:23Z,9abbc86fb0fc1c0532042814af76a97e6a17121831d4394749a290a6,60.16762,24.95415,000000006b44cce7,7.05
8665,2019-08-01T09:06:23Z,9b3e6848d8b34e802134d6da0e5a594897ec3fafbbf08b6d0b84068e,60.17918,24.95141,00000000675d5200,5.91
8666,2019-08-01T09:06:23Z,9bc129708b07f3c5bbf4195e83f0e5b9a663b6f371f416a8e3a605f0,60.16897,24.95222,00000000aa852af1,25.36
8667,2019-08-01T09:06:23Z,9bef8b28ea93ecaee57d05b037edbfe7f80014aaf56343345fedd7be,60.17918,24.95141,00000000675d5200,23.56
8668,2019-08-01T09:06:23Z,9ce214896068957a21bc57af08680d84debbd091b49ad5e6402c4cc8,60.16629,24.95957,00000000fb7600be,16.1
8669,2019-08-01T09:06:23Z,9e343a150f07bb3dcce5ecab8ac061b84d65b347b1af5a232e00eeb6,60.16829,24.94214,00000000afef4555,13.75
8670,2019-08-01T09:06:23Z,9eee6d740f1d483c484d02f0995f35550c09e6a8cf01f02680db5efc,60.16448,24.97323,0000000053c6c2be,21.87
8671,2019-08-01T09:06:23Z,a04214b56cac7d70680703ee6a28fac742f3c3190b55b46a79c1f76d,60.149,24.9843,00000000fffb8cf0,20.28
8672,2019-08-01T09:06:23Z,a09607edc17117a3069b79434e751f93a2a00d0d6f9aceb043e32074,60.16762,24.95415,000000006b44cce7,12.69
8673,2019-08-01T09:06:23Z,a256ee4e61079f54581967787db25324859ef431207cb182cd468fbe,60.16829,24.94214,00000000afef4555,16.1
8674,2019-08-01T09:06:23Z,a2e761fd97d8bdf78601300822b531e306b9ab7a1a43b6bfb07eba52,60.14947,24.91438,000000004ef3150d,18.79
8675,2019-08-01T09:06:23Z,a38c11c450b472b9dad2f076e2d9a63651292d3de806331d06af7f46,60.16531,24.9442,00000000fdda10fe,11.7
8676,2019-08-01T09:06:23Z,a403dc1eebc5d130e12a4c3e4298737c9e00b25b1b6b2cc36a6979c9,60.16629,24.95957,00000000fb7600be,21.87
8677,2019-08-01T09:06:23Z,a47e8613674297dc49b26801b19d2110d009aaee57412f2127f3b093,60.16897,24.95222,00000000aa852af1,20.28
8678,2019-08-01T09:06:23Z,a4b9f871dcc986c95f1e84fe203bb392ba0fe13164d89119bda2c94a,60.16762,24.95415,000000006b44cce7,4.94
8679,2019-08-01T09:06:23Z,a66eb6150c36b53f6240acfe16dd98ceb16c43b8e02d0b56993bac73,60.16897,24.95222,00000000aa852af1,13.75
8680,2019-08-01T09:06:23Z,a6d0dd9de406b1201a4e438ec7c5f4a467f38c41e2dec42ff6c71d50,60.16897,24.95222,00000000aa852af1,17.4
8681,2019-08-01T09:06:23Z,a786eb3b8a25c58099a428799e99d0b86401f803ee38d3e5d20e59d3,60.15432,24.9211,0000000019fb59c4,8.38
8682,2019-08-01T09:06:23Z,a808962cb511e5ed2d23e6e33efe252b1be29dc1d2f7c6154817f04f,60.16448,24.97323,0000000053c6c2be,16.1
8683,2019-08-01T09:06:23Z,a83415babca8eac00f69a32371a230fdadda29bf40fd69f75cf2e8fb,60.17919,24.95181,000000007b5207b6,13.75
8684,2019-08-01T09:06:23Z,a83703c80a4d58db87327a53b0d3664d23edf7350ff6b0afaa49c530,60.16629,24.95957,00000000fb7600be,17.4
8685,2019-08-01T09:06:23Z,a838fe521ed943ab5d8f7c5d408246fb2370ea139b12544208826ea9,60.16897,24.95222,00000000aa852af1,25.36
8686,2019-08-01T09:06:23Z,a8ca7fb815e707c04434a085c4f99e783d56372143afc92225eae622,60.15133,24.92329,00000000e8a064a4,9.92
8687,2019-08-01T09:06:23Z,a982f65ed2c57aff3f744dba9f5e9ca929c81c14883516889898f207,60.16762,24.95415,000000006b44cce7,9.12
8688,2019-08-01T09:06:23Z,aa05a7036c3586a79d23f426b78bf158357208bc82d7ddf9a1326dd2,60.16531,24.9442,00000000fdda10fe,8.38
8689,2019-08-01T09:06:23Z,aa5281244780ac8f283c3452639d477cd76e31fc6f0b95b99c51a9b0,60.16762,24.95415,000000006b44cce7,1.7
8690,2019-08-01T09:06:23Z,ab615ee5bbf567aee3505fbb360d09fc6b851f93fb15aef778b57128,60.16531,24.9442,00000000fdda10fe,9.12
8691,2019-08-01T09:06:23Z,abf0be93e7a8aec9fa8284fdbcc2493f32084aa95f15660b23e149c6,60.16629,24.95957,00000000fb7600be,13.75
8692,2019-08-01T09:06:23Z,aca524ceb3c7373172ecd0d06b26e7d610d441f4a47ab78ae0ad3340,60.15133,24.92329,00000000e8a064a4,25.36
8693,2019-08-01T09:06:23Z,acbbe4765d72f36b0323407c7dbe43db7b4ad5e2da0a6a9e5966db0b,60.16897,24.95222,00000000aa852af1,6.46
8694,2019-08-01T09:06:23Z,ad22512fd6a5ad9e19fdfad7e02b2793ecb01875be243f894c637ae2,60.16829,24.94214,00000000afef4555,6.46
8695,2019-08-01T09:06:23Z,af67ffa8b538058603b74f48e04ab914e8f6cd450f53c47f8c3d683d,60.15432,24.9211,0000000019fb59c4,12.69
8696,2019-08-01T09:06:23Z,afaed9946dbc1509500c6f80f87eed8fe44a74ba3e14328c6efe3971,60.16829,24.94214,00000000afef4555,8.38
8697,2019-08-01T09:06:23Z,b09e9bb62cc49c085c1aee3b752af1bec69dabc939323e5733f73933,60.17065,24.93641,000000000f4919c9,16.1
8698,2019-08-01T09:06:23Z,b28757d67868f9471f0d997a935e857fd0ff1095449820929597563b,60.16762,24.95415,000000006b44cce7,12.69
8699,2019-08-01T09:06:23Z,b32e57a6f5865a23d7a0e9fa346d5ec4e975f99c4df815fe8b1449b2,60.17918,24.95141,00000000675d5200,21.87
8700,2019-08-01T09:06:23Z,b474e34db18d21635ec9ea2654513e6759c326f3aaec96c25f9a204e,60.16897,24.95222,00000000aa852af1,10.78
8701,2019-08-01T09:06:23Z,b50a45ac0708e7b5cca42f3458430eb22ff70a81c575bafe99ffda23,60.17002,24.94407,000000006b087f40,9.92
8702,2019-08-01T09:06:23Z,b5603e758440226e490d1d7d7271a7b0d5c261eccbad198f81110136,60.15432,24.9211,0000000019fb59c4,5.41
8703,2019-08-01T09:06:23Z,b69604356a52f2b1b9c5de09a350f42d87f5b969e3e824d8b6b2368f,60.16829,24.94214,00000000afef4555,23.56
8704,2019-08-01T09:06:23Z,b6c43126ca83e916a68e57d0178060c24fc61305836b6c8f188f7285,60.17918,24.95141,00000000675d5200,8.38
8705,2019-08-01T09:06:23Z,b6f0f4101a1a258dcb1d82d77ca91000694d4fed15bd882a8e3bfe66,60.149,24.9843,00000000fffb8cf0,21.87
8706,2019-08-01T09:06:23Z,b8fb70225ee0a2d655e2809da07a2f8cd2feb7295aa256f8b35fcf1e,60.16629,24.95957,00000000fb7600be,25.36
8707,2019-08-01T09:06:23Z,baca220bc4dd6e05e27f7b99db1588e9c29a5e18a36a70622dea1e65,60.17065,24.93641,000000000f4919c9,27.28
8708,2019-08-01T09:06:23Z,bb2187a4e20012ad694c768ef2c47c9a9055671024ebf4855d4e6243,60.16531,24.9442,00000000fdda10fe,1.7
8709,2019-08-01T09:06:23Z,bc20b3b236588d3632c07aba05bd43ff4ec70f10290f2feb5175b8ab,60.16762,24.95415,000000006b44cce7,16.1
8710,2019-08-01T09:06:23Z,bc436a99a8805080541bd9dc9743df4f0e34172e2c70b59f64c4260c,60.16762,24.95415,000000006b44cce7,16.1
8711,2019-08-01T09:06:23Z,bc6d5082ca52e6dae7a1689a835434f3f6341e90afea565480eb9674,60.16829,24.94214,00000000afef4555,14.89
8712,2019-08-01T09:06:23Z,bc82f76c979de19b559e9e3aa0cd6cbf5ac361e2d7b1ac9f81fe2f4f,60.17918,24.95141,00000000675d5200,7.05
8713,2019-08-01T09:06:23Z,bd17e41f002acd238070518ccfb611a42561023ceaefde667bf6fa55,60.17002,24.94407,000000006b087f40,17.4
8714,2019-08-01T09:06:23Z,bd23c66c4df0bd849266a4429a24f23f2c9503cf31eb0cd9780248e6,60.18203,24.91341,00000000342570c2,18.79
8715,2019-08-01T09:06:23Z,be12d6aaccf354197284a8c92b960bd6a4e1705f7d948823e7891fde,60.16762,24.95415,000000006b44cce7,8.38
8716,2019-08-01T09:06:23Z,bee144e090a471427ec7878609f2446cb79f4c8d7e3c3bf0f67cf8d2,60.16762,24.95415,000000006b44cce7,16.1
8717,2019-08-01T09:06:23Z,c004fa64cb7de7e87d3b91639ae5f95304fb1a90b0a0e927cea958af,60.16762,24.95415,000000006b44cce7,9.92
8718,2019-08-01T09:06:23Z,c1674c59c49d5bf74e6808239a91d18a04e47697d298bc61a7618af2,60.16448,24.97323,0000000053c6c2be,13.75
8719,2019-08-01T09:06:23Z,c1bf1bf699e9bc78ca15c9490d1ef02e3323f0c2c76bf0fca7955a69,60.14947,24.91438,000000004ef3150d,17.4
8720,2019-08-01T09:06:23Z,c375f2dac85f963c33b2daf76ffb0c32d2c8fd08172419336e308686,60.14947,24.91438,000000004ef3150d,27.28
8721,2019-08-01T09:06:23Z,c434f18b802a764aad7a2dfb46e93546acb1b0975cf9b93fd47363f6,60.15432,24.9211,0000000019fb59c4,3.4
8722,2019-08-01T09:06:23Z,c51beff15d228f2dab9416cadfcc60fe269ce3d9202a9cf2ec7e7647,60.16829,24.94214,00000000afef4555,29.32
8723,2019-08-01T09:06:23Z,c5a6d2d62bc00c29fba5a97a29835008abdcf800f70540e4ccf71683,60.17919,24.95181,000000007b5207b6,31.5
8724,2019-08-01T09:06:23Z,c65c11ee6e8b5894ead3ea9b007a39127edb65a67be253aca6f78ed0,60.16448,24.97323,0000000053c6c2be,20.28
8725,2019-08-01T09:06:23Z,c872af9997af535c4615ee0b4194c7c8d644b7962afb3ca321eb386f,60.15133,24.92329,00000000e8a064a4,21.87
8726,2019-08-01T09:06:23Z,c8aef405537103b9d31a7e2dda43949f5844b9a36494f8defaf0d803,60.17002,24.94407,000000006b087f40,23.56
8727,2019-08-01T09:06:23Z,c8be2c26d4f0c9d399f32e84d95487a2644ffcb62681165be3d36a02,60.16762,24.95415,000000006b44cce7,25.36
8728,2019-08-01T09:06:23Z,c98bce1cc275ed0a1b833011f8cd251ac848fdc84501fe87eb8b5d54,60.17918,24.95141,00000000675d5200,31.5
8729,2019-08-01T09:06:23Z,ca7719c7cd8d4496b666f608fc07ba9930e362a0b2d96890b0778618,60.16629,24.95957,00000000fb7600be,9.12
8730,2019-08-01T09:06:23Z,ce7de55c7709396c70ce5930097e84449a4889700e605a0b062aaeae,60.16531,24.9442,00000000fdda10fe,25.36
8731,2019-08-01T09:06:23Z,cf9455daa4877b79636eca3ae57056b08dfc0b42f107cedb6f5a3f16,60.16829,24.94214,00000000afef4555,25.36
8732,2019-08-01T09:06:23Z,d062562fed5ad0a61560e267310beb0b717d2a1e2a11d1d575507861,60.16897,24.95222,00000000aa852af1,17.4
8733,2019-08-01T09:06:23Z,d0794d31b6ec88ace2cac2e6346f40f9899e3ca191a13c275e57ae18,60.16762,24.95415,000000006b44cce7,23.56
8734,2019-08-01T09:06:23Z,d0ae4fabf429edbfdad59f8183cc6e5929f68633315448c9b83d4c16,60.16762,24.95415,000000006b44cce7,7.69
8735,2019-08-01T09:06:23Z,d16e16def718519430296afa23976c226aaf720722bce3d92a2aad43,60.14947,24.91438,000000004ef3150d,16.1
8736,2019-08-01T09:06:23Z,d29a5ebd00326d5dedb6c60cab75fd238bdaa9d7f703f6b5974edbc7,60.16762,24.95415,000000006b44cce7,8.38
8737,2019-08-01T09:06:23Z,d31d6921eee92503b486a1b30f5330581c4744a82e6549f375544846,60.17918,24.95141,00000000675d5200,17.4
8738,2019-08-01T09:06:23Z,d48c8d6c9167c2eb6e1b8f9bd677138e52ac99b3f5bc81849215a6dd,60.16762,24.95415,000000006b44cce7,16.1
8739,2019-08-01T09:06:23Z,d562afdedae521be241c98441e436608a323fdb944dedc24c835e762,60.17065,24.93641,000000000f4919c9,7.69
8740,2019-08-01T09:06:23Z,d653ef8368d33df4fc7edeb5a381d5826be1471f1470aa9744d47901,60.173,24.92524,0000000096918cfa,5.91
8741,2019-08-01T09:06:23Z,d65b8625c1f24304ff0e3c4a4dce7aa5d434d36be87be41834a49420,60.16531,24.9442,00000000fdda10fe,3.74
8742,2019-08-01T09:06:23Z,d6e217c6592e449e2390b1a874e08cbc9126116901dbdbf84501c6b8,60.17065,24.93641,000000000f4919c9,10.78
8743,2019-08-01T09:06:23Z,d74ea3c9e0aaa523c791aa01f4f9a7c1c43f01f585dc4146b19edf83,60.17918,24.95141,00000000675d5200,8.38
8744,2019-08-01T09:06:23Z,d81eea3c8bf927d879268dc01665b897d48eecc647bbf61f91f37a33,60.16544,24.95398,0000000038d83d41,17.4
8745,2019-08-01T09:06:23Z,d87c4d5dc2cd620de54fdd076d4f9b35245053d65b644d9e01f558b5,60.16762,24.95415,000000006b44cce7,7.69
8746,2019-08-01T09:06:23Z,d95956cedfc4dfe06014194cc1071864bd835fcc014c1fd6f4d33337,60.16762,24.95415,000000006b44cce7,10.78
8747,2019-08-01T09:06:23Z,d9f8ff1809ebe23c7e68bb1cbb1aa6fdfaf22375abf2962da2d7cfab,60.16531,24.9442,00000000fdda10fe,20.28
8748,2019-08-01T09:06:23Z,dc00d45c0dd506326fb4dd3692d409df80cb3d871341ffff720dc834,60.16762,24.95415,000000006b44cce7,9.12
8749,2019-08-01T09:06:23Z,dc786895c819070347a0a268463f0a8b15f5eec1647f016a9e78e9e0,60.1538,24.95595,0000000038bf9618,29.32
8750,2019-08-01T09:06:23Z,ddae2128c72cf011df2a698a8254b8738fd07a971349ea8a5e8bfa9f,60.16829,24.94214,00000000afef4555,18.79
8751,2019-08-01T09:06:23Z,deb8a213e1b4930e676ee8fdb394161ec46adb785171fa37437b4d44,60.15133,24.92329,00000000e8a064a4,11.7
8752,2019-08-01T09:06:23Z,ded712413bfc7de58a469fab75498089b2c3c6b5e0c9cae260102284,60.16829,24.94214,00000000afef4555,14.89
8753,2019-08-01T09:06:23Z,dfe80baf219bd267a459c954a8e3027b3f1ed29fea2a5355456d5652,60.16897,24.95222,00000000aa852af1,10.78
8754,2019-08-01T09:06:23Z,e0fe7fe5854899c0eb42b75b300339808143419404558ed4d00b0f17,60.17918,24.95141,00000000675d5200,7.05
8755,2019-08-01T09:06:23Z,e294dde431d68c7b73efcf1f9b916e40bf408111c79228032c7830a4,60.16544,24.95398,0000000038d83d41,18.79
8756,2019-08-01T09:06:23Z,e2bb0ae74deee6cbc4f50c5f85da3f1779ca1db1ae7ff48ab4b33dbc,60.17918,24.95141,00000000675d5200,8.38
8757,2019-08-01T09:06:23Z,e2f445c6711e0e7d48a6a045bec347587f9f398e8928a171cfa2ca38,60.16762,24.95415,000000006b44cce7,9.12
8758,2019-08-01T09:06:23Z,e32c36e553b4403b2606713bf612f5d5a6642f461e4b6828aa6009f6,60.16544,24.95398,0000000038d83d41,33.81
8759,2019-08-01T09:06:23Z,e3f844c56875bd572c3b57a835b884f1060b467d3bbd25c50dcc7e28,60.16762,24.95415,000000006b44cce7,7.05
8760,2019-08-01T09:06:23Z,e508e239ba2ca68b34ad5074f3d7b013e72f6f7df36eb6cdf545be78,60.16762,24.95415,000000006b44cce7,25.36
8761,2019-08-01T09:06:23Z,e528235be3e5cc4945024d50d1ed43061e2e2f2845f2b41e081e1721,60.17918,24.95141,00000000675d5200,10.78
8762,2019-08-01T09:06:23Z,e5cad8bb9a6c8dcc067948d7f869033aca5bdd062da175c8734092e6,60.17919,24.95181,000000007b5207b6,5.41
8763,2019-08-01T09:06:23Z,e5cd2e2d028adefedf292f655a3d571e90d7715c52338c68f1b3f965,60.16544,24.95398,0000000038d83d41,27.28
8764,2019-08-01T09:06:23Z,e60dfd6fdae0694da3bbaca41506bcb6ca5f3ac39a1801d84a65751e,60.16762,24.95415,000000006b44cce7,12.69
8765,2019-08-01T09:06:23Z,e73dcccbc4dd6af49316f19a34c347cc94ff7ab079a93a2672d78a16,60.14947,24.91438,000000004ef3150d,25.36
8766,2019-08-01T09:06:23Z,e8add7e8346b99cd4b67924113f3763441a1899897c6d1ac3a1a40a6,60.17918,24.95141,00000000675d5200,7.05
8767,2019-08-01T09:06:23Z,e9064a62fac257836cb6fbcf0d84fab1ebdfa46bd6734632f1e6f116,60.16829,24.94214,00000000afef4555,27.28
8768,2019-08-01T09:06:23Z,e979a153601f7520f54d4733fe91f75f154c8f1c08dc3408dbba5345,60.15432,24.9211,0000000019fb59c4,13.75
8769,2019-08-01T09:06:23Z,ea1b1a8ba1c01fdd1e098c585b133fc3d60f7c2458e7c2726e2df8ee,60.16629,24.95957,00000000fb7600be,20.28
8770,2019-08-01T09:06:23Z,ea3f8412ed9c4d92448688dd9cc7ff9e3eeb5fe4373d0953bf0349c1,60.16531,24.9442,00000000fdda10fe,17.4
8771,2019-08-01T09:06:23Z,ea94130fbb3464dc656765cfddbad802ddfafb1af8007cb5f42cd41f,60.16829,24.94214,00000000afef4555,25.36
8772,2019-08-01T09:06:23Z,eaf572301dc5c1eaff007bc1886cce8f0f5e92a233b8686ed2a1a9cc,60.17065,24.93641,000000000f4919c9,17.4
8773,2019-08-01T09:06:23Z,ec2dd83e04d225caca9f6b9d28bd3080ed37c5bf42e5f65123fa2394,60.17065,24.93641,000000000f4919c9,8.38
8774,2019-08-01T09:06:23Z,ec7121833f0e4b509d683b00a9c5e992e4b84882cb857145102e14f4,60.16531,24.9442,00000000fdda10fe,1.38
8775,2019-08-01T09:06:23Z,ed86f884272a5a400b55bfd4f22bc8cc5d6fca7fe26eee3c39cb3c52,60.15432,24.9211,0000000019fb59c4,12.69
8776,2019-08-01T09:06:23Z,eef621895ee74145a6d76c5f5493a93d7c728c80abe45a2e1933ae9f,60.16897,24.95222,00000000aa852af1,18.79
8777,2019-08-01T09:06:23Z,ef620c567fe4adc1160d75daa4075a87a75acb4a956b68eb60da0690,60.17065,24.93641,000000000f4919c9,20.28
8778,2019-08-01T09:06:23Z,f1447725764ec0dca245fc67f2aa0a0c42e6b05808076aa74f0c1e7e,60.17918,24.95141,00000000675d5200,16.1
8779,2019-08-01T09:06:23Z,f18c0c32d067aecf5602d70693ac888cab1be6dbb0d154be5153dfcc,60.16829,24.94214,00000000afef4555,17.4
8780,2019-08-01T09:06:23Z,f1b28329fc91f4708ca34857c5582c0bf1b7d0ab06127746029cd72c,60.17918,24.95141,00000000675d5200,14.89
8781,2019-08-01T09:06:23Z,f20935810c1567a80c288016c4d4dd32fe86b3479f47ae7dd64d15cc,60.15432,24.9211,0000000019fb59c4,3.4
8782,2019-08-01T09:06:23Z,f29ed00b645af4bbf50174e71f58a9b691d2e2342e59eda242d97380,60.16829,24.94214,00000000afef4555,13.75
8783,2019-08-01T09:06:23Z,f2a253f2741501e675bd4bc055e22329fb09089d8bbe9813fc170cdb,60.16762,24.95415,000000006b44cce7,16.1
8784,2019-08-01T09:06:23Z,f4587b90aec9127805880f7c81fc03b9fb513fe363015399b895089f,60.16829,24.94214,00000000afef4555,21.87
8785,2019-08-01T09:06:23Z,f4bbc3077da0455d4340da2eed204915327b75a792080724548b4956,60.17918,24.95141,00000000675d5200,4.94
8786,2019-08-01T09:06:23Z,f503a41d3e8b9b57628f4f061c1d8e0c53c62dd8a6fe38d212958ee6,60.16075,24.95883,00000000f1124bca,7.69
8787,2019-08-01T09:06:23Z,f50fd3b1715a94dff67461f4b8f252ecaa6acc16459b3d021f34f15e,60.1538,24.95595,0000000038bf9618,23.56
8788,2019-08-01T09:06:23Z,f55165f87792f06aaca9b79eea536f4bd692c8ee806294be5fb014df,60.16829,24.94214,00000000afef4555,20.28
8789,2019-08-01T09:06:23Z,f587de6c8c03387c5e6a66cd7d20c45abad3668c8e2246611122547b,60.14947,24.91438,000000004ef3150d,12.69
8790,2019-08-01T09:06:23Z,f5d9e90c37840670f09005aa28a20ca561c4d6bc36ffd28c9ca80584,60.16829,24.94214,00000000afef4555,21.87
8791,2019-08-01T09:06:23Z,f77f8836e641389801309c311e926c1662264ab16efd01cd5bf27baf,60.16762,24.95415,000000006b44cce7,9.92
8792,2019-08-01T09:06:23Z,f9e527876f8dfe750fd29bc42664bbf572aed5d09d344a8934a83d90,60.17065,24.93641,000000000f4919c9,4.5
8793,2019-08-01T09:06:23Z,fa9f19c58a086fde9429d732b1eec80eacf5fc1b2c0124d17243d008,60.17918,24.95141,00000000675d5200,2.54
8794,2019-08-01T09:06:23Z,fb2df85c8938d6a1bbd1ff0a1cd8aa23480ae08dc39d2b584ed35e14,60.16762,24.95415,000000006b44cce7,6.46
8795,2019-08-01T09:06:23Z,fba6e66dd09200012637e0b454c96fd7a5459b7e8b0ba01863cdbd77,60.16762,24.95415,000000006b44cce7,3.74
8796,2019-08-01T09:06:23Z,fc75e05a713e8733c512a31a3bebec0a122af3e7afb2c5059c3f1a3a,60.17002,24.94407,000000006b087f40,13.75
8797,2019-08-01T09:06:23Z,fd2b362c58c85c1064c1729154fa6443b30f2bcb216ef86cd250207e,60.17002,24.94407,000000006b087f40,27.28
8798,2019-08-01T09:06:23Z,fea1453360073dfc1896bf1f005f51addb49661f953e16cffba3c63d,60.16531,24.9442,00000000fdda10fe,7.05
8799,2019-08-01T09:06:24Z,144afc51fc2443c7031a2912566eff2ce60226a49d6d2bd7c2923700,60.16544,24.95398,0000000038d83d41,18.79
8800,2019-08-01T09:06:24Z,14c7e1511b70f4dd3359cbece1377aebb4d70531f5489eefe53d7c3c,60.16544,24.95398,0000000038d83d41,27.28
8801,2019-08-01T09:06:24Z,15918569de0a46a8eb56b43d8d39f7fc82619ff1006f00822c85745c,60.17918,24.95141,00000000675d5200,2.08
8802,2019-08-01T09:06:24Z,1951291ca064d0fb480d958037c1477427d2ca8db455fef0b741bf9f,60.16448,24.97323,0000000053c6c2be,18.79
8803,2019-08-01T09:06:24Z,1f0f0628cdc688d76bde2b82bee5b9b4916bf0bbdfe76cf3213e1c65,60.15432,24.9211,0000000019fb59c4,13.75
8804,2019-08-01T09:06:24Z,2359f881a4fe8163beed82355aabbba0b00b99f1e4a2a4ccd7186bc4,60.16897,24.95222,00000000aa852af1,12.69
8805,2019-08-01T09:06:24Z,2f33dacc8bf2b0b809b88130b46696c922929e1eb8ea92017f05509a,60.16448,24.97323,0000000053c6c2be,16.1
8806,2019-08-01T09:06:24Z,4632824bebf902187a30d45a0825ce707d39df02f761a012440969db,60.16762,24.95415,000000006b44cce7,20.28
8807,2019-08-01T09:06:24Z,5d65719c4cbf045f068d084b72302f447d5fd034413d97d13be00d0e,60.18203,24.91341,00000000342570c2,25.36
8808,2019-08-01T09:06:24Z,6a657079c1bdc8114c289be1ddd83e5846d4279a920d1697b8ff0033,60.18203,24.91341,00000000342570c2,27.28
8809,2019-08-01T09:06:24Z,6ff437688c444238352c28f64f9d2a7d0f14d19c9ea42c225380501e,60.16762,24.95415,000000006b44cce7,12.69
8810,2019-08-01T09:06:24Z,76c7f42283513d0e289bf786d89463b5025b2ae0f4e13519a4cf228b,60.15432,24.9211,0000000019fb59c4,21.87
8811,2019-08-01T09:06:24Z,78d5f60b36b59c06c3988b94e11744bb3aed5dcbc214f91f228bf892,60.16448,24.97323,0000000053c6c2be,25.36
8812,2019-08-01T09:06:24Z,84fdfd8881f633c5f0c71c1480053953ca4b05e848052d97c063ad38,60.1538,24.95595,0000000038bf9618,21.87
8813,2019-08-01T09:06:24Z,87dfaad29a9276ddddb1fa021d3bc23ad14824c1af16f7d87e713689,60.14951,24.92138,0000000006dd41f6,9.92
8814,2019-08-01T09:06:24Z,8c75c3289c84fe4493e1e272a77b615fe1985880c5dc68a7c1a17b53,60.16762,24.95415,000000006b44cce7,10.78
8815,2019-08-01T09:06:24Z,8cc6ddaa460aeae8cc9e8a33f91a01c8cd4c0c8bf8a943210a28c84d,60.1538,24.95595,0000000038bf9618,23.56
8816,2019-08-01T09:06:24Z,9843c6216661048343a0e49cf3d8aa2883cf77f452666a1c873a1052,60.16448,24.97323,0000000053c6c2be,14.89
8817,2019-08-01T09:06:24Z,9d03d14afa49576281aa26db60e517f7c1ec8aa36f7756959a860a8a,60.16629,24.95957,00000000fb7600be,13.75
8818,2019-08-01T09:06:24Z,9ff35a7f150d05ef75c3777dbae4f91e5b1a4d0830a984c50f6da1bc,60.16897,24.95222,00000000aa852af1,38.87
8819,2019-08-01T09:06:24Z,a08cae03363d2e483a6ea717973088f4bd4276de96a9d438a7358ff4,60.16897,24.95222,00000000aa852af1,36.27
8820,2019-08-01T09:06:24Z,a5302e72a58b038ac7633e65863bac48d8153d8837533ac7b5409f37,60.16629,24.95957,00000000fb7600be,9.12
8821,2019-08-01T09:06:24Z,a9da1ee82e3b670e276c26b483dd50f4a6d0c6f77ef82245d3ae6086,60.18203,24.91341,00000000342570c2,16.1
8822,2019-08-01T09:06:24Z,ab0f67c0c0e1ba5eac9013f9c314feadf340ddf08543b91e70483594,60.16544,24.95398,0000000038d83d41,23.56
8823,2019-08-01T09:06:24Z,b1f358076ba79ef902a36ca8ae3f8ec7c93308a67c479345bfdbdecf,60.1538,24.95595,0000000038bf9618,29.32
8824,2019-08-01T09:06:24Z,b4faf2d3c4d2b199afeab6ab63b583fe3a2e81e14abbef6917f25129,60.15432,24.9211,0000000019fb59c4,16.1
8825,2019-08-01T09:06:24Z,b5fd6b317890e5ab2d79e2cd1abe61626d45a753c7337d0d40728898,60.16762,24.95415,000000006b44cce7,8.38
8826,2019-08-01T09:06:24Z,cf05623e4d87ce0906c0b0b7dbf53aacc1228016cd27c341228b6e76,60.18203,24.91341,00000000342570c2,17.4
8827,2019-08-01T09:06:24Z,dd2c9c82cf3737146294aff6f814a1349fb0bc4bedf518715dacbe8f,60.18203,24.91341,00000000342570c2,17.4
8828,2019-08-01T09:06:24Z,df89b51aeaaa1a8c64db45d6c35f918b650806b37aea9b50246a3267,60.16829,24.94214,00000000afef4555,21.87
8829,2019-08-01T09:06:24Z,ec72ef080c605e71978aed0d3b5f22c3c3133677a43c614b72eedc6d,60.14699,24.922,00000000a53ed894,33.81
8830,2019-08-01T09:06:24Z,efd1806e1eee5eca948bc2537df8d816e2cce41009b41189c350ce74,60.16531,24.9442,00000000fdda10fe,21.87
8831,2019-08-01T09:06:24Z,f088630d7476dae7d4b7e2bb1f10575f2c89acb4b6e061f3d57c2b40,60.16531,24.9442,00000000fdda10fe,25.36
8832,2019-08-01T09:06:24Z,f70a43051a4f59f5002c4018a464b44781f7f527861efda6626a2de4,60.16829,24.94214,00000000afef4555,10.78
8833,2019-08-01T09:06:24Z,f7e45613ad966fea53fab73b435ba3a087c774e36596b3a5156a3487,60.16829,24.94214,00000000afef4555,1.7
8834,2019-08-01T09:06:24Z,fc4f3a44235f1cfc7b53f14ba2da599976a5a0a220d23b852688e485,60.17919,24.95181,000000007b5207b6,7.69
8835,2019-08-01T09:06:24Z,00cf880933075f70a32ca748c0299b5dee3089d042185bd2787eed56,60.16762,24.95415,000000006b44cce7,11.7
8836,2019-08-01T09:06:24Z,00d98e49fc01c16216b630f9fdf19ce9826d27552ce2fa4676de957b,60.16829,24.94214,00000000afef4555,20.28
8837,2019-08-01T09:06:24Z,02050a536056486b1bf139282f0d0a3af63def1d56ff0c73ac51bb19,60.14947,24.91438,000000004ef3150d,20.28
8838,2019-08-01T09:06:24Z,026f61905925674212a1c7d1e14b2ee5d1039bb4ecb5159f7d522150,60.16762,24.95415,000000006b44cce7,16.1
8839,2019-08-01T09:06:24Z,028149b8bfaf37d1f064cb0b4f23ae118f00d8eff41679fb8830396a,60.16531,24.9442,00000000fdda10fe,25.36
8840,2019-08-01T09:06:24Z,0362cc670dcfab795a3911957b6a177416bf9b99d0e2732716796c4d,60.15432,24.9211,0000000019fb59c4,9.12
8841,2019-08-01T09:06:24Z,03f427d436ba092925de462b11374bdbdab0443620037675621fbc11,60.17919,24.95181,000000007b5207b6,11.7
8842,2019-08-01T09:06:24Z,063935180fff0e58de5d319ecb9320cf794423e3c6aeac0cca8f1a9f,60.16897,24.95222,00000000aa852af1,9.12
8843,2019-08-01T09:06:24Z,08b63d826c0c45d7d94891d9818d7f9c202b41b997e1b7087af64ca1,60.16762,24.95415,000000006b44cce7,14.89
8844,2019-08-01T09:06:24Z,0c1684b697a63d7f47ebaedcfa060b3b4af294fec1e62d613699291a,60.16897,24.95222,00000000aa852af1,8.38
8845,2019-08-01T09:06:24Z,0e62c7194170ff5abcdede8e7bb2dc9370e053dcd7957fc62f077453,60.16829,24.94214,00000000afef4555,20.28
8846,2019-08-01T09:06:24Z,0f8e18e52422d7fb71594f8dbfc8bb5ae986eb9f664407f954e275b4,60.16762,24.95415,000000006b44cce7,11.7
8847,2019-08-01T09:06:24Z,0f939ec5675298027c278d30bc705908645ba8b66cec8026882437ee,60.16629,24.95957,00000000fb7600be,27.28
8848,2019-08-01T09:06:24Z,0feb7de3b58597dd266ed606e8d3b6e2e4e0be942b17c15be984f51c,60.14951,24.92138,0000000006dd41f6,23.56
8849,2019-08-01T09:06:24Z,1069967e3921871955b1b2b42e60f829c593a3e024401bfe61ae410e,60.16629,24.95957,00000000fb7600be,12.69
8850,2019-08-01T09:06:24Z,1074ffc7b33a1a8b54ea8f31d0f43ba07ed2ad7841b548f9bd4b9bad,60.17065,24.93641,000000000f4919c9,27.28
8851,2019-08-01T09:06:24Z,10d0fed0f7d40b253b5fc5a53297dc9af8bb76fa6f34d5e71383cb62,60.17918,24.95141,00000000675d5200,16.1
8852,2019-08-01T09:06:24Z,1134a082e36fe03359bac74c814a0ed20468c45230115d4e25aa230d,60.16829,24.94214,00000000afef4555,27.28
8853,2019-08-01T09:06:24Z,1190156a73bf59a847cf2ffe8e6c4216b8658b3898324d94a582c787,60.16762,24.95415,000000006b44cce7,13.75
8854,2019-08-01T09:06:24Z,12b9b313e577dbbb9619247e0a5ded14c2b56bede5b421cac44f9597,60.16448,24.97323,0000000053c6c2be,29.32
8855,2019-08-01T09:06:24Z,13a759fd293cbde0d55db753d853768b718e59036c4007d2e3a8757a,60.16762,24.95415,000000006b44cce7,10.78
8856,2019-08-01T09:06:24Z,141ffc858c3ea6a2e69c954115114304736a35dc25ec947323090dc0,60.16762,24.95415,000000006b44cce7,7.69
8857,2019-08-01T09:06:24Z,15b314157b22b2a5bf8a39539a049ce73e7baa21b0ce24f21718ce4a,60.17002,24.94407,000000006b087f40,5.91
8858,2019-08-01T09:06:24Z,160e77433af9ad22911458abcb358d35b410e2640131e6fabe54c071,60.17002,24.94407,000000006b087f40,23.56
8859,2019-08-01T09:06:24Z,16e18d478be872d2a9801fa885d08edeb3f5ae1840b38478f9baf535,60.17919,24.95181,000000007b5207b6,17.4
8860,2019-08-01T09:06:24Z,171980d40f8d22e4729243ca1e6e18c1416a08d9e495829266ca211e,60.16897,24.95222,00000000aa852af1,18.79
8861,2019-08-01T09:06:24Z,1880dcca5077d4ccd63084e82a411f0cb7abb12f9883625b046f2e24,60.16829,24.94214,00000000afef4555,18.79
8862,2019-08-01T09:06:24Z,190cdde22bc3e3a41cd0f9da7efb3a917bc09e8034b05ca6064ea8a8,60.17918,24.95141,00000000675d5200,12.69
8863,2019-08-01T09:06:24Z,1a057a74ec50ab7dac4f29547e82a9c7f37192d592a42f63379e1d8f,60.16448,24.97323,0000000053c6c2be,25.36
8864,2019-08-01T09:06:24Z,1ad9bdffafbbf8933ab6b3b695988ad31df32a874eddbf84de369e78,60.16448,24.97323,0000000053c6c2be,25.36
8865,2019-08-01T09:06:24Z,1cfafdaa3ff1975bcf6f699641431e88775ba2183074d825eeb81dd3,60.149,24.9843,00000000fffb8cf0,13.75
8866,2019-08-01T09:06:24Z,1d70ff49909e1d6fb653ae053aa78084daf385dbbd2ad22b05707309,60.16829,24.94214,00000000afef4555,17.4
8867,2019-08-01T09:06:24Z,1da40c618e0432bb037d08723b65821f6223509e8b4033a4b4190047,60.17065,24.93641,000000000f4919c9,23.56
8868,2019-08-01T09:06:24Z,1dcff36b6f83b08b6ea87c1c1018c542c270299839908ca446dffb39,60.16762,24.95415,000000006b44cce7,14.89
8869,2019-08-01T09:06:24Z,1eadb2c1984aa73c3c2f13eab0a2e793331443c617681e36887f0bcc,60.16629,24.95957,00000000fb7600be,20.28
8870,2019-08-01T09:06:24Z,1ecbc7c6afe89033252e5510cbb893666af2b3bc29f555a3a6287fdb,60.14951,24.92138,0000000006dd41f6,4.94
8871,2019-08-01T09:06:24Z,1f813dc10021899138c12ca17c58ab3dc24db1750dcb1790f9c20e8f,60.15133,24.92329,00000000e8a064a4,17.4
8872,2019-08-01T09:06:24Z,20b37aa6c3ad0dfea9c182498905a450537b0efbbd8563b205e93afd,60.16897,24.95222,00000000aa852af1,12.69
8873,2019-08-01T09:06:24Z,227fd98ceb97d84d0c2c3af35c32cee7a87aea62d71b1a5353ae3588,60.17065,24.93641,000000000f4919c9,18.79
8874,2019-08-01T09:06:24Z,2283762fe3af8329ae65aec44de728da8f383810e9f2a3d3b84fa031,60.16897,24.95222,00000000aa852af1,20.28
8875,2019-08-01T09:06:24Z,22ac1ab1c590ea19b44c61c42f5e8da29a6acbabf56676527811507a,60.15432,24.9211,0000000019fb59c4,9.12
8876,2019-08-01T09:06:24Z,22b68b1dc6e6d815ca8e6afbd434ae0e229670798c443052e7444648,60.16762,24.95415,000000006b44cce7,4.94
8877,2019-08-01T09:06:24Z,25479245e5a8b0fe47e2bd590cdd63256d84afd6c164781dc64e527d,60.149,24.9843,00000000fffb8cf0,5.41
8878,2019-08-01T09:06:24Z,2552cb43d7990bde838673115a742078e343ce93f96257728311655d,60.16897,24.95222,00000000aa852af1,17.4
8879,2019-08-01T09:06:24Z,25d340d14d855b8c18b2c6f2551ec98a1eb047d1fd3457ba881ddf28,60.17918,24.95141,00000000675d5200,9.12
8880,2019-08-01T09:06:24Z,277fcf3cc917a89b46a34e0cf5164a78f5bcc88d92bb45ded60f1a91,60.17065,24.93641,000000000f4919c9,7.05
8881,2019-08-01T09:06:24Z,27b591b33a56a542440b53031a24f42290b0ec1a194af27700b75a3a,60.17918,24.95141,00000000675d5200,5.91
8882,2019-08-01T09:06:24Z,28296ae2b460df2f6807f8a84b81e5ebd24677a05bded29111dc33a4,60.17002,24.94407,000000006b087f40,20.28
8883,2019-08-01T09:06:24Z,28ce50ca84cdcd4c17a36ac666e7ac0267b6ab5b77f4bfb08b2573a1,60.16762,24.95415,000000006b44cce7,3.09
8884,2019-08-01T09:06:24Z,28d50861d92f962c7a49eabaa524431aebf52870e44b79f77d7167c6,60.17918,24.95141,00000000675d5200,9.92
8885,2019-08-01T09:06:24Z,29ae3c5c3aeac0c607bc816f7e74c232a40142b79a52c43c7b1ed42f,60.16829,24.94214,00000000afef4555,11.7
8886,2019-08-01T09:06:24Z,29b2500334259b9de01e92f8ae8d2695505434b59a61c735651d826c,60.16762,24.95415,000000006b44cce7,18.79
8887,2019-08-01T09:06:24Z,2afa9ac588b2c55e8edf99ee96ecaf63451a7ab1e51571b7e2d1d491,60.16762,24.95415,000000006b44cce7,4.11
8888,2019-08-01T09:06:24Z,2c184c9cc9c9a744c6959766a13f23462ffce29c252d073a252b6a7a,60.16762,24.95415,000000006b44cce7,18.79
8889,2019-08-01T09:06:24Z,2c6810efb2565383ca0a554f3c51f3f7905484357f5e00756dbf091a,60.17918,24.95141,00000000675d5200,2.8
8890,2019-08-01T09:06:24Z,2c6f6440161f9061a850e8db96383d5eb111f0d1d8f0b666b7c49f22,60.16897,24.95222,00000000aa852af1,18.79
8891,2019-08-01T09:06:24Z,2ea9a23b1a04016fb4810d1ceb5731d90774224fd9235877005a4e1c,60.16897,24.95222,00000000aa852af1,18.79
8892,2019-08-01T09:06:24Z,2f43b7a683b0d365a46b6259a032813c293472eaedcdbcc3507adee5,60.17919,24.95181,000000007b5207b6,8.38
8893,2019-08-01T09:06:24Z,2f79108a454c0072885ad1447280ed5098d061b229eaae61a8bb67be,60.15432,24.9211,0000000019fb59c4,17.4
8894,2019-08-01T09:06:24Z,2f82b3546af2df53b58cddc668c9aa196554108cdf39120ea40b417c,60.16629,24.95957,00000000fb7600be,27.28
8895,2019-08-01T09:06:24Z,312e78d3624e87e1645e7d54f96facd8a2321d6e65a3ef0620fb1d42,60.16531,24.9442,00000000fdda10fe,23.56
8896,2019-08-01T09:06:24Z,31b02b3b271f6feef9e49d9285929ff1c25a11e608fc5d70bc6a1fac,60.16897,24.95222,00000000aa852af1,20.28
8897,2019-08-01T09:06:24Z,32fcb1ab3a9fde533916ca28a0d5b56bbb45fd171dd5bae91f66ec6c,60.16897,24.95222,00000000aa852af1,13.75
8898,2019-08-01T09:06:24Z,33fa4cb82db5b44ffe6e7ae1039635187f90d1df328f8f139da0c693,60.17918,24.95141,00000000675d5200,2.3
8899,2019-08-01T09:06:24Z,3480c16a6649952c388d8902596e332f018e609b9585f483353ae026,60.17065,24.93641,000000000f4919c9,3.09
8900,2019-08-01T09:06:24Z,34e96c7caa63e7ede8f428b18e8fb556ac235d61a50c9d6ac7ff268f,60.17918,24.95141,00000000675d5200,20.28
8901,2019-08-01T09:06:24Z,3609f484ad7e56259f60a61aba44f22dfca5c8b2564fce7e802ad342,60.16829,24.94214,00000000afef4555,1.7
8902,2019-08-01T09:06:24Z,367b1989198ef11170dd9fcfa7e6ebb5ceb58aab87c613ee1bb86e8c,60.16531,24.9442,00000000fdda10fe,7.05
8903,2019-08-01T09:06:24Z,3685ee6d322dcb2ad0ae181f66c3c5427d4531d7896d2f5f7571bb6d,60.16762,24.95415,000000006b44cce7,4.5
8904,2019-08-01T09:06:24Z,38fb20c6d55b10dd10a39c0fb41ad61297453e25afda81cf32313ae3,60.16531,24.9442,00000000fdda10fe,21.87
8905,2019-08-01T09:06:24Z,397e4b6a0e6c50fbb45ede1cb6e48156c508b36115e703cc5bac6e96,60.173,24.92524,0000000096918cfa,27.28
8906,2019-08-01T09:06:24Z,39c6456ee66fe96eee3d97cee2a70923cedb3da760bb5d4d413adb9c,60.17918,24.95141,00000000675d5200,3.74
8907,2019-08-01T09:06:24Z,39e9fa7033887b7ab339887aa68753ff94d4771cda2bb8ff4ea7aa0a,60.17918,24.95141,00000000675d5200,14.89
8908,2019-08-01T09:06:24Z,3a1afdcf7c2e5a52cdbcbbe29e8281c184037e8720920c6c75bee339,60.15133,24.92329,00000000e8a064a4,11.7
8909,2019-08-01T09:06:24Z,3a38ba36c098f2741d6c5fb5a751fcd074d05d698ac592ca09ab443c,60.16448,24.97323,0000000053c6c2be,31.5
8910,2019-08-01T09:06:24Z,3a97ae4dcab31eb5e15e5d036d286e9764e25bcf0ad8afcfba854c90,60.16762,24.95415,000000006b44cce7,3.4
8911,2019-08-01T09:06:24Z,3b124e1851087531134d5e5d0a10b6afe3551982609a81a19dd969dd,60.16829,24.94214,00000000afef4555,13.75
8912,2019-08-01T09:06:24Z,3be40c84926a525adbd09eeeb3a12b73b24c633942b2e1fbe8151ac3,60.16448,24.97323,0000000053c6c2be,25.36
8913,2019-08-01T09:06:24Z,3c036825d813d9d5a26c9215a7ff281310a8ba69609f8067f117a116,60.16762,24.95415,000000006b44cce7,12.69
8914,2019-08-01T09:06:24Z,3eea43670f4f29a90ced59c1af122371340275fb61ff8f14c7120658,60.16762,24.95415,000000006b44cce7,11.7
8915,2019-08-01T09:06:24Z,41a0ca2955e0ae0324f6e14aeb77ebfaac5305e31d86c42a20277b94,60.15133,24.92329,00000000e8a064a4,9.92
8916,2019-08-01T09:06:24Z,42844e90c7134ebb3ec325f57cd27cd24711c779548ebc8692a820d5,60.14951,24.92138,0000000006dd41f6,3.74
8917,2019-08-01T09:06:24Z,44334c68f3991fe858ac066726e0a884236a5d89fe94d917b48e857c,60.16829,24.94214,00000000afef4555,14.89
8918,2019-08-01T09:06:24Z,4470412c4b059a920f2699fbfb72b261e0847b3e1caa8c71d2edd5a2,60.16448,24.97323,0000000053c6c2be,18.79
8919,2019-08-01T09:06:24Z,4642dfa1df839f11e64f68bca4e3dce7bde2ff6dd68c54959fcb4788,60.17918,24.95141,00000000675d5200,2.3
8920,2019-08-01T09:06:24Z,4682d95464cedcc021f38271a51bab9c000762b4acf802070e259ba2,60.16629,24.95957,00000000fb7600be,10.78
8921,2019-08-01T09:06:24Z,48004849b2f48b2314aa9175433d754db1641b949bb8cf050e2dd128,60.17918,24.95141,00000000675d5200,16.1
8922,2019-08-01T09:06:24Z,484bbaa5a9d6bdd2259f022b6ea4e3c290985c13a1286bd7142d878f,60.16762,24.95415,000000006b44cce7,4.94
8923,2019-08-01T09:06:24Z,48c0ea6615ac4c02fc9bc0e06f9ea9309f9bf7e73b4324d7a6b14610,60.16829,24.94214,00000000afef4555,17.4
8924,2019-08-01T09:06:24Z,497d535ffc7af13ad6527c1139af3451abb3584a2490e3c470f73f9d,60.16762,24.95415,000000006b44cce7,18.79
8925,2019-08-01T09:06:24Z,49bbad87e4d6cd03bdb073bde7be91193d74d29943badce7fc536916,60.16448,24.97323,0000000053c6c2be,16.1
8926,2019-08-01T09:06:24Z,49df780a7f20a99ad2810fa4bbb46b5fac9bc5cbe3fc800cd572f63a,60.14947,24.91438,000000004ef3150d,16.1
8927,2019-08-01T09:06:24Z,4ade4f0d92c6157a42d7fd8e353d1c93551324ba47cc134b840a6c63,60.16897,24.95222,00000000aa852af1,9.12
8928,2019-08-01T09:06:24Z,4ba529eeafb27285cbbade6e5ece0d4d04bd2d13c98b27a5d17abd22,60.16897,24.95222,00000000aa852af1,4.94
8929,2019-08-01T09:06:24Z,4c8696833edf46025bc9b5f589679b77a73c857736036aa9ef6696e5,60.17002,24.94407,000000006b087f40,25.36
8930,2019-08-01T09:06:24Z,4fb4a3650a2a28469dde9c537458d24411aa6075666e047dd756fba9,60.17919,24.95181,000000007b5207b6,23.56
8931,2019-08-01T09:06:24Z,5001aabb6808b9fd96b705d1ebe8e7aca52713c2640100d81879dd86,60.17919,24.95181,000000007b5207b6,4.11
8932,2019-08-01T09:06:24Z,504f910a0bd104a130b85d0c50467a15e74dc950bcc9eac3ebecc43e,60.16531,24.9442,00000000fdda10fe,18.79
8933,2019-08-01T09:06:24Z,52e7ba8caf7e3c36ea9fb39dff84a37643e9a7ee50bfb4c5295c3759,60.17002,24.94407,000000006b087f40,27.28
8934,2019-08-01T09:06:24Z,5372348389197e6c4bc4c5e3dab047e7384d562220e6295904bbda1b,60.17065,24.93641,000000000f4919c9,4.11
8935,2019-08-01T09:06:24Z,5385ddf78e929052bb12c39651fb3ff99e3642aa079d49f687b4c73c,60.16762,24.95415,000000006b44cce7,10.78
8936,2019-08-01T09:06:24Z,53d8fd3162d3b72ea9f77159ab356b46d40de1758d6388e60fe70985,60.16629,24.95957,00000000fb7600be,18.79
8937,2019-08-01T09:06:24Z,53fb53be4440aecb1a1fa63a9da1db08182cc7e252da14685e63373d,60.16762,24.95415,000000006b44cce7,8.38
8938,2019-08-01T09:06:24Z,54b89ed12e25892c9160e029a0379d61425b88db1aa30b06f9ea2d8b,60.17002,24.94407,000000006b087f40,27.28
8939,2019-08-01T09:06:24Z,54bd709173219e8017f317b63ecc83d0a48f64542e6fa1b83c86a56c,60.17919,24.95181,000000007b5207b6,17.4
8940,2019-08-01T09:06:24Z,556cae6b2e2dec6fe691a835e8e08bd016b1a65797c0aca46879329f,60.17919,24.95181,000000007b5207b6,4.5
8941,2019-08-01T09:06:24Z,559429bba23762a872fc7b1e2219d42125ab101e4355d43fdb94ed7b,60.17918,24.95141,00000000675d5200,7.69
8942,2019-08-01T09:06:24Z,559e6a5225ce35ab844c63ea0d0c1695dc490a3d9cfbafa5d35ac8d8,60.14947,24.91438,000000004ef3150d,10.78
8943,2019-08-01T09:06:24Z,584cb0b0cdd14e608c8b57c8aecc9826f9b40027e365e2438a444ea2,60.16762,24.95415,000000006b44cce7,10.78
8944,2019-08-01T09:06:24Z,5865a27b5b56a60bca38e4a1403655e3e7fd0232a3ff2079965aff81,60.15432,24.9211,0000000019fb59c4,3.74
8945,2019-08-01T09:06:24Z,58754229cd3381042c5ffda79c0108c5f77aa1f0f6d1468b9cb42b4c,60.16829,24.94214,00000000afef4555,20.28
8946,2019-08-01T09:06:24Z,5978726eeef638856dafd3a8d199287f8daf9e90ddde750b402f8bb0,60.17065,24.93641,000000000f4919c9,1.01
8947,2019-08-01T09:06:24Z,5a34b02faac3189217466888ef1d31cc80f721ac2f18638c5db88d53,60.14947,24.91438,000000004ef3150d,14.89
8948,2019-08-01T09:06:24Z,5b06617477af6dcee75a94ac347364b50f6f3b5b7d747e5413d9ad58,60.14947,24.91438,000000004ef3150d,9.12
8949,2019-08-01T09:06:24Z,5b87e95c530abdc4b86908a134da58f9ddf2a72683102dcad78799da,60.16531,24.9442,00000000fdda10fe,20.28
8950,2019-08-01T09:06:24Z,5c1f71098d5d7258d2971061c791c94e0138c8e02225c5f60d6a0428,60.149,24.9843,00000000fffb8cf0,16.1
8951,2019-08-01T09:06:24Z,5daa76852f3e1be6c75fa2185d5787ab9010cf83d6671515769a8649,60.16531,24.9442,00000000fdda10fe,11.7
8952,2019-08-01T09:06:24Z,5e2c5c20c88ccf362ed8749d1ddc041b1cb1c38d8dbeac7870179322,60.16629,24.95957,00000000fb7600be,5.91
8953,2019-08-01T09:06:24Z,6051ed50496b74a6ff68c86205d23971fcaccd6c91edfe7d78fa71b0,60.16897,24.95222,00000000aa852af1,23.56
8954,2019-08-01T09:06:24Z,619c5b31af2a28703a837cc7974ef0d2c5bb6584ba0fcc03076218ac,60.17002,24.94407,000000006b087f40,18.79
8955,2019-08-01T09:06:24Z,626bf35ce16dba1054cfd175d09475d3ee751bf70e56f984ff5c7ab6,60.15133,24.92329,00000000e8a064a4,21.87
8956,2019-08-01T09:06:24Z,63ff2439779051005c18876d20ed53ce060c1de9d7976821bd518fc6,60.15432,24.9211,0000000019fb59c4,10.78
8957,2019-08-01T09:06:24Z,65b6b62b547e11e10f7f83ad497446bee2bb9653097d9d62e9b1b817,60.17065,24.93641,000000000f4919c9,5.41
8958,2019-08-01T09:06:24Z,66ad74b1795a3f2db404e46e89b7cdeb3d6e231b6573e3fd29bb7eef,60.16897,24.95222,00000000aa852af1,20.28
8959,2019-08-01T09:06:24Z,674355e17da9460e58566497be518f2eb537880c67c788fedb5067db,60.16629,24.95957,00000000fb7600be,13.75
8960,2019-08-01T09:06:24Z,67cf7d2881080aa59ed36a6d88ea1946d17e9d1d5e1ad9eee1851969,60.18203,24.91341,00000000342570c2,21.87
8961,2019-08-01T09:06:24Z,685af6b01bd180194d718801bb8b9c9de22050cc392d6c6441fe986b,60.18203,24.91341,00000000342570c2,4.11
8962,2019-08-01T09:06:24Z,697a5816c3cb91cd83830169431c903bcea3643096500246189fd8e2,60.18203,24.91341,00000000342570c2,38.87
8963,2019-08-01T09:06:24Z,69e2854c78a472b462941ef730aa9fa7a9dba9c1cc22996396d4c78a,60.17918,24.95141,00000000675d5200,4.5
8964,2019-08-01T09:06:24Z,6d5a8ded89f26533ed851d1a0894f0d9045e9cd4baed439f7d9a922b,60.16629,24.95957,00000000fb7600be,17.4
8965,2019-08-01T09:06:24Z,6d98ac1fea7056e5b96d6095caf0e3677a4ec30e9fbcc2e50ae1cf65,60.16629,24.95957,00000000fb7600be,9.92
8966,2019-08-01T09:06:24Z,6dca84ddf4be668487766d17c5d13961ed713d24032f709ae87a497f,60.16829,24.94214,00000000afef4555,10.78
8967,2019-08-01T09:06:24Z,6dd5463e670c352180c1e912300e21e59f5e2976266df8c3c92b0baf,60.16829,24.94214,00000000afef4555,13.75
8968,2019-08-01T09:06:24Z,6e80fcea10d21e1d5e672b554c0f3fe686dc58934f38c3391fd5c262,60.17002,24.94407,000000006b087f40,12.69
8969,2019-08-01T09:06:24Z,6f616e6334d0ed70e5ea15408a51e9daf643369911d94d76830a7d65,60.16544,24.95398,0000000038d83d41,27.28
8970,2019-08-01T09:06:24Z,7003a7f6a5523b645634f014e04bea36016953a8af9324e35602bc2e,60.14947,24.91438,000000004ef3150d,9.12
8971,2019-08-01T09:06:24Z,704c3f3075f13713c363014fa828e4a932e7a05676813b9963a1e554,60.17919,24.95181,000000007b5207b6,3.4
8972,2019-08-01T09:06:24Z,71b01bb8b8e877dc9ca40e756f441571d12ee3311a945417e8aaa116,60.16762,24.95415,000000006b44cce7,10.78
8973,2019-08-01T09:06:24Z,72439a1f997fd347d46394f31f5789edc877fe61ca34fcd31f9150b1,60.18203,24.91341,00000000342570c2,21.87
8974,2019-08-01T09:06:24Z,7283c4d2fe45c53905b540a5180dc566f6f964a8e1482c9611e7d7a2,60.15133,24.92329,00000000e8a064a4,14.89
8975,2019-08-01T09:06:24Z,72f088587da3409c5a4bec360a52a230a7551c3671441baaaabc6357,60.16829,24.94214,00000000afef4555,23.56
8976,2019-08-01T09:06:24Z,73d6b97f785fc0a0a9ed2a397fe1bf1cfa199679f6262451d10e0382,60.16762,24.95415,000000006b44cce7,13.75
8977,2019-08-01T09:06:24Z,750297d0d8ff0ca837d9c2289c26302d62f38708617150431ab14509,60.16531,24.9442,00000000fdda10fe,10.78
8978,2019-08-01T09:06:24Z,76c2f7b3773d4bebd4dabada1c2b98fe4ea9762e9c98b4a6371d7746,60.16762,24.95415,000000006b44cce7,9.12
8979,2019-08-01T09:06:24Z,7700297fec4982ad776529835e2ab46d4e5cbc889e26f368c19efeef,60.16829,24.94214,00000000afef4555,16.1
8980,2019-08-01T09:06:24Z,7803e2d46157a5482e745447d4c2c332fbd818d87a20b0f6187c628d,60.17065,24.93641,000000000f4919c9,21.87
8981,2019-08-01T09:06:24Z,78a9535148d256e36a93dcce58f6dac7864c3bcd43b255c37291aa30,60.17002,24.94407,000000006b087f40,17.4
8982,2019-08-01T09:06:24Z,7a6e7ba82e6b0c07f13302099a2ffb55e08a56850ee8c1c6c1bd65d3,60.17065,24.93641,000000000f4919c9,29.32
8983,2019-08-01T09:06:24Z,7c1534082e86ff4387878d813207626d8f728aa26b97248e00a3b8d7,60.16629,24.95957,00000000fb7600be,14.89
8984,2019-08-01T09:06:24Z,7ccf0231e25c4a2ff5abcbb7cb3fe96604d014c3fa05c2829580801d,60.16829,24.94214,00000000afef4555,11.7
8985,2019-08-01T09:06:24Z,7cd51189de07d01882cf0a9346f0830a9b21764875334d45e143fbd5,60.17002,24.94407,000000006b087f40,13.75
8986,2019-08-01T09:06:24Z,7d415f4fd9093fb383b4ebb88961ad74e6a00d3ece39504712dad639,60.17918,24.95141,00000000675d5200,7.69
8987,2019-08-01T09:06:24Z,7e2e3d07c939e3e76e7ce87678faf64e056afe54215e00488839100f,60.14947,24.91438,000000004ef3150d,21.87
8988,2019-08-01T09:06:24Z,7eb4a715919b3eb4085270535ce4d7b57112591ad7242eb189bf652a,60.17065,24.93641,000000000f4919c9,16.1
8989,2019-08-01T09:06:24Z,7f534fc0885ddf5a5c3814e4232de3356affd42f6c3560055079dc1c,60.16829,24.94214,00000000afef4555,17.4
8990,2019-08-01T09:06:24Z,7f59aaecea1eee6c703ec5d46d67b44289ddedf080defee495b73739,60.14947,24.91438,000000004ef3150d,9.12
8991,2019-08-01T09:06:24Z,7faf8705e89a761625aaed50b89538581e25d5950ec8f051d36ed829,60.14947,24.91438,000000004ef3150d,9.12
8992,2019-08-01T09:06:24Z,7fe96255e89da662cb4a10df4705f39989babea20fdc4ef0bf4fb395,60.14951,24.92138,0000000006dd41f6,25.36
8993,2019-08-01T09:06:24Z,809bf2d7a0745ae512b934a578fd5fd47c13c5398b6d06ad350b9e7c,60.14947,24.91438,000000004ef3150d,20.28
8994,2019-08-01T09:06:24Z,82b78c2220aee81a2744ddfaf7ed29663888987dba6b7cdda05731d9,60.14947,24.91438,000000004ef3150d,20.28
8995,2019-08-01T09:06:24Z,8524898e498c83bde4bc1848aa2b372da84e7b2266f36aabe128cc27,60.17919,24.95181,000000007b5207b6,20.28
8996,2019-08-01T09:06:24Z,85bdce5b262dbd94adcff03e6cad26a1152828b6ab27e6fdd56b2b13,60.16762,24.95415,000000006b44cce7,3.09
8997,2019-08-01T09:06:24Z,86e7584bf95733cef59d74bb4955881e99dc86b73a0d5b4e3ef58b50,60.18203,24.91341,00000000342570c2,25.36
8998,2019-08-01T09:06:24Z,88c2bc6310f27465b9f08b28fb52075d7703ce7b097e5beb37c7437c,60.14947,24.91438,000000004ef3150d,12.69
8999,2019-08-01T09:06:24Z,898cde3317c73907bb23b1b885828c4bf3187c3a757a18dc32abe970,60.16762,24.95415,000000006b44cce7,7.05
9000,2019-08-01T09:06:24Z,89aeff56a0700534bbf2dfd19fc298f5a890c95e1a45b6ca7ad3c33a,60.16829,24.94214,00000000afef4555,4.94
9001,2019-08-01T09:06:24Z,8a01e28fd327e5c56dcf2dc8b2b7762a96d77584c21990a073ceb11f,60.16829,24.94214,00000000afef4555,4.11
9002,2019-08-01T09:06:24Z,8c571538c285dba9d77edacfb1829b282d54b772b62209c6e4004237,60.17918,24.95141,00000000675d5200,7.05
9003,2019-08-01T09:06:24Z,8d5e893f77b3d167ebefad4ecab181fea08513599a6f9450f0b9a827,60.17919,24.95181,000000007b5207b6,13.75
9004,2019-08-01T09:06:24Z,8e6caf283696ed75a4aff0c3f528dad5878f6f4b82cbd3eae1164484,60.16897,24.95222,00000000aa852af1,23.56
9005,2019-08-01T09:06:24Z,90a44cbd1a957cc59a6986cff9b6b7b8e151d379e17da645069428b8,60.173,24.92524,0000000096918cfa,23.56
9006,2019-08-01T09:06:24Z,941e13893853105c86bfbc6d31d62274937602143ce3bb530c8c17ed,60.17919,24.95181,000000007b5207b6,2.8
9007,2019-08-01T09:06:24Z,94b54a06b97b71144684ec289acfd57fa5ef17038131748fe839f728,60.16762,24.95415,000000006b44cce7,12.69
9008,2019-08-01T09:06:24Z,99a026b5100e23129fa529e9a57a3dbc8490dc03b58f2193f03e2dcf,60.14951,24.92138,0000000006dd41f6,4.94
9009,2019-08-01T09:06:24Z,9abbc86fb0fc1c0532042814af76a97e6a17121831d4394749a290a6,60.16762,24.95415,000000006b44cce7,5.91
9010,2019-08-01T09:06:24Z,9b3e6848d8b34e802134d6da0e5a594897ec3fafbbf08b6d0b84068e,60.17918,24.95141,00000000675d5200,8.38
9011,2019-08-01T09:06:24Z,9bc129708b07f3c5bbf4195e83f0e5b9a663b6f371f416a8e3a605f0,60.16897,24.95222,00000000aa852af1,18.79
9012,2019-08-01T09:06:24Z,9bef8b28ea93ecaee57d05b037edbfe7f80014aaf56343345fedd7be,60.17918,24.95141,00000000675d5200,7.69
9013,2019-08-01T09:06:24Z,9d713c9ce415e473048b45bbb35d6dcdef35cabaca39aa54f2e781a3,60.16531,24.9442,00000000fdda10fe,31.5
9014,2019-08-01T09:06:24Z,9e343a150f07bb3dcce5ecab8ac061b84d65b347b1af5a232e00eeb6,60.16829,24.94214,00000000afef4555,16.1
9015,2019-08-01T09:06:24Z,9eee6d740f1d483c484d02f0995f35550c09e6a8cf01f02680db5efc,60.16448,24.97323,0000000053c6c2be,21.87
9016,2019-08-01T09:06:24Z,a04214b56cac7d70680703ee6a28fac742f3c3190b55b46a79c1f76d,60.149,24.9843,00000000fffb8cf0,13.75
9017,2019-08-01T09:06:24Z,a09607edc17117a3069b79434e751f93a2a00d0d6f9aceb043e32074,60.16762,24.95415,000000006b44cce7,12.69
9018,2019-08-01T09:06:24Z,a2333053951d093ef490bcc3b9455fa0ed512421b5b597602785ab28,60.16531,24.9442,00000000fdda10fe,25.36
9019,2019-08-01T09:06:24Z,a256ee4e61079f54581967787db25324859ef431207cb182cd468fbe,60.16829,24.94214,00000000afef4555,20.28
9020,2019-08-01T09:06:24Z,a2e761fd97d8bdf78601300822b531e306b9ab7a1a43b6bfb07eba52,60.14947,24.91438,000000004ef3150d,14.89
9021,2019-08-01T09:06:24Z,a38c11c450b472b9dad2f076e2d9a63651292d3de806331d06af7f46,60.16531,24.9442,00000000fdda10fe,12.69
9022,2019-08-01T09:06:24Z,a47e8613674297dc49b26801b19d2110d009aaee57412f2127f3b093,60.16897,24.95222,00000000aa852af1,23.56
9023,2019-08-01T09:06:24Z,a4b9f871dcc986c95f1e84fe203bb392ba0fe13164d89119bda2c94a,60.16762,24.95415,000000006b44cce7,4.94
9024,2019-08-01T09:06:24Z,a66eb6150c36b53f6240acfe16dd98ceb16c43b8e02d0b56993bac73,60.16897,24.95222,00000000aa852af1,16.1
9025,2019-08-01T09:06:24Z,a786eb3b8a25c58099a428799e99d0b86401f803ee38d3e5d20e59d3,60.15432,24.9211,0000000019fb59c4,16.1
9026,2019-08-01T09:06:24Z,a808962cb511e5ed2d23e6e33efe252b1be29dc1d2f7c6154817f04f,60.16448,24.97323,0000000053c6c2be,16.1
9027,2019-08-01T09:06:24Z,a83415babca8eac00f69a32371a230fdadda29bf40fd69f75cf2e8fb,60.17919,24.95181,000000007b5207b6,12.69
9028,2019-08-01T09:06:24Z,a83703c80a4d58db87327a53b0d3664d23edf7350ff6b0afaa49c530,60.16629,24.95957,00000000fb7600be,14.89
9029,2019-08-01T09:06:24Z,a8ca7fb815e707c04434a085c4f99e783d56372143afc92225eae622,60.15133,24.92329,00000000e8a064a4,16.1
9030,2019-08-01T09:06:24Z,aa05a7036c3586a79d23f426b78bf158357208bc82d7ddf9a1326dd2,60.16531,24.9442,00000000fdda10fe,8.38
9031,2019-08-01T09:06:24Z,aa5281244780ac8f283c3452639d477cd76e31fc6f0b95b99c51a9b0,60.16762,24.95415,000000006b44cce7,1.88
9032,2019-08-01T09:06:24Z,ab615ee5bbf567aee3505fbb360d09fc6b851f93fb15aef778b57128,60.16531,24.9442,00000000fdda10fe,18.79
9033,2019-08-01T09:06:24Z,abf0be93e7a8aec9fa8284fdbcc2493f32084aa95f15660b23e149c6,60.16629,24.95957,00000000fb7600be,6.46
9034,2019-08-01T09:06:24Z,aca524ceb3c7373172ecd0d06b26e7d610d441f4a47ab78ae0ad3340,60.15133,24.92329,00000000e8a064a4,29.32
9035,2019-08-01T09:06:24Z,acbbe4765d72f36b0323407c7dbe43db7b4ad5e2da0a6a9e5966db0b,60.16897,24.95222,00000000aa852af1,10.78
9036,2019-08-01T09:06:24Z,ad22512fd6a5ad9e19fdfad7e02b2793ecb01875be243f894c637ae2,60.16829,24.94214,00000000afef4555,10.78
9037,2019-08-01T09:06:24Z,af67ffa8b538058603b74f48e04ab914e8f6cd450f53c47f8c3d683d,60.15432,24.9211,0000000019fb59c4,7.69
9038,2019-08-01T09:06:24Z,afaed9946dbc1509500c6f80f87eed8fe44a74ba3e14328c6efe3971,60.16829,24.94214,00000000afef4555,9.92
9039,2019-08-01T09:06:24Z,b09e9bb62cc49c085c1aee3b752af1bec69dabc939323e5733f73933,60.17065,24.93641,000000000f4919c9,18.79
9040,2019-08-01T09:06:24Z,b2728a54ebd2991e59d91f96f73d376de0adccecfef1326c4f51b74a,60.16762,24.95415,000000006b44cce7,23.56
9041,2019-08-01T09:06:24Z,b28757d67868f9471f0d997a935e857fd0ff1095449820929597563b,60.16762,24.95415,000000006b44cce7,9.92
9042,2019-08-01T09:06:24Z,b32e57a6f5865a23d7a0e9fa346d5ec4e975f99c4df815fe8b1449b2,60.17918,24.95141,00000000675d5200,11.7
9043,2019-08-01T09:06:24Z,b474e34db18d21635ec9ea2654513e6759c326f3aaec96c25f9a204e,60.16897,24.95222,00000000aa852af1,20.28
9044,2019-08-01T09:06:24Z,b4ad2ae124ba06d650fd30de0b19851bff32daef16a95b7f1bb96a00,60.16897,24.95222,00000000aa852af1,27.28
9045,2019-08-01T09:06:24Z,b50a45ac0708e7b5cca42f3458430eb22ff70a81c575bafe99ffda23,60.17002,24.94407,000000006b087f40,9.92
9046,2019-08-01T09:06:24Z,b5603e758440226e490d1d7d7271a7b0d5c261eccbad198f81110136,60.15432,24.9211,0000000019fb59c4,3.09
9047,2019-08-01T09:06:24Z,b6c43126ca83e916a68e57d0178060c24fc61305836b6c8f188f7285,60.17918,24.95141,00000000675d5200,17.4
9048,2019-08-01T09:06:24Z,b7c3b37b32d534f6824ac8d99b4c79d0cb915cab104fdb745550ea22,60.16762,24.95415,000000006b44cce7,9.92
9049,2019-08-01T09:06:24Z,b8fb70225ee0a2d655e2809da07a2f8cd2feb7295aa256f8b35fcf1e,60.16629,24.95957,00000000fb7600be,17.4
9050,2019-08-01T09:06:24Z,bb2187a4e20012ad694c768ef2c47c9a9055671024ebf4855d4e6243,60.16531,24.9442,00000000fdda10fe,1.38
9051,2019-08-01T09:06:24Z,bbb86467d71e5ec5bd140995d266fd33a85efe89654eb13ee0471416,60.17002,24.94407,000000006b087f40,16.1
9052,2019-08-01T09:06:24Z,bc6d5082ca52e6dae7a1689a835434f3f6341e90afea565480eb9674,60.16829,24.94214,00000000afef4555,13.75
9053,2019-08-01T09:06:24Z,bc82f76c979de19b559e9e3aa0cd6cbf5ac361e2d7b1ac9f81fe2f4f,60.17918,24.95141,00000000675d5200,6.46
9054,2019-08-01T09:06:24Z,bd17e41f002acd238070518ccfb611a42561023ceaefde667bf6fa55,60.17002,24.94407,000000006b087f40,13.75
9055,2019-08-01T09:06:24Z,bd23c66c4df0bd849266a4429a24f23f2c9503cf31eb0cd9780248e6,60.18203,24.91341,00000000342570c2,29.32
9056,2019-08-01T09:06:24Z,be12d6aaccf354197284a8c92b960bd6a4e1705f7d948823e7891fde,60.16762,24.95415,000000006b44cce7,3.4
9057,2019-08-01T09:06:24Z,c004fa64cb7de7e87d3b91639ae5f95304fb1a90b0a0e927cea958af,60.16762,24.95415,000000006b44cce7,12.69
9058,2019-08-01T09:06:24Z,c1674c59c49d5bf74e6808239a91d18a04e47697d298bc61a7618af2,60.16448,24.97323,0000000053c6c2be,13.75
9059,2019-08-01T09:06:24Z,c1bf1bf699e9bc78ca15c9490d1ef02e3323f0c2c76bf0fca7955a69,60.14947,24.91438,000000004ef3150d,17.4
9060,2019-08-01T09:06:24Z,c375f2dac85f963c33b2daf76ffb0c32d2c8fd08172419336e308686,60.14947,24.91438,000000004ef3150d,23.56
9061,2019-08-01T09:06:24Z,c434f18b802a764aad7a2dfb46e93546acb1b0975cf9b93fd47363f6,60.15432,24.9211,0000000019fb59c4,27.28
9062,2019-08-01T09:06:24Z,c46895857ca53c3362932d446a58c13b60d297f99ca237d4546589e8,60.16897,24.95222,00000000aa852af1,20.28
9063,2019-08-01T09:06:24Z,c51beff15d228f2dab9416cadfcc60fe269ce3d9202a9cf2ec7e7647,60.16829,24.94214,00000000afef4555,16.1
9064,2019-08-01T09:06:24Z,c872af9997af535c4615ee0b4194c7c8d644b7962afb3ca321eb386f,60.15133,24.92329,00000000e8a064a4,20.28
9065,2019-08-01T09:06:24Z,cccf3ba2a9d11b9330c18af8064a20aca9995473495bf119162a1619,60.16897,24.95222,00000000aa852af1,9.12
9066,2019-08-01T09:06:24Z,ce7de55c7709396c70ce5930097e84449a4889700e605a0b062aaeae,60.16531,24.9442,00000000fdda10fe,13.75
9067,2019-08-01T09:06:24Z,cf823e18aa21de251222a9ab70c1b76b6218dea694752d56f6f84082,60.149,24.9843,00000000fffb8cf0,27.28
9068,2019-08-01T09:06:24Z,cf9455daa4877b79636eca3ae57056b08dfc0b42f107cedb6f5a3f16,60.16829,24.94214,00000000afef4555,20.28
9069,2019-08-01T09:06:24Z,d062562fed5ad0a61560e267310beb0b717d2a1e2a11d1d575507861,60.16897,24.95222,00000000aa852af1,21.87
9070,2019-08-01T09:06:24Z,d0ae4fabf429edbfdad59f8183cc6e5929f68633315448c9b83d4c16,60.16762,24.95415,000000006b44cce7,8.38
9071,2019-08-01T09:06:24Z,d16e16def718519430296afa23976c226aaf720722bce3d92a2aad43,60.14947,24.91438,000000004ef3150d,18.79
9072,2019-08-01T09:06:24Z,d29a5ebd00326d5dedb6c60cab75fd238bdaa9d7f703f6b5974edbc7,60.16762,24.95415,000000006b44cce7,16.1
9073,2019-08-01T09:06:24Z,d31d6921eee92503b486a1b30f5330581c4744a82e6549f375544846,60.17918,24.95141,00000000675d5200,12.69
9074,2019-08-01T09:06:24Z,d48c8d6c9167c2eb6e1b8f9bd677138e52ac99b3f5bc81849215a6dd,60.16762,24.95415,000000006b44cce7,20.28
9075,2019-08-01T09:06:24Z,d562afdedae521be241c98441e436608a323fdb944dedc24c835e762,60.17065,24.93641,000000000f4919c9,7.69
9076,2019-08-01T09:06:24Z,d653ef8368d33df4fc7edeb5a381d5826be1471f1470aa9744d47901,60.173,24.92524,0000000096918cfa,3.74
9077,2019-08-01T09:06:24Z,d65b8625c1f24304ff0e3c4a4dce7aa5d434d36be87be41834a49420,60.16531,24.9442,00000000fdda10fe,3.4
9078,2019-08-01T09:06:24Z,d6e217c6592e449e2390b1a874e08cbc9126116901dbdbf84501c6b8,60.17065,24.93641,000000000f4919c9,13.75
9079,2019-08-01T09:06:24Z,d74ea3c9e0aaa523c791aa01f4f9a7c1c43f01f585dc4146b19edf83,60.17918,24.95141,00000000675d5200,8.38
9080,2019-08-01T09:06:24Z,d81eea3c8bf927d879268dc01665b897d48eecc647bbf61f91f37a33,60.16544,24.95398,0000000038d83d41,18.79
9081,2019-08-01T09:06:24Z,d87c4d5dc2cd620de54fdd076d4f9b35245053d65b644d9e01f558b5,60.16762,24.95415,000000006b44cce7,7.05
9082,2019-08-01T09:06:24Z,d983db67d9cd171123ba12eeb19c11f34a3ad1d75fc9214ac3ae8a26,60.17002,24.94407,000000006b087f40,18.79
9083,2019-08-01T09:06:24Z,d9f8ff1809ebe23c7e68bb1cbb1aa6fdfaf22375abf2962da2d7cfab,60.16531,24.9442,00000000fdda10fe,16.1
9084,2019-08-01T09:06:24Z,dad9f0b8c733353e175a84c9ba4668db5e0974fe1e87754e1fee9084,60.16829,24.94214,00000000afef4555,25.36
9085,2019-08-01T09:06:24Z,dbedd81db3d59ee0c6948187e396a34e2fa5dd6670cf8d862bf5e1ff,60.16762,24.95415,000000006b44cce7,16.1
9086,2019-08-01T09:06:24Z,dc786895c819070347a0a268463f0a8b15f5eec1647f016a9e78e9e0,60.1538,24.95595,0000000038bf9618,23.56
9087,2019-08-01T09:06:24Z,ddae2128c72cf011df2a698a8254b8738fd07a971349ea8a5e8bfa9f,60.16829,24.94214,00000000afef4555,16.1
9088,2019-08-01T09:06:24Z,deb8a213e1b4930e676ee8fdb394161ec46adb785171fa37437b4d44,60.15133,24.92329,00000000e8a064a4,14.89
9089,2019-08-01T09:06:24Z,ded712413bfc7de58a469fab75498089b2c3c6b5e0c9cae260102284,60.16829,24.94214,00000000afef4555,13.75
9090,2019-08-01T09:06:24Z,dfe80baf219bd267a459c954a8e3027b3f1ed29fea2a5355456d5652,60.16897,24.95222,00000000aa852af1,9.92
9091,2019-08-01T09:06:24Z,e09515dbe1e90af07cb756a83c222c60f5f0566f94590848e72f6401,60.16762,24.95415,000000006b44cce7,14.89
9092,2019-08-01T09:06:24Z,e0fe7fe5854899c0eb42b75b300339808143419404558ed4d00b0f17,60.17918,24.95141,00000000675d5200,6.46
9093,2019-08-01T09:06:24Z,e294dde431d68c7b73efcf1f9b916e40bf408111c79228032c7830a4,60.16544,24.95398,0000000038d83d41,18.79
9094,2019-08-01T09:06:24Z,e2bb0ae74deee6cbc4f50c5f85da3f1779ca1db1ae7ff48ab4b33dbc,60.17918,24.95141,00000000675d5200,13.75
9095,2019-08-01T09:06:24Z,e2f445c6711e0e7d48a6a045bec347587f9f398e8928a171cfa2ca38,60.16762,24.95415,000000006b44cce7,13.75
9096,2019-08-01T09:06:24Z,e508e239ba2ca68b34ad5074f3d7b013e72f6f7df36eb6cdf545be78,60.16762,24.95415,000000006b44cce7,11.7
9097,2019-08-01T09:06:24Z,e528235be3e5cc4945024d50d1ed43061e2e2f2845f2b41e081e1721,60.17919,24.95181,000000007b5207b6,23.56
9098,2019-08-01T09:06:24Z,e5cad8bb9a6c8dcc067948d7f869033aca5bdd062da175c8734092e6,60.17918,24.95141,00000000675d5200,7.05
9099,2019-08-01T09:06:24Z,e60dfd6fdae0694da3bbaca41506bcb6ca5f3ac39a1801d84a65751e,60.16762,24.95415,000000006b44cce7,29.32
9100,2019-08-01T09:06:24Z,e6b4461f3fc3ee8613bfea0937b5fd730d6686a68a65ed6fecc1dd9f,60.16629,24.95957,00000000fb7600be,14.89
9101,2019-08-01T09:06:24Z,e73dcccbc4dd6af49316f19a34c347cc94ff7ab079a93a2672d78a16,60.14947,24.91438,000000004ef3150d,23.56
9102,2019-08-01T09:06:24Z,e8add7e8346b99cd4b67924113f3763441a1899897c6d1ac3a1a40a6,60.17918,24.95141,00000000675d5200,6.46
9103,2019-08-01T09:06:24Z,e8ed8051f57ad9d9029a5e3b443c5e93e5059f8c487ba45e2583d35a,60.16829,24.94214,00000000afef4555,20.28
9104,2019-08-01T09:06:24Z,e8fe5d3b6aa0651dff5b4a9c6dcff3135e3bdcbb1cddc9b871e9d991,60.14947,24.91438,000000004ef3150d,33.81
9105,2019-08-01T09:06:24Z,e9064a62fac257836cb6fbcf0d84fab1ebdfa46bd6734632f1e6f116,60.16829,24.94214,00000000afef4555,17.4
9106,2019-08-01T09:06:24Z,e9275b4d525e0593374e00e9cf9885062a1699ecb3462c758a025ef1,60.16762,24.95415,000000006b44cce7,13.75
9107,2019-08-01T09:06:24Z,e979a153601f7520f54d4733fe91f75f154c8f1c08dc3408dbba5345,60.15432,24.9211,0000000019fb59c4,17.4
9108,2019-08-01T09:06:24Z,ea3f8412ed9c4d92448688dd9cc7ff9e3eeb5fe4373d0953bf0349c1,60.16531,24.9442,00000000fdda10fe,11.7
9109,2019-08-01T09:06:24Z,ea50f6f80eaa525619ee29fcf9715827f0d160aa5b6b1b0f3bcc54d9,60.14699,24.922,00000000a53ed894,27.28
9110,2019-08-01T09:06:24Z,ea94130fbb3464dc656765cfddbad802ddfafb1af8007cb5f42cd41f,60.16829,24.94214,00000000afef4555,16.1
9111,2019-08-01T09:06:24Z,eaf572301dc5c1eaff007bc1886cce8f0f5e92a233b8686ed2a1a9cc,60.17065,24.93641,000000000f4919c9,18.79
9112,2019-08-01T09:06:24Z,ec2dd83e04d225caca9f6b9d28bd3080ed37c5bf42e5f65123fa2394,60.17065,24.93641,000000000f4919c9,9.92
9113,2019-08-01T09:06:24Z,ec7121833f0e4b509d683b00a9c5e992e4b84882cb857145102e14f4,60.16531,24.9442,00000000fdda10fe,1.38
9114,2019-08-01T09:06:24Z,ec8c0160ac1ee5aeaf6204956c9db2ee4f98f55ae3fe1ec0af07fab8,60.16762,24.95415,000000006b44cce7,4.11
9115,2019-08-01T09:06:24Z,ed86f884272a5a400b55bfd4f22bc8cc5d6fca7fe26eee3c39cb3c52,60.15432,24.9211,0000000019fb59c4,9.12
9116,2019-08-01T09:06:24Z,eef621895ee74145a6d76c5f5493a93d7c728c80abe45a2e1933ae9f,60.16897,24.95222,00000000aa852af1,18.79
9117,2019-08-01T09:06:24Z,ef67b9e4617f284b84167b4bdaff71108579a33ced0a2450ff25a1a1,60.16629,24.95957,00000000fb7600be,7.69
9118,2019-08-01T09:06:24Z,efc51406db4c66b8a573ec325afe8a9258a04a71b46ff3aae1cfa696,60.16762,24.95415,000000006b44cce7,9.12
9119,2019-08-01T09:06:24Z,f18c0c32d067aecf5602d70693ac888cab1be6dbb0d154be5153dfcc,60.16829,24.94214,00000000afef4555,14.89
9120,2019-08-01T09:06:24Z,f1b28329fc91f4708ca34857c5582c0bf1b7d0ab06127746029cd72c,60.17918,24.95141,00000000675d5200,20.28
9121,2019-08-01T09:06:24Z,f20935810c1567a80c288016c4d4dd32fe86b3479f47ae7dd64d15cc,60.15432,24.9211,0000000019fb59c4,9.92
9122,2019-08-01T09:06:24Z,f29ed00b645af4bbf50174e71f58a9b691d2e2342e59eda242d97380,60.16829,24.94214,00000000afef4555,13.75
9123,2019-08-01T09:06:24Z,f4587b90aec9127805880f7c81fc03b9fb513fe363015399b895089f,60.16829,24.94214,00000000afef4555,20.28
9124,2019-08-01T09:06:24Z,f4bbc3077da0455d4340da2eed204915327b75a792080724548b4956,60.17919,24.95181,000000007b5207b6,7.69
9125,2019-08-01T09:06:24Z,f503a41d3e8b9b57628f4f061c1d8e0c53c62dd8a6fe38d212958ee6,60.16075,24.95883,00000000f1124bca,10.78
9126,2019-08-01T09:06:24Z,f55165f87792f06aaca9b79eea536f4bd692c8ee806294be5fb014df,60.16829,24.94214,00000000afef4555,18.79
9127,2019-08-01T09:06:24Z,f587de6c8c03387c5e6a66cd7d20c45abad3668c8e2246611122547b,60.14947,24.91438,000000004ef3150d,9.92
9128,2019-08-01T09:06:24Z,f741519cf6f519194bb45b9da0e69bda8edb903e3c24d4140f340467,60.16762,24.95415,000000006b44cce7,7.69
9129,2019-08-01T09:06:24Z,f77f8836e641389801309c311e926c1662264ab16efd01cd5bf27baf,60.16762,24.95415,000000006b44cce7,9.12
9130,2019-08-01T09:06:24Z,f9e527876f8dfe750fd29bc42664bbf572aed5d09d344a8934a83d90,60.17065,24.93641,000000000f4919c9,2.8
9131,2019-08-01T09:06:24Z,fa1a3814c680b20020a08346c37ee2853e895984574575312bf262e7,60.14947,24.91438,000000004ef3150d,10.78
9132,2019-08-01T09:06:24Z,fa9f19c58a086fde9429d732b1eec80eacf5fc1b2c0124d17243d008,60.17919,24.95181,000000007b5207b6,12.69
9133,2019-08-01T09:06:24Z,fb2df85c8938d6a1bbd1ff0a1cd8aa23480ae08dc39d2b584ed35e14,60.16762,24.95415,000000006b44cce7,11.7
9134,2019-08-01T09:06:24Z,fba6e66dd09200012637e0b454c96fd7a5459b7e8b0ba01863cdbd77,60.16762,24.95415,000000006b44cce7,2.8
9135,2019-08-01T09:06:24Z,fc75e05a713e8733c512a31a3bebec0a122af3e7afb2c5059c3f1a3a,60.17002,24.94407,000000006b087f40,10.78
9136,2019-08-01T09:06:24Z,fe88879502b9755093db192b4ea06a7b5b568f7e8b92970727636c68,60.16762,24.95415,000000006b44cce7,11.7
9137,2019-08-01T09:06:24Z,fea1453360073dfc1896bf1f005f51addb49661f953e16cffba3c63d,60.16531,24.9442,00000000fdda10fe,7.69
9138,2019-08-01T09:06:24Z,ff10218d9a15a3bf160a969fa266f197770d363bc52dce7fa08ae990,60.16762,24.95415,000000006b44cce7,5.41
9139,2019-08-01T09:06:25Z,0fff89885f08417f20aadfdbf62a372277e9085bcd024374b772ecac,60.16531,24.9442,00000000fdda10fe,23.56
9140,2019-08-01T09:06:25Z,14c7e1511b70f4dd3359cbece1377aebb4d70531f5489eefe53d7c3c,60.16544,24.95398,0000000038d83d41,33.81
9141,2019-08-01T09:06:25Z,15918569de0a46a8eb56b43d8d39f7fc82619ff1006f00822c85745c,60.17919,24.95181,000000007b5207b6,5.91
9142,2019-08-01T09:06:25Z,171d0bf49a26400390df42bc1c9af98d9279bf8ccee92f39288845e1,60.16762,24.95415,000000006b44cce7,5.91
9143,2019-08-01T09:06:25Z,1951291ca064d0fb480d958037c1477427d2ca8db455fef0b741bf9f,60.16448,24.97323,0000000053c6c2be,18.79
9144,2019-08-01T09:06:25Z,1f0f0628cdc688d76bde2b82bee5b9b4916bf0bbdfe76cf3213e1c65,60.15432,24.9211,0000000019fb59c4,18.79
9145,2019-08-01T09:06:25Z,2359f881a4fe8163beed82355aabbba0b00b99f1e4a2a4ccd7186bc4,60.16897,24.95222,00000000aa852af1,14.89
9146,2019-08-01T09:06:25Z,2a93b61a3863ace54349d7a0937e4134fcc6d4dfcf064eefae2b7cf8,60.15432,24.9211,0000000019fb59c4,17.4
9147,2019-08-01T09:06:25Z,5b91abc1d452431fdb7bc15f638eee91a54034b6327f40e58ccacda6,60.14947,24.91438,000000004ef3150d,31.5
9148,2019-08-01T09:06:25Z,5bbb5184fded3e51bc78e45e39917794285e6bbc72da404802a9599a,60.16531,24.9442,00000000fdda10fe,38.87
9149,2019-08-01T09:06:25Z,5d65719c4cbf045f068d084b72302f447d5fd034413d97d13be00d0e,60.18203,24.91341,00000000342570c2,21.87
9150,2019-08-01T09:06:25Z,6066632ddc94b5c482a2d4f45ed2532e55e3fd63e414a084a596a737,60.16762,24.95415,000000006b44cce7,18.79
9151,2019-08-01T09:06:25Z,6a657079c1bdc8114c289be1ddd83e5846d4279a920d1697b8ff0033,60.18203,24.91341,00000000342570c2,18.79
9152,2019-08-01T09:06:25Z,6d22b751ff5173035dc85c52c3dff0780126adae67fe33dc62dd45ef,60.16531,24.9442,00000000fdda10fe,47.69
9153,2019-08-01T09:06:25Z,76c7f42283513d0e289bf786d89463b5025b2ae0f4e13519a4cf228b,60.15432,24.9211,0000000019fb59c4,23.56
9154,2019-08-01T09:06:25Z,84fdfd8881f633c5f0c71c1480053953ca4b05e848052d97c063ad38,60.1538,24.95595,0000000038bf9618,23.56
9155,2019-08-01T09:06:25Z,87dfaad29a9276ddddb1fa021d3bc23ad14824c1af16f7d87e713689,60.14951,24.92138,0000000006dd41f6,9.92
9156,2019-08-01T09:06:25Z,8c75c3289c84fe4493e1e272a77b615fe1985880c5dc68a7c1a17b53,60.16762,24.95415,000000006b44cce7,13.75
9157,2019-08-01T09:06:25Z,8cc6ddaa460aeae8cc9e8a33f91a01c8cd4c0c8bf8a943210a28c84d,60.1538,24.95595,0000000038bf9618,16.1
9158,2019-08-01T09:06:25Z,9500bab795f51bdd64c3f0f2cd00ad5aa6d9b93195c29484e6e5f92a,60.16762,24.95415,000000006b44cce7,25.36
9159,2019-08-01T09:06:25Z,9843c6216661048343a0e49cf3d8aa2883cf77f452666a1c873a1052,60.16448,24.97323,0000000053c6c2be,11.7
9160,2019-08-01T09:06:25Z,9d03d14afa49576281aa26db60e517f7c1ec8aa36f7756959a860a8a,60.16629,24.95957,00000000fb7600be,11.7
9161,2019-08-01T09:06:25Z,9ff35a7f150d05ef75c3777dbae4f91e5b1a4d0830a984c50f6da1bc,60.16897,24.95222,00000000aa852af1,27.28
9162,2019-08-01T09:06:25Z,a5302e72a58b038ac7633e65863bac48d8153d8837533ac7b5409f37,60.16629,24.95957,00000000fb7600be,12.69
9163,2019-08-01T09:06:25Z,a9da1ee82e3b670e276c26b483dd50f4a6d0c6f77ef82245d3ae6086,60.18203,24.91341,00000000342570c2,25.36
9164,2019-08-01T09:06:25Z,ab0f67c0c0e1ba5eac9013f9c314feadf340ddf08543b91e70483594,60.16544,24.95398,0000000038d83d41,20.28
9165,2019-08-01T09:06:25Z,b1f358076ba79ef902a36ca8ae3f8ec7c93308a67c479345bfdbdecf,60.1538,24.95595,0000000038bf9618,27.28
9166,2019-08-01T09:06:25Z,b4faf2d3c4d2b199afeab6ab63b583fe3a2e81e14abbef6917f25129,60.15432,24.9211,0000000019fb59c4,21.87
9167,2019-08-01T09:06:25Z,b5026d7cf52e7ab96df2ba76a516d819fb11765e520b765d373d186b,60.16448,24.97323,0000000053c6c2be,20.28
9168,2019-08-01T09:06:25Z,b5fd6b317890e5ab2d79e2cd1abe61626d45a753c7337d0d40728898,60.16762,24.95415,000000006b44cce7,9.12
9169,2019-08-01T09:06:25Z,c40c37def6bf11a63a2556519a7c6233fd417cdeea2cf14f28e7c42c,60.16531,24.9442,00000000fdda10fe,31.5
9170,2019-08-01T09:06:25Z,ce783d3c1b06378e5c39c25687746a6f88fbb0ff2b36e3405fb61cf8,60.16762,24.95415,000000006b44cce7,20.28
9171,2019-08-01T09:06:25Z,cf05623e4d87ce0906c0b0b7dbf53aacc1228016cd27c341228b6e76,60.18203,24.91341,00000000342570c2,17.4
9172,2019-08-01T09:06:25Z,d178749a24c32676d0da0f51ae6ff63c456499d4b1814af8fa75ca9e,60.16448,24.97323,0000000053c6c2be,9.12
9173,2019-08-01T09:06:25Z,d73d0854198e184ee42ff4f9e9da255df0af90985363aea6a02d33d7,60.16897,24.95222,00000000aa852af1,29.32
9174,2019-08-01T09:06:25Z,dd2c9c82cf3737146294aff6f814a1349fb0bc4bedf518715dacbe8f,60.18203,24.91341,00000000342570c2,13.75
9175,2019-08-01T09:06:25Z,ec72ef080c605e71978aed0d3b5f22c3c3133677a43c614b72eedc6d,60.14699,24.922,00000000a53ed894,29.32
9176,2019-08-01T09:06:25Z,ed70dda6b7faebd4340dacdb452ab224d9d3c308df417b7fa76f54e8,60.14951,24.92138,0000000006dd41f6,20.28
9177,2019-08-01T09:06:25Z,f22981c21af00fc334b3d8bdd523e23a50384666e97815f0ec1dc0ac,60.16897,24.95222,00000000aa852af1,18.79
9178,2019-08-01T09:06:25Z,f70a43051a4f59f5002c4018a464b44781f7f527861efda6626a2de4,60.16829,24.94214,00000000afef4555,21.87
9179,2019-08-01T09:06:25Z,f7e45613ad966fea53fab73b435ba3a087c774e36596b3a5156a3487,60.16829,24.94214,00000000afef4555,2.08
9180,2019-08-01T09:06:25Z,fc4f3a44235f1cfc7b53f14ba2da599976a5a0a220d23b852688e485,60.17919,24.95181,000000007b5207b6,14.89
9181,2019-08-01T09:06:25Z,00787dad708490660b0b836fa415681cc57046fa521c0c0aaea14a9e,60.16762,24.95415,000000006b44cce7,2.8
9182,2019-08-01T09:06:25Z,0097b685a95e22fc898384590c0f5bf87d9831b8750326fbf9a740c3,60.16829,24.94214,00000000afef4555,27.28
9183,2019-08-01T09:06:25Z,00d98e49fc01c16216b630f9fdf19ce9826d27552ce2fa4676de957b,60.16829,24.94214,00000000afef4555,17.4
9184,2019-08-01T09:06:25Z,02050a536056486b1bf139282f0d0a3af63def1d56ff0c73ac51bb19,60.14947,24.91438,000000004ef3150d,14.89
9185,2019-08-01T09:06:25Z,026f61905925674212a1c7d1e14b2ee5d1039bb4ecb5159f7d522150,60.16762,24.95415,000000006b44cce7,12.69
9186,2019-08-01T09:06:25Z,028149b8bfaf37d1f064cb0b4f23ae118f00d8eff41679fb8830396a,60.16531,24.9442,00000000fdda10fe,23.56
9187,2019-08-01T09:06:25Z,0362cc670dcfab795a3911957b6a177416bf9b99d0e2732716796c4d,60.15432,24.9211,0000000019fb59c4,13.75
9188,2019-08-01T09:06:25Z,03f427d436ba092925de462b11374bdbdab0443620037675621fbc11,60.17919,24.95181,000000007b5207b6,9.92
9189,2019-08-01T09:06:25Z,0483eb7342f4e704caa76b9bc3d6a7bd836282960dafc2c756247134,60.16762,24.95415,000000006b44cce7,9.92
9190,2019-08-01T09:06:25Z,04c26e81b9a9c7fbc6060d74236c616220c3cd580100a0c58a62ea1a,60.16897,24.95222,00000000aa852af1,18.79
9191,2019-08-01T09:06:25Z,063935180fff0e58de5d319ecb9320cf794423e3c6aeac0cca8f1a9f,60.16897,24.95222,00000000aa852af1,10.78
9192,2019-08-01T09:06:25Z,06ed57bf56f05c3797dc3a7299683fa195c68cdf8c501299ede8aa9e,60.15133,24.92329,00000000e8a064a4,29.32
9193,2019-08-01T09:06:25Z,08f10568d1e90d000e41196f141e0c1a52bab88fcf08f4753a3c055e,60.16897,24.95222,00000000aa852af1,20.28
9194,2019-08-01T09:06:25Z,08f9fd60f852d3502bfa509c955e9963e73954f961d55ba8cd46cae9,60.16629,24.95957,00000000fb7600be,10.78
9195,2019-08-01T09:06:25Z,0951ec0c700dba7330b8e8181fc852becde054d0dc7474d1488db3cd,60.17065,24.93641,000000000f4919c9,20.28
9196,2019-08-01T09:06:25Z,0bbf3e8a8b496959ba413e4ebbe23719511fa4c9dd914960054d7c7f,60.16762,24.95415,000000006b44cce7,5.41
9197,2019-08-01T09:06:25Z,0c1684b697a63d7f47ebaedcfa060b3b4af294fec1e62d613699291a,60.16897,24.95222,00000000aa852af1,7.69
9198,2019-08-01T09:06:25Z,0d2a30f4e69ed2b7c428129d550b561c93cfe41bbf290ae41a4343bc,60.16762,24.95415,000000006b44cce7,18.79
9199,2019-08-01T09:06:25Z,0e8d646fc7b4b57d136a79e8a7c83c470ca0d37fd6cdabafed7cee9a,60.16544,24.95398,0000000038d83d41,33.81
9200,2019-08-01T09:06:25Z,0f8e18e52422d7fb71594f8dbfc8bb5ae986eb9f664407f954e275b4,60.16762,24.95415,000000006b44cce7,11.7
9201,2019-08-01T09:06:25Z,1069967e3921871955b1b2b42e60f829c593a3e024401bfe61ae410e,60.16629,24.95957,00000000fb7600be,12.69
9202,2019-08-01T09:06:25Z,1074ffc7b33a1a8b54ea8f31d0f43ba07ed2ad7841b548f9bd4b9bad,60.17065,24.93641,000000000f4919c9,21.87
9203,2019-08-01T09:06:25Z,10cd81594fd56fa1f2c4799419a45b70833d3d8583b817324ee96da7,60.16897,24.95222,00000000aa852af1,21.87
9204,2019-08-01T09:06:25Z,10d0fed0f7d40b253b5fc5a53297dc9af8bb76fa6f34d5e71383cb62,60.17918,24.95141,00000000675d5200,17.4
9205,2019-08-01T09:06:25Z,1134a082e36fe03359bac74c814a0ed20468c45230115d4e25aa230d,60.16829,24.94214,00000000afef4555,10.78
9206,2019-08-01T09:06:25Z,11402877d08ee84d016ef8e86d3033bf6da0948f6e6bd2defce32338,60.16762,24.95415,000000006b44cce7,14.89
9207,2019-08-01T09:06:25Z,1271bcd33c0056265a5bdf6df4092a3c9e2209abee80570cb172031b,60.16897,24.95222,00000000aa852af1,20.28
9208,2019-08-01T09:06:25Z,13a759fd293cbde0d55db753d853768b718e59036c4007d2e3a8757a,60.16762,24.95415,000000006b44cce7,12.69
9209,2019-08-01T09:06:25Z,13cbade1d832c78b1a0a68fd9a6559054370eeae58247347955ee632,60.16897,24.95222,00000000aa852af1,21.87
9210,2019-08-01T09:06:25Z,1564db6ab71666bfe0865d19fd134f7018f49bc12ff1969853697784,60.16531,24.9442,00000000fdda10fe,27.28
9211,2019-08-01T09:06:25Z,15b314157b22b2a5bf8a39539a049ce73e7baa21b0ce24f21718ce4a,60.17002,24.94407,000000006b087f40,6.46
9212,2019-08-01T09:06:25Z,164d8280dbb888033f64368dd641bcef597fc327148fcf74374894c5,60.16544,24.95398,0000000038d83d41,20.28
9213,2019-08-01T09:06:25Z,167a52adcdc4d9a7f697ffc5e058fcb79a22a32ba0b8ed45a36311f2,60.17002,24.94407,000000006b087f40,21.87
9214,2019-08-01T09:06:25Z,16e18d478be872d2a9801fa885d08edeb3f5ae1840b38478f9baf535,60.17919,24.95181,000000007b5207b6,14.89
9215,2019-08-01T09:06:25Z,1880dcca5077d4ccd63084e82a411f0cb7abb12f9883625b046f2e24,60.16829,24.94214,00000000afef4555,17.4
9216,2019-08-01T09:06:25Z,190cdde22bc3e3a41cd0f9da7efb3a917bc09e8034b05ca6064ea8a8,60.17918,24.95141,00000000675d5200,13.75
9217,2019-08-01T09:06:25Z,1ad9bdffafbbf8933ab6b3b695988ad31df32a874eddbf84de369e78,60.16448,24.97323,0000000053c6c2be,27.28
9218,2019-08-01T09:06:25Z,1b68a6bcf7b740e0c437e0976d4900f31368afcb2c757bba30e0a249,60.16829,24.94214,00000000afef4555,25.36
9219,2019-08-01T09:06:25Z,1cfafdaa3ff1975bcf6f699641431e88775ba2183074d825eeb81dd3,60.149,24.9843,00000000fffb8cf0,16.1
9220,2019-08-01T09:06:25Z,1d70ff49909e1d6fb653ae053aa78084daf385dbbd2ad22b05707309,60.16829,24.94214,00000000afef4555,20.28
9221,2019-08-01T09:06:25Z,1dbecade1f3540eb44c3d86cb1ffc73d5bf422ea0cf76927c2d5cd74,60.16829,24.94214,00000000afef4555,21.87
9222,2019-08-01T09:06:25Z,1eadb2c1984aa73c3c2f13eab0a2e793331443c617681e36887f0bcc,60.16629,24.95957,00000000fb7600be,18.79
9223,2019-08-01T09:06:25Z,20b37aa6c3ad0dfea9c182498905a450537b0efbbd8563b205e93afd,60.16897,24.95222,00000000aa852af1,17.4
9224,2019-08-01T09:06:25Z,227fd98ceb97d84d0c2c3af35c32cee7a87aea62d71b1a5353ae3588,60.17065,24.93641,000000000f4919c9,21.87
9225,2019-08-01T09:06:25Z,2283762fe3af8329ae65aec44de728da8f383810e9f2a3d3b84fa031,60.16897,24.95222,00000000aa852af1,20.28
9226,2019-08-01T09:06:25Z,22ac1ab1c590ea19b44c61c42f5e8da29a6acbabf56676527811507a,60.15432,24.9211,0000000019fb59c4,9.92
9227,2019-08-01T09:06:25Z,22b68b1dc6e6d815ca8e6afbd434ae0e229670798c443052e7444648,60.16762,24.95415,000000006b44cce7,7.05
9228,2019-08-01T09:06:25Z,25479245e5a8b0fe47e2bd590cdd63256d84afd6c164781dc64e527d,60.149,24.9843,00000000fffb8cf0,7.05
9229,2019-08-01T09:06:25Z,2552cb43d7990bde838673115a742078e343ce93f96257728311655d,60.16897,24.95222,00000000aa852af1,18.79
9230,2019-08-01T09:06:25Z,25d340d14d855b8c18b2c6f2551ec98a1eb047d1fd3457ba881ddf28,60.17919,24.95181,000000007b5207b6,13.75
9231,2019-08-01T09:06:25Z,268870e6ad5719f4e5d3d1da9d7ca9ed0f383268a62497c59930f403,60.15432,24.9211,0000000019fb59c4,31.5
9232,2019-08-01T09:06:25Z,277fcf3cc917a89b46a34e0cf5164a78f5bcc88d92bb45ded60f1a91,60.17065,24.93641,000000000f4919c9,11.7
9233,2019-08-01T09:06:25Z,27b591b33a56a542440b53031a24f42290b0ec1a194af27700b75a3a,60.17919,24.95181,000000007b5207b6,14.89
9234,2019-08-01T09:06:25Z,28296ae2b460df2f6807f8a84b81e5ebd24677a05bded29111dc33a4,60.17002,24.94407,000000006b087f40,23.56
9235,2019-08-01T09:06:25Z,28ce50ca84cdcd4c17a36ac666e7ac0267b6ab5b77f4bfb08b2573a1,60.16762,24.95415,000000006b44cce7,3.4
9236,2019-08-01T09:06:25Z,28d50861d92f962c7a49eabaa524431aebf52870e44b79f77d7167c6,60.17919,24.95181,000000007b5207b6,3.4
9237,2019-08-01T09:06:25Z,2949e68aa577c4837fb826dbf743795ddc51d679e4cdca8ee32e331d,60.16762,24.95415,000000006b44cce7,12.69
9238,2019-08-01T09:06:25Z,29ae3c5c3aeac0c607bc816f7e74c232a40142b79a52c43c7b1ed42f,60.16829,24.94214,00000000afef4555,13.75
9239,2019-08-01T09:06:25Z,2afa9ac588b2c55e8edf99ee96ecaf63451a7ab1e51571b7e2d1d491,60.16762,24.95415,000000006b44cce7,11.7
9240,2019-08-01T09:06:25Z,2c6810efb2565383ca0a554f3c51f3f7905484357f5e00756dbf091a,60.17919,24.95181,000000007b5207b6,10.78
9241,2019-08-01T09:06:25Z,2f43b7a683b0d365a46b6259a032813c293472eaedcdbcc3507adee5,60.17919,24.95181,000000007b5207b6,6.46
9242,2019-08-01T09:06:25Z,2f79108a454c0072885ad1447280ed5098d061b229eaae61a8bb67be,60.15432,24.9211,0000000019fb59c4,16.1
9243,2019-08-01T09:06:25Z,2f82b3546af2df53b58cddc668c9aa196554108cdf39120ea40b417c,60.16629,24.95957,00000000fb7600be,18.79
9244,2019-08-01T09:06:25Z,305fbd6210068d9850f2080e20d5f4674db13ed9e5b56d5f71c4d21f,60.16629,24.95957,00000000fb7600be,16.1
9245,2019-08-01T09:06:25Z,312e78d3624e87e1645e7d54f96facd8a2321d6e65a3ef0620fb1d42,60.16531,24.9442,00000000fdda10fe,17.4
9246,2019-08-01T09:06:25Z,31b02b3b271f6feef9e49d9285929ff1c25a11e608fc5d70bc6a1fac,60.16897,24.95222,00000000aa852af1,21.87
9247,2019-08-01T09:06:25Z,32fcb1ab3a9fde533916ca28a0d5b56bbb45fd171dd5bae91f66ec6c,60.16897,24.95222,00000000aa852af1,11.7
9248,2019-08-01T09:06:25Z,33fa4cb82db5b44ffe6e7ae1039635187f90d1df328f8f139da0c693,60.17919,24.95181,000000007b5207b6,4.94
9249,2019-08-01T09:06:25Z,3480c16a6649952c388d8902596e332f018e609b9585f483353ae026,60.17065,24.93641,000000000f4919c9,1.88
9250,2019-08-01T09:06:25Z,34e96c7caa63e7ede8f428b18e8fb556ac235d61a50c9d6ac7ff268f,60.17919,24.95181,000000007b5207b6,7.69
9251,2019-08-01T09:06:25Z,3609f484ad7e56259f60a61aba44f22dfca5c8b2564fce7e802ad342,60.16829,24.94214,00000000afef4555,2.8
9252,2019-08-01T09:06:25Z,367b1989198ef11170dd9fcfa7e6ebb5ceb58aab87c613ee1bb86e8c,60.16531,24.9442,00000000fdda10fe,5.91
9253,2019-08-01T09:06:25Z,3685ee6d322dcb2ad0ae181f66c3c5427d4531d7896d2f5f7571bb6d,60.16762,24.95415,000000006b44cce7,7.05
9254,2019-08-01T09:06:25Z,36fe97cd2ec69118778c771a87593630f8a6a2cb77d9ce72f845cd3c,60.16762,24.95415,000000006b44cce7,9.12
9255,2019-08-01T09:06:25Z,370e50e1f77aeb2782c892f70147b6a5749ecd7e9ee41036f693ba0a,60.16762,24.95415,000000006b44cce7,13.75
9256,2019-08-01T09:06:25Z,39126ffb278f49e06180cc6abe5b31ab3acdce1534b5b6ffa0b6e567,60.18203,24.91341,00000000342570c2,25.36
9257,2019-08-01T09:06:25Z,397e4b6a0e6c50fbb45ede1cb6e48156c508b36115e703cc5bac6e96,60.173,24.92524,0000000096918cfa,27.28
9258,2019-08-01T09:06:25Z,39c6456ee66fe96eee3d97cee2a70923cedb3da760bb5d4d413adb9c,60.17919,24.95181,000000007b5207b6,9.12
9259,2019-08-01T09:06:25Z,39e9fa7033887b7ab339887aa68753ff94d4771cda2bb8ff4ea7aa0a,60.17919,24.95181,000000007b5207b6,2.3
9260,2019-08-01T09:06:25Z,3a1afdcf7c2e5a52cdbcbbe29e8281c184037e8720920c6c75bee339,60.15133,24.92329,00000000e8a064a4,12.69
9261,2019-08-01T09:06:25Z,3a2f1a2c6c645bd161943b3f19c171d021512d7a8c4273ed3022f5df,60.16829,24.94214,00000000afef4555,23.56
9262,2019-08-01T09:06:25Z,3a38ba36c098f2741d6c5fb5a751fcd074d05d698ac592ca09ab443c,60.16448,24.97323,0000000053c6c2be,23.56
9263,2019-08-01T09:06:25Z,3a97ae4dcab31eb5e15e5d036d286e9764e25bcf0ad8afcfba854c90,60.16762,24.95415,000000006b44cce7,2.3
9264,2019-08-01T09:06:25Z,3b124e1851087531134d5e5d0a10b6afe3551982609a81a19dd969dd,60.16829,24.94214,00000000afef4555,8.38
9265,2019-08-01T09:06:25Z,3be40c84926a525adbd09eeeb3a12b73b24c633942b2e1fbe8151ac3,60.16448,24.97323,0000000053c6c2be,21.87
9266,2019-08-01T09:06:25Z,3d0437a1d090cd3cad05629e69a61c519aa6218e1b7fb47811e5a4ae,60.16762,24.95415,000000006b44cce7,12.69
9267,2019-08-01T09:06:25Z,3eea43670f4f29a90ced59c1af122371340275fb61ff8f14c7120658,60.16762,24.95415,000000006b44cce7,8.38
9268,2019-08-01T09:06:25Z,40646914186edc6142b7fc3daf766121b55f5bb36ea38facff686ea5,60.16897,24.95222,00000000aa852af1,23.56
9269,2019-08-01T09:06:25Z,41a0ca2955e0ae0324f6e14aeb77ebfaac5305e31d86c42a20277b94,60.15133,24.92329,00000000e8a064a4,14.89
9270,2019-08-01T09:06:25Z,4256b81faf420b0636e1bfcf21e8b61482045aed964aae9089c67296,60.16829,24.94214,00000000afef4555,20.28
9271,2019-08-01T09:06:25Z,42844e90c7134ebb3ec325f57cd27cd24711c779548ebc8692a820d5,60.14951,24.92138,0000000006dd41f6,3.09
9272,2019-08-01T09:06:25Z,432417b4972b744ded3410777a6bbb583cf56172bf3436ddbe48a21d,60.16762,24.95415,000000006b44cce7,9.12
9273,2019-08-01T09:06:25Z,43e023a8726ec4c53a8cea6dcaa79e722da4677e37f3f6c9d3cc9873,60.16544,24.95398,0000000038d83d41,20.28
9274,2019-08-01T09:06:25Z,44334c68f3991fe858ac066726e0a884236a5d89fe94d917b48e857c,60.16829,24.94214,00000000afef4555,7.69
9275,2019-08-01T09:06:25Z,4470412c4b059a920f2699fbfb72b261e0847b3e1caa8c71d2edd5a2,60.16448,24.97323,0000000053c6c2be,16.1
9276,2019-08-01T09:06:25Z,44cd682aaef3e1d1bc2b0eac71d75bb3a951f74d7c93810d260dfd07,60.16829,24.94214,00000000afef4555,25.36
9277,2019-08-01T09:06:25Z,4642dfa1df839f11e64f68bca4e3dce7bde2ff6dd68c54959fcb4788,60.17919,24.95181,000000007b5207b6,20.28
9278,2019-08-01T09:06:25Z,4682d95464cedcc021f38271a51bab9c000762b4acf802070e259ba2,60.16629,24.95957,00000000fb7600be,7.05
9279,2019-08-01T09:06:25Z,478830e26b1b9314c3f35b4ca62aba9828872733abbc7f32b78daac3,60.16531,24.9442,00000000fdda10fe,25.36
9280,2019-08-01T09:06:25Z,47bd1492244c444d45674eb48dd2e6f222cb109d820ba807c4e18c1a,60.16629,24.95957,00000000fb7600be,18.79
9281,2019-08-01T09:06:25Z,48004849b2f48b2314aa9175433d754db1641b949bb8cf050e2dd128,60.17918,24.95141,00000000675d5200,13.75
9282,2019-08-01T09:06:25Z,484bbaa5a9d6bdd2259f022b6ea4e3c290985c13a1286bd7142d878f,60.16762,24.95415,000000006b44cce7,4.5
9283,2019-08-01T09:06:25Z,49bbad87e4d6cd03bdb073bde7be91193d74d29943badce7fc536916,60.16448,24.97323,0000000053c6c2be,17.4
9284,2019-08-01T09:06:25Z,49df780a7f20a99ad2810fa4bbb46b5fac9bc5cbe3fc800cd572f63a,60.14947,24.91438,000000004ef3150d,17.4
9285,2019-08-01T09:06:25Z,4a999019e791f2f41319d70079a0a4fc5ab56dc2e6db82a18ad7efd3,60.16762,24.95415,000000006b44cce7,25.36
9286,2019-08-01T09:06:25Z,4ade4f0d92c6157a42d7fd8e353d1c93551324ba47cc134b840a6c63,60.16897,24.95222,00000000aa852af1,4.5
9287,2019-08-01T09:06:25Z,4afcc27c652d3d50a44d060f84e33dd4b17529d982928dae936cf10f,60.16448,24.97323,0000000053c6c2be,25.36
9288,2019-08-01T09:06:25Z,4ba529eeafb27285cbbade6e5ece0d4d04bd2d13c98b27a5d17abd22,60.16897,24.95222,00000000aa852af1,4.94
9289,2019-08-01T09:06:25Z,4c8696833edf46025bc9b5f589679b77a73c857736036aa9ef6696e5,60.17002,24.94407,000000006b087f40,27.28
9290,2019-08-01T09:06:25Z,4e262a07e1ea47350f808684444d1d8b3f223288fb219cca9f12af23,60.1538,24.95595,0000000038bf9618,17.4
9291,2019-08-01T09:06:25Z,4f9125edf503fe3cb0ba1e1221fe6a67aafd99fcd89fd92d2bf20e97,60.16897,24.95222,00000000aa852af1,18.79
9292,2019-08-01T09:06:25Z,4fb4a3650a2a28469dde9c537458d24411aa6075666e047dd756fba9,60.17919,24.95181,000000007b5207b6,16.1
9293,2019-08-01T09:06:25Z,5001aabb6808b9fd96b705d1ebe8e7aca52713c2640100d81879dd86,60.17919,24.95181,000000007b5207b6,3.09
9294,2019-08-01T09:06:25Z,5022acdb28a01d1a0b2077fc89c77bde277b7dd4f079b4fea30f75b9,60.16629,24.95957,00000000fb7600be,18.79
9295,2019-08-01T09:06:25Z,504f910a0bd104a130b85d0c50467a15e74dc950bcc9eac3ebecc43e,60.16531,24.9442,00000000fdda10fe,21.87
9296,2019-08-01T09:06:25Z,5143af775374504a931805df3b7bc0712b2401f6a3ea2c49fd69cf6f,60.16829,24.94214,00000000afef4555,7.69
9297,2019-08-01T09:06:25Z,529623421e226c215bcca0b1388813e291d3d13ed1d8465f0ab69147,60.16629,24.95957,00000000fb7600be,13.75
9298,2019-08-01T09:06:25Z,5372348389197e6c4bc4c5e3dab047e7384d562220e6295904bbda1b,60.17065,24.93641,000000000f4919c9,5.41
9299,2019-08-01T09:06:25Z,53d8fd3162d3b72ea9f77159ab356b46d40de1758d6388e60fe70985,60.16629,24.95957,00000000fb7600be,21.87
9300,2019-08-01T09:06:25Z,53fb53be4440aecb1a1fa63a9da1db08182cc7e252da14685e63373d,60.16762,24.95415,000000006b44cce7,7.69
9301,2019-08-01T09:06:25Z,54b89ed12e25892c9160e029a0379d61425b88db1aa30b06f9ea2d8b,60.17002,24.94407,000000006b087f40,25.36
9302,2019-08-01T09:06:25Z,54bd709173219e8017f317b63ecc83d0a48f64542e6fa1b83c86a56c,60.17919,24.95181,000000007b5207b6,12.69
9303,2019-08-01T09:06:25Z,556cae6b2e2dec6fe691a835e8e08bd016b1a65797c0aca46879329f,60.17919,24.95181,000000007b5207b6,11.7
9304,2019-08-01T09:06:25Z,559429bba23762a872fc7b1e2219d42125ab101e4355d43fdb94ed7b,60.17919,24.95181,000000007b5207b6,9.92
9305,2019-08-01T09:06:25Z,559e6a5225ce35ab844c63ea0d0c1695dc490a3d9cfbafa5d35ac8d8,60.14947,24.91438,000000004ef3150d,10.78
9306,2019-08-01T09:06:25Z,584cb0b0cdd14e608c8b57c8aecc9826f9b40027e365e2438a444ea2,60.16762,24.95415,000000006b44cce7,11.7
9307,2019-08-01T09:06:25Z,5865a27b5b56a60bca38e4a1403655e3e7fd0232a3ff2079965aff81,60.15432,24.9211,0000000019fb59c4,3.74
9308,2019-08-01T09:06:25Z,58754229cd3381042c5ffda79c0108c5f77aa1f0f6d1468b9cb42b4c,60.16829,24.94214,00000000afef4555,20.28
9309,2019-08-01T09:06:25Z,5978726eeef638856dafd3a8d199287f8daf9e90ddde750b402f8bb0,60.17065,24.93641,000000000f4919c9,0.5
9310,2019-08-01T09:06:25Z,5a34b02faac3189217466888ef1d31cc80f721ac2f18638c5db88d53,60.14947,24.91438,000000004ef3150d,11.7
9311,2019-08-01T09:06:25Z,5a8d671a78b976d212d9746d88b9a754a2d9c8341c529e88b7c6b8f4,60.17065,24.93641,000000000f4919c9,17.4
9312,2019-08-01T09:06:25Z,5b06617477af6dcee75a94ac347364b50f6f3b5b7d747e5413d9ad58,60.14947,24.91438,000000004ef3150d,13.75
9313,2019-08-01T09:06:25Z,5c1f71098d5d7258d2971061c791c94e0138c8e02225c5f60d6a0428,60.149,24.9843,00000000fffb8cf0,18.79
9314,2019-08-01T09:06:25Z,5e2c5c20c88ccf362ed8749d1ddc041b1cb1c38d8dbeac7870179322,60.16629,24.95957,00000000fb7600be,10.78
9315,2019-08-01T09:06:25Z,5f533aeb1785f78f57ae063305b6e5189db4dfcdb9c36684d59d21aa,60.18203,24.91341,00000000342570c2,31.5
9316,2019-08-01T09:06:25Z,6072bfb496e2b8a999c9edbda5b76fbc0e783ff2a439c4e6c881fabf,60.16829,24.94214,00000000afef4555,25.36
9317,2019-08-01T09:06:25Z,619c5b31af2a28703a837cc7974ef0d2c5bb6584ba0fcc03076218ac,60.17002,24.94407,000000006b087f40,12.69
9318,2019-08-01T09:06:25Z,626bf35ce16dba1054cfd175d09475d3ee751bf70e56f984ff5c7ab6,60.15133,24.92329,00000000e8a064a4,23.56
9319,2019-08-01T09:06:25Z,63ff2439779051005c18876d20ed53ce060c1de9d7976821bd518fc6,60.15432,24.9211,0000000019fb59c4,21.87
9320,2019-08-01T09:06:25Z,65b6b62b547e11e10f7f83ad497446bee2bb9653097d9d62e9b1b817,60.17065,24.93641,000000000f4919c9,13.75
9321,2019-08-01T09:06:25Z,674355e17da9460e58566497be518f2eb537880c67c788fedb5067db,60.16629,24.95957,00000000fb7600be,8.38
9322,2019-08-01T09:06:25Z,67cf7d2881080aa59ed36a6d88ea1946d17e9d1d5e1ad9eee1851969,60.18203,24.91341,00000000342570c2,20.28
9323,2019-08-01T09:06:25Z,685af6b01bd180194d718801bb8b9c9de22050cc392d6c6441fe986b,60.18203,24.91341,00000000342570c2,9.92
9324,2019-08-01T09:06:25Z,68d7ad8fab31b3c5967a814376d0ddc6cf42e1db0d9e09dfbba169bd,60.16762,24.95415,000000006b44cce7,7.69
9325,2019-08-01T09:06:25Z,69e2854c78a472b462941ef730aa9fa7a9dba9c1cc22996396d4c78a,60.17918,24.95141,00000000675d5200,4.5
9326,2019-08-01T09:06:25Z,6dca84ddf4be668487766d17c5d13961ed713d24032f709ae87a497f,60.16829,24.94214,00000000afef4555,5.91
9327,2019-08-01T09:06:25Z,6dd5463e670c352180c1e912300e21e59f5e2976266df8c3c92b0baf,60.16829,24.94214,00000000afef4555,11.7
9328,2019-08-01T09:06:25Z,6e80fcea10d21e1d5e672b554c0f3fe686dc58934f38c3391fd5c262,60.17002,24.94407,000000006b087f40,12.69
9329,2019-08-01T09:06:25Z,6f616e6334d0ed70e5ea15408a51e9daf643369911d94d76830a7d65,60.16544,24.95398,0000000038d83d41,14.89
9330,2019-08-01T09:06:25Z,6fe2cf6737d40d71251dac8ebef5356a2b765621e97a346c00a6031c,60.15432,24.9211,0000000019fb59c4,3.4
9331,2019-08-01T09:06:25Z,7003a7f6a5523b645634f014e04bea36016953a8af9324e35602bc2e,60.14947,24.91438,000000004ef3150d,7.69
9332,2019-08-01T09:06:25Z,701dc50417b28dba15ad9ff809844f1766b6579389a2e5ebb0562635,60.16629,24.95957,00000000fb7600be,16.1
9333,2019-08-01T09:06:25Z,704c3f3075f13713c363014fa828e4a932e7a05676813b9963a1e554,60.17919,24.95181,000000007b5207b6,1.7
9334,2019-08-01T09:06:25Z,70d391038ec56b63a3737605c2c1db6ffbdca8e4490691776dc993f1,60.16829,24.94214,00000000afef4555,4.5
9335,2019-08-01T09:06:25Z,71b01bb8b8e877dc9ca40e756f441571d12ee3311a945417e8aaa116,60.16762,24.95415,000000006b44cce7,13.75
9336,2019-08-01T09:06:25Z,72439a1f997fd347d46394f31f5789edc877fe61ca34fcd31f9150b1,60.18203,24.91341,00000000342570c2,16.1
9337,2019-08-01T09:06:25Z,728325161f4ed691db3460f87a25ed4713580e50a53fd36dd265957f,60.16531,24.9442,00000000fdda10fe,23.56
9338,2019-08-01T09:06:25Z,7292a4a47ed655e0ce0ead026bb0ae4b8093342f87a9aed5665c1456,60.16762,24.95415,000000006b44cce7,9.92
9339,2019-08-01T09:06:25Z,750297d0d8ff0ca837d9c2289c26302d62f38708617150431ab14509,60.16531,24.9442,00000000fdda10fe,9.12
9340,2019-08-01T09:06:25Z,7563b91d728fe470bc4d89aa18128a87b92c747336dd2c70cfbf9e84,60.1538,24.95595,0000000038bf9618,38.87
9341,2019-08-01T09:06:25Z,7700297fec4982ad776529835e2ab46d4e5cbc889e26f368c19efeef,60.16829,24.94214,00000000afef4555,17.4
9342,2019-08-01T09:06:25Z,7803e2d46157a5482e745447d4c2c332fbd818d87a20b0f6187c628d,60.17065,24.93641,000000000f4919c9,27.28
9343,2019-08-01T09:06:25Z,7a6e7ba82e6b0c07f13302099a2ffb55e08a56850ee8c1c6c1bd65d3,60.17065,24.93641,000000000f4919c9,38.87
9344,2019-08-01T09:06:25Z,7c1534082e86ff4387878d813207626d8f728aa26b97248e00a3b8d7,60.16629,24.95957,00000000fb7600be,13.75
9345,2019-08-01T09:06:25Z,7ccf0231e25c4a2ff5abcbb7cb3fe96604d014c3fa05c2829580801d,60.16829,24.94214,00000000afef4555,10.78
9346,2019-08-01T09:06:25Z,7d12711d47425111a6dce413faa867542b9532f3b9c5a934b37a0bc8,60.17918,24.95141,00000000675d5200,18.79
9347,2019-08-01T09:06:25Z,7d415f4fd9093fb383b4ebb88961ad74e6a00d3ece39504712dad639,60.17919,24.95181,000000007b5207b6,21.87
9348,2019-08-01T09:06:25Z,7e2e3d07c939e3e76e7ce87678faf64e056afe54215e00488839100f,60.14947,24.91438,000000004ef3150d,14.89
9349,2019-08-01T09:06:25Z,7eb4a715919b3eb4085270535ce4d7b57112591ad7242eb189bf652a,60.17065,24.93641,000000000f4919c9,21.87
9350,2019-08-01T09:06:25Z,7f59aaecea1eee6c703ec5d46d67b44289ddedf080defee495b73739,60.14947,24.91438,000000004ef3150d,6.46
9351,2019-08-01T09:06:25Z,7faf8705e89a761625aaed50b89538581e25d5950ec8f051d36ed829,60.14947,24.91438,000000004ef3150d,13.75
9352,2019-08-01T09:06:25Z,809bf2d7a0745ae512b934a578fd5fd47c13c5398b6d06ad350b9e7c,60.14947,24.91438,000000004ef3150d,9.92
9353,2019-08-01T09:06:25Z,814fca075a588ae71c130bafc9384a1c17e7bd8168994ae6fca55205,60.16829,24.94214,00000000afef4555,25.36
9354,2019-08-01T09:06:25Z,8165c5f8d06298ffd56f071c0ad1cc9f1d4f08084936937d712d0b61,60.15133,24.92329,00000000e8a064a4,18.79
9355,2019-08-01T09:06:25Z,82b78c2220aee81a2744ddfaf7ed29663888987dba6b7cdda05731d9,60.14947,24.91438,000000004ef3150d,20.28
9356,2019-08-01T09:06:25Z,82d5e55f1c1dd503d4aaa8804acff7cbaf416a9c58e0888fce7e0cb7,60.16531,24.9442,00000000fdda10fe,31.5
9357,2019-08-01T09:06:25Z,8524898e498c83bde4bc1848aa2b372da84e7b2266f36aabe128cc27,60.17919,24.95181,000000007b5207b6,29.32
9358,2019-08-01T09:06:25Z,85bdce5b262dbd94adcff03e6cad26a1152828b6ab27e6fdd56b2b13,60.16762,24.95415,000000006b44cce7,2.8
9359,2019-08-01T09:06:25Z,87f1cc4c4a9de1ab81fe39cf7fde6cf0d4778e690f1665b62231ce46,60.149,24.9843,00000000fffb8cf0,31.5
9360,2019-08-01T09:06:25Z,880f9cbb91b9caf48ea9c5dd1a0c8e1db72922b6dfcb647b102fc469,60.16629,24.95957,00000000fb7600be,14.89
9361,2019-08-01T09:06:25Z,88c2bc6310f27465b9f08b28fb52075d7703ce7b097e5beb37c7437c,60.14947,24.91438,000000004ef3150d,23.56
9362,2019-08-01T09:06:25Z,898cde3317c73907bb23b1b885828c4bf3187c3a757a18dc32abe970,60.16762,24.95415,000000006b44cce7,8.38
9363,2019-08-01T09:06:25Z,89aeff56a0700534bbf2dfd19fc298f5a890c95e1a45b6ca7ad3c33a,60.16829,24.94214,00000000afef4555,4.11
9364,2019-08-01T09:06:25Z,8a01e28fd327e5c56dcf2dc8b2b7762a96d77584c21990a073ceb11f,60.16829,24.94214,00000000afef4555,6.46
9365,2019-08-01T09:06:25Z,8c2c35fb6ebc0f07014a3291523f291bea82160dee13d091314cde65,60.16762,24.95415,000000006b44cce7,9.92
9366,2019-08-01T09:06:25Z,8c571538c285dba9d77edacfb1829b282d54b772b62209c6e4004237,60.17919,24.95181,000000007b5207b6,12.69
9367,2019-08-01T09:06:25Z,8d5e893f77b3d167ebefad4ecab181fea08513599a6f9450f0b9a827,60.17919,24.95181,000000007b5207b6,14.89
9368,2019-08-01T09:06:25Z,8e6caf283696ed75a4aff0c3f528dad5878f6f4b82cbd3eae1164484,60.16897,24.95222,00000000aa852af1,23.56
9369,2019-08-01T09:06:25Z,8ec54dc2fd63fcef9c0df9dffc12f40ebbada360614e04849594479a,60.17002,24.94407,000000006b087f40,17.4
9370,2019-08-01T09:06:25Z,90a44cbd1a957cc59a6986cff9b6b7b8e151d379e17da645069428b8,60.173,24.92524,0000000096918cfa,11.7
9371,2019-08-01T09:06:25Z,92d558faaf274f5fac1ccabea7bd30042fdd6fee95770c60123653a3,60.16762,24.95415,000000006b44cce7,14.89
9372,2019-08-01T09:06:25Z,934712123a5334069e0e6ada141835dc111fe156d6002fdad1afef19,60.15133,24.92329,00000000e8a064a4,31.5
9373,2019-08-01T09:06:25Z,939c459d913b0b38838071a0d13671e83e4a751f44624b21e84daa69,60.16762,24.95415,000000006b44cce7,9.12
9374,2019-08-01T09:06:25Z,941e13893853105c86bfbc6d31d62274937602143ce3bb530c8c17ed,60.17919,24.95181,000000007b5207b6,9.12
9375,2019-08-01T09:06:25Z,94b54a06b97b71144684ec289acfd57fa5ef17038131748fe839f728,60.16762,24.95415,000000006b44cce7,16.1
9376,2019-08-01T09:06:25Z,99a026b5100e23129fa529e9a57a3dbc8490dc03b58f2193f03e2dcf,60.14951,24.92138,0000000006dd41f6,5.91
9377,2019-08-01T09:06:25Z,9abbc86fb0fc1c0532042814af76a97e6a17121831d4394749a290a6,60.16762,24.95415,000000006b44cce7,5.41
9378,2019-08-01T09:06:25Z,9b3e6848d8b34e802134d6da0e5a594897ec3fafbbf08b6d0b84068e,60.17919,24.95181,000000007b5207b6,9.92
9379,2019-08-01T09:06:25Z,9bdb503344071eddd74d821f537246d8a6c19468b05d38d0170377f9,60.16897,24.95222,00000000aa852af1,21.87
9380,2019-08-01T09:06:25Z,9bef8b28ea93ecaee57d05b037edbfe7f80014aaf56343345fedd7be,60.17919,24.95181,000000007b5207b6,4.94
9381,2019-08-01T09:06:25Z,9ce214896068957a21bc57af08680d84debbd091b49ad5e6402c4cc8,60.16629,24.95957,00000000fb7600be,16.1
9382,2019-08-01T09:06:25Z,9eee6d740f1d483c484d02f0995f35550c09e6a8cf01f02680db5efc,60.16448,24.97323,0000000053c6c2be,23.56
9383,2019-08-01T09:06:25Z,9f2f5e6344efb60ffa5c79880ea57aeb636e51f86587e158039df6cc,60.16531,24.9442,00000000fdda10fe,21.87
9384,2019-08-01T09:06:25Z,9fa57cff946eb6b758bd810321b0bb80d6f0c46ca5fb40b0ec22ca0d,60.16762,24.95415,000000006b44cce7,14.89
9385,2019-08-01T09:06:25Z,a04214b56cac7d70680703ee6a28fac742f3c3190b55b46a79c1f76d,60.149,24.9843,00000000fffb8cf0,17.4
9386,2019-08-01T09:06:25Z,a09607edc17117a3069b79434e751f93a2a00d0d6f9aceb043e32074,60.16762,24.95415,000000006b44cce7,14.89
9387,2019-08-01T09:06:25Z,a0af15cb8910790ac8af904ddf7b0dbf5ef778ba6dd3b3e690926089,60.16762,24.95415,000000006b44cce7,14.89
9388,2019-08-01T09:06:25Z,a2321cbe1ca14defdef3d74ae1f30c9affe99ff38beca31bf3c2959f,60.17002,24.94407,000000006b087f40,29.32
9389,2019-08-01T09:06:25Z,a256ee4e61079f54581967787db25324859ef431207cb182cd468fbe,60.16829,24.94214,00000000afef4555,18.79
9390,2019-08-01T09:06:25Z,a38c11c450b472b9dad2f076e2d9a63651292d3de806331d06af7f46,60.16531,24.9442,00000000fdda10fe,16.1
9391,2019-08-01T09:06:25Z,a43c84bf84005aa17da2549e889c7c09e1035e5290ef5d904ea65e6c,60.16829,24.94214,00000000afef4555,33.81
9392,2019-08-01T09:06:25Z,a47e8613674297dc49b26801b19d2110d009aaee57412f2127f3b093,60.16897,24.95222,00000000aa852af1,20.28
9393,2019-08-01T09:06:25Z,a66eb6150c36b53f6240acfe16dd98ceb16c43b8e02d0b56993bac73,60.16897,24.95222,00000000aa852af1,21.87
9394,2019-08-01T09:06:25Z,a6d0dd9de406b1201a4e438ec7c5f4a467f38c41e2dec42ff6c71d50,60.16897,24.95222,00000000aa852af1,10.78
9395,2019-08-01T09:06:25Z,a76678cf99f7c5094ab4c60bfd0496e3c2778bfa786c67e54427c8b0,60.16531,24.9442,00000000fdda10fe,29.32
9396,2019-08-01T09:06:25Z,a786eb3b8a25c58099a428799e99d0b86401f803ee38d3e5d20e59d3,60.15432,24.9211,0000000019fb59c4,7.69
9397,2019-08-01T09:06:25Z,a808962cb511e5ed2d23e6e33efe252b1be29dc1d2f7c6154817f04f,60.16448,24.97323,0000000053c6c2be,21.87
9398,2019-08-01T09:06:25Z,a83415babca8eac00f69a32371a230fdadda29bf40fd69f75cf2e8fb,60.17919,24.95181,000000007b5207b6,13.75
9399,2019-08-01T09:06:25Z,a83703c80a4d58db87327a53b0d3664d23edf7350ff6b0afaa49c530,60.16629,24.95957,00000000fb7600be,13.75
9400,2019-08-01T09:06:25Z,a837f2314938b1510f3b4cc5900d5d67bc7212d234d9fed1c64f3861,60.16762,24.95415,000000006b44cce7,14.89
9401,2019-08-01T09:06:25Z,a838fe521ed943ab5d8f7c5d408246fb2370ea139b12544208826ea9,60.16897,24.95222,00000000aa852af1,31.5
9402,2019-08-01T09:06:25Z,a8ca7fb815e707c04434a085c4f99e783d56372143afc92225eae622,60.15133,24.92329,00000000e8a064a4,18.79
9403,2019-08-01T09:06:25Z,a982f65ed2c57aff3f744dba9f5e9ca929c81c14883516889898f207,60.16762,24.95415,000000006b44cce7,21.87
9404,2019-08-01T09:06:25Z,a9ee2aabbd32919adf0325ca2f2c5f8e0ba801bc168e8756cda957da,60.16629,24.95957,00000000fb7600be,23.56
9405,2019-08-01T09:06:25Z,aa05a7036c3586a79d23f426b78bf158357208bc82d7ddf9a1326dd2,60.16531,24.9442,00000000fdda10fe,7.69
9406,2019-08-01T09:06:25Z,ab615ee5bbf567aee3505fbb360d09fc6b851f93fb15aef778b57128,60.16531,24.9442,00000000fdda10fe,25.36
9407,2019-08-01T09:06:25Z,abf0be93e7a8aec9fa8284fdbcc2493f32084aa95f15660b23e149c6,60.16629,24.95957,00000000fb7600be,18.79
9408,2019-08-01T09:06:25Z,aca524ceb3c7373172ecd0d06b26e7d610d441f4a47ab78ae0ad3340,60.15133,24.92329,00000000e8a064a4,27.28
9409,2019-08-01T09:06:25Z,acb3f4b2a6b9fe720b98158caba37c1958df05919990f30368dbbd8b,60.16762,24.95415,000000006b44cce7,17.4
9410,2019-08-01T09:06:25Z,acbbe4765d72f36b0323407c7dbe43db7b4ad5e2da0a6a9e5966db0b,60.16897,24.95222,00000000aa852af1,9.12
9411,2019-08-01T09:06:25Z,ad22512fd6a5ad9e19fdfad7e02b2793ecb01875be243f894c637ae2,60.16829,24.94214,00000000afef4555,9.92
9412,2019-08-01T09:06:25Z,af67ffa8b538058603b74f48e04ab914e8f6cd450f53c47f8c3d683d,60.15432,24.9211,0000000019fb59c4,17.4
9413,2019-08-01T09:06:25Z,afaed9946dbc1509500c6f80f87eed8fe44a74ba3e14328c6efe3971,60.16829,24.94214,00000000afef4555,11.7
9414,2019-08-01T09:06:25Z,b09e9bb62cc49c085c1aee3b752af1bec69dabc939323e5733f73933,60.17065,24.93641,000000000f4919c9,16.1
9415,2019-08-01T09:06:25Z,b32e57a6f5865a23d7a0e9fa346d5ec4e975f99c4df815fe8b1449b2,60.17919,24.95181,000000007b5207b6,9.92
9416,2019-08-01T09:06:25Z,b3d94dfd4a1393ebe6b450d53a8c1c172707ab9ae1ab42b50b5b31df,60.16829,24.94214,00000000afef4555,21.87
9417,2019-08-01T09:06:25Z,b50a45ac0708e7b5cca42f3458430eb22ff70a81c575bafe99ffda23,60.17002,24.94407,000000006b087f40,8.38
9418,2019-08-01T09:06:25Z,b5603e758440226e490d1d7d7271a7b0d5c261eccbad198f81110136,60.15432,24.9211,0000000019fb59c4,2.8
9419,2019-08-01T09:06:25Z,b69604356a52f2b1b9c5de09a350f42d87f5b969e3e824d8b6b2368f,60.16829,24.94214,00000000afef4555,12.69
9420,2019-08-01T09:06:25Z,b6c43126ca83e916a68e57d0178060c24fc61305836b6c8f188f7285,60.17918,24.95141,00000000675d5200,20.28
9421,2019-08-01T09:06:25Z,bb2187a4e20012ad694c768ef2c47c9a9055671024ebf4855d4e6243,60.16531,24.9442,00000000fdda10fe,1.54
9422,2019-08-01T09:06:25Z,bc6d5082ca52e6dae7a1689a835434f3f6341e90afea565480eb9674,60.16829,24.94214,00000000afef4555,16.1
9423,2019-08-01T09:06:25Z,bc82f76c979de19b559e9e3aa0cd6cbf5ac361e2d7b1ac9f81fe2f4f,60.17919,24.95181,000000007b5207b6,7.05
9424,2019-08-01T09:06:25Z,bd17e41f002acd238070518ccfb611a42561023ceaefde667bf6fa55,60.17002,24.94407,000000006b087f40,14.89
9425,2019-08-01T09:06:25Z,be12d6aaccf354197284a8c92b960bd6a4e1705f7d948823e7891fde,60.16762,24.95415,000000006b44cce7,5.91
9426,2019-08-01T09:06:25Z,c15da9ed244b57a27a083919c67d0edde078a31b18cb58f13581f173,60.1538,24.95595,0000000038bf9618,33.81
9427,2019-08-01T09:06:25Z,c1bf1bf699e9bc78ca15c9490d1ef02e3323f0c2c76bf0fca7955a69,60.14947,24.91438,000000004ef3150d,13.75
9428,2019-08-01T09:06:25Z,c36568f7893e68ba3e3ca3169783c9e29a8a5f8cee16c1928c903ebc,60.16829,24.94214,00000000afef4555,18.79
9429,2019-08-01T09:06:25Z,c375f2dac85f963c33b2daf76ffb0c32d2c8fd08172419336e308686,60.14947,24.91438,000000004ef3150d,21.87
9430,2019-08-01T09:06:25Z,c434f18b802a764aad7a2dfb46e93546acb1b0975cf9b93fd47363f6,60.15432,24.9211,0000000019fb59c4,20.28
9431,2019-08-01T09:06:25Z,c46895857ca53c3362932d446a58c13b60d297f99ca237d4546589e8,60.16897,24.95222,00000000aa852af1,20.28
9432,2019-08-01T09:06:25Z,c4c936ac80b0ae54c0c8423657bd882256a046f8cc9416db5a725204,60.15432,24.9211,0000000019fb59c4,31.5
9433,2019-08-01T09:06:25Z,c65c11ee6e8b5894ead3ea9b007a39127edb65a67be253aca6f78ed0,60.16448,24.97323,0000000053c6c2be,20.28
9434,2019-08-01T09:06:25Z,c872af9997af535c4615ee0b4194c7c8d644b7962afb3ca321eb386f,60.15133,24.92329,00000000e8a064a4,25.36
9435,2019-08-01T09:06:25Z,c886da6eae5420d310dfb4580350fd0011d6270a773b4c691621d0f5,60.16762,24.95415,000000006b44cce7,18.79
9436,2019-08-01T09:06:25Z,c8aef405537103b9d31a7e2dda43949f5844b9a36494f8defaf0d803,60.17002,24.94407,000000006b087f40,25.36
9437,2019-08-01T09:06:25Z,c8b9856a261673c3360915cd9a4dabb4afe22b63a86d7f59f7dc5f20,60.17002,24.94407,000000006b087f40,23.56
9438,2019-08-01T09:06:25Z,c8be2c26d4f0c9d399f32e84d95487a2644ffcb62681165be3d36a02,60.16762,24.95415,000000006b44cce7,10.78
9439,2019-08-01T09:06:25Z,c8df45d222b573af5441c1ec32616df82891a813c9217002a9d60846,60.16829,24.94214,00000000afef4555,29.32
9440,2019-08-01T09:06:25Z,c8f27660c2e8302459f9f42a38f8c1a1d42cb2de7ac7fb8995a36ed4,60.17919,24.95181,000000007b5207b6,23.56
9441,2019-08-01T09:06:25Z,c98bce1cc275ed0a1b833011f8cd251ac848fdc84501fe87eb8b5d54,60.17918,24.95141,00000000675d5200,18.79
9442,2019-08-01T09:06:25Z,ca7719c7cd8d4496b666f608fc07ba9930e362a0b2d96890b0778618,60.16629,24.95957,00000000fb7600be,9.92
9443,2019-08-01T09:06:25Z,cccf3ba2a9d11b9330c18af8064a20aca9995473495bf119162a1619,60.16897,24.95222,00000000aa852af1,10.78
9444,2019-08-01T09:06:25Z,cce3077cdfeedd0674391bec08ce94732557106542574c58a7f378bf,60.16829,24.94214,00000000afef4555,17.4
9445,2019-08-01T09:06:25Z,ce7de55c7709396c70ce5930097e84449a4889700e605a0b062aaeae,60.16531,24.9442,00000000fdda10fe,16.1
9446,2019-08-01T09:06:25Z,cf823e18aa21de251222a9ab70c1b76b6218dea694752d56f6f84082,60.149,24.9843,00000000fffb8cf0,31.5
9447,2019-08-01T09:06:25Z,cf9455daa4877b79636eca3ae57056b08dfc0b42f107cedb6f5a3f16,60.16829,24.94214,00000000afef4555,31.5
9448,2019-08-01T09:06:25Z,d062562fed5ad0a61560e267310beb0b717d2a1e2a11d1d575507861,60.16897,24.95222,00000000aa852af1,13.75
9449,2019-08-01T09:06:25Z,d16e16def718519430296afa23976c226aaf720722bce3d92a2aad43,60.14947,24.91438,000000004ef3150d,10.78
9450,2019-08-01T09:06:25Z,d29a5ebd00326d5dedb6c60cab75fd238bdaa9d7f703f6b5974edbc7,60.16762,24.95415,000000006b44cce7,6.46
9451,2019-08-01T09:06:25Z,d2e031effb19fbd1a46b33bd84dab9823c8c4d8260318b7bd28832d3,60.16762,24.95415,000000006b44cce7,18.79
9452,2019-08-01T09:06:25Z,d31d6921eee92503b486a1b30f5330581c4744a82e6549f375544846,60.17918,24.95141,00000000675d5200,14.89
9453,2019-08-01T09:06:25Z,d562afdedae521be241c98441e436608a323fdb944dedc24c835e762,60.17065,24.93641,000000000f4919c9,4.11
9454,2019-08-01T09:06:25Z,d653ef8368d33df4fc7edeb5a381d5826be1471f1470aa9744d47901,60.173,24.92524,0000000096918cfa,4.11
9455,2019-08-01T09:06:25Z,d65b8625c1f24304ff0e3c4a4dce7aa5d434d36be87be41834a49420,60.16531,24.9442,00000000fdda10fe,5.41
9456,2019-08-01T09:06:25Z,d6e217c6592e449e2390b1a874e08cbc9126116901dbdbf84501c6b8,60.17065,24.93641,000000000f4919c9,10.78
9457,2019-08-01T09:06:25Z,d74ea3c9e0aaa523c791aa01f4f9a7c1c43f01f585dc4146b19edf83,60.17919,24.95181,000000007b5207b6,3.74
9458,2019-08-01T09:06:25Z,d7734ef0345fcffc0f4bd7579275af62987490aba012209832e92059,60.16629,24.95957,00000000fb7600be,8.38
9459,2019-08-01T09:06:25Z,d983db67d9cd171123ba12eeb19c11f34a3ad1d75fc9214ac3ae8a26,60.17002,24.94407,000000006b087f40,23.56
9460,2019-08-01T09:06:25Z,dad9f0b8c733353e175a84c9ba4668db5e0974fe1e87754e1fee9084,60.16829,24.94214,00000000afef4555,20.28
9461,2019-08-01T09:06:25Z,dbedd81db3d59ee0c6948187e396a34e2fa5dd6670cf8d862bf5e1ff,60.16762,24.95415,000000006b44cce7,5.41
9462,2019-08-01T09:06:25Z,dc786895c819070347a0a268463f0a8b15f5eec1647f016a9e78e9e0,60.1538,24.95595,0000000038bf9618,38.87
9463,2019-08-01T09:06:25Z,ddae2128c72cf011df2a698a8254b8738fd07a971349ea8a5e8bfa9f,60.16829,24.94214,00000000afef4555,25.36
9464,2019-08-01T09:06:25Z,ded712413bfc7de58a469fab75498089b2c3c6b5e0c9cae260102284,60.16829,24.94214,00000000afef4555,7.69
9465,2019-08-01T09:06:25Z,dfe80baf219bd267a459c954a8e3027b3f1ed29fea2a5355456d5652,60.16897,24.95222,00000000aa852af1,9.12
9466,2019-08-01T09:06:25Z,e0fe7fe5854899c0eb42b75b300339808143419404558ed4d00b0f17,60.17918,24.95141,00000000675d5200,6.46
9467,2019-08-01T09:06:25Z,e234769b1ce1634554f5fa4a290d11b2a30c3dfd009d4c39a2e9dd3d,60.17065,24.93641,000000000f4919c9,12.69
9468,2019-08-01T09:06:25Z,e294dde431d68c7b73efcf1f9b916e40bf408111c79228032c7830a4,60.16544,24.95398,0000000038d83d41,21.87
9469,2019-08-01T09:06:25Z,e2bb0ae74deee6cbc4f50c5f85da3f1779ca1db1ae7ff48ab4b33dbc,60.17918,24.95141,00000000675d5200,8.38
9470,2019-08-01T09:06:25Z,e2f445c6711e0e7d48a6a045bec347587f9f398e8928a171cfa2ca38,60.16762,24.95415,000000006b44cce7,10.78
9471,2019-08-01T09:06:25Z,e3f844c56875bd572c3b57a835b884f1060b467d3bbd25c50dcc7e28,60.16762,24.95415,000000006b44cce7,7.69
9472,2019-08-01T09:06:25Z,e528235be3e5cc4945024d50d1ed43061e2e2f2845f2b41e081e1721,60.17919,24.95181,000000007b5207b6,12.69
9473,2019-08-01T09:06:25Z,e5cad8bb9a6c8dcc067948d7f869033aca5bdd062da175c8734092e6,60.17919,24.95181,000000007b5207b6,3.4
9474,2019-08-01T09:06:25Z,e60dfd6fdae0694da3bbaca41506bcb6ca5f3ac39a1801d84a65751e,60.16762,24.95415,000000006b44cce7,16.1
9475,2019-08-01T09:06:25Z,e73dcccbc4dd6af49316f19a34c347cc94ff7ab079a93a2672d78a16,60.14947,24.91438,000000004ef3150d,25.36
9476,2019-08-01T09:06:25Z,e8add7e8346b99cd4b67924113f3763441a1899897c6d1ac3a1a40a6,60.17919,24.95181,000000007b5207b6,13.75
9477,2019-08-01T09:06:25Z,e9064a62fac257836cb6fbcf0d84fab1ebdfa46bd6734632f1e6f116,60.16829,24.94214,00000000afef4555,23.56
9478,2019-08-01T09:06:25Z,e979a153601f7520f54d4733fe91f75f154c8f1c08dc3408dbba5345,60.15432,24.9211,0000000019fb59c4,23.56
9479,2019-08-01T09:06:25Z,ea3f8412ed9c4d92448688dd9cc7ff9e3eeb5fe4373d0953bf0349c1,60.16531,24.9442,00000000fdda10fe,13.75
9480,2019-08-01T09:06:25Z,ea94130fbb3464dc656765cfddbad802ddfafb1af8007cb5f42cd41f,60.16829,24.94214,00000000afef4555,16.1
9481,2019-08-01T09:06:25Z,eaf572301dc5c1eaff007bc1886cce8f0f5e92a233b8686ed2a1a9cc,60.17065,24.93641,000000000f4919c9,14.89
9482,2019-08-01T09:06:25Z,ec2dd83e04d225caca9f6b9d28bd3080ed37c5bf42e5f65123fa2394,60.17065,24.93641,000000000f4919c9,9.92
9483,2019-08-01T09:06:25Z,ec7121833f0e4b509d683b00a9c5e992e4b84882cb857145102e14f4,60.16531,24.9442,00000000fdda10fe,2.3
9484,2019-08-01T09:06:25Z,ec8c0160ac1ee5aeaf6204956c9db2ee4f98f55ae3fe1ec0af07fab8,60.16762,24.95415,000000006b44cce7,6.46
9485,2019-08-01T09:06:25Z,ed86f884272a5a400b55bfd4f22bc8cc5d6fca7fe26eee3c39cb3c52,60.15432,24.9211,0000000019fb59c4,14.89
9486,2019-08-01T09:06:25Z,ef67b9e4617f284b84167b4bdaff71108579a33ced0a2450ff25a1a1,60.16629,24.95957,00000000fb7600be,10.78
9487,2019-08-01T09:06:25Z,efb0235d2d9cd06b8377959fc3e5e144c222db88b6578a8fa7a48475,60.16762,24.95415,000000006b44cce7,14.89
9488,2019-08-01T09:06:25Z,f03d20d6bb80ce0745cb0fbed6619e0a6288bfffd08e9aabce1692ba,60.17065,24.93641,000000000f4919c9,38.87
9489,2019-08-01T09:06:25Z,f1447725764ec0dca245fc67f2aa0a0c42e6b05808076aa74f0c1e7e,60.17919,24.95181,000000007b5207b6,10.78
9490,2019-08-01T09:06:25Z,f18c0c32d067aecf5602d70693ac888cab1be6dbb0d154be5153dfcc,60.16829,24.94214,00000000afef4555,12.69
9491,2019-08-01T09:06:25Z,f1b28329fc91f4708ca34857c5582c0bf1b7d0ab06127746029cd72c,60.17919,24.95181,000000007b5207b6,5.41
9492,2019-08-01T09:06:25Z,f20935810c1567a80c288016c4d4dd32fe86b3479f47ae7dd64d15cc,60.15432,24.9211,0000000019fb59c4,3.4
9493,2019-08-01T09:06:25Z,f29ed00b645af4bbf50174e71f58a9b691d2e2342e59eda242d97380,60.16829,24.94214,00000000afef4555,13.75
9494,2019-08-01T09:06:25Z,f4587b90aec9127805880f7c81fc03b9fb513fe363015399b895089f,60.16829,24.94214,00000000afef4555,17.4
9495,2019-08-01T09:06:25Z,f4bbc3077da0455d4340da2eed204915327b75a792080724548b4956,60.17919,24.95181,000000007b5207b6,4.94
9496,2019-08-01T09:06:25Z,f503a41d3e8b9b57628f4f061c1d8e0c53c62dd8a6fe38d212958ee6,60.16075,24.95883,00000000f1124bca,10.78
9497,2019-08-01T09:06:25Z,f55165f87792f06aaca9b79eea536f4bd692c8ee806294be5fb014df,60.16829,24.94214,00000000afef4555,20.28
9498,2019-08-01T09:06:25Z,f587de6c8c03387c5e6a66cd7d20c45abad3668c8e2246611122547b,60.14947,24.91438,000000004ef3150d,21.87
9499,2019-08-01T09:06:25Z,f5d9e90c37840670f09005aa28a20ca561c4d6bc36ffd28c9ca80584,60.16829,24.94214,00000000afef4555,25.36
9500,2019-08-01T09:06:25Z,f60a6068c654587fa981390a039456a2fdd85e02c009df547e204a45,60.16829,24.94214,00000000afef4555,16.1
9501,2019-08-01T09:06:25Z,f741519cf6f519194bb45b9da0e69bda8edb903e3c24d4140f340467,60.16762,24.95415,000000006b44cce7,7.05
9502,2019-08-01T09:06:25Z,f77f8836e641389801309c311e926c1662264ab16efd01cd5bf27baf,60.16762,24.95415,000000006b44cce7,9.92
9503,2019-08-01T09:06:25Z,f803aeb1f00a057ed31451d0f3d132f27fec17305dc699176ac5339a,60.16897,24.95222,00000000aa852af1,29.32
9504,2019-08-01T09:06:25Z,f9e527876f8dfe750fd29bc42664bbf572aed5d09d344a8934a83d90,60.17065,24.93641,000000000f4919c9,3.4
9505,2019-08-01T09:06:25Z,fa1a3814c680b20020a08346c37ee2853e895984574575312bf262e7,60.14947,24.91438,000000004ef3150d,13.75
9506,2019-08-01T09:06:25Z,fa9f19c58a086fde9429d732b1eec80eacf5fc1b2c0124d17243d008,60.17919,24.95181,000000007b5207b6,12.69
9507,2019-08-01T09:06:25Z,fb2df85c8938d6a1bbd1ff0a1cd8aa23480ae08dc39d2b584ed35e14,60.16762,24.95415,000000006b44cce7,11.7
9508,2019-08-01T09:06:25Z,fba6e66dd09200012637e0b454c96fd7a5459b7e8b0ba01863cdbd77,60.16762,24.95415,000000006b44cce7,2.8
9509,2019-08-01T09:06:25Z,fc75e05a713e8733c512a31a3bebec0a122af3e7afb2c5059c3f1a3a,60.17002,24.94407,000000006b087f40,10.78
9510,2019-08-01T09:06:25Z,fd4cb994947ffa371dfa27b30b7e2e74c7d899cf6c8f00231d1d400e,60.16762,24.95415,000000006b44cce7,25.36
9511,2019-08-01T09:06:25Z,fdb3239bb0017def73005dc66a8d674c713493499c8feff7a6c01018,60.16762,24.95415,000000006b44cce7,12.69
9512,2019-08-01T09:06:25Z,fe88879502b9755093db192b4ea06a7b5b568f7e8b92970727636c68,60.16762,24.95415,000000006b44cce7,14.89
9513,2019-08-01T09:06:25Z,fea1453360073dfc1896bf1f005f51addb49661f953e16cffba3c63d,60.16531,24.9442,00000000fdda10fe,9.92
9514,2019-08-01T09:06:26Z,03e0fc996a589ccdf1871b3c78e089c08c93ba1f2a02d740fb384aac,60.16531,24.9442,00000000fdda10fe,36.27
9515,2019-08-01T09:06:26Z,0fff89885f08417f20aadfdbf62a372277e9085bcd024374b772ecac,60.16531,24.9442,00000000fdda10fe,21.87
9516,2019-08-01T09:06:26Z,144afc51fc2443c7031a2912566eff2ce60226a49d6d2bd7c2923700,60.16544,24.95398,0000000038d83d41,17.4
9517,2019-08-01T09:06:26Z,14c7e1511b70f4dd3359cbece1377aebb4d70531f5489eefe53d7c3c,60.16544,24.95398,0000000038d83d41,25.36
9518,2019-08-01T09:06:26Z,15918569de0a46a8eb56b43d8d39f7fc82619ff1006f00822c85745c,60.17919,24.95181,000000007b5207b6,5.91
9519,2019-08-01T09:06:26Z,165ebbb4090d47319ae370f0d0854fdc1f6b79499f8b2e4d3c3533c0,60.16544,24.95398,0000000038d83d41,23.56
9520,2019-08-01T09:06:26Z,1f0f0628cdc688d76bde2b82bee5b9b4916bf0bbdfe76cf3213e1c65,60.15432,24.9211,0000000019fb59c4,16.1
9521,2019-08-01T09:06:26Z,2359f881a4fe8163beed82355aabbba0b00b99f1e4a2a4ccd7186bc4,60.16897,24.95222,00000000aa852af1,20.28
9522,2019-08-01T09:06:26Z,2a93b61a3863ace54349d7a0937e4134fcc6d4dfcf064eefae2b7cf8,60.15432,24.9211,0000000019fb59c4,21.87
9523,2019-08-01T09:06:26Z,5d65719c4cbf045f068d084b72302f447d5fd034413d97d13be00d0e,60.18203,24.91341,00000000342570c2,20.28
9524,2019-08-01T09:06:26Z,6f06341f358e61699fe1e55e986dd0554bc8da28b91daf0c5ad99db6,60.16629,24.95957,00000000fb7600be,20.28
9525,2019-08-01T09:06:26Z,6ff437688c444238352c28f64f9d2a7d0f14d19c9ea42c225380501e,60.16762,24.95415,000000006b44cce7,10.78
9526,2019-08-01T09:06:26Z,78d5f60b36b59c06c3988b94e11744bb3aed5dcbc214f91f228bf892,60.16448,24.97323,0000000053c6c2be,21.87
9527,2019-08-01T09:06:26Z,84fdfd8881f633c5f0c71c1480053953ca4b05e848052d97c063ad38,60.1538,24.95595,0000000038bf9618,21.87
9528,2019-08-01T09:06:26Z,87dfaad29a9276ddddb1fa021d3bc23ad14824c1af16f7d87e713689,60.14951,24.92138,0000000006dd41f6,9.92
9529,2019-08-01T09:06:26Z,8c75c3289c84fe4493e1e272a77b615fe1985880c5dc68a7c1a17b53,60.16762,24.95415,000000006b44cce7,11.7
9530,2019-08-01T09:06:26Z,8cc6ddaa460aeae8cc9e8a33f91a01c8cd4c0c8bf8a943210a28c84d,60.1538,24.95595,0000000038bf9618,13.75
9531,2019-08-01T09:06:26Z,9843c6216661048343a0e49cf3d8aa2883cf77f452666a1c873a1052,60.16448,24.97323,0000000053c6c2be,8.38
9532,2019-08-01T09:06:26Z,9d03d14afa49576281aa26db60e517f7c1ec8aa36f7756959a860a8a,60.16629,24.95957,00000000fb7600be,13.75
9533,2019-08-01T09:06:26Z,9ff35a7f150d05ef75c3777dbae4f91e5b1a4d0830a984c50f6da1bc,60.16897,24.95222,00000000aa852af1,38.87
9534,2019-08-01T09:06:26Z,a91d379a4b57c5df22db0d7a041ff69f657b4b31f28554b1011fc03c,60.16544,24.95398,0000000038d83d41,29.32
9535,2019-08-01T09:06:26Z,a9da1ee82e3b670e276c26b483dd50f4a6d0c6f77ef82245d3ae6086,60.18203,24.91341,00000000342570c2,10.78
9536,2019-08-01T09:06:26Z,ab0f67c0c0e1ba5eac9013f9c314feadf340ddf08543b91e70483594,60.16544,24.95398,0000000038d83d41,21.87
9537,2019-08-01T09:06:26Z,b1f358076ba79ef902a36ca8ae3f8ec7c93308a67c479345bfdbdecf,60.1538,24.95595,0000000038bf9618,38.87
9538,2019-08-01T09:06:26Z,b4faf2d3c4d2b199afeab6ab63b583fe3a2e81e14abbef6917f25129,60.15432,24.9211,0000000019fb59c4,18.79
9539,2019-08-01T09:06:26Z,b5fd6b317890e5ab2d79e2cd1abe61626d45a753c7337d0d40728898,60.16762,24.95415,000000006b44cce7,9.12
9540,2019-08-01T09:06:26Z,c40c37def6bf11a63a2556519a7c6233fd417cdeea2cf14f28e7c42c,60.16531,24.9442,00000000fdda10fe,17.4
9541,2019-08-01T09:06:26Z,ce783d3c1b06378e5c39c25687746a6f88fbb0ff2b36e3405fb61cf8,60.16762,24.95415,000000006b44cce7,20.28
9542,2019-08-01T09:06:26Z,cf05623e4d87ce0906c0b0b7dbf53aacc1228016cd27c341228b6e76,60.18203,24.91341,00000000342570c2,38.87
9543,2019-08-01T09:06:26Z,d178749a24c32676d0da0f51ae6ff63c456499d4b1814af8fa75ca9e,60.16448,24.97323,0000000053c6c2be,7.05
9544,2019-08-01T09:06:26Z,dd2c9c82cf3737146294aff6f814a1349fb0bc4bedf518715dacbe8f,60.18203,24.91341,00000000342570c2,14.89
9545,2019-08-01T09:06:26Z,df89b51aeaaa1a8c64db45d6c35f918b650806b37aea9b50246a3267,60.16829,24.94214,00000000afef4555,25.36
9546,2019-08-01T09:06:26Z,ec72ef080c605e71978aed0d3b5f22c3c3133677a43c614b72eedc6d,60.14699,24.922,00000000a53ed894,23.56
9547,2019-08-01T09:06:26Z,f088630d7476dae7d4b7e2bb1f10575f2c89acb4b6e061f3d57c2b40,60.16531,24.9442,00000000fdda10fe,20.28
9548,2019-08-01T09:06:26Z,f22981c21af00fc334b3d8bdd523e23a50384666e97815f0ec1dc0ac,60.16897,24.95222,00000000aa852af1,5.91
9549,2019-08-01T09:06:26Z,f70a43051a4f59f5002c4018a464b44781f7f527861efda6626a2de4,60.16829,24.94214,00000000afef4555,21.87
9550,2019-08-01T09:06:26Z,f7e45613ad966fea53fab73b435ba3a087c774e36596b3a5156a3487,60.16829,24.94214,00000000afef4555,1.25
9551,2019-08-01T09:06:26Z,f83d4b6b8ffbf8a674d212e32100b2360b80261b4e9207d77c0b0ed3,60.17918,24.95141,00000000675d5200,13.75
9552,2019-08-01T09:06:26Z,fc4f3a44235f1cfc7b53f14ba2da599976a5a0a220d23b852688e485,60.17919,24.95181,000000007b5207b6,14.89
9553,2019-08-01T09:06:26Z,00cf880933075f70a32ca748c0299b5dee3089d042185bd2787eed56,60.16762,24.95415,000000006b44cce7,12.69
9554,2019-08-01T09:06:26Z,00d98e49fc01c16216b630f9fdf19ce9826d27552ce2fa4676de957b,60.16829,24.94214,00000000afef4555,20.28
9555,2019-08-01T09:06:26Z,02050a536056486b1bf139282f0d0a3af63def1d56ff0c73ac51bb19,60.14947,24.91438,000000004ef3150d,23.56
9556,2019-08-01T09:06:26Z,023083c44c772667f1727e01c74518889b2a82d78ceb28c08b6f8a20,60.16531,24.9442,00000000fdda10fe,10.78
9557,2019-08-01T09:06:26Z,026f61905925674212a1c7d1e14b2ee5d1039bb4ecb5159f7d522150,60.16762,24.95415,000000006b44cce7,13.75
9558,2019-08-01T09:06:26Z,028149b8bfaf37d1f064cb0b4f23ae118f00d8eff41679fb8830396a,60.16531,24.9442,00000000fdda10fe,27.28
9559,2019-08-01T09:06:26Z,031cc7ace40b0f25c93928f5a9f985a46a0a3f62b0a13b2b05b46171,60.18203,24.91341,00000000342570c2,33.81
9560,2019-08-01T09:06:26Z,0362cc670dcfab795a3911957b6a177416bf9b99d0e2732716796c4d,60.15432,24.9211,0000000019fb59c4,12.69
9561,2019-08-01T09:06:26Z,03f427d436ba092925de462b11374bdbdab0443620037675621fbc11,60.17919,24.95181,000000007b5207b6,8.38
9562,2019-08-01T09:06:26Z,0483eb7342f4e704caa76b9bc3d6a7bd836282960dafc2c756247134,60.16762,24.95415,000000006b44cce7,6.46
9563,2019-08-01T09:06:26Z,04c26e81b9a9c7fbc6060d74236c616220c3cd580100a0c58a62ea1a,60.16897,24.95222,00000000aa852af1,23.56
9564,2019-08-01T09:06:26Z,063935180fff0e58de5d319ecb9320cf794423e3c6aeac0cca8f1a9f,60.16897,24.95222,00000000aa852af1,9.12
9565,2019-08-01T09:06:26Z,08f9fd60f852d3502bfa509c955e9963e73954f961d55ba8cd46cae9,60.16629,24.95957,00000000fb7600be,14.89
9566,2019-08-01T09:06:26Z,0951ec0c700dba7330b8e8181fc852becde054d0dc7474d1488db3cd,60.17065,24.93641,000000000f4919c9,14.89
9567,2019-08-01T09:06:26Z,0aed3b59894ec0158d98d84a4e1f81b9f9422992834d532ee2804e35,60.16762,24.95415,000000006b44cce7,18.79
9568,2019-08-01T09:06:26Z,0bbf3e8a8b496959ba413e4ebbe23719511fa4c9dd914960054d7c7f,60.16762,24.95415,000000006b44cce7,7.69
9569,2019-08-01T09:06:26Z,0c1684b697a63d7f47ebaedcfa060b3b4af294fec1e62d613699291a,60.16897,24.95222,00000000aa852af1,7.05
9570,2019-08-01T09:06:26Z,0feb7de3b58597dd266ed606e8d3b6e2e4e0be942b17c15be984f51c,60.14951,24.92138,0000000006dd41f6,21.87
9571,2019-08-01T09:06:26Z,1069967e3921871955b1b2b42e60f829c593a3e024401bfe61ae410e,60.16629,24.95957,00000000fb7600be,14.89
9572,2019-08-01T09:06:26Z,1074ffc7b33a1a8b54ea8f31d0f43ba07ed2ad7841b548f9bd4b9bad,60.17065,24.93641,000000000f4919c9,23.56
9573,2019-08-01T09:06:26Z,10cd81594fd56fa1f2c4799419a45b70833d3d8583b817324ee96da7,60.16897,24.95222,00000000aa852af1,11.7
9574,2019-08-01T09:06:26Z,10d0fed0f7d40b253b5fc5a53297dc9af8bb76fa6f34d5e71383cb62,60.17918,24.95141,00000000675d5200,23.56
9575,2019-08-01T09:06:26Z,1134a082e36fe03359bac74c814a0ed20468c45230115d4e25aa230d,60.16829,24.94214,00000000afef4555,7.69
9576,2019-08-01T09:06:26Z,11402877d08ee84d016ef8e86d3033bf6da0948f6e6bd2defce32338,60.16762,24.95415,000000006b44cce7,17.4
9577,2019-08-01T09:06:26Z,1271bcd33c0056265a5bdf6df4092a3c9e2209abee80570cb172031b,60.16897,24.95222,00000000aa852af1,33.81
9578,2019-08-01T09:06:26Z,13a759fd293cbde0d55db753d853768b718e59036c4007d2e3a8757a,60.16762,24.95415,000000006b44cce7,9.12
9579,2019-08-01T09:06:26Z,141ffc858c3ea6a2e69c954115114304736a35dc25ec947323090dc0,60.16762,24.95415,000000006b44cce7,5.91
9580,2019-08-01T09:06:26Z,15b314157b22b2a5bf8a39539a049ce73e7baa21b0ce24f21718ce4a,60.17002,24.94407,000000006b087f40,11.7
9581,2019-08-01T09:06:26Z,167a52adcdc4d9a7f697ffc5e058fcb79a22a32ba0b8ed45a36311f2,60.17002,24.94407,000000006b087f40,25.36
9582,2019-08-01T09:06:26Z,16e18d478be872d2a9801fa885d08edeb3f5ae1840b38478f9baf535,60.17919,24.95181,000000007b5207b6,16.1
9583,2019-08-01T09:06:26Z,190cdde22bc3e3a41cd0f9da7efb3a917bc09e8034b05ca6064ea8a8,60.17918,24.95141,00000000675d5200,11.7
9584,2019-08-01T09:06:26Z,1cfafdaa3ff1975bcf6f699641431e88775ba2183074d825eeb81dd3,60.149,24.9843,00000000fffb8cf0,16.1
9585,2019-08-01T09:06:26Z,1da40c618e0432bb037d08723b65821f6223509e8b4033a4b4190047,60.17065,24.93641,000000000f4919c9,16.1
9586,2019-08-01T09:06:26Z,1e6029f749dce72746f03dcc61a1986b14438610b7ff6a19c8165e6f,60.16829,24.94214,00000000afef4555,33.81
9587,2019-08-01T09:06:26Z,1eadb2c1984aa73c3c2f13eab0a2e793331443c617681e36887f0bcc,60.16629,24.95957,00000000fb7600be,18.79
9588,2019-08-01T09:06:26Z,1ecbc7c6afe89033252e5510cbb893666af2b3bc29f555a3a6287fdb,60.14951,24.92138,0000000006dd41f6,5.41
9589,2019-08-01T09:06:26Z,1f813dc10021899138c12ca17c58ab3dc24db1750dcb1790f9c20e8f,60.15133,24.92329,00000000e8a064a4,14.89
9590,2019-08-01T09:06:26Z,20b37aa6c3ad0dfea9c182498905a450537b0efbbd8563b205e93afd,60.16897,24.95222,00000000aa852af1,14.89
9591,2019-08-01T09:06:26Z,227fd98ceb97d84d0c2c3af35c32cee7a87aea62d71b1a5353ae3588,60.17065,24.93641,000000000f4919c9,21.87
9592,2019-08-01T09:06:26Z,2283762fe3af8329ae65aec44de728da8f383810e9f2a3d3b84fa031,60.16897,24.95222,00000000aa852af1,21.87
9593,2019-08-01T09:06:26Z,22ac1ab1c590ea19b44c61c42f5e8da29a6acbabf56676527811507a,60.15432,24.9211,0000000019fb59c4,10.78
9594,2019-08-01T09:06:26Z,22b68b1dc6e6d815ca8e6afbd434ae0e229670798c443052e7444648,60.16762,24.95415,000000006b44cce7,7.05
9595,2019-08-01T09:06:26Z,25479245e5a8b0fe47e2bd590cdd63256d84afd6c164781dc64e527d,60.149,24.9843,00000000fffb8cf0,6.46
9596,2019-08-01T09:06:26Z,2552cb43d7990bde838673115a742078e343ce93f96257728311655d,60.16897,24.95222,00000000aa852af1,27.28
9597,2019-08-01T09:06:26Z,25d340d14d855b8c18b2c6f2551ec98a1eb047d1fd3457ba881ddf28,60.17919,24.95181,000000007b5207b6,10.78
9598,2019-08-01T09:06:26Z,277fcf3cc917a89b46a34e0cf5164a78f5bcc88d92bb45ded60f1a91,60.17065,24.93641,000000000f4919c9,13.75
9599,2019-08-01T09:06:26Z,27b591b33a56a542440b53031a24f42290b0ec1a194af27700b75a3a,60.17919,24.95181,000000007b5207b6,13.75
9600,2019-08-01T09:06:26Z,28ce50ca84cdcd4c17a36ac666e7ac0267b6ab5b77f4bfb08b2573a1,60.16762,24.95415,000000006b44cce7,2.08
9601,2019-08-01T09:06:26Z,28d50861d92f962c7a49eabaa524431aebf52870e44b79f77d7167c6,60.17919,24.95181,000000007b5207b6,4.94
9602,2019-08-01T09:06:26Z,29ae3c5c3aeac0c607bc816f7e74c232a40142b79a52c43c7b1ed42f,60.16829,24.94214,00000000afef4555,9.12
9603,2019-08-01T09:06:26Z,2afa9ac588b2c55e8edf99ee96ecaf63451a7ab1e51571b7e2d1d491,60.16762,24.95415,000000006b44cce7,8.38
9604,2019-08-01T09:06:26Z,2c184c9cc9c9a744c6959766a13f23462ffce29c252d073a252b6a7a,60.16762,24.95415,000000006b44cce7,13.75
9605,2019-08-01T09:06:26Z,2c1dcbe1930bbd0596b8dea9e2abc4e49a10db5a1fbd25f103aaf5a4,60.16762,24.95415,000000006b44cce7,17.4
9606,2019-08-01T09:06:26Z,2c6810efb2565383ca0a554f3c51f3f7905484357f5e00756dbf091a,60.17919,24.95181,000000007b5207b6,12.69
9607,2019-08-01T09:06:26Z,2c6f6440161f9061a850e8db96383d5eb111f0d1d8f0b666b7c49f22,60.16897,24.95222,00000000aa852af1,20.28
9608,2019-08-01T09:06:26Z,2cec6d5db391b4d6a591b943d00f7151e23bf652d8c1a8d674a041a3,60.16762,24.95415,000000006b44cce7,20.28
9609,2019-08-01T09:06:26Z,2f43b7a683b0d365a46b6259a032813c293472eaedcdbcc3507adee5,60.17919,24.95181,000000007b5207b6,7.05
9610,2019-08-01T09:06:26Z,2f79108a454c0072885ad1447280ed5098d061b229eaae61a8bb67be,60.15432,24.9211,0000000019fb59c4,20.28
9611,2019-08-01T09:06:26Z,2f82b3546af2df53b58cddc668c9aa196554108cdf39120ea40b417c,60.16629,24.95957,00000000fb7600be,16.1
9612,2019-08-01T09:06:26Z,2fb39eae730ec6f291700f841a64aaf680d52a8346399aec6ccb1dbb,60.17065,24.93641,000000000f4919c9,23.56
9613,2019-08-01T09:06:26Z,2fdf8234bf59fb92878297a34d9624908cf15b78987c9b60b14510f5,60.16897,24.95222,00000000aa852af1,38.87
9614,2019-08-01T09:06:26Z,31b02b3b271f6feef9e49d9285929ff1c25a11e608fc5d70bc6a1fac,60.16897,24.95222,00000000aa852af1,20.28
9615,2019-08-01T09:06:26Z,32fcb1ab3a9fde533916ca28a0d5b56bbb45fd171dd5bae91f66ec6c,60.16897,24.95222,00000000aa852af1,12.69
9616,2019-08-01T09:06:26Z,33fa4cb82db5b44ffe6e7ae1039635187f90d1df328f8f139da0c693,60.17919,24.95181,000000007b5207b6,7.69
9617,2019-08-01T09:06:26Z,3480c16a6649952c388d8902596e332f018e609b9585f483353ae026,60.17065,24.93641,000000000f4919c9,3.09
9618,2019-08-01T09:06:26Z,34e96c7caa63e7ede8f428b18e8fb556ac235d61a50c9d6ac7ff268f,60.17919,24.95181,000000007b5207b6,7.69
9619,2019-08-01T09:06:26Z,3609f484ad7e56259f60a61aba44f22dfca5c8b2564fce7e802ad342,60.16829,24.94214,00000000afef4555,9.92
9620,2019-08-01T09:06:26Z,367b1989198ef11170dd9fcfa7e6ebb5ceb58aab87c613ee1bb86e8c,60.16531,24.9442,00000000fdda10fe,8.38
9621,2019-08-01T09:06:26Z,370e50e1f77aeb2782c892f70147b6a5749ecd7e9ee41036f693ba0a,60.16762,24.95415,000000006b44cce7,17.4
9622,2019-08-01T09:06:26Z,38190c2dce75fa123a6f809785373b382763836876c926c5a78c1939,60.16544,24.95398,0000000038d83d41,31.5
9623,2019-08-01T09:06:26Z,381bf339e5307917190bbc605d9cef9d6e23a7bde7d6fd9cf85ea7ce,60.16762,24.95415,000000006b44cce7,18.79
9624,2019-08-01T09:06:26Z,38fb20c6d55b10dd10a39c0fb41ad61297453e25afda81cf32313ae3,60.16531,24.9442,00000000fdda10fe,20.28
9625,2019-08-01T09:06:26Z,397e4b6a0e6c50fbb45ede1cb6e48156c508b36115e703cc5bac6e96,60.173,24.92524,0000000096918cfa,31.5
9626,2019-08-01T09:06:26Z,39c6456ee66fe96eee3d97cee2a70923cedb3da760bb5d4d413adb9c,60.17919,24.95181,000000007b5207b6,8.38
9627,2019-08-01T09:06:26Z,39e9fa7033887b7ab339887aa68753ff94d4771cda2bb8ff4ea7aa0a,60.17919,24.95181,000000007b5207b6,2.3
9628,2019-08-01T09:06:26Z,3a1afdcf7c2e5a52cdbcbbe29e8281c184037e8720920c6c75bee339,60.15133,24.92329,00000000e8a064a4,6.46
9629,2019-08-01T09:06:26Z,3a253f272d2781dc2001addfbddcac5f3dbf18610988531707b80b60,60.16829,24.94214,00000000afef4555,25.36
9630,2019-08-01T09:06:26Z,3a97ae4dcab31eb5e15e5d036d286e9764e25bcf0ad8afcfba854c90,60.16762,24.95415,000000006b44cce7,2.3
9631,2019-08-01T09:06:26Z,3b124e1851087531134d5e5d0a10b6afe3551982609a81a19dd969dd,60.16829,24.94214,00000000afef4555,13.75
9632,2019-08-01T09:06:26Z,3be40c84926a525adbd09eeeb3a12b73b24c633942b2e1fbe8151ac3,60.16448,24.97323,0000000053c6c2be,16.1
9633,2019-08-01T09:06:26Z,3cc82d532d2a768e0c987e2653e32825a8b11fc2f7ba36388535f6e2,60.16075,24.95883,00000000f1124bca,23.56
9634,2019-08-01T09:06:26Z,3d0437a1d090cd3cad05629e69a61c519aa6218e1b7fb47811e5a4ae,60.16762,24.95415,000000006b44cce7,10.78
9635,2019-08-01T09:06:26Z,3eea43670f4f29a90ced59c1af122371340275fb61ff8f14c7120658,60.16762,24.95415,000000006b44cce7,7.69
9636,2019-08-01T09:06:26Z,40646914186edc6142b7fc3daf766121b55f5bb36ea38facff686ea5,60.16897,24.95222,00000000aa852af1,11.7
9637,2019-08-01T09:06:26Z,40825cb0d315c92e0e0a73cc8e86c3b763bbf7ce226f112913e05e0f,60.17065,24.93641,000000000f4919c9,20.28
9638,2019-08-01T09:06:26Z,41a0ca2955e0ae0324f6e14aeb77ebfaac5305e31d86c42a20277b94,60.15133,24.92329,00000000e8a064a4,16.1
9639,2019-08-01T09:06:26Z,432417b4972b744ded3410777a6bbb583cf56172bf3436ddbe48a21d,60.16762,24.95415,000000006b44cce7,10.78
9640,2019-08-01T09:06:26Z,4393fccdbc9fb22fab14f03ea52183ad558bcd436202e69f56a7b77a,60.16762,24.95415,000000006b44cce7,12.69
9641,2019-08-01T09:06:26Z,43e023a8726ec4c53a8cea6dcaa79e722da4677e37f3f6c9d3cc9873,60.16544,24.95398,0000000038d83d41,18.79
9642,2019-08-01T09:06:26Z,44334c68f3991fe858ac066726e0a884236a5d89fe94d917b48e857c,60.16829,24.94214,00000000afef4555,3.09
9643,2019-08-01T09:06:26Z,4470412c4b059a920f2699fbfb72b261e0847b3e1caa8c71d2edd5a2,60.16448,24.97323,0000000053c6c2be,20.28
9644,2019-08-01T09:06:26Z,4642dfa1df839f11e64f68bca4e3dce7bde2ff6dd68c54959fcb4788,60.17919,24.95181,000000007b5207b6,18.79
9645,2019-08-01T09:06:26Z,4682d95464cedcc021f38271a51bab9c000762b4acf802070e259ba2,60.16629,24.95957,00000000fb7600be,7.69
9646,2019-08-01T09:06:26Z,48004849b2f48b2314aa9175433d754db1641b949bb8cf050e2dd128,60.17919,24.95181,000000007b5207b6,31.5
9647,2019-08-01T09:06:26Z,484bbaa5a9d6bdd2259f022b6ea4e3c290985c13a1286bd7142d878f,60.16762,24.95415,000000006b44cce7,4.5
9648,2019-08-01T09:06:26Z,48c0ea6615ac4c02fc9bc0e06f9ea9309f9bf7e73b4324d7a6b14610,60.16829,24.94214,00000000afef4555,16.1
9649,2019-08-01T09:06:26Z,49bbad87e4d6cd03bdb073bde7be91193d74d29943badce7fc536916,60.16448,24.97323,0000000053c6c2be,16.1
9650,2019-08-01T09:06:26Z,49df780a7f20a99ad2810fa4bbb46b5fac9bc5cbe3fc800cd572f63a,60.14947,24.91438,000000004ef3150d,17.4
9651,2019-08-01T09:06:26Z,4ade4f0d92c6157a42d7fd8e353d1c93551324ba47cc134b840a6c63,60.16897,24.95222,00000000aa852af1,7.05
9652,2019-08-01T09:06:26Z,4afcc27c652d3d50a44d060f84e33dd4b17529d982928dae936cf10f,60.16448,24.97323,0000000053c6c2be,27.28
9653,2019-08-01T09:06:26Z,4ba529eeafb27285cbbade6e5ece0d4d04bd2d13c98b27a5d17abd22,60.16897,24.95222,00000000aa852af1,3.09
9654,2019-08-01T09:06:26Z,4c8696833edf46025bc9b5f589679b77a73c857736036aa9ef6696e5,60.17002,24.94407,000000006b087f40,25.36
9655,2019-08-01T09:06:26Z,4e262a07e1ea47350f808684444d1d8b3f223288fb219cca9f12af23,60.1538,24.95595,0000000038bf9618,29.32
9656,2019-08-01T09:06:26Z,4e5e16adfd317b7f9617f681099821bae42d6f0dca51dfd0957c65b4,60.16762,24.95415,000000006b44cce7,13.75
9657,2019-08-01T09:06:26Z,4eedcf0e4f6f8553eb2cfd7474a44c617bbb2eed3a06c66aad521947,60.16762,24.95415,000000006b44cce7,14.89
9658,2019-08-01T09:06:26Z,4f609afde0ba5cb017ba3c549bdd11ff322a2e0227a0f11a9d112220,60.16762,24.95415,000000006b44cce7,9.12
9659,2019-08-01T09:06:26Z,4f9125edf503fe3cb0ba1e1221fe6a67aafd99fcd89fd92d2bf20e97,60.16897,24.95222,00000000aa852af1,25.36
9660,2019-08-01T09:06:26Z,4fb4a3650a2a28469dde9c537458d24411aa6075666e047dd756fba9,60.17918,24.95141,00000000675d5200,29.32
9661,2019-08-01T09:06:26Z,5001aabb6808b9fd96b705d1ebe8e7aca52713c2640100d81879dd86,60.17919,24.95181,000000007b5207b6,4.11
9662,2019-08-01T09:06:26Z,504f910a0bd104a130b85d0c50467a15e74dc950bcc9eac3ebecc43e,60.16531,24.9442,00000000fdda10fe,11.7
9663,2019-08-01T09:06:26Z,51ec42fdd85671ae93876c3d875b24e56cb45699e9c3d2b623dca70d,60.16762,24.95415,000000006b44cce7,7.05
9664,2019-08-01T09:06:26Z,529623421e226c215bcca0b1388813e291d3d13ed1d8465f0ab69147,60.16629,24.95957,00000000fb7600be,10.78
9665,2019-08-01T09:06:26Z,5372348389197e6c4bc4c5e3dab047e7384d562220e6295904bbda1b,60.17065,24.93641,000000000f4919c9,7.05
9666,2019-08-01T09:06:26Z,53fb53be4440aecb1a1fa63a9da1db08182cc7e252da14685e63373d,60.16762,24.95415,000000006b44cce7,6.46
9667,2019-08-01T09:06:26Z,54b89ed12e25892c9160e029a0379d61425b88db1aa30b06f9ea2d8b,60.17002,24.94407,000000006b087f40,27.28
9668,2019-08-01T09:06:26Z,54bd709173219e8017f317b63ecc83d0a48f64542e6fa1b83c86a56c,60.17919,24.95181,000000007b5207b6,13.75
9669,2019-08-01T09:06:26Z,556cae6b2e2dec6fe691a835e8e08bd016b1a65797c0aca46879329f,60.17919,24.95181,000000007b5207b6,6.46
9670,2019-08-01T09:06:26Z,559429bba23762a872fc7b1e2219d42125ab101e4355d43fdb94ed7b,60.17919,24.95181,000000007b5207b6,10.78
9671,2019-08-01T09:06:26Z,559e6a5225ce35ab844c63ea0d0c1695dc490a3d9cfbafa5d35ac8d8,60.14947,24.91438,000000004ef3150d,9.12
9672,2019-08-01T09:06:26Z,5830a481876da00686f25b17dad06258a39212c0816ed04dda2df1bd,60.16531,24.9442,00000000fdda10fe,18.79
9673,2019-08-01T09:06:26Z,584adabea16213fba5e201e8dddabc4a069951e35fb1731180ebf8b3,60.16762,24.95415,000000006b44cce7,21.87
9674,2019-08-01T09:06:26Z,584cb0b0cdd14e608c8b57c8aecc9826f9b40027e365e2438a444ea2,60.16762,24.95415,000000006b44cce7,9.92
9675,2019-08-01T09:06:26Z,5865a27b5b56a60bca38e4a1403655e3e7fd0232a3ff2079965aff81,60.15432,24.9211,0000000019fb59c4,3.4
9676,2019-08-01T09:06:26Z,5978726eeef638856dafd3a8d199287f8daf9e90ddde750b402f8bb0,60.17065,24.93641,000000000f4919c9,9.92
9677,2019-08-01T09:06:26Z,5a3004325b5a058e02fb9f32ef4f7e9cc465240cbda7a7e4ec89d2de,60.16629,24.95957,00000000fb7600be,16.1
9678,2019-08-01T09:06:26Z,5a34b02faac3189217466888ef1d31cc80f721ac2f18638c5db88d53,60.14947,24.91438,000000004ef3150d,23.56
9679,2019-08-01T09:06:26Z,5a8d671a78b976d212d9746d88b9a754a2d9c8341c529e88b7c6b8f4,60.17065,24.93641,000000000f4919c9,17.4
9680,2019-08-01T09:06:26Z,5b06617477af6dcee75a94ac347364b50f6f3b5b7d747e5413d9ad58,60.14947,24.91438,000000004ef3150d,9.12
9681,2019-08-01T09:06:26Z,5c1f71098d5d7258d2971061c791c94e0138c8e02225c5f60d6a0428,60.149,24.9843,00000000fffb8cf0,16.1
9682,2019-08-01T09:06:26Z,5daa76852f3e1be6c75fa2185d5787ab9010cf83d6671515769a8649,60.16531,24.9442,00000000fdda10fe,29.32
9683,2019-08-01T09:06:26Z,5e2c5c20c88ccf362ed8749d1ddc041b1cb1c38d8dbeac7870179322,60.16629,24.95957,00000000fb7600be,9.12
9684,2019-08-01T09:06:26Z,6051ed50496b74a6ff68c86205d23971fcaccd6c91edfe7d78fa71b0,60.16897,24.95222,00000000aa852af1,18.79
9685,2019-08-01T09:06:26Z,6072bfb496e2b8a999c9edbda5b76fbc0e783ff2a439c4e6c881fabf,60.16829,24.94214,00000000afef4555,21.87
9686,2019-08-01T09:06:26Z,619c5b31af2a28703a837cc7974ef0d2c5bb6584ba0fcc03076218ac,60.17002,24.94407,000000006b087f40,18.79
9687,2019-08-01T09:06:26Z,61e4465b011a94bbf6341adebb1aed56100967cac117b368910b36de,60.16544,24.95398,0000000038d83d41,23.56
9688,2019-08-01T09:06:26Z,626bf35ce16dba1054cfd175d09475d3ee751bf70e56f984ff5c7ab6,60.15133,24.92329,00000000e8a064a4,20.28
9689,2019-08-01T09:06:26Z,63ff2439779051005c18876d20ed53ce060c1de9d7976821bd518fc6,60.15432,24.9211,0000000019fb59c4,9.92
9690,2019-08-01T09:06:26Z,6470ee836399c5610581ec9de09772d350282ecc4c5c57fa02a5ec68,60.16075,24.95883,00000000f1124bca,27.28
9691,2019-08-01T09:06:26Z,65b6b62b547e11e10f7f83ad497446bee2bb9653097d9d62e9b1b817,60.17065,24.93641,000000000f4919c9,17.4
9692,2019-08-01T09:06:26Z,67cf7d2881080aa59ed36a6d88ea1946d17e9d1d5e1ad9eee1851969,60.18203,24.91341,00000000342570c2,18.79
9693,2019-08-01T09:06:26Z,685af6b01bd180194d718801bb8b9c9de22050cc392d6c6441fe986b,60.18203,24.91341,00000000342570c2,9.92
9694,2019-08-01T09:06:26Z,69e2854c78a472b462941ef730aa9fa7a9dba9c1cc22996396d4c78a,60.17919,24.95181,000000007b5207b6,17.4
9695,2019-08-01T09:06:26Z,6adce4d05e58232a97635a2fd7918e4e49d9295afc0989d727f9c712,60.17002,24.94407,000000006b087f40,9.92
9696,2019-08-01T09:06:26Z,6d56491192fa27047948db939f9876a2ce68a0ea1413bd8ce174e0e0,60.16762,24.95415,000000006b44cce7,17.4
9697,2019-08-01T09:06:26Z,6d5a8ded89f26533ed851d1a0894f0d9045e9cd4baed439f7d9a922b,60.16629,24.95957,00000000fb7600be,17.4
9698,2019-08-01T09:06:26Z,6d94a134d3b5f52416c91453c67615e480218e6db3a6004b1ba8a79e,60.16829,24.94214,00000000afef4555,31.5
9699,2019-08-01T09:06:26Z,6d98ac1fea7056e5b96d6095caf0e3677a4ec30e9fbcc2e50ae1cf65,60.16629,24.95957,00000000fb7600be,8.38
9700,2019-08-01T09:06:26Z,6dca84ddf4be668487766d17c5d13961ed713d24032f709ae87a497f,60.16829,24.94214,00000000afef4555,8.38
9701,2019-08-01T09:06:26Z,6dd5463e670c352180c1e912300e21e59f5e2976266df8c3c92b0baf,60.16829,24.94214,00000000afef4555,11.7
9702,2019-08-01T09:06:26Z,6e80fcea10d21e1d5e672b554c0f3fe686dc58934f38c3391fd5c262,60.17002,24.94407,000000006b087f40,13.75
9703,2019-08-01T09:06:26Z,6f616e6334d0ed70e5ea15408a51e9daf643369911d94d76830a7d65,60.16544,24.95398,0000000038d83d41,16.1
9704,2019-08-01T09:06:26Z,7003a7f6a5523b645634f014e04bea36016953a8af9324e35602bc2e,60.14947,24.91438,000000004ef3150d,16.1
9705,2019-08-01T09:06:26Z,704c3f3075f13713c363014fa828e4a932e7a05676813b9963a1e554,60.17919,24.95181,000000007b5207b6,1.7
9706,2019-08-01T09:06:26Z,70d391038ec56b63a3737605c2c1db6ffbdca8e4490691776dc993f1,60.16829,24.94214,00000000afef4555,3.4
9707,2019-08-01T09:06:26Z,7105a68b527be40338bcf13245fe1975a15988a3c557bbb24fd26422,60.16762,24.95415,000000006b44cce7,20.28
9708,2019-08-01T09:06:26Z,73d6b97f785fc0a0a9ed2a397fe1bf1cfa199679f6262451d10e0382,60.16762,24.95415,000000006b44cce7,18.79
9709,2019-08-01T09:06:26Z,750297d0d8ff0ca837d9c2289c26302d62f38708617150431ab14509,60.16531,24.9442,00000000fdda10fe,18.79
9710,2019-08-01T09:06:26Z,75049fff3ffe95cf5b5e0535038134cb40d495916403fefb6d657a50,60.16762,24.95415,000000006b44cce7,17.4
9711,2019-08-01T09:06:26Z,7563b91d728fe470bc4d89aa18128a87b92c747336dd2c70cfbf9e84,60.1538,24.95595,0000000038bf9618,33.81
9712,2019-08-01T09:06:26Z,76c2f7b3773d4bebd4dabada1c2b98fe4ea9762e9c98b4a6371d7746,60.16762,24.95415,000000006b44cce7,9.92
9713,2019-08-01T09:06:26Z,7700297fec4982ad776529835e2ab46d4e5cbc889e26f368c19efeef,60.16829,24.94214,00000000afef4555,13.75
9714,2019-08-01T09:06:26Z,774131d73accbbb31ec3c43c3501b7969645eb65df1839ca8116526e,60.15432,24.9211,0000000019fb59c4,11.7
9715,2019-08-01T09:06:26Z,78a9535148d256e36a93dcce58f6dac7864c3bcd43b255c37291aa30,60.17002,24.94407,000000006b087f40,21.87
9716,2019-08-01T09:06:26Z,7a6e7ba82e6b0c07f13302099a2ffb55e08a56850ee8c1c6c1bd65d3,60.17065,24.93641,000000000f4919c9,31.5
9717,2019-08-01T09:06:26Z,7c1534082e86ff4387878d813207626d8f728aa26b97248e00a3b8d7,60.16629,24.95957,00000000fb7600be,12.69
9718,2019-08-01T09:06:26Z,7cd51189de07d01882cf0a9346f0830a9b21764875334d45e143fbd5,60.17002,24.94407,000000006b087f40,14.89
9719,2019-08-01T09:06:26Z,7d12711d47425111a6dce413faa867542b9532f3b9c5a934b37a0bc8,60.17918,24.95141,00000000675d5200,25.36
9720,2019-08-01T09:06:26Z,7d415f4fd9093fb383b4ebb88961ad74e6a00d3ece39504712dad639,60.17919,24.95181,000000007b5207b6,18.79
9721,2019-08-01T09:06:26Z,7eb4a715919b3eb4085270535ce4d7b57112591ad7242eb189bf652a,60.17065,24.93641,000000000f4919c9,18.79
9722,2019-08-01T09:06:26Z,7f59aaecea1eee6c703ec5d46d67b44289ddedf080defee495b73739,60.14947,24.91438,000000004ef3150d,10.78
9723,2019-08-01T09:06:26Z,7faf8705e89a761625aaed50b89538581e25d5950ec8f051d36ed829,60.14947,24.91438,000000004ef3150d,16.1
9724,2019-08-01T09:06:26Z,7fe96255e89da662cb4a10df4705f39989babea20fdc4ef0bf4fb395,60.14951,24.92138,0000000006dd41f6,33.81
9725,2019-08-01T09:06:26Z,809bf2d7a0745ae512b934a578fd5fd47c13c5398b6d06ad350b9e7c,60.14947,24.91438,000000004ef3150d,10.78
9726,2019-08-01T09:06:26Z,8165c5f8d06298ffd56f071c0ad1cc9f1d4f08084936937d712d0b61,60.15133,24.92329,00000000e8a064a4,23.56
9727,2019-08-01T09:06:26Z,82b78c2220aee81a2744ddfaf7ed29663888987dba6b7cdda05731d9,60.14947,24.91438,000000004ef3150d,7.69
9728,2019-08-01T09:06:26Z,85bdce5b262dbd94adcff03e6cad26a1152828b6ab27e6fdd56b2b13,60.16762,24.95415,000000006b44cce7,3.74
9729,2019-08-01T09:06:26Z,86e7584bf95733cef59d74bb4955881e99dc86b73a0d5b4e3ef58b50,60.18203,24.91341,00000000342570c2,17.4
9730,2019-08-01T09:06:26Z,87f1cc4c4a9de1ab81fe39cf7fde6cf0d4778e690f1665b62231ce46,60.149,24.9843,00000000fffb8cf0,27.28
9731,2019-08-01T09:06:26Z,880f9cbb91b9caf48ea9c5dd1a0c8e1db72922b6dfcb647b102fc469,60.16629,24.95957,00000000fb7600be,14.89
9732,2019-08-01T09:06:26Z,88c2bc6310f27465b9f08b28fb52075d7703ce7b097e5beb37c7437c,60.14947,24.91438,000000004ef3150d,9.12
9733,2019-08-01T09:06:26Z,898cde3317c73907bb23b1b885828c4bf3187c3a757a18dc32abe970,60.16762,24.95415,000000006b44cce7,5.41
9734,2019-08-01T09:06:26Z,89aeff56a0700534bbf2dfd19fc298f5a890c95e1a45b6ca7ad3c33a,60.16829,24.94214,00000000afef4555,7.05
9735,2019-08-01T09:06:26Z,8a01e28fd327e5c56dcf2dc8b2b7762a96d77584c21990a073ceb11f,60.16829,24.94214,00000000afef4555,3.74
9736,2019-08-01T09:06:26Z,8c2c35fb6ebc0f07014a3291523f291bea82160dee13d091314cde65,60.16762,24.95415,000000006b44cce7,9.12
9737,2019-08-01T09:06:26Z,8c571538c285dba9d77edacfb1829b282d54b772b62209c6e4004237,60.17919,24.95181,000000007b5207b6,13.75
9738,2019-08-01T09:06:26Z,8d5e893f77b3d167ebefad4ecab181fea08513599a6f9450f0b9a827,60.17919,24.95181,000000007b5207b6,16.1
9739,2019-08-01T09:06:26Z,8e20d0d67339e3cf43e77c3a340d9dc6766de8d079197a08a1343ff0,60.17065,24.93641,000000000f4919c9,13.75
9740,2019-08-01T09:06:26Z,8e6caf283696ed75a4aff0c3f528dad5878f6f4b82cbd3eae1164484,60.16897,24.95222,00000000aa852af1,23.56
9741,2019-08-01T09:06:26Z,8ec54dc2fd63fcef9c0df9dffc12f40ebbada360614e04849594479a,60.17002,24.94407,000000006b087f40,23.56
9742,2019-08-01T09:06:26Z,90a44cbd1a957cc59a6986cff9b6b7b8e151d379e17da645069428b8,60.173,24.92524,0000000096918cfa,21.87
9743,2019-08-01T09:06:26Z,92d558faaf274f5fac1ccabea7bd30042fdd6fee95770c60123653a3,60.16762,24.95415,000000006b44cce7,9.92
9744,2019-08-01T09:06:26Z,939c459d913b0b38838071a0d13671e83e4a751f44624b21e84daa69,60.16762,24.95415,000000006b44cce7,4.11
9745,2019-08-01T09:06:26Z,93a13528693a5862c05b962a6681ea8c2bb319c6b0ed3b7ae2539723,60.16629,24.95957,00000000fb7600be,16.1
9746,2019-08-01T09:06:26Z,941ae9ee7e3b81b7cee350c534d24d49294910aaccfec7cf9a38fb2d,60.16629,24.95957,00000000fb7600be,20.28
9747,2019-08-01T09:06:26Z,941e13893853105c86bfbc6d31d62274937602143ce3bb530c8c17ed,60.17919,24.95181,000000007b5207b6,2.8
9748,2019-08-01T09:06:26Z,94d0134c78d883121a7e06e18094d572c8f674376c94be77cc087513,60.16762,24.95415,000000006b44cce7,12.69
9749,2019-08-01T09:06:26Z,96fe6f46ee651c416e8582b7158344011d0d2c74518a8df4be8791dd,60.16544,24.95398,0000000038d83d41,29.32
9750,2019-08-01T09:06:26Z,99a026b5100e23129fa529e9a57a3dbc8490dc03b58f2193f03e2dcf,60.14951,24.92138,0000000006dd41f6,5.41
9751,2019-08-01T09:06:26Z,9abbc86fb0fc1c0532042814af76a97e6a17121831d4394749a290a6,60.16762,24.95415,000000006b44cce7,4.94
9752,2019-08-01T09:06:26Z,9b3e6848d8b34e802134d6da0e5a594897ec3fafbbf08b6d0b84068e,60.17919,24.95181,000000007b5207b6,6.46
9753,2019-08-01T09:06:26Z,9bdb503344071eddd74d821f537246d8a6c19468b05d38d0170377f9,60.16897,24.95222,00000000aa852af1,18.79
9754,2019-08-01T09:06:26Z,9bef8b28ea93ecaee57d05b037edbfe7f80014aaf56343345fedd7be,60.17919,24.95181,000000007b5207b6,4.94
9755,2019-08-01T09:06:26Z,9ce214896068957a21bc57af08680d84debbd091b49ad5e6402c4cc8,60.16629,24.95957,00000000fb7600be,14.89
9756,2019-08-01T09:06:26Z,9dfecc3e26cb27e4b80721e355ef0d6cb182ac2eebf66b006e2d9f8e,60.149,24.9843,00000000fffb8cf0,27.28
9757,2019-08-01T09:06:26Z,9e343a150f07bb3dcce5ecab8ac061b84d65b347b1af5a232e00eeb6,60.16829,24.94214,00000000afef4555,21.87
9758,2019-08-01T09:06:26Z,9eee6d740f1d483c484d02f0995f35550c09e6a8cf01f02680db5efc,60.16448,24.97323,0000000053c6c2be,25.36
9759,2019-08-01T09:06:26Z,a04214b56cac7d70680703ee6a28fac742f3c3190b55b46a79c1f76d,60.149,24.9843,00000000fffb8cf0,20.28
9760,2019-08-01T09:06:26Z,a1049deed97cd1989c882cb47bb39f0d93d1fddbac4e9307e8a4249e,60.16544,24.95398,0000000038d83d41,25.36
9761,2019-08-01T09:06:26Z,a2333053951d093ef490bcc3b9455fa0ed512421b5b597602785ab28,60.16531,24.9442,00000000fdda10fe,23.56
9762,2019-08-01T09:06:26Z,a256ee4e61079f54581967787db25324859ef431207cb182cd468fbe,60.16829,24.94214,00000000afef4555,44.58
9763,2019-08-01T09:06:26Z,a2e761fd97d8bdf78601300822b531e306b9ab7a1a43b6bfb07eba52,60.14947,24.91438,000000004ef3150d,11.7
9764,2019-08-01T09:06:26Z,a38c11c450b472b9dad2f076e2d9a63651292d3de806331d06af7f46,60.16531,24.9442,00000000fdda10fe,12.69
9765,2019-08-01T09:06:26Z,a47e8613674297dc49b26801b19d2110d009aaee57412f2127f3b093,60.16897,24.95222,00000000aa852af1,16.1
9766,2019-08-01T09:06:26Z,a4b9f871dcc986c95f1e84fe203bb392ba0fe13164d89119bda2c94a,60.16762,24.95415,000000006b44cce7,7.69
9767,2019-08-01T09:06:26Z,a66eb6150c36b53f6240acfe16dd98ceb16c43b8e02d0b56993bac73,60.16897,24.95222,00000000aa852af1,17.4
9768,2019-08-01T09:06:26Z,a6d0dd9de406b1201a4e438ec7c5f4a467f38c41e2dec42ff6c71d50,60.16897,24.95222,00000000aa852af1,9.92
9769,2019-08-01T09:06:26Z,a786eb3b8a25c58099a428799e99d0b86401f803ee38d3e5d20e59d3,60.15432,24.9211,0000000019fb59c4,5.91
9770,2019-08-01T09:06:26Z,a808962cb511e5ed2d23e6e33efe252b1be29dc1d2f7c6154817f04f,60.16448,24.97323,0000000053c6c2be,18.79
9771,2019-08-01T09:06:26Z,a83703c80a4d58db87327a53b0d3664d23edf7350ff6b0afaa49c530,60.16629,24.95957,00000000fb7600be,16.1
9772,2019-08-01T09:06:26Z,a8ca7fb815e707c04434a085c4f99e783d56372143afc92225eae622,60.15133,24.92329,00000000e8a064a4,20.28
9773,2019-08-01T09:06:26Z,a9ee2aabbd32919adf0325ca2f2c5f8e0ba801bc168e8756cda957da,60.16629,24.95957,00000000fb7600be,25.36
9774,2019-08-01T09:06:26Z,aa05a7036c3586a79d23f426b78bf158357208bc82d7ddf9a1326dd2,60.16531,24.9442,00000000fdda10fe,7.69
9775,2019-08-01T09:06:26Z,aa5281244780ac8f283c3452639d477cd76e31fc6f0b95b99c51a9b0,60.16762,24.95415,000000006b44cce7,3.09
9776,2019-08-01T09:06:26Z,ab615ee5bbf567aee3505fbb360d09fc6b851f93fb15aef778b57128,60.16531,24.9442,00000000fdda10fe,11.7
9777,2019-08-01T09:06:26Z,abf0be93e7a8aec9fa8284fdbcc2493f32084aa95f15660b23e149c6,60.16629,24.95957,00000000fb7600be,7.69
9778,2019-08-01T09:06:26Z,acb3f4b2a6b9fe720b98158caba37c1958df05919990f30368dbbd8b,60.16762,24.95415,000000006b44cce7,16.1
9779,2019-08-01T09:06:26Z,acbbe4765d72f36b0323407c7dbe43db7b4ad5e2da0a6a9e5966db0b,60.16897,24.95222,00000000aa852af1,5.91
9780,2019-08-01T09:06:26Z,ad22512fd6a5ad9e19fdfad7e02b2793ecb01875be243f894c637ae2,60.16829,24.94214,00000000afef4555,3.74
9781,2019-08-01T09:06:26Z,af67ffa8b538058603b74f48e04ab914e8f6cd450f53c47f8c3d683d,60.15432,24.9211,0000000019fb59c4,8.38
9782,2019-08-01T09:06:26Z,b09e9bb62cc49c085c1aee3b752af1bec69dabc939323e5733f73933,60.17065,24.93641,000000000f4919c9,20.28
9783,2019-08-01T09:06:26Z,b28757d67868f9471f0d997a935e857fd0ff1095449820929597563b,60.16762,24.95415,000000006b44cce7,11.7
9784,2019-08-01T09:06:26Z,b32e57a6f5865a23d7a0e9fa346d5ec4e975f99c4df815fe8b1449b2,60.17919,24.95181,000000007b5207b6,11.7
9785,2019-08-01T09:06:26Z,b4ad2ae124ba06d650fd30de0b19851bff32daef16a95b7f1bb96a00,60.16897,24.95222,00000000aa852af1,29.32
9786,2019-08-01T09:06:26Z,b50a45ac0708e7b5cca42f3458430eb22ff70a81c575bafe99ffda23,60.17002,24.94407,000000006b087f40,7.69
9787,2019-08-01T09:06:26Z,b5603e758440226e490d1d7d7271a7b0d5c261eccbad198f81110136,60.15432,24.9211,0000000019fb59c4,3.09
9788,2019-08-01T09:06:26Z,b69604356a52f2b1b9c5de09a350f42d87f5b969e3e824d8b6b2368f,60.16829,24.94214,00000000afef4555,14.89
9789,2019-08-01T09:06:26Z,b6c43126ca83e916a68e57d0178060c24fc61305836b6c8f188f7285,60.17919,24.95181,000000007b5207b6,18.79
9790,2019-08-01T09:06:26Z,b8fb70225ee0a2d655e2809da07a2f8cd2feb7295aa256f8b35fcf1e,60.16629,24.95957,00000000fb7600be,16.1
9791,2019-08-01T09:06:26Z,bb2187a4e20012ad694c768ef2c47c9a9055671024ebf4855d4e6243,60.16531,24.9442,00000000fdda10fe,1.38
9792,2019-08-01T09:06:26Z,bc384bbbf1b2b631cf27066787a32985e9ede5c94a64dc3cab8b6855,60.14951,24.92138,0000000006dd41f6,41.64
9793,2019-08-01T09:06:26Z,bc82f76c979de19b559e9e3aa0cd6cbf5ac361e2d7b1ac9f81fe2f4f,60.17919,24.95181,000000007b5207b6,6.46
9794,2019-08-01T09:06:26Z,bd17e41f002acd238070518ccfb611a42561023ceaefde667bf6fa55,60.17002,24.94407,000000006b087f40,16.1
9795,2019-08-01T09:06:26Z,be12d6aaccf354197284a8c92b960bd6a4e1705f7d948823e7891fde,60.16762,24.95415,000000006b44cce7,8.38
9796,2019-08-01T09:06:26Z,bf546b1abc8eba5c7f399f527508a7304dea62586aa297896d71ea5c,60.18203,24.91341,00000000342570c2,29.32
9797,2019-08-01T09:06:26Z,c15da9ed244b57a27a083919c67d0edde078a31b18cb58f13581f173,60.1538,24.95595,0000000038bf9618,23.56
9798,2019-08-01T09:06:26Z,c1674c59c49d5bf74e6808239a91d18a04e47697d298bc61a7618af2,60.16448,24.97323,0000000053c6c2be,12.69
9799,2019-08-01T09:06:26Z,c375f2dac85f963c33b2daf76ffb0c32d2c8fd08172419336e308686,60.14947,24.91438,000000004ef3150d,25.36
9800,2019-08-01T09:06:26Z,c434f18b802a764aad7a2dfb46e93546acb1b0975cf9b93fd47363f6,60.15432,24.9211,0000000019fb59c4,4.5
9801,2019-08-01T09:06:26Z,c46895857ca53c3362932d446a58c13b60d297f99ca237d4546589e8,60.16897,24.95222,00000000aa852af1,25.36
9802,2019-08-01T09:06:26Z,c51beff15d228f2dab9416cadfcc60fe269ce3d9202a9cf2ec7e7647,60.16829,24.94214,00000000afef4555,23.56
9803,2019-08-01T09:06:26Z,c55f651c108f569fe59364de834d31b122908186d2f95d20ed519564,60.16762,24.95415,000000006b44cce7,9.92
9804,2019-08-01T09:06:26Z,c65c11ee6e8b5894ead3ea9b007a39127edb65a67be253aca6f78ed0,60.16448,24.97323,0000000053c6c2be,27.28
9805,2019-08-01T09:06:26Z,c71ca1a0d84d8b380a2d73e225e3300b3aaa1f0bf494129f8dbed55f,60.17918,24.95141,00000000675d5200,18.79
9806,2019-08-01T09:06:26Z,c872af9997af535c4615ee0b4194c7c8d644b7962afb3ca321eb386f,60.15133,24.92329,00000000e8a064a4,23.56
9807,2019-08-01T09:06:26Z,c8aef405537103b9d31a7e2dda43949f5844b9a36494f8defaf0d803,60.17002,24.94407,000000006b087f40,27.28
9808,2019-08-01T09:06:26Z,c8b9856a261673c3360915cd9a4dabb4afe22b63a86d7f59f7dc5f20,60.17002,24.94407,000000006b087f40,20.28
9809,2019-08-01T09:06:26Z,c8be2c26d4f0c9d399f32e84d95487a2644ffcb62681165be3d36a02,60.16762,24.95415,000000006b44cce7,10.78
9810,2019-08-01T09:06:26Z,c8df45d222b573af5441c1ec32616df82891a813c9217002a9d60846,60.16829,24.94214,00000000afef4555,10.78
9811,2019-08-01T09:06:26Z,ca7719c7cd8d4496b666f608fc07ba9930e362a0b2d96890b0778618,60.16629,24.95957,00000000fb7600be,12.69
9812,2019-08-01T09:06:26Z,cccf3ba2a9d11b9330c18af8064a20aca9995473495bf119162a1619,60.16897,24.95222,00000000aa852af1,11.7
9813,2019-08-01T09:06:26Z,cce3077cdfeedd0674391bec08ce94732557106542574c58a7f378bf,60.16829,24.94214,00000000afef4555,20.28
9814,2019-08-01T09:06:26Z,ce7de55c7709396c70ce5930097e84449a4889700e605a0b062aaeae,60.16531,24.9442,00000000fdda10fe,27.28
9815,2019-08-01T09:06:26Z,cf823e18aa21de251222a9ab70c1b76b6218dea694752d56f6f84082,60.149,24.9843,00000000fffb8cf0,23.56
9816,2019-08-01T09:06:26Z,d062562fed5ad0a61560e267310beb0b717d2a1e2a11d1d575507861,60.16897,24.95222,00000000aa852af1,18.79
9817,2019-08-01T09:06:26Z,d0ae4fabf429edbfdad59f8183cc6e5929f68633315448c9b83d4c16,60.16762,24.95415,000000006b44cce7,4.94
9818,2019-08-01T09:06:26Z,d16e16def718519430296afa23976c226aaf720722bce3d92a2aad43,60.14947,24.91438,000000004ef3150d,10.78
9819,2019-08-01T09:06:26Z,d29a5ebd00326d5dedb6c60cab75fd238bdaa9d7f703f6b5974edbc7,60.16762,24.95415,000000006b44cce7,8.38
9820,2019-08-01T09:06:26Z,d31d6921eee92503b486a1b30f5330581c4744a82e6549f375544846,60.17918,24.95141,00000000675d5200,29.32
9821,2019-08-01T09:06:26Z,d562afdedae521be241c98441e436608a323fdb944dedc24c835e762,60.17065,24.93641,000000000f4919c9,9.12
9822,2019-08-01T09:06:26Z,d653ef8368d33df4fc7edeb5a381d5826be1471f1470aa9744d47901,60.173,24.92524,0000000096918cfa,3.74
9823,2019-08-01T09:06:26Z,d65b8625c1f24304ff0e3c4a4dce7aa5d434d36be87be41834a49420,60.16531,24.9442,00000000fdda10fe,9.92
9824,2019-08-01T09:06:26Z,d6e217c6592e449e2390b1a874e08cbc9126116901dbdbf84501c6b8,60.17065,24.93641,000000000f4919c9,27.28
9825,2019-08-01T09:06:26Z,d74ea3c9e0aaa523c791aa01f4f9a7c1c43f01f585dc4146b19edf83,60.17919,24.95181,000000007b5207b6,5.41
9826,2019-08-01T09:06:26Z,d7734ef0345fcffc0f4bd7579275af62987490aba012209832e92059,60.16629,24.95957,00000000fb7600be,9.12
9827,2019-08-01T09:06:26Z,d81eea3c8bf927d879268dc01665b897d48eecc647bbf61f91f37a33,60.16544,24.95398,0000000038d83d41,31.5
9828,2019-08-01T09:06:26Z,d87c4d5dc2cd620de54fdd076d4f9b35245053d65b644d9e01f558b5,60.16762,24.95415,000000006b44cce7,7.69
9829,2019-08-01T09:06:26Z,dbedd81db3d59ee0c6948187e396a34e2fa5dd6670cf8d862bf5e1ff,60.16762,24.95415,000000006b44cce7,14.89
9830,2019-08-01T09:06:26Z,dc786895c819070347a0a268463f0a8b15f5eec1647f016a9e78e9e0,60.1538,24.95595,0000000038bf9618,23.56
9831,2019-08-01T09:06:26Z,deb8a213e1b4930e676ee8fdb394161ec46adb785171fa37437b4d44,60.15133,24.92329,00000000e8a064a4,9.12
9832,2019-08-01T09:06:26Z,ded712413bfc7de58a469fab75498089b2c3c6b5e0c9cae260102284,60.16829,24.94214,00000000afef4555,7.69
9833,2019-08-01T09:06:26Z,dfe80baf219bd267a459c954a8e3027b3f1ed29fea2a5355456d5652,60.16897,24.95222,00000000aa852af1,7.05
9834,2019-08-01T09:06:26Z,e0cf7a6517d1ada0d8ef91433c515d7c771cb73905ec354546b9741f,60.16762,24.95415,000000006b44cce7,11.7
9835,2019-08-01T09:06:26Z,e234769b1ce1634554f5fa4a290d11b2a30c3dfd009d4c39a2e9dd3d,60.17065,24.93641,000000000f4919c9,20.28
9836,2019-08-01T09:06:26Z,e2bb0ae74deee6cbc4f50c5f85da3f1779ca1db1ae7ff48ab4b33dbc,60.17918,24.95141,00000000675d5200,16.1
9837,2019-08-01T09:06:26Z,e2f445c6711e0e7d48a6a045bec347587f9f398e8928a171cfa2ca38,60.16762,24.95415,000000006b44cce7,12.69
9838,2019-08-01T09:06:26Z,e4439e4ec150b88dd1bd9bffffabcc529c31fb945e517ed5b97a43cc,60.17002,24.94407,000000006b087f40,33.81
9839,2019-08-01T09:06:26Z,e528235be3e5cc4945024d50d1ed43061e2e2f2845f2b41e081e1721,60.17919,24.95181,000000007b5207b6,7.69
9840,2019-08-01T09:06:26Z,e5c420a1e245fdd6edfa81749854024d8647ad7ac70035cea94ca645,60.16829,24.94214,00000000afef4555,29.32
9841,2019-08-01T09:06:26Z,e5cad8bb9a6c8dcc067948d7f869033aca5bdd062da175c8734092e6,60.17919,24.95181,000000007b5207b6,5.41
9842,2019-08-01T09:06:26Z,e8add7e8346b99cd4b67924113f3763441a1899897c6d1ac3a1a40a6,60.17919,24.95181,000000007b5207b6,18.79
9843,2019-08-01T09:06:26Z,e8fe5d3b6aa0651dff5b4a9c6dcff3135e3bdcbb1cddc9b871e9d991,60.14947,24.91438,000000004ef3150d,29.32
9844,2019-08-01T09:06:26Z,e9064a62fac257836cb6fbcf0d84fab1ebdfa46bd6734632f1e6f116,60.16829,24.94214,00000000afef4555,16.1
9845,2019-08-01T09:06:26Z,e9275b4d525e0593374e00e9cf9885062a1699ecb3462c758a025ef1,60.16762,24.95415,000000006b44cce7,12.69
9846,2019-08-01T09:06:26Z,e9e1a66ce9f699fc1713bb44cd67a332f584f0c51d18774fc72b8eea,60.16762,24.95415,000000006b44cce7,9.12
9847,2019-08-01T09:06:26Z,ea3f8412ed9c4d92448688dd9cc7ff9e3eeb5fe4373d0953bf0349c1,60.16531,24.9442,00000000fdda10fe,14.89
9848,2019-08-01T09:06:26Z,ea94130fbb3464dc656765cfddbad802ddfafb1af8007cb5f42cd41f,60.16829,24.94214,00000000afef4555,8.38
9849,2019-08-01T09:06:26Z,eaf572301dc5c1eaff007bc1886cce8f0f5e92a233b8686ed2a1a9cc,60.17065,24.93641,000000000f4919c9,14.89
9850,2019-08-01T09:06:26Z,ec2dd83e04d225caca9f6b9d28bd3080ed37c5bf42e5f65123fa2394,60.17065,24.93641,000000000f4919c9,12.69
9851,2019-08-01T09:06:26Z,ec7121833f0e4b509d683b00a9c5e992e4b84882cb857145102e14f4,60.16531,24.9442,00000000fdda10fe,1.88
9852,2019-08-01T09:06:26Z,ec8c0160ac1ee5aeaf6204956c9db2ee4f98f55ae3fe1ec0af07fab8,60.16762,24.95415,000000006b44cce7,4.5
9853,2019-08-01T09:06:26Z,ed86f884272a5a400b55bfd4f22bc8cc5d6fca7fe26eee3c39cb3c52,60.15432,24.9211,0000000019fb59c4,9.12
9854,2019-08-01T09:06:26Z,eef621895ee74145a6d76c5f5493a93d7c728c80abe45a2e1933ae9f,60.16897,24.95222,00000000aa852af1,11.7
9855,2019-08-01T09:06:26Z,ef67b9e4617f284b84167b4bdaff71108579a33ced0a2450ff25a1a1,60.16629,24.95957,00000000fb7600be,9.92
9856,2019-08-01T09:06:26Z,f1447725764ec0dca245fc67f2aa0a0c42e6b05808076aa74f0c1e7e,60.17919,24.95181,000000007b5207b6,17.4
9857,2019-08-01T09:06:26Z,f18c0c32d067aecf5602d70693ac888cab1be6dbb0d154be5153dfcc,60.16829,24.94214,00000000afef4555,13.75
9858,2019-08-01T09:06:26Z,f1b28329fc91f4708ca34857c5582c0bf1b7d0ab06127746029cd72c,60.17919,24.95181,000000007b5207b6,6.46
9859,2019-08-01T09:06:26Z,f20935810c1567a80c288016c4d4dd32fe86b3479f47ae7dd64d15cc,60.15432,24.9211,0000000019fb59c4,3.4
9860,2019-08-01T09:06:26Z,f29ed00b645af4bbf50174e71f58a9b691d2e2342e59eda242d97380,60.16829,24.94214,00000000afef4555,14.89
9861,2019-08-01T09:06:26Z,f4bbc3077da0455d4340da2eed204915327b75a792080724548b4956,60.17919,24.95181,000000007b5207b6,4.11
9862,2019-08-01T09:06:26Z,f503a41d3e8b9b57628f4f061c1d8e0c53c62dd8a6fe38d212958ee6,60.16075,24.95883,00000000f1124bca,13.75
9863,2019-08-01T09:06:26Z,f50fd3b1715a94dff67461f4b8f252ecaa6acc16459b3d021f34f15e,60.1538,24.95595,0000000038bf9618,21.87
9864,2019-08-01T09:06:26Z,f587de6c8c03387c5e6a66cd7d20c45abad3668c8e2246611122547b,60.14947,24.91438,000000004ef3150d,20.28
9865,2019-08-01T09:06:26Z,f5c4e0083948ddd2cc19254413dec48f888a85bfe1f826a524e2a814,60.16075,24.95883,00000000f1124bca,36.27
9866,2019-08-01T09:06:26Z,f5d9e90c37840670f09005aa28a20ca561c4d6bc36ffd28c9ca80584,60.16829,24.94214,00000000afef4555,20.28
9867,2019-08-01T09:06:26Z,f741519cf6f519194bb45b9da0e69bda8edb903e3c24d4140f340467,60.16762,24.95415,000000006b44cce7,8.38
9868,2019-08-01T09:06:26Z,f77f8836e641389801309c311e926c1662264ab16efd01cd5bf27baf,60.16762,24.95415,000000006b44cce7,5.91
9869,2019-08-01T09:06:26Z,f803aeb1f00a057ed31451d0f3d132f27fec17305dc699176ac5339a,60.16897,24.95222,00000000aa852af1,12.69
9870,2019-08-01T09:06:26Z,f9e527876f8dfe750fd29bc42664bbf572aed5d09d344a8934a83d90,60.17065,24.93641,000000000f4919c9,5.91
9871,2019-08-01T09:06:26Z,fa1a3814c680b20020a08346c37ee2853e895984574575312bf262e7,60.14947,24.91438,000000004ef3150d,17.4
9872,2019-08-01T09:06:26Z,fa9f19c58a086fde9429d732b1eec80eacf5fc1b2c0124d17243d008,60.17919,24.95181,000000007b5207b6,16.1
9873,2019-08-01T09:06:26Z,fc75e05a713e8733c512a31a3bebec0a122af3e7afb2c5059c3f1a3a,60.17002,24.94407,000000006b087f40,10.78
9874,2019-08-01T09:06:26Z,fea1453360073dfc1896bf1f005f51addb49661f953e16cffba3c63d,60.16531,24.9442,00000000fdda10fe,9.92
9875,2019-08-01T09:06:27Z,0fff89885f08417f20aadfdbf62a372277e9085bcd024374b772ecac,60.16531,24.9442,00000000fdda10fe,33.81
9876,2019-08-01T09:06:27Z,144afc51fc2443c7031a2912566eff2ce60226a49d6d2bd7c2923700,60.16544,24.95398,0000000038d83d41,25.36
9877,2019-08-01T09:06:27Z,14c7e1511b70f4dd3359cbece1377aebb4d70531f5489eefe53d7c3c,60.16544,24.95398,0000000038d83d41,25.36
9878,2019-08-01T09:06:27Z,15918569de0a46a8eb56b43d8d39f7fc82619ff1006f00822c85745c,60.17919,24.95181,000000007b5207b6,6.46
9879,2019-08-01T09:06:27Z,1951291ca064d0fb480d958037c1477427d2ca8db455fef0b741bf9f,60.16448,24.97323,0000000053c6c2be,25.36
9880,2019-08-01T09:06:27Z,1f0f0628cdc688d76bde2b82bee5b9b4916bf0bbdfe76cf3213e1c65,60.15432,24.9211,0000000019fb59c4,11.7
9881,2019-08-01T09:06:27Z,2a93b61a3863ace54349d7a0937e4134fcc6d4dfcf064eefae2b7cf8,60.15432,24.9211,0000000019fb59c4,21.87
9882,2019-08-01T09:06:27Z,43b676ed3aef4c2d8846694817e76117873be52e7f788e0cb366c1c4,60.16629,24.95957,00000000fb7600be,23.56
9883,2019-08-01T09:06:27Z,5b91abc1d452431fdb7bc15f638eee91a54034b6327f40e58ccacda6,60.14947,24.91438,000000004ef3150d,25.36
9884,2019-08-01T09:06:27Z,5d65719c4cbf045f068d084b72302f447d5fd034413d97d13be00d0e,60.18203,24.91341,00000000342570c2,21.87
9885,2019-08-01T09:06:27Z,6a657079c1bdc8114c289be1ddd83e5846d4279a920d1697b8ff0033,60.18203,24.91341,00000000342570c2,20.28
9886,2019-08-01T09:06:27Z,6d22b751ff5173035dc85c52c3dff0780126adae67fe33dc62dd45ef,60.16531,24.9442,00000000fdda10fe,29.32
9887,2019-08-01T09:06:27Z,6f06341f358e61699fe1e55e986dd0554bc8da28b91daf0c5ad99db6,60.16629,24.95957,00000000fb7600be,23.56
9888,2019-08-01T09:06:27Z,6ff437688c444238352c28f64f9d2a7d0f14d19c9ea42c225380501e,60.16762,24.95415,000000006b44cce7,10.78
9889,2019-08-01T09:06:27Z,76c7f42283513d0e289bf786d89463b5025b2ae0f4e13519a4cf228b,60.15432,24.9211,0000000019fb59c4,20.28
9890,2019-08-01T09:06:27Z,78d5f60b36b59c06c3988b94e11744bb3aed5dcbc214f91f228bf892,60.16448,24.97323,0000000053c6c2be,23.56
9891,2019-08-01T09:06:27Z,84fdfd8881f633c5f0c71c1480053953ca4b05e848052d97c063ad38,60.1538,24.95595,0000000038bf9618,29.32
9892,2019-08-01T09:06:27Z,87dfaad29a9276ddddb1fa021d3bc23ad14824c1af16f7d87e713689,60.14951,24.92138,0000000006dd41f6,9.92
9893,2019-08-01T09:06:27Z,89982a6acf91b79a282a6b63978e946ee205f303fcd20e944e06baf0,60.16544,24.95398,0000000038d83d41,31.5
9894,2019-08-01T09:06:27Z,8c75c3289c84fe4493e1e272a77b615fe1985880c5dc68a7c1a17b53,60.16762,24.95415,000000006b44cce7,9.92
9895,2019-08-01T09:06:27Z,8cc6ddaa460aeae8cc9e8a33f91a01c8cd4c0c8bf8a943210a28c84d,60.1538,24.95595,0000000038bf9618,13.75
9896,2019-08-01T09:06:27Z,9843c6216661048343a0e49cf3d8aa2883cf77f452666a1c873a1052,60.16448,24.97323,0000000053c6c2be,9.92
9897,2019-08-01T09:06:27Z,99cb4bb5b3b12aac45ef79672638c6ed83f76949e4be813f411d6041,60.17065,24.93641,000000000f4919c9,27.28
9898,2019-08-01T09:06:27Z,9d03d14afa49576281aa26db60e517f7c1ec8aa36f7756959a860a8a,60.16629,24.95957,00000000fb7600be,11.7
9899,2019-08-01T09:06:27Z,9ff35a7f150d05ef75c3777dbae4f91e5b1a4d0830a984c50f6da1bc,60.16897,24.95222,00000000aa852af1,29.32
9900,2019-08-01T09:06:27Z,a08cae03363d2e483a6ea717973088f4bd4276de96a9d438a7358ff4,60.16897,24.95222,00000000aa852af1,29.32
9901,2019-08-01T09:06:27Z,a14995de8d7238548ad864b3af34ee5e2003a3e4df9d516744be66a9,60.16544,24.95398,0000000038d83d41,38.87
9902,2019-08-01T09:06:27Z,a9da1ee82e3b670e276c26b483dd50f4a6d0c6f77ef82245d3ae6086,60.18203,24.91341,00000000342570c2,20.28
9903,2019-08-01T09:06:27Z,ab0f67c0c0e1ba5eac9013f9c314feadf340ddf08543b91e70483594,60.16544,24.95398,0000000038d83d41,18.79
9904,2019-08-01T09:06:27Z,b1f358076ba79ef902a36ca8ae3f8ec7c93308a67c479345bfdbdecf,60.1538,24.95595,0000000038bf9618,27.28
9905,2019-08-01T09:06:27Z,b4faf2d3c4d2b199afeab6ab63b583fe3a2e81e14abbef6917f25129,60.15432,24.9211,0000000019fb59c4,20.28
9906,2019-08-01T09:06:27Z,b5026d7cf52e7ab96df2ba76a516d819fb11765e520b765d373d186b,60.16448,24.97323,0000000053c6c2be,14.89
9907,2019-08-01T09:06:27Z,b5fd6b317890e5ab2d79e2cd1abe61626d45a753c7337d0d40728898,60.16762,24.95415,000000006b44cce7,11.7
9908,2019-08-01T09:06:27Z,c40c37def6bf11a63a2556519a7c6233fd417cdeea2cf14f28e7c42c,60.16531,24.9442,00000000fdda10fe,17.4
9909,2019-08-01T09:06:27Z,cb65d9149ed0c4b936fa3dd930cf98d16ea7610207135a6f1689be01,60.18203,24.91341,00000000342570c2,33.81
9910,2019-08-01T09:06:27Z,cf05623e4d87ce0906c0b0b7dbf53aacc1228016cd27c341228b6e76,60.18203,24.91341,00000000342570c2,23.56
9911,2019-08-01T09:06:27Z,dd2c9c82cf3737146294aff6f814a1349fb0bc4bedf518715dacbe8f,60.18203,24.91341,00000000342570c2,20.28
9912,2019-08-01T09:06:27Z,ddc67f72e5e8f9a7d6b2da1da84e1837810b48e399bfa77518b37226,60.16531,24.9442,00000000fdda10fe,27.28
9913,2019-08-01T09:06:27Z,ec72ef080c605e71978aed0d3b5f22c3c3133677a43c614b72eedc6d,60.14699,24.922,00000000a53ed894,25.36
9914,2019-08-01T09:06:27Z,ed70dda6b7faebd4340dacdb452ab224d9d3c308df417b7fa76f54e8,60.14951,24.92138,0000000006dd41f6,20.28
9915,2019-08-01T09:06:27Z,f088630d7476dae7d4b7e2bb1f10575f2c89acb4b6e061f3d57c2b40,60.16531,24.9442,00000000fdda10fe,21.87
9916,2019-08-01T09:06:27Z,f22981c21af00fc334b3d8bdd523e23a50384666e97815f0ec1dc0ac,60.16897,24.95222,00000000aa852af1,11.7
9917,2019-08-01T09:06:27Z,f70a43051a4f59f5002c4018a464b44781f7f527861efda6626a2de4,60.16829,24.94214,00000000afef4555,16.1
9918,2019-08-01T09:06:27Z,f7e45613ad966fea53fab73b435ba3a087c774e36596b3a5156a3487,60.16829,24.94214,00000000afef4555,1.38
9919,2019-08-01T09:06:27Z,00787dad708490660b0b836fa415681cc57046fa521c0c0aaea14a9e,60.16762,24.95415,000000006b44cce7,3.4
9920,2019-08-01T09:06:27Z,00d98e49fc01c16216b630f9fdf19ce9826d27552ce2fa4676de957b,60.16829,24.94214,00000000afef4555,17.4
9921,2019-08-01T09:06:27Z,02050a536056486b1bf139282f0d0a3af63def1d56ff0c73ac51bb19,60.14947,24.91438,000000004ef3150d,27.28
9922,2019-08-01T09:06:27Z,023083c44c772667f1727e01c74518889b2a82d78ceb28c08b6f8a20,60.16531,24.9442,00000000fdda10fe,12.69
9923,2019-08-01T09:06:27Z,026f61905925674212a1c7d1e14b2ee5d1039bb4ecb5159f7d522150,60.16762,24.95415,000000006b44cce7,18.79
9924,2019-08-01T09:06:27Z,028149b8bfaf37d1f064cb0b4f23ae118f00d8eff41679fb8830396a,60.16531,24.9442,00000000fdda10fe,27.28
9925,2019-08-01T09:06:27Z,02fb8c740573d86a30d1a85d4b270f0d198cd0487446d6ca84453f3f,60.16544,24.95398,0000000038d83d41,23.56
9926,2019-08-01T09:06:27Z,0362cc670dcfab795a3911957b6a177416bf9b99d0e2732716796c4d,60.15432,24.9211,0000000019fb59c4,9.92
9927,2019-08-01T09:06:27Z,03f427d436ba092925de462b11374bdbdab0443620037675621fbc11,60.17919,24.95181,000000007b5207b6,8.38
9928,2019-08-01T09:06:27Z,0483eb7342f4e704caa76b9bc3d6a7bd836282960dafc2c756247134,60.16762,24.95415,000000006b44cce7,18.79
9929,2019-08-01T09:06:27Z,063935180fff0e58de5d319ecb9320cf794423e3c6aeac0cca8f1a9f,60.16897,24.95222,00000000aa852af1,10.78
9930,2019-08-01T09:06:27Z,08f9fd60f852d3502bfa509c955e9963e73954f961d55ba8cd46cae9,60.16629,24.95957,00000000fb7600be,13.75
9931,2019-08-01T09:06:27Z,0951ec0c700dba7330b8e8181fc852becde054d0dc7474d1488db3cd,60.17065,24.93641,000000000f4919c9,21.87
9932,2019-08-01T09:06:27Z,0c1684b697a63d7f47ebaedcfa060b3b4af294fec1e62d613699291a,60.16897,24.95222,00000000aa852af1,7.05
9933,2019-08-01T09:06:27Z,0c2d3bdaf0e8a9d6efcf95298acb85805b31c1c6618f00dd4489dddb,60.16762,24.95415,000000006b44cce7,18.79
9934,2019-08-01T09:06:27Z,0e62c7194170ff5abcdede8e7bb2dc9370e053dcd7957fc62f077453,60.16829,24.94214,00000000afef4555,21.87
9935,2019-08-01T09:06:27Z,0f0a47457083121cf6392eb1d6d9a764f269d3c0e33d76403c446678,60.16829,24.94214,00000000afef4555,27.28
9936,2019-08-01T09:06:27Z,1069967e3921871955b1b2b42e60f829c593a3e024401bfe61ae410e,60.16629,24.95957,00000000fb7600be,14.89
9937,2019-08-01T09:06:27Z,1074ffc7b33a1a8b54ea8f31d0f43ba07ed2ad7841b548f9bd4b9bad,60.17065,24.93641,000000000f4919c9,29.32
9938,2019-08-01T09:06:27Z,10cd81594fd56fa1f2c4799419a45b70833d3d8583b817324ee96da7,60.16897,24.95222,00000000aa852af1,20.28
9939,2019-08-01T09:06:27Z,10d0fed0f7d40b253b5fc5a53297dc9af8bb76fa6f34d5e71383cb62,60.17918,24.95141,00000000675d5200,20.28
9940,2019-08-01T09:06:27Z,1134a082e36fe03359bac74c814a0ed20468c45230115d4e25aa230d,60.16829,24.94214,00000000afef4555,13.75
9941,2019-08-01T09:06:27Z,141ffc858c3ea6a2e69c954115114304736a35dc25ec947323090dc0,60.16762,24.95415,000000006b44cce7,5.91
9942,2019-08-01T09:06:27Z,15b314157b22b2a5bf8a39539a049ce73e7baa21b0ce24f21718ce4a,60.17002,24.94407,000000006b087f40,13.75
9943,2019-08-01T09:06:27Z,16e18d478be872d2a9801fa885d08edeb3f5ae1840b38478f9baf535,60.17919,24.95181,000000007b5207b6,18.79
9944,2019-08-01T09:06:27Z,190cdde22bc3e3a41cd0f9da7efb3a917bc09e8034b05ca6064ea8a8,60.17918,24.95141,00000000675d5200,16.1
9945,2019-08-01T09:06:27Z,1ad9bdffafbbf8933ab6b3b695988ad31df32a874eddbf84de369e78,60.16448,24.97323,0000000053c6c2be,20.28
9946,2019-08-01T09:06:27Z,1b68a6bcf7b740e0c437e0976d4900f31368afcb2c757bba30e0a249,60.16829,24.94214,00000000afef4555,29.32
9947,2019-08-01T09:06:27Z,1d70ff49909e1d6fb653ae053aa78084daf385dbbd2ad22b05707309,60.16829,24.94214,00000000afef4555,14.89
9948,2019-08-01T09:06:27Z,1da40c618e0432bb037d08723b65821f6223509e8b4033a4b4190047,60.17065,24.93641,000000000f4919c9,16.1
9949,2019-08-01T09:06:27Z,1dbecade1f3540eb44c3d86cb1ffc73d5bf422ea0cf76927c2d5cd74,60.16829,24.94214,00000000afef4555,31.5
9950,2019-08-01T09:06:27Z,1dcff36b6f83b08b6ea87c1c1018c542c270299839908ca446dffb39,60.16762,24.95415,000000006b44cce7,12.69
9951,2019-08-01T09:06:27Z,1e3044c19f6913531b6dd4bccb88ad02c1b39192513ccffa05444edb,60.1538,24.95595,0000000038bf9618,31.5
9952,2019-08-01T09:06:27Z,1e3af5697f0a2ae45f261da79e4ba71c868dc4d78008bd1995fe6259,60.16448,24.97323,0000000053c6c2be,10.78
9953,2019-08-01T09:06:27Z,1eadb2c1984aa73c3c2f13eab0a2e793331443c617681e36887f0bcc,60.16629,24.95957,00000000fb7600be,18.79
9954,2019-08-01T09:06:27Z,1ecbc7c6afe89033252e5510cbb893666af2b3bc29f555a3a6287fdb,60.14951,24.92138,0000000006dd41f6,3.4
9955,2019-08-01T09:06:27Z,1f813dc10021899138c12ca17c58ab3dc24db1750dcb1790f9c20e8f,60.15133,24.92329,00000000e8a064a4,16.1
9956,2019-08-01T09:06:27Z,20b37aa6c3ad0dfea9c182498905a450537b0efbbd8563b205e93afd,60.16897,24.95222,00000000aa852af1,11.7
9957,2019-08-01T09:06:27Z,2283762fe3af8329ae65aec44de728da8f383810e9f2a3d3b84fa031,60.16897,24.95222,00000000aa852af1,18.79
9958,2019-08-01T09:06:27Z,22ac1ab1c590ea19b44c61c42f5e8da29a6acbabf56676527811507a,60.15432,24.9211,0000000019fb59c4,23.56
9959,2019-08-01T09:06:27Z,22b68b1dc6e6d815ca8e6afbd434ae0e229670798c443052e7444648,60.16762,24.95415,000000006b44cce7,5.41
9960,2019-08-01T09:06:27Z,25479245e5a8b0fe47e2bd590cdd63256d84afd6c164781dc64e527d,60.149,24.9843,00000000fffb8cf0,25.36
9961,2019-08-01T09:06:27Z,2552cb43d7990bde838673115a742078e343ce93f96257728311655d,60.16897,24.95222,00000000aa852af1,23.56
9962,2019-08-01T09:06:27Z,25d340d14d855b8c18b2c6f2551ec98a1eb047d1fd3457ba881ddf28,60.17919,24.95181,000000007b5207b6,12.69
9963,2019-08-01T09:06:27Z,25f8b12cb274dd3eacaa8b1380aabcd08f8ffed49cd14e1c471fc43d,60.16762,24.95415,000000006b44cce7,17.4
9964,2019-08-01T09:06:27Z,27b591b33a56a542440b53031a24f42290b0ec1a194af27700b75a3a,60.17919,24.95181,000000007b5207b6,17.4
9965,2019-08-01T09:06:27Z,2823bf6afde4a5cc05342c15e7417c9590ba52264be5793bb688faab,60.17065,24.93641,000000000f4919c9,23.56
9966,2019-08-01T09:06:27Z,28296ae2b460df2f6807f8a84b81e5ebd24677a05bded29111dc33a4,60.17002,24.94407,000000006b087f40,21.87
9967,2019-08-01T09:06:27Z,2832565094d8e4bd54c7a2442ac8807d97669bc460c1cb75a831bbb8,60.16762,24.95415,000000006b44cce7,14.89
9968,2019-08-01T09:06:27Z,28d50861d92f962c7a49eabaa524431aebf52870e44b79f77d7167c6,60.17919,24.95181,000000007b5207b6,3.74
9969,2019-08-01T09:06:27Z,29795b9ff1f5a6605d8cd112953fbcc6f466c5eed26286a73fffba91,60.16544,24.95398,0000000038d83d41,20.28
9970,2019-08-01T09:06:27Z,29ae3c5c3aeac0c607bc816f7e74c232a40142b79a52c43c7b1ed42f,60.16829,24.94214,00000000afef4555,11.7
9971,2019-08-01T09:06:27Z,2afa9ac588b2c55e8edf99ee96ecaf63451a7ab1e51571b7e2d1d491,60.16762,24.95415,000000006b44cce7,4.11
9972,2019-08-01T09:06:27Z,2c6810efb2565383ca0a554f3c51f3f7905484357f5e00756dbf091a,60.17919,24.95181,000000007b5207b6,13.75
9973,2019-08-01T09:06:27Z,2c6f6440161f9061a850e8db96383d5eb111f0d1d8f0b666b7c49f22,60.16897,24.95222,00000000aa852af1,20.28
9974,2019-08-01T09:06:27Z,2f43b7a683b0d365a46b6259a032813c293472eaedcdbcc3507adee5,60.17919,24.95181,000000007b5207b6,11.7
9975,2019-08-01T09:06:27Z,2f658fba107809412796435b7b16fb588eefea1e75dc8fa1302b8655,60.16531,24.9442,00000000fdda10fe,36.27
9976,2019-08-01T09:06:27Z,2f79108a454c0072885ad1447280ed5098d061b229eaae61a8bb67be,60.15432,24.9211,0000000019fb59c4,11.7
9977,2019-08-01T09:06:27Z,2f82b3546af2df53b58cddc668c9aa196554108cdf39120ea40b417c,60.16629,24.95957,00000000fb7600be,23.56
9978,2019-08-01T09:06:27Z,2fb39eae730ec6f291700f841a64aaf680d52a8346399aec6ccb1dbb,60.17065,24.93641,000000000f4919c9,20.28
9979,2019-08-01T09:06:27Z,312e78d3624e87e1645e7d54f96facd8a2321d6e65a3ef0620fb1d42,60.16531,24.9442,00000000fdda10fe,23.56
9980,2019-08-01T09:06:27Z,31b02b3b271f6feef9e49d9285929ff1c25a11e608fc5d70bc6a1fac,60.16897,24.95222,00000000aa852af1,21.87
9981,2019-08-01T09:06:27Z,33fa4cb82db5b44ffe6e7ae1039635187f90d1df328f8f139da0c693,60.17919,24.95181,000000007b5207b6,9.92
9982,2019-08-01T09:06:27Z,3480c16a6649952c388d8902596e332f018e609b9585f483353ae026,60.17065,24.93641,000000000f4919c9,6.46
9983,2019-08-01T09:06:27Z,34e96c7caa63e7ede8f428b18e8fb556ac235d61a50c9d6ac7ff268f,60.17919,24.95181,000000007b5207b6,5.91
9984,2019-08-01T09:06:27Z,3609f484ad7e56259f60a61aba44f22dfca5c8b2564fce7e802ad342,60.16829,24.94214,00000000afef4555,1.88
9985,2019-08-01T09:06:27Z,367b1989198ef11170dd9fcfa7e6ebb5ceb58aab87c613ee1bb86e8c,60.16531,24.9442,00000000fdda10fe,7.05
9986,2019-08-01T09:06:27Z,3685ee6d322dcb2ad0ae181f66c3c5427d4531d7896d2f5f7571bb6d,60.16762,24.95415,000000006b44cce7,7.05
9987,2019-08-01T09:06:27Z,38fb20c6d55b10dd10a39c0fb41ad61297453e25afda81cf32313ae3,60.16531,24.9442,00000000fdda10fe,27.28
9988,2019-08-01T09:06:27Z,39126ffb278f49e06180cc6abe5b31ab3acdce1534b5b6ffa0b6e567,60.18203,24.91341,00000000342570c2,18.79
9989,2019-08-01T09:06:27Z,397e4b6a0e6c50fbb45ede1cb6e48156c508b36115e703cc5bac6e96,60.173,24.92524,0000000096918cfa,18.79
9990,2019-08-01T09:06:27Z,39e9fa7033887b7ab339887aa68753ff94d4771cda2bb8ff4ea7aa0a,60.17919,24.95181,000000007b5207b6,2.3
9991,2019-08-01T09:06:27Z,3a1afdcf7c2e5a52cdbcbbe29e8281c184037e8720920c6c75bee339,60.15133,24.92329,00000000e8a064a4,5.41
9992,2019-08-01T09:06:27Z,3a38ba36c098f2741d6c5fb5a751fcd074d05d698ac592ca09ab443c,60.16448,24.97323,0000000053c6c2be,25.36
9993,2019-08-01T09:06:27Z,3a97ae4dcab31eb5e15e5d036d286e9764e25bcf0ad8afcfba854c90,60.16762,24.95415,000000006b44cce7,3.4
9994,2019-08-01T09:06:27Z,3b124e1851087531134d5e5d0a10b6afe3551982609a81a19dd969dd,60.16829,24.94214,00000000afef4555,16.1
9995,2019-08-01T09:06:27Z,3c864716e211395e6a02802fbf80abb7b7c4519243bea4994fca7720,60.16762,24.95415,000000006b44cce7,21.87
9996,2019-08-01T09:06:27Z,3cc82d532d2a768e0c987e2653e32825a8b11fc2f7ba36388535f6e2,60.16075,24.95883,00000000f1124bca,20.28
9997,2019-08-01T09:06:27Z,3d0437a1d090cd3cad05629e69a61c519aa6218e1b7fb47811e5a4ae,60.16762,24.95415,000000006b44cce7,7.05
9998,2019-08-01T09:06:27Z,3eea43670f4f29a90ced59c1af122371340275fb61ff8f14c7120658,60.16762,24.95415,000000006b44cce7,10.78
9999,2019-08-01T09:06:27Z,40646914186edc6142b7fc3daf766121b55f5bb36ea38facff686ea5,60.16897,24.95222,00000000aa852af1,29.32
10000,2019-08-01T09:06:27Z,40825cb0d315c92e0e0a73cc8e86c3b763bbf7ce226f112913e05e0f,60.17065,24.93641,000000000f4919c9,23.56
10001,2019-08-01T09:06:27Z,41a0ca2955e0ae0324f6e14aeb77ebfaac5305e31d86c42a20277b94,60.15133,24.92329,00000000e8a064a4,17.4
10002,2019-08-01T09:06:27Z,423f2aa3bc12010457ab29d0baccdc5f8e87032eeb9c37ef95429109,60.14951,24.92138,0000000006dd41f6,33.81
10003,2019-08-01T09:06:27Z,4256b81faf420b0636e1bfcf21e8b61482045aed964aae9089c67296,60.16829,24.94214,00000000afef4555,16.1
10004,2019-08-01T09:06:27Z,42844e90c7134ebb3ec325f57cd27cd24711c779548ebc8692a820d5,60.14951,24.92138,0000000006dd41f6,3.09
10005,2019-08-01T09:06:27Z,432417b4972b744ded3410777a6bbb583cf56172bf3436ddbe48a21d,60.16762,24.95415,000000006b44cce7,11.7
10006,2019-08-01T09:06:27Z,43e023a8726ec4c53a8cea6dcaa79e722da4677e37f3f6c9d3cc9873,60.16544,24.95398,0000000038d83d41,23.56
10007,2019-08-01T09:06:27Z,44334c68f3991fe858ac066726e0a884236a5d89fe94d917b48e857c,60.16829,24.94214,00000000afef4555,10.78
10008,2019-08-01T09:06:27Z,4470412c4b059a920f2699fbfb72b261e0847b3e1caa8c71d2edd5a2,60.16448,24.97323,0000000053c6c2be,21.87
10009,2019-08-01T09:06:27Z,44a120ac90dacb4d43fe4d38ee859a1015bcd226ff3d946a1e44c4ca,60.16531,24.9442,00000000fdda10fe,18.79
10010,2019-08-01T09:06:27Z,4642dfa1df839f11e64f68bca4e3dce7bde2ff6dd68c54959fcb4788,60.17918,24.95141,00000000675d5200,5.41
10011,2019-08-01T09:06:27Z,4682d95464cedcc021f38271a51bab9c000762b4acf802070e259ba2,60.16629,24.95957,00000000fb7600be,8.38
10012,2019-08-01T09:06:27Z,47bd1492244c444d45674eb48dd2e6f222cb109d820ba807c4e18c1a,60.16629,24.95957,00000000fb7600be,23.56
10013,2019-08-01T09:06:27Z,48004849b2f48b2314aa9175433d754db1641b949bb8cf050e2dd128,60.17918,24.95141,00000000675d5200,7.05
10014,2019-08-01T09:06:27Z,484bbaa5a9d6bdd2259f022b6ea4e3c290985c13a1286bd7142d878f,60.16762,24.95415,000000006b44cce7,5.91
10015,2019-08-01T09:06:27Z,48c0ea6615ac4c02fc9bc0e06f9ea9309f9bf7e73b4324d7a6b14610,60.16829,24.94214,00000000afef4555,12.69
10016,2019-08-01T09:06:27Z,49bbad87e4d6cd03bdb073bde7be91193d74d29943badce7fc536916,60.16448,24.97323,0000000053c6c2be,5.91
10017,2019-08-01T09:06:27Z,49df780a7f20a99ad2810fa4bbb46b5fac9bc5cbe3fc800cd572f63a,60.14947,24.91438,000000004ef3150d,25.36
10018,2019-08-01T09:06:27Z,49f30a741207cbfec775d36d911b5e67735df0f53762d3d5e0de05a8,60.16531,24.9442,00000000fdda10fe,25.36
10019,2019-08-01T09:06:27Z,4ade4f0d92c6157a42d7fd8e353d1c93551324ba47cc134b840a6c63,60.16897,24.95222,00000000aa852af1,7.69
10020,2019-08-01T09:06:27Z,4b4afca270c22aae160d996711ae685b598b87871b3b4ab2f96786b6,60.14951,24.92138,0000000006dd41f6,23.56
10021,2019-08-01T09:06:27Z,4ba529eeafb27285cbbade6e5ece0d4d04bd2d13c98b27a5d17abd22,60.16897,24.95222,00000000aa852af1,3.09
10022,2019-08-01T09:06:27Z,4c85a4a0756c1707ca2f02a74870d1e1d1a90f1793d229dc3a2bbb63,60.16531,24.9442,00000000fdda10fe,27.28
10023,2019-08-01T09:06:27Z,4c8696833edf46025bc9b5f589679b77a73c857736036aa9ef6696e5,60.17002,24.94407,000000006b087f40,29.32
10024,2019-08-01T09:06:27Z,4e262a07e1ea47350f808684444d1d8b3f223288fb219cca9f12af23,60.1538,24.95595,0000000038bf9618,29.32
10025,2019-08-01T09:06:27Z,4f9125edf503fe3cb0ba1e1221fe6a67aafd99fcd89fd92d2bf20e97,60.16897,24.95222,00000000aa852af1,25.36
10026,2019-08-01T09:06:27Z,4fb4a3650a2a28469dde9c537458d24411aa6075666e047dd756fba9,60.17919,24.95181,000000007b5207b6,13.75
10027,2019-08-01T09:06:27Z,5001aabb6808b9fd96b705d1ebe8e7aca52713c2640100d81879dd86,60.17919,24.95181,000000007b5207b6,4.11
10028,2019-08-01T09:06:27Z,504f910a0bd104a130b85d0c50467a15e74dc950bcc9eac3ebecc43e,60.16531,24.9442,00000000fdda10fe,20.28
10029,2019-08-01T09:06:27Z,51ec42fdd85671ae93876c3d875b24e56cb45699e9c3d2b623dca70d,60.16762,24.95415,000000006b44cce7,5.41
10030,2019-08-01T09:06:27Z,529623421e226c215bcca0b1388813e291d3d13ed1d8465f0ab69147,60.16629,24.95957,00000000fb7600be,11.7
10031,2019-08-01T09:06:27Z,52e7ba8caf7e3c36ea9fb39dff84a37643e9a7ee50bfb4c5295c3759,60.17002,24.94407,000000006b087f40,25.36
10032,2019-08-01T09:06:27Z,5372348389197e6c4bc4c5e3dab047e7384d562220e6295904bbda1b,60.17065,24.93641,000000000f4919c9,5.41
10033,2019-08-01T09:06:27Z,53fb53be4440aecb1a1fa63a9da1db08182cc7e252da14685e63373d,60.16762,24.95415,000000006b44cce7,9.12
10034,2019-08-01T09:06:27Z,54b89ed12e25892c9160e029a0379d61425b88db1aa30b06f9ea2d8b,60.17002,24.94407,000000006b087f40,33.81
10035,2019-08-01T09:06:27Z,54bd709173219e8017f317b63ecc83d0a48f64542e6fa1b83c86a56c,60.17919,24.95181,000000007b5207b6,21.87
10036,2019-08-01T09:06:27Z,556cae6b2e2dec6fe691a835e8e08bd016b1a65797c0aca46879329f,60.17919,24.95181,000000007b5207b6,5.41
10037,2019-08-01T09:06:27Z,559429bba23762a872fc7b1e2219d42125ab101e4355d43fdb94ed7b,60.17919,24.95181,000000007b5207b6,12.69
10038,2019-08-01T09:06:27Z,559e6a5225ce35ab844c63ea0d0c1695dc490a3d9cfbafa5d35ac8d8,60.14947,24.91438,000000004ef3150d,14.89
10039,2019-08-01T09:06:27Z,5830a481876da00686f25b17dad06258a39212c0816ed04dda2df1bd,60.16531,24.9442,00000000fdda10fe,20.28
10040,2019-08-01T09:06:27Z,584cb0b0cdd14e608c8b57c8aecc9826f9b40027e365e2438a444ea2,60.16762,24.95415,000000006b44cce7,10.78
10041,2019-08-01T09:06:27Z,5865a27b5b56a60bca38e4a1403655e3e7fd0232a3ff2079965aff81,60.15432,24.9211,0000000019fb59c4,6.46
10042,2019-08-01T09:06:27Z,58754229cd3381042c5ffda79c0108c5f77aa1f0f6d1468b9cb42b4c,60.16829,24.94214,00000000afef4555,12.69
10043,2019-08-01T09:06:27Z,5978726eeef638856dafd3a8d199287f8daf9e90ddde750b402f8bb0,60.17065,24.93641,000000000f4919c9,1.54
10044,2019-08-01T09:06:27Z,5a34b02faac3189217466888ef1d31cc80f721ac2f18638c5db88d53,60.14947,24.91438,000000004ef3150d,11.7
10045,2019-08-01T09:06:27Z,5a8d671a78b976d212d9746d88b9a754a2d9c8341c529e88b7c6b8f4,60.17065,24.93641,000000000f4919c9,21.87
10046,2019-08-01T09:06:27Z,5b06617477af6dcee75a94ac347364b50f6f3b5b7d747e5413d9ad58,60.14947,24.91438,000000004ef3150d,10.78
10047,2019-08-01T09:06:27Z,5c1f71098d5d7258d2971061c791c94e0138c8e02225c5f60d6a0428,60.149,24.9843,00000000fffb8cf0,23.56
10048,2019-08-01T09:06:27Z,5daa76852f3e1be6c75fa2185d5787ab9010cf83d6671515769a8649,60.16531,24.9442,00000000fdda10fe,29.32
10049,2019-08-01T09:06:27Z,5e2c5c20c88ccf362ed8749d1ddc041b1cb1c38d8dbeac7870179322,60.16629,24.95957,00000000fb7600be,9.92
10050,2019-08-01T09:06:27Z,5fe0284ec0eb11405b1a7060df33e93f8a659e348c4e7a21b3559267,60.16762,24.95415,000000006b44cce7,18.79
10051,2019-08-01T09:06:27Z,6072bfb496e2b8a999c9edbda5b76fbc0e783ff2a439c4e6c881fabf,60.16829,24.94214,00000000afef4555,17.4
10052,2019-08-01T09:06:27Z,60fb71f332cc032172f6238e9ddeaf6911310759fc2cd535746d74f9,60.16629,24.95957,00000000fb7600be,27.28
10053,2019-08-01T09:06:27Z,619c5b31af2a28703a837cc7974ef0d2c5bb6584ba0fcc03076218ac,60.17002,24.94407,000000006b087f40,25.36
10054,2019-08-01T09:06:27Z,61e4465b011a94bbf6341adebb1aed56100967cac117b368910b36de,60.16544,24.95398,0000000038d83d41,25.36
10055,2019-08-01T09:06:27Z,63ff2439779051005c18876d20ed53ce060c1de9d7976821bd518fc6,60.15432,24.9211,0000000019fb59c4,10.78
10056,2019-08-01T09:06:27Z,6470ee836399c5610581ec9de09772d350282ecc4c5c57fa02a5ec68,60.16075,24.95883,00000000f1124bca,25.36
10057,2019-08-01T09:06:27Z,6489e821c75edef8f23102dcccf52865614e4d4fbda3d9680f1f43e2,60.16762,24.95415,000000006b44cce7,18.79
10058,2019-08-01T09:06:27Z,65b6b62b547e11e10f7f83ad497446bee2bb9653097d9d62e9b1b817,60.17065,24.93641,000000000f4919c9,13.75
10059,2019-08-01T09:06:27Z,674355e17da9460e58566497be518f2eb537880c67c788fedb5067db,60.16629,24.95957,00000000fb7600be,18.79
10060,2019-08-01T09:06:27Z,67cf7d2881080aa59ed36a6d88ea1946d17e9d1d5e1ad9eee1851969,60.18203,24.91341,00000000342570c2,9.12
10061,2019-08-01T09:06:27Z,685af6b01bd180194d718801bb8b9c9de22050cc392d6c6441fe986b,60.18203,24.91341,00000000342570c2,7.05
10062,2019-08-01T09:06:27Z,68d7ad8fab31b3c5967a814376d0ddc6cf42e1db0d9e09dfbba169bd,60.16762,24.95415,000000006b44cce7,8.38
10063,2019-08-01T09:06:27Z,69e2854c78a472b462941ef730aa9fa7a9dba9c1cc22996396d4c78a,60.17919,24.95181,000000007b5207b6,9.12
10064,2019-08-01T09:06:27Z,6adce4d05e58232a97635a2fd7918e4e49d9295afc0989d727f9c712,60.17002,24.94407,000000006b087f40,7.69
10065,2019-08-01T09:06:27Z,6d98ac1fea7056e5b96d6095caf0e3677a4ec30e9fbcc2e50ae1cf65,60.16629,24.95957,00000000fb7600be,12.69
10066,2019-08-01T09:06:27Z,6dca84ddf4be668487766d17c5d13961ed713d24032f709ae87a497f,60.16829,24.94214,00000000afef4555,9.92
10067,2019-08-01T09:06:27Z,6dd5463e670c352180c1e912300e21e59f5e2976266df8c3c92b0baf,60.16829,24.94214,00000000afef4555,12.69
10068,2019-08-01T09:06:27Z,6e80fcea10d21e1d5e672b554c0f3fe686dc58934f38c3391fd5c262,60.17002,24.94407,000000006b087f40,20.28
10069,2019-08-01T09:06:27Z,6eb390f743af2f8f87ce6c2ab53228450ccce1d21de54f8abba160df,60.16829,24.94214,00000000afef4555,23.56
10070,2019-08-01T09:06:27Z,6f616e6334d0ed70e5ea15408a51e9daf643369911d94d76830a7d65,60.16544,24.95398,0000000038d83d41,18.79
10071,2019-08-01T09:06:27Z,6fe2cf6737d40d71251dac8ebef5356a2b765621e97a346c00a6031c,60.15432,24.9211,0000000019fb59c4,2.54
10072,2019-08-01T09:06:27Z,7003a7f6a5523b645634f014e04bea36016953a8af9324e35602bc2e,60.14947,24.91438,000000004ef3150d,17.4
10073,2019-08-01T09:06:27Z,701dc50417b28dba15ad9ff809844f1766b6579389a2e5ebb0562635,60.16629,24.95957,00000000fb7600be,20.28
10074,2019-08-01T09:06:27Z,704c3f3075f13713c363014fa828e4a932e7a05676813b9963a1e554,60.17919,24.95181,000000007b5207b6,3.74
10075,2019-08-01T09:06:27Z,70d391038ec56b63a3737605c2c1db6ffbdca8e4490691776dc993f1,60.16829,24.94214,00000000afef4555,4.11
10076,2019-08-01T09:06:27Z,7226031f97fb041caef264f1911df0305fd803a368ddc488fd98a06b,60.16448,24.97323,0000000053c6c2be,23.56
10077,2019-08-01T09:06:27Z,72439a1f997fd347d46394f31f5789edc877fe61ca34fcd31f9150b1,60.18203,24.91341,00000000342570c2,20.28
10078,2019-08-01T09:06:27Z,750297d0d8ff0ca837d9c2289c26302d62f38708617150431ab14509,60.16531,24.9442,00000000fdda10fe,20.28
10079,2019-08-01T09:06:27Z,7563b91d728fe470bc4d89aa18128a87b92c747336dd2c70cfbf9e84,60.1538,24.95595,0000000038bf9618,29.32
10080,2019-08-01T09:06:27Z,76c2f7b3773d4bebd4dabada1c2b98fe4ea9762e9c98b4a6371d7746,60.16762,24.95415,000000006b44cce7,9.92
10081,2019-08-01T09:06:27Z,774131d73accbbb31ec3c43c3501b7969645eb65df1839ca8116526e,60.15432,24.9211,0000000019fb59c4,3.74
10082,2019-08-01T09:06:27Z,7803e2d46157a5482e745447d4c2c332fbd818d87a20b0f6187c628d,60.17065,24.93641,000000000f4919c9,18.79
10083,2019-08-01T09:06:27Z,7c1534082e86ff4387878d813207626d8f728aa26b97248e00a3b8d7,60.16629,24.95957,00000000fb7600be,12.69
10084,2019-08-01T09:06:27Z,7d12711d47425111a6dce413faa867542b9532f3b9c5a934b37a0bc8,60.17918,24.95141,00000000675d5200,21.87
10085,2019-08-01T09:06:27Z,7d415f4fd9093fb383b4ebb88961ad74e6a00d3ece39504712dad639,60.17919,24.95181,000000007b5207b6,18.79
10086,2019-08-01T09:06:27Z,7e2e3d07c939e3e76e7ce87678faf64e056afe54215e00488839100f,60.14947,24.91438,000000004ef3150d,18.79
10087,2019-08-01T09:06:27Z,7eb4a715919b3eb4085270535ce4d7b57112591ad7242eb189bf652a,60.17065,24.93641,000000000f4919c9,16.1
10088,2019-08-01T09:06:27Z,7f59aaecea1eee6c703ec5d46d67b44289ddedf080defee495b73739,60.14947,24.91438,000000004ef3150d,7.69
10089,2019-08-01T09:06:27Z,7faf8705e89a761625aaed50b89538581e25d5950ec8f051d36ed829,60.14947,24.91438,000000004ef3150d,9.12
10090,2019-08-01T09:06:27Z,809bf2d7a0745ae512b934a578fd5fd47c13c5398b6d06ad350b9e7c,60.14947,24.91438,000000004ef3150d,20.28
10091,2019-08-01T09:06:27Z,8165c5f8d06298ffd56f071c0ad1cc9f1d4f08084936937d712d0b61,60.15133,24.92329,00000000e8a064a4,16.1
10092,2019-08-01T09:06:27Z,82b78c2220aee81a2744ddfaf7ed29663888987dba6b7cdda05731d9,60.14947,24.91438,000000004ef3150d,14.89
10093,2019-08-01T09:06:27Z,8524898e498c83bde4bc1848aa2b372da84e7b2266f36aabe128cc27,60.17919,24.95181,000000007b5207b6,23.56
10094,2019-08-01T09:06:27Z,86e7584bf95733cef59d74bb4955881e99dc86b73a0d5b4e3ef58b50,60.18203,24.91341,00000000342570c2,17.4
10095,2019-08-01T09:06:27Z,87f1cc4c4a9de1ab81fe39cf7fde6cf0d4778e690f1665b62231ce46,60.149,24.9843,00000000fffb8cf0,27.28
10096,2019-08-01T09:06:27Z,880f9cbb91b9caf48ea9c5dd1a0c8e1db72922b6dfcb647b102fc469,60.16629,24.95957,00000000fb7600be,17.4
10097,2019-08-01T09:06:27Z,88c2bc6310f27465b9f08b28fb52075d7703ce7b097e5beb37c7437c,60.14947,24.91438,000000004ef3150d,23.56
10098,2019-08-01T09:06:27Z,893080d82bb28aa3ab91e41ddd4569086c8135ade7be10aa644fca95,60.17065,24.93641,000000000f4919c9,23.56
10099,2019-08-01T09:06:27Z,898cde3317c73907bb23b1b885828c4bf3187c3a757a18dc32abe970,60.16762,24.95415,000000006b44cce7,5.91
10100,2019-08-01T09:06:27Z,8996f41485515f4fe2b7f60962df36a3421c9a14cdb3f381b1ce7052,60.16829,24.94214,00000000afef4555,21.87
10101,2019-08-01T09:06:27Z,8a01e28fd327e5c56dcf2dc8b2b7762a96d77584c21990a073ceb11f,60.16829,24.94214,00000000afef4555,12.69
10102,2019-08-01T09:06:27Z,8c571538c285dba9d77edacfb1829b282d54b772b62209c6e4004237,60.17919,24.95181,000000007b5207b6,5.41
10103,2019-08-01T09:06:27Z,8d5e893f77b3d167ebefad4ecab181fea08513599a6f9450f0b9a827,60.17919,24.95181,000000007b5207b6,14.89
10104,2019-08-01T09:06:27Z,8e20d0d67339e3cf43e77c3a340d9dc6766de8d079197a08a1343ff0,60.17065,24.93641,000000000f4919c9,16.1
10105,2019-08-01T09:06:27Z,8e6caf283696ed75a4aff0c3f528dad5878f6f4b82cbd3eae1164484,60.16897,24.95222,00000000aa852af1,18.79
10106,2019-08-01T09:06:27Z,8ec54dc2fd63fcef9c0df9dffc12f40ebbada360614e04849594479a,60.17002,24.94407,000000006b087f40,25.36
10107,2019-08-01T09:06:27Z,90a44cbd1a957cc59a6986cff9b6b7b8e151d379e17da645069428b8,60.173,24.92524,0000000096918cfa,9.92
10108,2019-08-01T09:06:27Z,941e13893853105c86bfbc6d31d62274937602143ce3bb530c8c17ed,60.17919,24.95181,000000007b5207b6,2.8
10109,2019-08-01T09:06:27Z,94d0134c78d883121a7e06e18094d572c8f674376c94be77cc087513,60.16762,24.95415,000000006b44cce7,14.89
10110,2019-08-01T09:06:27Z,9609babe3114439a82f93f797f4a6e779b6bab625488b8ff5b63e674,60.16829,24.94214,00000000afef4555,17.4
10111,2019-08-01T09:06:27Z,972dc7ab84b9c2b4fe9b48b53fdee1f8fc4a78ca70222d1b54c338c5,60.16829,24.94214,00000000afef4555,41.64
10112,2019-08-01T09:06:27Z,99a026b5100e23129fa529e9a57a3dbc8490dc03b58f2193f03e2dcf,60.14951,24.92138,0000000006dd41f6,6.46
10113,2019-08-01T09:06:27Z,9a2f475e8dc18183010cf96fa6d49dc28d6be88fa7e66ce3f046973c,60.16762,24.95415,000000006b44cce7,21.87
10114,2019-08-01T09:06:27Z,9abbc86fb0fc1c0532042814af76a97e6a17121831d4394749a290a6,60.16762,24.95415,000000006b44cce7,3.74
10115,2019-08-01T09:06:27Z,9b3e6848d8b34e802134d6da0e5a594897ec3fafbbf08b6d0b84068e,60.17919,24.95181,000000007b5207b6,6.46
10116,2019-08-01T09:06:27Z,9bef8b28ea93ecaee57d05b037edbfe7f80014aaf56343345fedd7be,60.17919,24.95181,000000007b5207b6,5.91
10117,2019-08-01T09:06:27Z,9ce214896068957a21bc57af08680d84debbd091b49ad5e6402c4cc8,60.16629,24.95957,00000000fb7600be,16.1
10118,2019-08-01T09:06:27Z,9dfecc3e26cb27e4b80721e355ef0d6cb182ac2eebf66b006e2d9f8e,60.149,24.9843,00000000fffb8cf0,21.87
10119,2019-08-01T09:06:27Z,9e343a150f07bb3dcce5ecab8ac061b84d65b347b1af5a232e00eeb6,60.16829,24.94214,00000000afef4555,8.38
10120,2019-08-01T09:06:27Z,9e927b1e87f45b2c89a694c49da8922ce180a737f0e8a7cd1476ad29,60.14951,24.92138,0000000006dd41f6,41.64
10121,2019-08-01T09:06:27Z,9eee6d740f1d483c484d02f0995f35550c09e6a8cf01f02680db5efc,60.16448,24.97323,0000000053c6c2be,13.75
10122,2019-08-01T09:06:27Z,9fe150ec915809e658e73e8d7076541dd0ae11c3374241f41adbb90b,60.16629,24.95957,00000000fb7600be,20.28
10123,2019-08-01T09:06:27Z,a04214b56cac7d70680703ee6a28fac742f3c3190b55b46a79c1f76d,60.149,24.9843,00000000fffb8cf0,14.89
10124,2019-08-01T09:06:27Z,a1049deed97cd1989c882cb47bb39f0d93d1fddbac4e9307e8a4249e,60.16544,24.95398,0000000038d83d41,23.56
10125,2019-08-01T09:06:27Z,a2333053951d093ef490bcc3b9455fa0ed512421b5b597602785ab28,60.16531,24.9442,00000000fdda10fe,20.28
10126,2019-08-01T09:06:27Z,a2e761fd97d8bdf78601300822b531e306b9ab7a1a43b6bfb07eba52,60.14947,24.91438,000000004ef3150d,16.1
10127,2019-08-01T09:06:27Z,a38c11c450b472b9dad2f076e2d9a63651292d3de806331d06af7f46,60.16531,24.9442,00000000fdda10fe,16.1
10128,2019-08-01T09:06:27Z,a403dc1eebc5d130e12a4c3e4298737c9e00b25b1b6b2cc36a6979c9,60.16629,24.95957,00000000fb7600be,12.69
10129,2019-08-01T09:06:27Z,a47e8613674297dc49b26801b19d2110d009aaee57412f2127f3b093,60.16897,24.95222,00000000aa852af1,11.7
10130,2019-08-01T09:06:27Z,a4b9f871dcc986c95f1e84fe203bb392ba0fe13164d89119bda2c94a,60.16762,24.95415,000000006b44cce7,5.91
10131,2019-08-01T09:06:27Z,a66eb6150c36b53f6240acfe16dd98ceb16c43b8e02d0b56993bac73,60.16897,24.95222,00000000aa852af1,23.56
10132,2019-08-01T09:06:27Z,a6d0dd9de406b1201a4e438ec7c5f4a467f38c41e2dec42ff6c71d50,60.16897,24.95222,00000000aa852af1,11.7
10133,2019-08-01T09:06:27Z,a786eb3b8a25c58099a428799e99d0b86401f803ee38d3e5d20e59d3,60.15432,24.9211,0000000019fb59c4,14.89
10134,2019-08-01T09:06:27Z,a808962cb511e5ed2d23e6e33efe252b1be29dc1d2f7c6154817f04f,60.16448,24.97323,0000000053c6c2be,17.4
10135,2019-08-01T09:06:27Z,a83415babca8eac00f69a32371a230fdadda29bf40fd69f75cf2e8fb,60.17919,24.95181,000000007b5207b6,14.89
10136,2019-08-01T09:06:27Z,a83703c80a4d58db87327a53b0d3664d23edf7350ff6b0afaa49c530,60.16629,24.95957,00000000fb7600be,18.79
10137,2019-08-01T09:06:27Z,a8ca7fb815e707c04434a085c4f99e783d56372143afc92225eae622,60.15133,24.92329,00000000e8a064a4,25.36
10138,2019-08-01T09:06:27Z,a982f65ed2c57aff3f744dba9f5e9ca929c81c14883516889898f207,60.16762,24.95415,000000006b44cce7,7.05
10139,2019-08-01T09:06:27Z,a9ee2aabbd32919adf0325ca2f2c5f8e0ba801bc168e8756cda957da,60.16629,24.95957,00000000fb7600be,20.28
10140,2019-08-01T09:06:27Z,aa05a7036c3586a79d23f426b78bf158357208bc82d7ddf9a1326dd2,60.16531,24.9442,00000000fdda10fe,11.7
10141,2019-08-01T09:06:27Z,aa5281244780ac8f283c3452639d477cd76e31fc6f0b95b99c51a9b0,60.16762,24.95415,000000006b44cce7,2.8
10142,2019-08-01T09:06:27Z,ab615ee5bbf567aee3505fbb360d09fc6b851f93fb15aef778b57128,60.16531,24.9442,00000000fdda10fe,8.38
10143,2019-08-01T09:06:27Z,abf0be93e7a8aec9fa8284fdbcc2493f32084aa95f15660b23e149c6,60.16629,24.95957,00000000fb7600be,9.12
10144,2019-08-01T09:06:27Z,ad22512fd6a5ad9e19fdfad7e02b2793ecb01875be243f894c637ae2,60.16829,24.94214,00000000afef4555,7.69
10145,2019-08-01T09:06:27Z,af67ffa8b538058603b74f48e04ab914e8f6cd450f53c47f8c3d683d,60.15432,24.9211,0000000019fb59c4,7.69
10146,2019-08-01T09:06:27Z,afaed9946dbc1509500c6f80f87eed8fe44a74ba3e14328c6efe3971,60.16829,24.94214,00000000afef4555,16.1
10147,2019-08-01T09:06:27Z,afcc3720f8c98df4f2a9a98a4b24385ec6de691881944678a5142c2d,60.15133,24.92329,00000000e8a064a4,29.32
10148,2019-08-01T09:06:27Z,b09e9bb62cc49c085c1aee3b752af1bec69dabc939323e5733f73933,60.17065,24.93641,000000000f4919c9,17.4
10149,2019-08-01T09:06:27Z,b32e57a6f5865a23d7a0e9fa346d5ec4e975f99c4df815fe8b1449b2,60.17919,24.95181,000000007b5207b6,13.75
10150,2019-08-01T09:06:27Z,b474e34db18d21635ec9ea2654513e6759c326f3aaec96c25f9a204e,60.16897,24.95222,00000000aa852af1,12.69
10151,2019-08-01T09:06:27Z,b50a45ac0708e7b5cca42f3458430eb22ff70a81c575bafe99ffda23,60.17002,24.94407,000000006b087f40,4.94
10152,2019-08-01T09:06:27Z,b5603e758440226e490d1d7d7271a7b0d5c261eccbad198f81110136,60.15432,24.9211,0000000019fb59c4,3.09
10153,2019-08-01T09:06:27Z,b6c43126ca83e916a68e57d0178060c24fc61305836b6c8f188f7285,60.17919,24.95181,000000007b5207b6,11.7
10154,2019-08-01T09:06:27Z,b6f0f4101a1a258dcb1d82d77ca91000694d4fed15bd882a8e3bfe66,60.149,24.9843,00000000fffb8cf0,18.79
10155,2019-08-01T09:06:27Z,b8fb70225ee0a2d655e2809da07a2f8cd2feb7295aa256f8b35fcf1e,60.16629,24.95957,00000000fb7600be,20.28
10156,2019-08-01T09:06:27Z,bb2187a4e20012ad694c768ef2c47c9a9055671024ebf4855d4e6243,60.16531,24.9442,00000000fdda10fe,1.38
10157,2019-08-01T09:06:27Z,bc6d5082ca52e6dae7a1689a835434f3f6341e90afea565480eb9674,60.16829,24.94214,00000000afef4555,17.4
10158,2019-08-01T09:06:27Z,bc82f76c979de19b559e9e3aa0cd6cbf5ac361e2d7b1ac9f81fe2f4f,60.17919,24.95181,000000007b5207b6,13.75
10159,2019-08-01T09:06:27Z,bd17e41f002acd238070518ccfb611a42561023ceaefde667bf6fa55,60.17002,24.94407,000000006b087f40,16.1
10160,2019-08-01T09:06:27Z,bee144e090a471427ec7878609f2446cb79f4c8d7e3c3bf0f67cf8d2,60.16762,24.95415,000000006b44cce7,10.78
10161,2019-08-01T09:06:27Z,c15da9ed244b57a27a083919c67d0edde078a31b18cb58f13581f173,60.1538,24.95595,0000000038bf9618,21.87
10162,2019-08-01T09:06:27Z,c1674c59c49d5bf74e6808239a91d18a04e47697d298bc61a7618af2,60.16448,24.97323,0000000053c6c2be,14.89
10163,2019-08-01T09:06:27Z,c1bf1bf699e9bc78ca15c9490d1ef02e3323f0c2c76bf0fca7955a69,60.14947,24.91438,000000004ef3150d,14.89
10164,2019-08-01T09:06:27Z,c434f18b802a764aad7a2dfb46e93546acb1b0975cf9b93fd47363f6,60.15432,24.9211,0000000019fb59c4,5.41
10165,2019-08-01T09:06:27Z,c46895857ca53c3362932d446a58c13b60d297f99ca237d4546589e8,60.16897,24.95222,00000000aa852af1,25.36
10166,2019-08-01T09:06:27Z,c4c936ac80b0ae54c0c8423657bd882256a046f8cc9416db5a725204,60.15432,24.9211,0000000019fb59c4,25.36
10167,2019-08-01T09:06:27Z,c51beff15d228f2dab9416cadfcc60fe269ce3d9202a9cf2ec7e7647,60.16829,24.94214,00000000afef4555,21.87
10168,2019-08-01T09:06:27Z,c55f651c108f569fe59364de834d31b122908186d2f95d20ed519564,60.16762,24.95415,000000006b44cce7,10.78
10169,2019-08-01T09:06:27Z,c65c11ee6e8b5894ead3ea9b007a39127edb65a67be253aca6f78ed0,60.16448,24.97323,0000000053c6c2be,21.87
10170,2019-08-01T09:06:27Z,c71ca1a0d84d8b380a2d73e225e3300b3aaa1f0bf494129f8dbed55f,60.17919,24.95181,000000007b5207b6,31.5
10171,2019-08-01T09:06:27Z,c872af9997af535c4615ee0b4194c7c8d644b7962afb3ca321eb386f,60.15133,24.92329,00000000e8a064a4,21.87
10172,2019-08-01T09:06:27Z,c8be2c26d4f0c9d399f32e84d95487a2644ffcb62681165be3d36a02,60.16762,24.95415,000000006b44cce7,14.89
10173,2019-08-01T09:06:27Z,c8df45d222b573af5441c1ec32616df82891a813c9217002a9d60846,60.16829,24.94214,00000000afef4555,11.7
10174,2019-08-01T09:06:27Z,c8f27660c2e8302459f9f42a38f8c1a1d42cb2de7ac7fb8995a36ed4,60.17919,24.95181,000000007b5207b6,23.56
10175,2019-08-01T09:06:27Z,c97b6bdfeebd08976aac7e62bb4cd47825331b8bf5bf76d69d7204f2,60.16762,24.95415,000000006b44cce7,20.28
10176,2019-08-01T09:06:27Z,c98bce1cc275ed0a1b833011f8cd251ac848fdc84501fe87eb8b5d54,60.17918,24.95141,00000000675d5200,33.81
10177,2019-08-01T09:06:27Z,ca7719c7cd8d4496b666f608fc07ba9930e362a0b2d96890b0778618,60.16629,24.95957,00000000fb7600be,11.7
10178,2019-08-01T09:06:27Z,cc1fcf6550ac1eee3eceef1f35de652b641407007a7c0464ac54fdbd,60.16897,24.95222,00000000aa852af1,31.5
10179,2019-08-01T09:06:27Z,cccf3ba2a9d11b9330c18af8064a20aca9995473495bf119162a1619,60.16897,24.95222,00000000aa852af1,9.92
10180,2019-08-01T09:06:27Z,cf061f5093c857b2efc346d3ad51fd17cca7eb360060ba7875630cf5,60.16897,24.95222,00000000aa852af1,23.56
10181,2019-08-01T09:06:27Z,cf823e18aa21de251222a9ab70c1b76b6218dea694752d56f6f84082,60.149,24.9843,00000000fffb8cf0,27.28
10182,2019-08-01T09:06:27Z,d062562fed5ad0a61560e267310beb0b717d2a1e2a11d1d575507861,60.16897,24.95222,00000000aa852af1,20.28
10183,2019-08-01T09:06:27Z,d16e16def718519430296afa23976c226aaf720722bce3d92a2aad43,60.14947,24.91438,000000004ef3150d,31.5
10184,2019-08-01T09:06:27Z,d31d6921eee92503b486a1b30f5330581c4744a82e6549f375544846,60.17918,24.95141,00000000675d5200,23.56
10185,2019-08-01T09:06:27Z,d327ac6c99e2bd3f17d3041840424e8568b4fbe6d3280c3e04504dac,60.16897,24.95222,00000000aa852af1,25.36
10186,2019-08-01T09:06:27Z,d562afdedae521be241c98441e436608a323fdb944dedc24c835e762,60.17065,24.93641,000000000f4919c9,5.41
10187,2019-08-01T09:06:27Z,d653ef8368d33df4fc7edeb5a381d5826be1471f1470aa9744d47901,60.173,24.92524,0000000096918cfa,4.11
10188,2019-08-01T09:06:27Z,d65b8625c1f24304ff0e3c4a4dce7aa5d434d36be87be41834a49420,60.16531,24.9442,00000000fdda10fe,7.05
10189,2019-08-01T09:06:27Z,d6e217c6592e449e2390b1a874e08cbc9126116901dbdbf84501c6b8,60.17065,24.93641,000000000f4919c9,14.89
10190,2019-08-01T09:06:27Z,d74ea3c9e0aaa523c791aa01f4f9a7c1c43f01f585dc4146b19edf83,60.17919,24.95181,000000007b5207b6,5.91
10191,2019-08-01T09:06:27Z,d7734ef0345fcffc0f4bd7579275af62987490aba012209832e92059,60.16629,24.95957,00000000fb7600be,18.79
10192,2019-08-01T09:06:27Z,d81eea3c8bf927d879268dc01665b897d48eecc647bbf61f91f37a33,60.16544,24.95398,0000000038d83d41,20.28
10193,2019-08-01T09:06:27Z,d87c4d5dc2cd620de54fdd076d4f9b35245053d65b644d9e01f558b5,60.16762,24.95415,000000006b44cce7,3.4
10194,2019-08-01T09:06:27Z,dc786895c819070347a0a268463f0a8b15f5eec1647f016a9e78e9e0,60.1538,24.95595,0000000038bf9618,20.28
10195,2019-08-01T09:06:27Z,deb8a213e1b4930e676ee8fdb394161ec46adb785171fa37437b4d44,60.15133,24.92329,00000000e8a064a4,20.28
10196,2019-08-01T09:06:27Z,ded712413bfc7de58a469fab75498089b2c3c6b5e0c9cae260102284,60.16829,24.94214,00000000afef4555,17.4
10197,2019-08-01T09:06:27Z,dfe80baf219bd267a459c954a8e3027b3f1ed29fea2a5355456d5652,60.16897,24.95222,00000000aa852af1,7.69
10198,2019-08-01T09:06:27Z,e0fe7fe5854899c0eb42b75b300339808143419404558ed4d00b0f17,60.17918,24.95141,00000000675d5200,7.05
10199,2019-08-01T09:06:27Z,e234769b1ce1634554f5fa4a290d11b2a30c3dfd009d4c39a2e9dd3d,60.17065,24.93641,000000000f4919c9,20.28
10200,2019-08-01T09:06:27Z,e28f7f19e0b38def43dfc7679b1bbb29e7db0f57d31509b9202bf608,60.17919,24.95181,000000007b5207b6,21.87
10201,2019-08-01T09:06:27Z,e2bb0ae74deee6cbc4f50c5f85da3f1779ca1db1ae7ff48ab4b33dbc,60.17919,24.95181,000000007b5207b6,13.75
10202,2019-08-01T09:06:27Z,e3f844c56875bd572c3b57a835b884f1060b467d3bbd25c50dcc7e28,60.16762,24.95415,000000006b44cce7,14.89
10203,2019-08-01T09:06:27Z,e528235be3e5cc4945024d50d1ed43061e2e2f2845f2b41e081e1721,60.17919,24.95181,000000007b5207b6,9.12
10204,2019-08-01T09:06:27Z,e5cad8bb9a6c8dcc067948d7f869033aca5bdd062da175c8734092e6,60.17919,24.95181,000000007b5207b6,4.5
10205,2019-08-01T09:06:27Z,e6b4461f3fc3ee8613bfea0937b5fd730d6686a68a65ed6fecc1dd9f,60.16629,24.95957,00000000fb7600be,16.1
10206,2019-08-01T09:06:27Z,e73dcccbc4dd6af49316f19a34c347cc94ff7ab079a93a2672d78a16,60.14947,24.91438,000000004ef3150d,18.79
10207,2019-08-01T09:06:27Z,e8add7e8346b99cd4b67924113f3763441a1899897c6d1ac3a1a40a6,60.17919,24.95181,000000007b5207b6,16.1
10208,2019-08-01T09:06:27Z,e8ed8051f57ad9d9029a5e3b443c5e93e5059f8c487ba45e2583d35a,60.16829,24.94214,00000000afef4555,17.4
10209,2019-08-01T09:06:27Z,e9275b4d525e0593374e00e9cf9885062a1699ecb3462c758a025ef1,60.16762,24.95415,000000006b44cce7,17.4
10210,2019-08-01T09:06:27Z,e979a153601f7520f54d4733fe91f75f154c8f1c08dc3408dbba5345,60.15432,24.9211,0000000019fb59c4,21.87
10211,2019-08-01T09:06:27Z,e9e1a66ce9f699fc1713bb44cd67a332f584f0c51d18774fc72b8eea,60.16762,24.95415,000000006b44cce7,6.46
10212,2019-08-01T09:06:27Z,ea1b1a8ba1c01fdd1e098c585b133fc3d60f7c2458e7c2726e2df8ee,60.16629,24.95957,00000000fb7600be,16.1
10213,2019-08-01T09:06:27Z,ea3f8412ed9c4d92448688dd9cc7ff9e3eeb5fe4373d0953bf0349c1,60.16531,24.9442,00000000fdda10fe,21.87
10214,2019-08-01T09:06:27Z,ea94130fbb3464dc656765cfddbad802ddfafb1af8007cb5f42cd41f,60.16829,24.94214,00000000afef4555,9.12
10215,2019-08-01T09:06:27Z,eaf572301dc5c1eaff007bc1886cce8f0f5e92a233b8686ed2a1a9cc,60.17065,24.93641,000000000f4919c9,11.7
10216,2019-08-01T09:06:27Z,ec2dd83e04d225caca9f6b9d28bd3080ed37c5bf42e5f65123fa2394,60.17065,24.93641,000000000f4919c9,7.69
10217,2019-08-01T09:06:27Z,ec8c0160ac1ee5aeaf6204956c9db2ee4f98f55ae3fe1ec0af07fab8,60.16762,24.95415,000000006b44cce7,7.05
10218,2019-08-01T09:06:27Z,ed86f884272a5a400b55bfd4f22bc8cc5d6fca7fe26eee3c39cb3c52,60.15432,24.9211,0000000019fb59c4,9.92
10219,2019-08-01T09:06:27Z,eef621895ee74145a6d76c5f5493a93d7c728c80abe45a2e1933ae9f,60.16897,24.95222,00000000aa852af1,29.32
10220,2019-08-01T09:06:27Z,ef620c567fe4adc1160d75daa4075a87a75acb4a956b68eb60da0690,60.17065,24.93641,000000000f4919c9,25.36
10221,2019-08-01T09:06:27Z,ef67b9e4617f284b84167b4bdaff71108579a33ced0a2450ff25a1a1,60.16629,24.95957,00000000fb7600be,5.91
10222,2019-08-01T09:06:27Z,efc51406db4c66b8a573ec325afe8a9258a04a71b46ff3aae1cfa696,60.16762,24.95415,000000006b44cce7,13.75
10223,2019-08-01T09:06:27Z,f1447725764ec0dca245fc67f2aa0a0c42e6b05808076aa74f0c1e7e,60.17918,24.95141,00000000675d5200,9.92
10224,2019-08-01T09:06:27Z,f18c0c32d067aecf5602d70693ac888cab1be6dbb0d154be5153dfcc,60.16829,24.94214,00000000afef4555,16.1
10225,2019-08-01T09:06:27Z,f20935810c1567a80c288016c4d4dd32fe86b3479f47ae7dd64d15cc,60.15432,24.9211,0000000019fb59c4,10.78
10226,2019-08-01T09:06:27Z,f27b93329546b5d9c00e9fc70d0df72440f620564e0fff5a89ff8276,60.17065,24.93641,000000000f4919c9,31.5
10227,2019-08-01T09:06:27Z,f4587b90aec9127805880f7c81fc03b9fb513fe363015399b895089f,60.16829,24.94214,00000000afef4555,16.1
10228,2019-08-01T09:06:27Z,f4bbc3077da0455d4340da2eed204915327b75a792080724548b4956,60.17919,24.95181,000000007b5207b6,4.94
10229,2019-08-01T09:06:27Z,f503a41d3e8b9b57628f4f061c1d8e0c53c62dd8a6fe38d212958ee6,60.16075,24.95883,00000000f1124bca,11.7
10230,2019-08-01T09:06:27Z,f587de6c8c03387c5e6a66cd7d20c45abad3668c8e2246611122547b,60.14947,24.91438,000000004ef3150d,23.56
10231,2019-08-01T09:06:27Z,f5d9e90c37840670f09005aa28a20ca561c4d6bc36ffd28c9ca80584,60.16829,24.94214,00000000afef4555,16.1
10232,2019-08-01T09:06:27Z,f77f8836e641389801309c311e926c1662264ab16efd01cd5bf27baf,60.16762,24.95415,000000006b44cce7,9.12
10233,2019-08-01T09:06:27Z,f803aeb1f00a057ed31451d0f3d132f27fec17305dc699176ac5339a,60.16897,24.95222,00000000aa852af1,18.79
10234,2019-08-01T09:06:27Z,f9e527876f8dfe750fd29bc42664bbf572aed5d09d344a8934a83d90,60.17065,24.93641,000000000f4919c9,3.4
10235,2019-08-01T09:06:27Z,fa1a3814c680b20020a08346c37ee2853e895984574575312bf262e7,60.14947,24.91438,000000004ef3150d,27.28
10236,2019-08-01T09:06:27Z,fa9f19c58a086fde9429d732b1eec80eacf5fc1b2c0124d17243d008,60.17919,24.95181,000000007b5207b6,11.7
10237,2019-08-01T09:06:27Z,fba6e66dd09200012637e0b454c96fd7a5459b7e8b0ba01863cdbd77,60.16762,24.95415,000000006b44cce7,3.09
10238,2019-08-01T09:06:27Z,fc75e05a713e8733c512a31a3bebec0a122af3e7afb2c5059c3f1a3a,60.17002,24.94407,000000006b087f40,7.69
10239,2019-08-01T09:06:27Z,fe88879502b9755093db192b4ea06a7b5b568f7e8b92970727636c68,60.16762,24.95415,000000006b44cce7,10.78
10240,2019-08-01T09:06:27Z,fea1453360073dfc1896bf1f005f51addb49661f953e16cffba3c63d,60.16531,24.9442,00000000fdda10fe,9.12
10241,2019-08-01T09:06:27Z,ff10218d9a15a3bf160a969fa266f197770d363bc52dce7fa08ae990,60.16762,24.95415,000000006b44cce7,7.69
10242,2019-08-01T09:06:28Z,0fff89885f08417f20aadfdbf62a372277e9085bcd024374b772ecac,60.16531,24.9442,00000000fdda10fe,33.81
10243,2019-08-01T09:06:28Z,144afc51fc2443c7031a2912566eff2ce60226a49d6d2bd7c2923700,60.16544,24.95398,0000000038d83d41,29.32
10244,2019-08-01T09:06:28Z,14c7e1511b70f4dd3359cbece1377aebb4d70531f5489eefe53d7c3c,60.16544,24.95398,0000000038d83d41,25.36
10245,2019-08-01T09:06:28Z,15918569de0a46a8eb56b43d8d39f7fc82619ff1006f00822c85745c,60.17919,24.95181,000000007b5207b6,6.46
10246,2019-08-01T09:06:28Z,165ebbb4090d47319ae370f0d0854fdc1f6b79499f8b2e4d3c3533c0,60.16544,24.95398,0000000038d83d41,33.81
10247,2019-08-01T09:06:28Z,1951291ca064d0fb480d958037c1477427d2ca8db455fef0b741bf9f,60.16448,24.97323,0000000053c6c2be,18.79
10248,2019-08-01T09:06:28Z,1f0f0628cdc688d76bde2b82bee5b9b4916bf0bbdfe76cf3213e1c65,60.15432,24.9211,0000000019fb59c4,25.36
10249,2019-08-01T09:06:28Z,2a93b61a3863ace54349d7a0937e4134fcc6d4dfcf064eefae2b7cf8,60.15432,24.9211,0000000019fb59c4,33.81
10250,2019-08-01T09:06:28Z,5d65719c4cbf045f068d084b72302f447d5fd034413d97d13be00d0e,60.18203,24.91341,00000000342570c2,21.87
10251,2019-08-01T09:06:28Z,6a657079c1bdc8114c289be1ddd83e5846d4279a920d1697b8ff0033,60.18203,24.91341,00000000342570c2,17.4
10252,2019-08-01T09:06:28Z,6d22b751ff5173035dc85c52c3dff0780126adae67fe33dc62dd45ef,60.16531,24.9442,00000000fdda10fe,29.32
10253,2019-08-01T09:06:28Z,6ff437688c444238352c28f64f9d2a7d0f14d19c9ea42c225380501e,60.16762,24.95415,000000006b44cce7,11.7
10254,2019-08-01T09:06:28Z,76c7f42283513d0e289bf786d89463b5025b2ae0f4e13519a4cf228b,60.15432,24.9211,0000000019fb59c4,20.28
10255,2019-08-01T09:06:28Z,84fdfd8881f633c5f0c71c1480053953ca4b05e848052d97c063ad38,60.1538,24.95595,0000000038bf9618,23.56
10256,2019-08-01T09:06:28Z,87dfaad29a9276ddddb1fa021d3bc23ad14824c1af16f7d87e713689,60.14951,24.92138,0000000006dd41f6,10.78
10257,2019-08-01T09:06:28Z,8c75c3289c84fe4493e1e272a77b615fe1985880c5dc68a7c1a17b53,60.16762,24.95415,000000006b44cce7,9.92
10258,2019-08-01T09:06:28Z,8cc6ddaa460aeae8cc9e8a33f91a01c8cd4c0c8bf8a943210a28c84d,60.1538,24.95595,0000000038bf9618,16.1
10259,2019-08-01T09:06:28Z,9843c6216661048343a0e49cf3d8aa2883cf77f452666a1c873a1052,60.16448,24.97323,0000000053c6c2be,9.92
10260,2019-08-01T09:06:28Z,9d03d14afa49576281aa26db60e517f7c1ec8aa36f7756959a860a8a,60.16629,24.95957,00000000fb7600be,10.78
10261,2019-08-01T09:06:28Z,a5302e72a58b038ac7633e65863bac48d8153d8837533ac7b5409f37,60.16629,24.95957,00000000fb7600be,12.69
10262,2019-08-01T09:06:28Z,a91d379a4b57c5df22db0d7a041ff69f657b4b31f28554b1011fc03c,60.16544,24.95398,0000000038d83d41,29.32
10263,2019-08-01T09:06:28Z,a9da1ee82e3b670e276c26b483dd50f4a6d0c6f77ef82245d3ae6086,60.18203,24.91341,00000000342570c2,11.7
10264,2019-08-01T09:06:28Z,ab0f67c0c0e1ba5eac9013f9c314feadf340ddf08543b91e70483594,60.16544,24.95398,0000000038d83d41,20.28
10265,2019-08-01T09:06:28Z,b1f358076ba79ef902a36ca8ae3f8ec7c93308a67c479345bfdbdecf,60.1538,24.95595,0000000038bf9618,29.32
10266,2019-08-01T09:06:28Z,b4faf2d3c4d2b199afeab6ab63b583fe3a2e81e14abbef6917f25129,60.15432,24.9211,0000000019fb59c4,23.56
10267,2019-08-01T09:06:28Z,b5fd6b317890e5ab2d79e2cd1abe61626d45a753c7337d0d40728898,60.16762,24.95415,000000006b44cce7,9.92
10268,2019-08-01T09:06:28Z,ba42c72ea7c2663b3ea5044faf12173ab18e523dc35de0e24bf374ac,60.16544,24.95398,0000000038d83d41,27.28
10269,2019-08-01T09:06:28Z,c40c37def6bf11a63a2556519a7c6233fd417cdeea2cf14f28e7c42c,60.16531,24.9442,00000000fdda10fe,20.28
10270,2019-08-01T09:06:28Z,cf05623e4d87ce0906c0b0b7dbf53aacc1228016cd27c341228b6e76,60.18203,24.91341,00000000342570c2,20.28
10271,2019-08-01T09:06:28Z,dd2c9c82cf3737146294aff6f814a1349fb0bc4bedf518715dacbe8f,60.18203,24.91341,00000000342570c2,18.79
10272,2019-08-01T09:06:28Z,ec72ef080c605e71978aed0d3b5f22c3c3133677a43c614b72eedc6d,60.14699,24.922,00000000a53ed894,20.28
10273,2019-08-01T09:06:28Z,f088630d7476dae7d4b7e2bb1f10575f2c89acb4b6e061f3d57c2b40,60.16531,24.9442,00000000fdda10fe,23.56
10274,2019-08-01T09:06:28Z,f22981c21af00fc334b3d8bdd523e23a50384666e97815f0ec1dc0ac,60.16897,24.95222,00000000aa852af1,7.05
10275,2019-08-01T09:06:28Z,f70a43051a4f59f5002c4018a464b44781f7f527861efda6626a2de4,60.16829,24.94214,00000000afef4555,16.1
10276,2019-08-01T09:06:28Z,f99c5dd8cc08bd2353083d875ce8bc585fb2c2ff8427b90d92f571de,60.1538,24.95595,0000000038bf9618,27.28
10277,2019-08-01T09:06:28Z,fc4f3a44235f1cfc7b53f14ba2da599976a5a0a220d23b852688e485,60.17919,24.95181,000000007b5207b6,9.92
10278,2019-08-01T09:06:28Z,00787dad708490660b0b836fa415681cc57046fa521c0c0aaea14a9e,60.16762,24.95415,000000006b44cce7,4.5
10279,2019-08-01T09:06:28Z,00cf880933075f70a32ca748c0299b5dee3089d042185bd2787eed56,60.16762,24.95415,000000006b44cce7,18.79
10280,2019-08-01T09:06:28Z,02050a536056486b1bf139282f0d0a3af63def1d56ff0c73ac51bb19,60.14947,24.91438,000000004ef3150d,16.1
10281,2019-08-01T09:06:28Z,023083c44c772667f1727e01c74518889b2a82d78ceb28c08b6f8a20,60.16531,24.9442,00000000fdda10fe,13.75
10282,2019-08-01T09:06:28Z,028149b8bfaf37d1f064cb0b4f23ae118f00d8eff41679fb8830396a,60.16531,24.9442,00000000fdda10fe,25.36
10283,2019-08-01T09:06:28Z,02fb8c740573d86a30d1a85d4b270f0d198cd0487446d6ca84453f3f,60.16544,24.95398,0000000038d83d41,20.28
10284,2019-08-01T09:06:28Z,0362cc670dcfab795a3911957b6a177416bf9b99d0e2732716796c4d,60.15432,24.9211,0000000019fb59c4,3.09
10285,2019-08-01T09:06:28Z,03f427d436ba092925de462b11374bdbdab0443620037675621fbc11,60.17919,24.95181,000000007b5207b6,9.92
10286,2019-08-01T09:06:28Z,063935180fff0e58de5d319ecb9320cf794423e3c6aeac0cca8f1a9f,60.16897,24.95222,00000000aa852af1,8.38
10287,2019-08-01T09:06:28Z,0670a01b5d0e505e7ec50165f157d60f57a5bb3b6c65922412509ab2,60.16829,24.94214,00000000afef4555,18.79
10288,2019-08-01T09:06:28Z,0849a091b1aabe9b614b6b5c54dffd083dbb4473ca90dc972e4d37de,60.16829,24.94214,00000000afef4555,20.28
10289,2019-08-01T09:06:28Z,08f10568d1e90d000e41196f141e0c1a52bab88fcf08f4753a3c055e,60.16897,24.95222,00000000aa852af1,20.28
10290,2019-08-01T09:06:28Z,08f9fd60f852d3502bfa509c955e9963e73954f961d55ba8cd46cae9,60.16629,24.95957,00000000fb7600be,11.7
10291,2019-08-01T09:06:28Z,0951ec0c700dba7330b8e8181fc852becde054d0dc7474d1488db3cd,60.17065,24.93641,000000000f4919c9,41.64
10292,2019-08-01T09:06:28Z,0b1e470de9987c18967cad858b6f79c135ffd2e9ad00bb9c470d0eb3,60.1538,24.95595,0000000038bf9618,33.81
10293,2019-08-01T09:06:28Z,0c1684b697a63d7f47ebaedcfa060b3b4af294fec1e62d613699291a,60.16897,24.95222,00000000aa852af1,8.38
10294,2019-08-01T09:06:28Z,0c2d3bdaf0e8a9d6efcf95298acb85805b31c1c6618f00dd4489dddb,60.16762,24.95415,000000006b44cce7,20.28
10295,2019-08-01T09:06:28Z,0feb7de3b58597dd266ed606e8d3b6e2e4e0be942b17c15be984f51c,60.14951,24.92138,0000000006dd41f6,31.5
10296,2019-08-01T09:06:28Z,1069967e3921871955b1b2b42e60f829c593a3e024401bfe61ae410e,60.16629,24.95957,00000000fb7600be,14.89
10297,2019-08-01T09:06:28Z,1074ffc7b33a1a8b54ea8f31d0f43ba07ed2ad7841b548f9bd4b9bad,60.17065,24.93641,000000000f4919c9,17.4
10298,2019-08-01T09:06:28Z,10cd81594fd56fa1f2c4799419a45b70833d3d8583b817324ee96da7,60.16897,24.95222,00000000aa852af1,17.4
10299,2019-08-01T09:06:28Z,1134a082e36fe03359bac74c814a0ed20468c45230115d4e25aa230d,60.16829,24.94214,00000000afef4555,7.05
10300,2019-08-01T09:06:28Z,1271bcd33c0056265a5bdf6df4092a3c9e2209abee80570cb172031b,60.16897,24.95222,00000000aa852af1,11.7
10301,2019-08-01T09:06:28Z,12b9b313e577dbbb9619247e0a5ded14c2b56bede5b421cac44f9597,60.16448,24.97323,0000000053c6c2be,23.56
10302,2019-08-01T09:06:28Z,13a759fd293cbde0d55db753d853768b718e59036c4007d2e3a8757a,60.16762,24.95415,000000006b44cce7,9.12
10303,2019-08-01T09:06:28Z,141ffc858c3ea6a2e69c954115114304736a35dc25ec947323090dc0,60.16762,24.95415,000000006b44cce7,4.94
10304,2019-08-01T09:06:28Z,16e18d478be872d2a9801fa885d08edeb3f5ae1840b38478f9baf535,60.17918,24.95141,00000000675d5200,23.56
10305,2019-08-01T09:06:28Z,1812c88ff0ba84d68d45dc48e7b54d1e46f40339155a3c9981e7d359,60.16762,24.95415,000000006b44cce7,9.92
10306,2019-08-01T09:06:28Z,188d2e17eacbe726e4d834ba5fdd055045b0b5a38b32ad73ea7c5d9f,60.16762,24.95415,000000006b44cce7,11.7
10307,2019-08-01T09:06:28Z,1cfafdaa3ff1975bcf6f699641431e88775ba2183074d825eeb81dd3,60.149,24.9843,00000000fffb8cf0,14.89
10308,2019-08-01T09:06:28Z,1da40c618e0432bb037d08723b65821f6223509e8b4033a4b4190047,60.17065,24.93641,000000000f4919c9,18.79
10309,2019-08-01T09:06:28Z,1e3044c19f6913531b6dd4bccb88ad02c1b39192513ccffa05444edb,60.1538,24.95595,0000000038bf9618,27.28
10310,2019-08-01T09:06:28Z,1eadb2c1984aa73c3c2f13eab0a2e793331443c617681e36887f0bcc,60.16629,24.95957,00000000fb7600be,21.87
10311,2019-08-01T09:06:28Z,1ecbc7c6afe89033252e5510cbb893666af2b3bc29f555a3a6287fdb,60.14951,24.92138,0000000006dd41f6,4.94
10312,2019-08-01T09:06:28Z,1f813dc10021899138c12ca17c58ab3dc24db1750dcb1790f9c20e8f,60.15133,24.92329,00000000e8a064a4,10.78
10313,2019-08-01T09:06:28Z,20b37aa6c3ad0dfea9c182498905a450537b0efbbd8563b205e93afd,60.16897,24.95222,00000000aa852af1,9.12
10314,2019-08-01T09:06:28Z,227fd98ceb97d84d0c2c3af35c32cee7a87aea62d71b1a5353ae3588,60.17065,24.93641,000000000f4919c9,17.4
10315,2019-08-01T09:06:28Z,2283762fe3af8329ae65aec44de728da8f383810e9f2a3d3b84fa031,60.16897,24.95222,00000000aa852af1,20.28
10316,2019-08-01T09:06:28Z,22ac1ab1c590ea19b44c61c42f5e8da29a6acbabf56676527811507a,60.15432,24.9211,0000000019fb59c4,16.1
10317,2019-08-01T09:06:28Z,22b68b1dc6e6d815ca8e6afbd434ae0e229670798c443052e7444648,60.16762,24.95415,000000006b44cce7,7.69
10318,2019-08-01T09:06:28Z,25479245e5a8b0fe47e2bd590cdd63256d84afd6c164781dc64e527d,60.149,24.9843,00000000fffb8cf0,12.69
10319,2019-08-01T09:06:28Z,2552cb43d7990bde838673115a742078e343ce93f96257728311655d,60.16897,24.95222,00000000aa852af1,16.1
10320,2019-08-01T09:06:28Z,25d340d14d855b8c18b2c6f2551ec98a1eb047d1fd3457ba881ddf28,60.17919,24.95181,000000007b5207b6,8.38
10321,2019-08-01T09:06:28Z,268870e6ad5719f4e5d3d1da9d7ca9ed0f383268a62497c59930f403,60.15432,24.9211,0000000019fb59c4,27.28
10322,2019-08-01T09:06:28Z,270749ab8e1a83f0dcbf45dc861bcc0e10361d103d7589841787e366,60.16531,24.9442,00000000fdda10fe,31.5
10323,2019-08-01T09:06:28Z,277fcf3cc917a89b46a34e0cf5164a78f5bcc88d92bb45ded60f1a91,60.17065,24.93641,000000000f4919c9,13.75
10324,2019-08-01T09:06:28Z,27b591b33a56a542440b53031a24f42290b0ec1a194af27700b75a3a,60.17919,24.95181,000000007b5207b6,16.1
10325,2019-08-01T09:06:28Z,28ce50ca84cdcd4c17a36ac666e7ac0267b6ab5b77f4bfb08b2573a1,60.16762,24.95415,000000006b44cce7,2.54
10326,2019-08-01T09:06:28Z,28d50861d92f962c7a49eabaa524431aebf52870e44b79f77d7167c6,60.17919,24.95181,000000007b5207b6,4.94
10327,2019-08-01T09:06:28Z,29ae3c5c3aeac0c607bc816f7e74c232a40142b79a52c43c7b1ed42f,60.16829,24.94214,00000000afef4555,7.05
10328,2019-08-01T09:06:28Z,2a8ba80ac4fbda4f91ebfa759642c857fd090516070753d41bb7d6ad,60.16829,24.94214,00000000afef4555,36.27
10329,2019-08-01T09:06:28Z,2afa9ac588b2c55e8edf99ee96ecaf63451a7ab1e51571b7e2d1d491,60.16762,24.95415,000000006b44cce7,3.09
10330,2019-08-01T09:06:28Z,2c6810efb2565383ca0a554f3c51f3f7905484357f5e00756dbf091a,60.17918,24.95141,00000000675d5200,7.05
10331,2019-08-01T09:06:28Z,2c6f6440161f9061a850e8db96383d5eb111f0d1d8f0b666b7c49f22,60.16897,24.95222,00000000aa852af1,16.1
10332,2019-08-01T09:06:28Z,2f43b7a683b0d365a46b6259a032813c293472eaedcdbcc3507adee5,60.17919,24.95181,000000007b5207b6,7.69
10333,2019-08-01T09:06:28Z,2f79108a454c0072885ad1447280ed5098d061b229eaae61a8bb67be,60.15432,24.9211,0000000019fb59c4,9.12
10334,2019-08-01T09:06:28Z,2f82b3546af2df53b58cddc668c9aa196554108cdf39120ea40b417c,60.16629,24.95957,00000000fb7600be,13.75
10335,2019-08-01T09:06:28Z,2fb39eae730ec6f291700f841a64aaf680d52a8346399aec6ccb1dbb,60.17065,24.93641,000000000f4919c9,27.28
10336,2019-08-01T09:06:28Z,2ff189e5846383641192cafb595a7a8f77394239ee03aabd1bf3c49f,60.16829,24.94214,00000000afef4555,12.69
10337,2019-08-01T09:06:28Z,305fbd6210068d9850f2080e20d5f4674db13ed9e5b56d5f71c4d21f,60.16629,24.95957,00000000fb7600be,20.28
10338,2019-08-01T09:06:28Z,312e78d3624e87e1645e7d54f96facd8a2321d6e65a3ef0620fb1d42,60.16531,24.9442,00000000fdda10fe,29.32
10339,2019-08-01T09:06:28Z,31b02b3b271f6feef9e49d9285929ff1c25a11e608fc5d70bc6a1fac,60.16897,24.95222,00000000aa852af1,20.28
10340,2019-08-01T09:06:28Z,3371cfaa0eed702110b1f5501d188c9e7424a2e018bb905af13896cc,60.16448,24.97323,0000000053c6c2be,21.87
10341,2019-08-01T09:06:28Z,33fa4cb82db5b44ffe6e7ae1039635187f90d1df328f8f139da0c693,60.17919,24.95181,000000007b5207b6,5.41
10342,2019-08-01T09:06:28Z,3480c16a6649952c388d8902596e332f018e609b9585f483353ae026,60.17065,24.93641,000000000f4919c9,2.08
10343,2019-08-01T09:06:28Z,34e96c7caa63e7ede8f428b18e8fb556ac235d61a50c9d6ac7ff268f,60.17919,24.95181,000000007b5207b6,4.11
10344,2019-08-01T09:06:28Z,3609f484ad7e56259f60a61aba44f22dfca5c8b2564fce7e802ad342,60.16829,24.94214,00000000afef4555,12.69
10345,2019-08-01T09:06:28Z,367b1989198ef11170dd9fcfa7e6ebb5ceb58aab87c613ee1bb86e8c,60.16531,24.9442,00000000fdda10fe,7.05
10346,2019-08-01T09:06:28Z,3685ee6d322dcb2ad0ae181f66c3c5427d4531d7896d2f5f7571bb6d,60.16762,24.95415,000000006b44cce7,6.46
10347,2019-08-01T09:06:28Z,36fe97cd2ec69118778c771a87593630f8a6a2cb77d9ce72f845cd3c,60.16762,24.95415,000000006b44cce7,9.12
10348,2019-08-01T09:06:28Z,38fb20c6d55b10dd10a39c0fb41ad61297453e25afda81cf32313ae3,60.16531,24.9442,00000000fdda10fe,21.87
10349,2019-08-01T09:06:28Z,39126ffb278f49e06180cc6abe5b31ab3acdce1534b5b6ffa0b6e567,60.18203,24.91341,00000000342570c2,21.87
10350,2019-08-01T09:06:28Z,39c6456ee66fe96eee3d97cee2a70923cedb3da760bb5d4d413adb9c,60.17919,24.95181,000000007b5207b6,7.05
10351,2019-08-01T09:06:28Z,39e9fa7033887b7ab339887aa68753ff94d4771cda2bb8ff4ea7aa0a,60.17919,24.95181,000000007b5207b6,5.41
10352,2019-08-01T09:06:28Z,3a1afdcf7c2e5a52cdbcbbe29e8281c184037e8720920c6c75bee339,60.15133,24.92329,00000000e8a064a4,12.69
10353,2019-08-01T09:06:28Z,3a2f1a2c6c645bd161943b3f19c171d021512d7a8c4273ed3022f5df,60.16829,24.94214,00000000afef4555,14.89
10354,2019-08-01T09:06:28Z,3a38ba36c098f2741d6c5fb5a751fcd074d05d698ac592ca09ab443c,60.16448,24.97323,0000000053c6c2be,21.87
10355,2019-08-01T09:06:28Z,3a97ae4dcab31eb5e15e5d036d286e9764e25bcf0ad8afcfba854c90,60.16762,24.95415,000000006b44cce7,2.8
10356,2019-08-01T09:06:28Z,3b124e1851087531134d5e5d0a10b6afe3551982609a81a19dd969dd,60.16829,24.94214,00000000afef4555,16.1
10357,2019-08-01T09:06:28Z,3be40c84926a525adbd09eeeb3a12b73b24c633942b2e1fbe8151ac3,60.16448,24.97323,0000000053c6c2be,29.32
10358,2019-08-01T09:06:28Z,3c3110ece83318c92f1593798ea2f6d2060002d20fce8b830234e82e,60.16544,24.95398,0000000038d83d41,18.79
10359,2019-08-01T09:06:28Z,3c864716e211395e6a02802fbf80abb7b7c4519243bea4994fca7720,60.16762,24.95415,000000006b44cce7,13.75
10360,2019-08-01T09:06:28Z,3cc82d532d2a768e0c987e2653e32825a8b11fc2f7ba36388535f6e2,60.16075,24.95883,00000000f1124bca,18.79
10361,2019-08-01T09:06:28Z,3d0437a1d090cd3cad05629e69a61c519aa6218e1b7fb47811e5a4ae,60.16762,24.95415,000000006b44cce7,5.91
10362,2019-08-01T09:06:28Z,3eea43670f4f29a90ced59c1af122371340275fb61ff8f14c7120658,60.16762,24.95415,000000006b44cce7,8.38
10363,2019-08-01T09:06:28Z,40646914186edc6142b7fc3daf766121b55f5bb36ea38facff686ea5,60.16897,24.95222,00000000aa852af1,23.56
10364,2019-08-01T09:06:28Z,40825cb0d315c92e0e0a73cc8e86c3b763bbf7ce226f112913e05e0f,60.17065,24.93641,000000000f4919c9,21.87
10365,2019-08-01T09:06:28Z,40d797bd0724df6055e4fe3d38894193ac90636264869c090e787f64,60.16762,24.95415,000000006b44cce7,23.56
10366,2019-08-01T09:06:28Z,41a0ca2955e0ae0324f6e14aeb77ebfaac5305e31d86c42a20277b94,60.15133,24.92329,00000000e8a064a4,33.81
10367,2019-08-01T09:06:28Z,4256b81faf420b0636e1bfcf21e8b61482045aed964aae9089c67296,60.16829,24.94214,00000000afef4555,13.75
10368,2019-08-01T09:06:28Z,42844e90c7134ebb3ec325f57cd27cd24711c779548ebc8692a820d5,60.14951,24.92138,0000000006dd41f6,3.4
10369,2019-08-01T09:06:28Z,44334c68f3991fe858ac066726e0a884236a5d89fe94d917b48e857c,60.16829,24.94214,00000000afef4555,13.75
10370,2019-08-01T09:06:28Z,44a120ac90dacb4d43fe4d38ee859a1015bcd226ff3d946a1e44c4ca,60.16531,24.9442,00000000fdda10fe,27.28
10371,2019-08-01T09:06:28Z,44cd682aaef3e1d1bc2b0eac71d75bb3a951f74d7c93810d260dfd07,60.16829,24.94214,00000000afef4555,17.4
10372,2019-08-01T09:06:28Z,4642dfa1df839f11e64f68bca4e3dce7bde2ff6dd68c54959fcb4788,60.17919,24.95181,000000007b5207b6,21.87
10373,2019-08-01T09:06:28Z,4682d95464cedcc021f38271a51bab9c000762b4acf802070e259ba2,60.16629,24.95957,00000000fb7600be,13.75
10374,2019-08-01T09:06:28Z,478830e26b1b9314c3f35b4ca62aba9828872733abbc7f32b78daac3,60.16531,24.9442,00000000fdda10fe,25.36
10375,2019-08-01T09:06:28Z,47bd1492244c444d45674eb48dd2e6f222cb109d820ba807c4e18c1a,60.16629,24.95957,00000000fb7600be,18.79
10376,2019-08-01T09:06:28Z,48004849b2f48b2314aa9175433d754db1641b949bb8cf050e2dd128,60.17918,24.95141,00000000675d5200,13.75
10377,2019-08-01T09:06:28Z,484bbaa5a9d6bdd2259f022b6ea4e3c290985c13a1286bd7142d878f,60.16762,24.95415,000000006b44cce7,7.05
10378,2019-08-01T09:06:28Z,48c0ea6615ac4c02fc9bc0e06f9ea9309f9bf7e73b4324d7a6b14610,60.16829,24.94214,00000000afef4555,6.46
10379,2019-08-01T09:06:28Z,49bbad87e4d6cd03bdb073bde7be91193d74d29943badce7fc536916,60.16448,24.97323,0000000053c6c2be,13.75
10380,2019-08-01T09:06:28Z,49df780a7f20a99ad2810fa4bbb46b5fac9bc5cbe3fc800cd572f63a,60.14947,24.91438,000000004ef3150d,11.7
10381,2019-08-01T09:06:28Z,4ade4f0d92c6157a42d7fd8e353d1c93551324ba47cc134b840a6c63,60.16897,24.95222,00000000aa852af1,7.69
10382,2019-08-01T09:06:28Z,4afcc27c652d3d50a44d060f84e33dd4b17529d982928dae936cf10f,60.16448,24.97323,0000000053c6c2be,25.36
10383,2019-08-01T09:06:28Z,4ba529eeafb27285cbbade6e5ece0d4d04bd2d13c98b27a5d17abd22,60.16897,24.95222,00000000aa852af1,5.41
10384,2019-08-01T09:06:28Z,4c8696833edf46025bc9b5f589679b77a73c857736036aa9ef6696e5,60.17002,24.94407,000000006b087f40,31.5
10385,2019-08-01T09:06:28Z,4e262a07e1ea47350f808684444d1d8b3f223288fb219cca9f12af23,60.1538,24.95595,0000000038bf9618,20.28
10386,2019-08-01T09:06:28Z,4f9125edf503fe3cb0ba1e1221fe6a67aafd99fcd89fd92d2bf20e97,60.16897,24.95222,00000000aa852af1,18.79
10387,2019-08-01T09:06:28Z,4fb4a3650a2a28469dde9c537458d24411aa6075666e047dd756fba9,60.17919,24.95181,000000007b5207b6,12.69
10388,2019-08-01T09:06:28Z,5001aabb6808b9fd96b705d1ebe8e7aca52713c2640100d81879dd86,60.17919,24.95181,000000007b5207b6,16.1
10389,2019-08-01T09:06:28Z,5022acdb28a01d1a0b2077fc89c77bde277b7dd4f079b4fea30f75b9,60.16629,24.95957,00000000fb7600be,18.79
10390,2019-08-01T09:06:28Z,504f910a0bd104a130b85d0c50467a15e74dc950bcc9eac3ebecc43e,60.16531,24.9442,00000000fdda10fe,14.89
10391,2019-08-01T09:06:28Z,51ec42fdd85671ae93876c3d875b24e56cb45699e9c3d2b623dca70d,60.16762,24.95415,000000006b44cce7,5.41
10392,2019-08-01T09:06:28Z,529623421e226c215bcca0b1388813e291d3d13ed1d8465f0ab69147,60.16629,24.95957,00000000fb7600be,10.78
10393,2019-08-01T09:06:28Z,5372348389197e6c4bc4c5e3dab047e7384d562220e6295904bbda1b,60.17065,24.93641,000000000f4919c9,7.69
10394,2019-08-01T09:06:28Z,53fb53be4440aecb1a1fa63a9da1db08182cc7e252da14685e63373d,60.16762,24.95415,000000006b44cce7,13.75
10395,2019-08-01T09:06:28Z,54b89ed12e25892c9160e029a0379d61425b88db1aa30b06f9ea2d8b,60.17002,24.94407,000000006b087f40,25.36
10396,2019-08-01T09:06:28Z,54bd709173219e8017f317b63ecc83d0a48f64542e6fa1b83c86a56c,60.17919,24.95181,000000007b5207b6,18.79
10397,2019-08-01T09:06:28Z,556cae6b2e2dec6fe691a835e8e08bd016b1a65797c0aca46879329f,60.17919,24.95181,000000007b5207b6,5.91
10398,2019-08-01T09:06:28Z,559429bba23762a872fc7b1e2219d42125ab101e4355d43fdb94ed7b,60.17918,24.95141,00000000675d5200,9.12
10399,2019-08-01T09:06:28Z,559e6a5225ce35ab844c63ea0d0c1695dc490a3d9cfbafa5d35ac8d8,60.14947,24.91438,000000004ef3150d,9.92
10400,2019-08-01T09:06:28Z,57c17edc71bbce06ad692952a1e05eaa77181884e580c0848f3a23fc,60.14951,24.92138,0000000006dd41f6,18.79
10401,2019-08-01T09:06:28Z,5830a481876da00686f25b17dad06258a39212c0816ed04dda2df1bd,60.16531,24.9442,00000000fdda10fe,21.87
10402,2019-08-01T09:06:28Z,584cb0b0cdd14e608c8b57c8aecc9826f9b40027e365e2438a444ea2,60.16762,24.95415,000000006b44cce7,12.69
10403,2019-08-01T09:06:28Z,5865a27b5b56a60bca38e4a1403655e3e7fd0232a3ff2079965aff81,60.15432,24.9211,0000000019fb59c4,9.92
10404,2019-08-01T09:06:28Z,58754229cd3381042c5ffda79c0108c5f77aa1f0f6d1468b9cb42b4c,60.16829,24.94214,00000000afef4555,17.4
10405,2019-08-01T09:06:28Z,5978726eeef638856dafd3a8d199287f8daf9e90ddde750b402f8bb0,60.17065,24.93641,000000000f4919c9,0.84
10406,2019-08-01T09:06:28Z,5a34b02faac3189217466888ef1d31cc80f721ac2f18638c5db88d53,60.14947,24.91438,000000004ef3150d,9.92
10407,2019-08-01T09:06:28Z,5a8d671a78b976d212d9746d88b9a754a2d9c8341c529e88b7c6b8f4,60.17065,24.93641,000000000f4919c9,25.36
10408,2019-08-01T09:06:28Z,5b06617477af6dcee75a94ac347364b50f6f3b5b7d747e5413d9ad58,60.14947,24.91438,000000004ef3150d,7.05
10409,2019-08-01T09:06:28Z,5c1f71098d5d7258d2971061c791c94e0138c8e02225c5f60d6a0428,60.149,24.9843,00000000fffb8cf0,21.87
10410,2019-08-01T09:06:28Z,5e2c5c20c88ccf362ed8749d1ddc041b1cb1c38d8dbeac7870179322,60.16629,24.95957,00000000fb7600be,9.12
10411,2019-08-01T09:06:28Z,60fb71f332cc032172f6238e9ddeaf6911310759fc2cd535746d74f9,60.16629,24.95957,00000000fb7600be,21.87
10412,2019-08-01T09:06:28Z,619c5b31af2a28703a837cc7974ef0d2c5bb6584ba0fcc03076218ac,60.17002,24.94407,000000006b087f40,12.69
10413,2019-08-01T09:06:28Z,61cad0901875294dc868a6d894b5f275a95e6ab6e4a369eefa0fe4bd,60.16762,24.95415,000000006b44cce7,11.7
10414,2019-08-01T09:06:28Z,61f53bab9eb8d4ebb57a9aaea9ccecc63dbf2a442c4d629c5348903f,60.16629,24.95957,00000000fb7600be,25.36
10415,2019-08-01T09:06:28Z,626bf35ce16dba1054cfd175d09475d3ee751bf70e56f984ff5c7ab6,60.15133,24.92329,00000000e8a064a4,21.87
10416,2019-08-01T09:06:28Z,63ff2439779051005c18876d20ed53ce060c1de9d7976821bd518fc6,60.15432,24.9211,0000000019fb59c4,10.78
10417,2019-08-01T09:06:28Z,6470ee836399c5610581ec9de09772d350282ecc4c5c57fa02a5ec68,60.16075,24.95883,00000000f1124bca,27.28
10418,2019-08-01T09:06:28Z,65b6b62b547e11e10f7f83ad497446bee2bb9653097d9d62e9b1b817,60.17065,24.93641,000000000f4919c9,5.41
10419,2019-08-01T09:06:28Z,674355e17da9460e58566497be518f2eb537880c67c788fedb5067db,60.16629,24.95957,00000000fb7600be,11.7
10420,2019-08-01T09:06:28Z,67cf7d2881080aa59ed36a6d88ea1946d17e9d1d5e1ad9eee1851969,60.18203,24.91341,00000000342570c2,20.28
10421,2019-08-01T09:06:28Z,685af6b01bd180194d718801bb8b9c9de22050cc392d6c6441fe986b,60.18203,24.91341,00000000342570c2,5.91
10422,2019-08-01T09:06:28Z,68d7ad8fab31b3c5967a814376d0ddc6cf42e1db0d9e09dfbba169bd,60.16762,24.95415,000000006b44cce7,7.05
10423,2019-08-01T09:06:28Z,69e2854c78a472b462941ef730aa9fa7a9dba9c1cc22996396d4c78a,60.17919,24.95181,000000007b5207b6,9.12
10424,2019-08-01T09:06:28Z,6a75294b52678d021371b3f955224c3b5d0006997eb0dbc03f980a89,60.16762,24.95415,000000006b44cce7,23.56
10425,2019-08-01T09:06:28Z,6adce4d05e58232a97635a2fd7918e4e49d9295afc0989d727f9c712,60.17002,24.94407,000000006b087f40,9.12
10426,2019-08-01T09:06:28Z,6bd8f29dd69224345723669424cf7a61a7315a6f812ef43e5a7a44da,60.16762,24.95415,000000006b44cce7,23.56
10427,2019-08-01T09:06:28Z,6d5a8ded89f26533ed851d1a0894f0d9045e9cd4baed439f7d9a922b,60.16629,24.95957,00000000fb7600be,18.79
10428,2019-08-01T09:06:28Z,6d94a134d3b5f52416c91453c67615e480218e6db3a6004b1ba8a79e,60.16829,24.94214,00000000afef4555,21.87
10429,2019-08-01T09:06:28Z,6d98ac1fea7056e5b96d6095caf0e3677a4ec30e9fbcc2e50ae1cf65,60.16629,24.95957,00000000fb7600be,9.92
10430,2019-08-01T09:06:28Z,6dca84ddf4be668487766d17c5d13961ed713d24032f709ae87a497f,60.16829,24.94214,00000000afef4555,9.92
10431,2019-08-01T09:06:28Z,6dd5463e670c352180c1e912300e21e59f5e2976266df8c3c92b0baf,60.16829,24.94214,00000000afef4555,18.79
10432,2019-08-01T09:06:28Z,6e4022bd9bc9787525a7c6cc8527724ffa7e7ce29abbf296b28a9398,60.16762,24.95415,000000006b44cce7,18.79
10433,2019-08-01T09:06:28Z,6e80fcea10d21e1d5e672b554c0f3fe686dc58934f38c3391fd5c262,60.17002,24.94407,000000006b087f40,10.78
10434,2019-08-01T09:06:28Z,6f616e6334d0ed70e5ea15408a51e9daf643369911d94d76830a7d65,60.16544,24.95398,0000000038d83d41,13.75
10435,2019-08-01T09:06:28Z,7003a7f6a5523b645634f014e04bea36016953a8af9324e35602bc2e,60.14947,24.91438,000000004ef3150d,8.38
10436,2019-08-01T09:06:28Z,704c3f3075f13713c363014fa828e4a932e7a05676813b9963a1e554,60.17919,24.95181,000000007b5207b6,2.08
10437,2019-08-01T09:06:28Z,70d391038ec56b63a3737605c2c1db6ffbdca8e4490691776dc993f1,60.16829,24.94214,00000000afef4555,3.09
10438,2019-08-01T09:06:28Z,72439a1f997fd347d46394f31f5789edc877fe61ca34fcd31f9150b1,60.18203,24.91341,00000000342570c2,23.56
10439,2019-08-01T09:06:28Z,7292a4a47ed655e0ce0ead026bb0ae4b8093342f87a9aed5665c1456,60.16762,24.95415,000000006b44cce7,9.92
10440,2019-08-01T09:06:28Z,72f088587da3409c5a4bec360a52a230a7551c3671441baaaabc6357,60.16829,24.94214,00000000afef4555,12.69
10441,2019-08-01T09:06:28Z,750297d0d8ff0ca837d9c2289c26302d62f38708617150431ab14509,60.16531,24.9442,00000000fdda10fe,16.1
10442,2019-08-01T09:06:28Z,76ef1048176afbfc84022d38450e09d0aea6a7fec1abc3722756dfb8,60.14951,24.92138,0000000006dd41f6,25.36
10443,2019-08-01T09:06:28Z,7700297fec4982ad776529835e2ab46d4e5cbc889e26f368c19efeef,60.16829,24.94214,00000000afef4555,14.89
10444,2019-08-01T09:06:28Z,774131d73accbbb31ec3c43c3501b7969645eb65df1839ca8116526e,60.15432,24.9211,0000000019fb59c4,2.54
10445,2019-08-01T09:06:28Z,7803e2d46157a5482e745447d4c2c332fbd818d87a20b0f6187c628d,60.17065,24.93641,000000000f4919c9,23.56
10446,2019-08-01T09:06:28Z,78a9535148d256e36a93dcce58f6dac7864c3bcd43b255c37291aa30,60.17002,24.94407,000000006b087f40,16.1
10447,2019-08-01T09:06:28Z,7c1534082e86ff4387878d813207626d8f728aa26b97248e00a3b8d7,60.16629,24.95957,00000000fb7600be,23.56
10448,2019-08-01T09:06:28Z,7ccf0231e25c4a2ff5abcbb7cb3fe96604d014c3fa05c2829580801d,60.16829,24.94214,00000000afef4555,14.89
10449,2019-08-01T09:06:28Z,7cd51189de07d01882cf0a9346f0830a9b21764875334d45e143fbd5,60.17002,24.94407,000000006b087f40,16.1
10450,2019-08-01T09:06:28Z,7d415f4fd9093fb383b4ebb88961ad74e6a00d3ece39504712dad639,60.17919,24.95181,000000007b5207b6,21.87
10451,2019-08-01T09:06:28Z,7e2e3d07c939e3e76e7ce87678faf64e056afe54215e00488839100f,60.14947,24.91438,000000004ef3150d,12.69
10452,2019-08-01T09:06:28Z,7eb4a715919b3eb4085270535ce4d7b57112591ad7242eb189bf652a,60.17065,24.93641,000000000f4919c9,11.7
10453,2019-08-01T09:06:28Z,7f59aaecea1eee6c703ec5d46d67b44289ddedf080defee495b73739,60.14947,24.91438,000000004ef3150d,7.69
10454,2019-08-01T09:06:28Z,7faf8705e89a761625aaed50b89538581e25d5950ec8f051d36ed829,60.14947,24.91438,000000004ef3150d,11.7
10455,2019-08-01T09:06:28Z,809bf2d7a0745ae512b934a578fd5fd47c13c5398b6d06ad350b9e7c,60.14947,24.91438,000000004ef3150d,27.28
10456,2019-08-01T09:06:28Z,814fca075a588ae71c130bafc9384a1c17e7bd8168994ae6fca55205,60.16829,24.94214,00000000afef4555,33.81
10457,2019-08-01T09:06:28Z,8165c5f8d06298ffd56f071c0ad1cc9f1d4f08084936937d712d0b61,60.15133,24.92329,00000000e8a064a4,9.92
10458,2019-08-01T09:06:28Z,8524898e498c83bde4bc1848aa2b372da84e7b2266f36aabe128cc27,60.17919,24.95181,000000007b5207b6,12.69
10459,2019-08-01T09:06:28Z,86e7584bf95733cef59d74bb4955881e99dc86b73a0d5b4e3ef58b50,60.18203,24.91341,00000000342570c2,14.89
10460,2019-08-01T09:06:28Z,87f1cc4c4a9de1ab81fe39cf7fde6cf0d4778e690f1665b62231ce46,60.149,24.9843,00000000fffb8cf0,29.32
10461,2019-08-01T09:06:28Z,88c2bc6310f27465b9f08b28fb52075d7703ce7b097e5beb37c7437c,60.14947,24.91438,000000004ef3150d,18.79
10462,2019-08-01T09:06:28Z,893080d82bb28aa3ab91e41ddd4569086c8135ade7be10aa644fca95,60.17065,24.93641,000000000f4919c9,27.28
10463,2019-08-01T09:06:28Z,898cde3317c73907bb23b1b885828c4bf3187c3a757a18dc32abe970,60.16762,24.95415,000000006b44cce7,4.11
10464,2019-08-01T09:06:28Z,8996f41485515f4fe2b7f60962df36a3421c9a14cdb3f381b1ce7052,60.16829,24.94214,00000000afef4555,20.28
10465,2019-08-01T09:06:28Z,89aeff56a0700534bbf2dfd19fc298f5a890c95e1a45b6ca7ad3c33a,60.16829,24.94214,00000000afef4555,12.69
10466,2019-08-01T09:06:28Z,8a01e28fd327e5c56dcf2dc8b2b7762a96d77584c21990a073ceb11f,60.16829,24.94214,00000000afef4555,7.05
10467,2019-08-01T09:06:28Z,8c571538c285dba9d77edacfb1829b282d54b772b62209c6e4004237,60.17919,24.95181,000000007b5207b6,14.89
10468,2019-08-01T09:06:28Z,8d8ccef34e3b6aa97c72aa793dec4c27e35e0ea16fd6b9790d843b00,60.173,24.92524,0000000096918cfa,25.36
10469,2019-08-01T09:06:28Z,8e20d0d67339e3cf43e77c3a340d9dc6766de8d079197a08a1343ff0,60.17065,24.93641,000000000f4919c9,12.69
10470,2019-08-01T09:06:28Z,8e6caf283696ed75a4aff0c3f528dad5878f6f4b82cbd3eae1164484,60.16897,24.95222,00000000aa852af1,29.32
10471,2019-08-01T09:06:28Z,90a44cbd1a957cc59a6986cff9b6b7b8e151d379e17da645069428b8,60.173,24.92524,0000000096918cfa,11.7
10472,2019-08-01T09:06:28Z,939c459d913b0b38838071a0d13671e83e4a751f44624b21e84daa69,60.16762,24.95415,000000006b44cce7,11.7
10473,2019-08-01T09:06:28Z,941e13893853105c86bfbc6d31d62274937602143ce3bb530c8c17ed,60.17919,24.95181,000000007b5207b6,11.7
10474,2019-08-01T09:06:28Z,94de25728748a75e0ae17bd3f75d246c22fa741c669973ccb86ea813,60.16531,24.9442,00000000fdda10fe,21.87
10475,2019-08-01T09:06:28Z,9998e64e3b5162fd8890fc4e2dfe41a3e875f08500f1cef0c4820855,60.16829,24.94214,00000000afef4555,29.32
10476,2019-08-01T09:06:28Z,99a026b5100e23129fa529e9a57a3dbc8490dc03b58f2193f03e2dcf,60.14951,24.92138,0000000006dd41f6,6.46
10477,2019-08-01T09:06:28Z,9abbc86fb0fc1c0532042814af76a97e6a17121831d4394749a290a6,60.16762,24.95415,000000006b44cce7,7.05
10478,2019-08-01T09:06:28Z,9b3e6848d8b34e802134d6da0e5a594897ec3fafbbf08b6d0b84068e,60.17919,24.95181,000000007b5207b6,2.54
10479,2019-08-01T09:06:28Z,9bef8b28ea93ecaee57d05b037edbfe7f80014aaf56343345fedd7be,60.17919,24.95181,000000007b5207b6,11.7
10480,2019-08-01T09:06:28Z,9ce214896068957a21bc57af08680d84debbd091b49ad5e6402c4cc8,60.16629,24.95957,00000000fb7600be,18.79
10481,2019-08-01T09:06:28Z,9e343a150f07bb3dcce5ecab8ac061b84d65b347b1af5a232e00eeb6,60.16829,24.94214,00000000afef4555,17.4
10482,2019-08-01T09:06:28Z,9eee6d740f1d483c484d02f0995f35550c09e6a8cf01f02680db5efc,60.16448,24.97323,0000000053c6c2be,17.4
10483,2019-08-01T09:06:28Z,9fe150ec915809e658e73e8d7076541dd0ae11c3374241f41adbb90b,60.16629,24.95957,00000000fb7600be,18.79
10484,2019-08-01T09:06:28Z,a04214b56cac7d70680703ee6a28fac742f3c3190b55b46a79c1f76d,60.149,24.9843,00000000fffb8cf0,11.7
10485,2019-08-01T09:06:28Z,a2e761fd97d8bdf78601300822b531e306b9ab7a1a43b6bfb07eba52,60.14947,24.91438,000000004ef3150d,13.75
10486,2019-08-01T09:06:28Z,a38c11c450b472b9dad2f076e2d9a63651292d3de806331d06af7f46,60.16531,24.9442,00000000fdda10fe,17.4
10487,2019-08-01T09:06:28Z,a47e8613674297dc49b26801b19d2110d009aaee57412f2127f3b093,60.16897,24.95222,00000000aa852af1,9.12
10488,2019-08-01T09:06:28Z,a6d010615b0732a971c180467cd17865327688c7e6c60628c3d452d3,60.16762,24.95415,000000006b44cce7,17.4
10489,2019-08-01T09:06:28Z,a6d0dd9de406b1201a4e438ec7c5f4a467f38c41e2dec42ff6c71d50,60.16897,24.95222,00000000aa852af1,11.7
10490,2019-08-01T09:06:28Z,a786eb3b8a25c58099a428799e99d0b86401f803ee38d3e5d20e59d3,60.15432,24.9211,0000000019fb59c4,9.12
10491,2019-08-01T09:06:28Z,a808962cb511e5ed2d23e6e33efe252b1be29dc1d2f7c6154817f04f,60.16448,24.97323,0000000053c6c2be,16.1
10492,2019-08-01T09:06:28Z,a8ca7fb815e707c04434a085c4f99e783d56372143afc92225eae622,60.15133,24.92329,00000000e8a064a4,27.28
10493,2019-08-01T09:06:28Z,a982f65ed2c57aff3f744dba9f5e9ca929c81c14883516889898f207,60.16762,24.95415,000000006b44cce7,10.78
10494,2019-08-01T09:06:28Z,a9ee2aabbd32919adf0325ca2f2c5f8e0ba801bc168e8756cda957da,60.16629,24.95957,00000000fb7600be,16.1
10495,2019-08-01T09:06:28Z,aa05a7036c3586a79d23f426b78bf158357208bc82d7ddf9a1326dd2,60.16531,24.9442,00000000fdda10fe,13.75
10496,2019-08-01T09:06:28Z,aa5281244780ac8f283c3452639d477cd76e31fc6f0b95b99c51a9b0,60.16762,24.95415,000000006b44cce7,2.08
10497,2019-08-01T09:06:28Z,ab615ee5bbf567aee3505fbb360d09fc6b851f93fb15aef778b57128,60.16531,24.9442,00000000fdda10fe,12.69
10498,2019-08-01T09:06:28Z,abf0be93e7a8aec9fa8284fdbcc2493f32084aa95f15660b23e149c6,60.16629,24.95957,00000000fb7600be,4.5
10499,2019-08-01T09:06:28Z,aca524ceb3c7373172ecd0d06b26e7d610d441f4a47ab78ae0ad3340,60.15133,24.92329,00000000e8a064a4,36.27
10500,2019-08-01T09:06:28Z,acbbe4765d72f36b0323407c7dbe43db7b4ad5e2da0a6a9e5966db0b,60.16897,24.95222,00000000aa852af1,16.1
10501,2019-08-01T09:06:28Z,ad22512fd6a5ad9e19fdfad7e02b2793ecb01875be243f894c637ae2,60.16829,24.94214,00000000afef4555,2.54
10502,2019-08-01T09:06:28Z,aef9493ffdbcaf1d1a27c9ae807b055ac0b7ba8fb2d6b6d307ecb617,60.16629,24.95957,00000000fb7600be,20.28
10503,2019-08-01T09:06:28Z,af67ffa8b538058603b74f48e04ab914e8f6cd450f53c47f8c3d683d,60.15432,24.9211,0000000019fb59c4,11.7
10504,2019-08-01T09:06:28Z,afaed9946dbc1509500c6f80f87eed8fe44a74ba3e14328c6efe3971,60.16829,24.94214,00000000afef4555,8.38
10505,2019-08-01T09:06:28Z,b09e9bb62cc49c085c1aee3b752af1bec69dabc939323e5733f73933,60.17065,24.93641,000000000f4919c9,14.89
10506,2019-08-01T09:06:28Z,b32e57a6f5865a23d7a0e9fa346d5ec4e975f99c4df815fe8b1449b2,60.17919,24.95181,000000007b5207b6,14.89
10507,2019-08-01T09:06:28Z,b474e34db18d21635ec9ea2654513e6759c326f3aaec96c25f9a204e,60.16897,24.95222,00000000aa852af1,14.89
10508,2019-08-01T09:06:28Z,b50a45ac0708e7b5cca42f3458430eb22ff70a81c575bafe99ffda23,60.17002,24.94407,000000006b087f40,8.38
10509,2019-08-01T09:06:28Z,b5603e758440226e490d1d7d7271a7b0d5c261eccbad198f81110136,60.15432,24.9211,0000000019fb59c4,7.05
10510,2019-08-01T09:06:28Z,b6c43126ca83e916a68e57d0178060c24fc61305836b6c8f188f7285,60.17919,24.95181,000000007b5207b6,9.12
10511,2019-08-01T09:06:28Z,b6f0f4101a1a258dcb1d82d77ca91000694d4fed15bd882a8e3bfe66,60.149,24.9843,00000000fffb8cf0,27.28
10512,2019-08-01T09:06:28Z,b8fb70225ee0a2d655e2809da07a2f8cd2feb7295aa256f8b35fcf1e,60.16629,24.95957,00000000fb7600be,11.7
10513,2019-08-01T09:06:28Z,baca220bc4dd6e05e27f7b99db1588e9c29a5e18a36a70622dea1e65,60.17065,24.93641,000000000f4919c9,36.27
10514,2019-08-01T09:06:28Z,bb2187a4e20012ad694c768ef2c47c9a9055671024ebf4855d4e6243,60.16531,24.9442,00000000fdda10fe,1.38
10515,2019-08-01T09:06:28Z,bc6d5082ca52e6dae7a1689a835434f3f6341e90afea565480eb9674,60.16829,24.94214,00000000afef4555,11.7
10516,2019-08-01T09:06:28Z,bc82f76c979de19b559e9e3aa0cd6cbf5ac361e2d7b1ac9f81fe2f4f,60.17919,24.95181,000000007b5207b6,20.28
10517,2019-08-01T09:06:28Z,c004fa64cb7de7e87d3b91639ae5f95304fb1a90b0a0e927cea958af,60.16762,24.95415,000000006b44cce7,9.92
10518,2019-08-01T09:06:28Z,c0a0ca3433586ed2ae0e448f2406fabac7292ac79d49562e0bd5cef8,60.16762,24.95415,000000006b44cce7,29.32
10519,2019-08-01T09:06:28Z,c15da9ed244b57a27a083919c67d0edde078a31b18cb58f13581f173,60.1538,24.95595,0000000038bf9618,18.79
10520,2019-08-01T09:06:28Z,c1bf1bf699e9bc78ca15c9490d1ef02e3323f0c2c76bf0fca7955a69,60.14947,24.91438,000000004ef3150d,16.1
10521,2019-08-01T09:06:28Z,c36568f7893e68ba3e3ca3169783c9e29a8a5f8cee16c1928c903ebc,60.16829,24.94214,00000000afef4555,20.28
10522,2019-08-01T09:06:28Z,c375f2dac85f963c33b2daf76ffb0c32d2c8fd08172419336e308686,60.14947,24.91438,000000004ef3150d,23.56
10523,2019-08-01T09:06:28Z,c434f18b802a764aad7a2dfb46e93546acb1b0975cf9b93fd47363f6,60.15432,24.9211,0000000019fb59c4,4.94
10524,2019-08-01T09:06:28Z,c46895857ca53c3362932d446a58c13b60d297f99ca237d4546589e8,60.16897,24.95222,00000000aa852af1,25.36
10525,2019-08-01T09:06:28Z,c55f651c108f569fe59364de834d31b122908186d2f95d20ed519564,60.16762,24.95415,000000006b44cce7,14.89
10526,2019-08-01T09:06:28Z,c65c11ee6e8b5894ead3ea9b007a39127edb65a67be253aca6f78ed0,60.16448,24.97323,0000000053c6c2be,23.56
10527,2019-08-01T09:06:28Z,c8aef405537103b9d31a7e2dda43949f5844b9a36494f8defaf0d803,60.17002,24.94407,000000006b087f40,25.36
10528,2019-08-01T09:06:28Z,c8df45d222b573af5441c1ec32616df82891a813c9217002a9d60846,60.16829,24.94214,00000000afef4555,11.7
10529,2019-08-01T09:06:28Z,c98bce1cc275ed0a1b833011f8cd251ac848fdc84501fe87eb8b5d54,60.17918,24.95141,00000000675d5200,21.87
10530,2019-08-01T09:06:28Z,ca7719c7cd8d4496b666f608fc07ba9930e362a0b2d96890b0778618,60.16629,24.95957,00000000fb7600be,8.38
10531,2019-08-01T09:06:28Z,cccf3ba2a9d11b9330c18af8064a20aca9995473495bf119162a1619,60.16897,24.95222,00000000aa852af1,10.78
10532,2019-08-01T09:06:28Z,cf823e18aa21de251222a9ab70c1b76b6218dea694752d56f6f84082,60.149,24.9843,00000000fffb8cf0,20.28
10533,2019-08-01T09:06:28Z,d062562fed5ad0a61560e267310beb0b717d2a1e2a11d1d575507861,60.16897,24.95222,00000000aa852af1,14.89
10534,2019-08-01T09:06:28Z,d16e16def718519430296afa23976c226aaf720722bce3d92a2aad43,60.14947,24.91438,000000004ef3150d,21.87
10535,2019-08-01T09:06:28Z,d31d6921eee92503b486a1b30f5330581c4744a82e6549f375544846,60.17919,24.95181,000000007b5207b6,18.79
10536,2019-08-01T09:06:28Z,d562afdedae521be241c98441e436608a323fdb944dedc24c835e762,60.17065,24.93641,000000000f4919c9,5.91
10537,2019-08-01T09:06:28Z,d653ef8368d33df4fc7edeb5a381d5826be1471f1470aa9744d47901,60.173,24.92524,0000000096918cfa,2.8
10538,2019-08-01T09:06:28Z,d65b8625c1f24304ff0e3c4a4dce7aa5d434d36be87be41834a49420,60.16531,24.9442,00000000fdda10fe,4.94
10539,2019-08-01T09:06:28Z,d6e217c6592e449e2390b1a874e08cbc9126116901dbdbf84501c6b8,60.17065,24.93641,000000000f4919c9,13.75
10540,2019-08-01T09:06:28Z,d74ea3c9e0aaa523c791aa01f4f9a7c1c43f01f585dc4146b19edf83,60.17919,24.95181,000000007b5207b6,1.88
10541,2019-08-01T09:06:28Z,d81eea3c8bf927d879268dc01665b897d48eecc647bbf61f91f37a33,60.16544,24.95398,0000000038d83d41,25.36
10542,2019-08-01T09:06:28Z,d983db67d9cd171123ba12eeb19c11f34a3ad1d75fc9214ac3ae8a26,60.17002,24.94407,000000006b087f40,20.28
10543,2019-08-01T09:06:28Z,dc786895c819070347a0a268463f0a8b15f5eec1647f016a9e78e9e0,60.1538,24.95595,0000000038bf9618,16.1
10544,2019-08-01T09:06:28Z,ddae2128c72cf011df2a698a8254b8738fd07a971349ea8a5e8bfa9f,60.16829,24.94214,00000000afef4555,31.5
10545,2019-08-01T09:06:28Z,deb8a213e1b4930e676ee8fdb394161ec46adb785171fa37437b4d44,60.15133,24.92329,00000000e8a064a4,16.1
10546,2019-08-01T09:06:28Z,ded712413bfc7de58a469fab75498089b2c3c6b5e0c9cae260102284,60.16829,24.94214,00000000afef4555,9.92
10547,2019-08-01T09:06:28Z,dfe80baf219bd267a459c954a8e3027b3f1ed29fea2a5355456d5652,60.16897,24.95222,00000000aa852af1,25.36
10548,2019-08-01T09:06:28Z,e0fe7fe5854899c0eb42b75b300339808143419404558ed4d00b0f17,60.17918,24.95141,00000000675d5200,7.05
10549,2019-08-01T09:06:28Z,e234769b1ce1634554f5fa4a290d11b2a30c3dfd009d4c39a2e9dd3d,60.17065,24.93641,000000000f4919c9,17.4
10550,2019-08-01T09:06:28Z,e2bb0ae74deee6cbc4f50c5f85da3f1779ca1db1ae7ff48ab4b33dbc,60.17919,24.95181,000000007b5207b6,9.92
10551,2019-08-01T09:06:28Z,e3f844c56875bd572c3b57a835b884f1060b467d3bbd25c50dcc7e28,60.16762,24.95415,000000006b44cce7,14.89
10552,2019-08-01T09:06:28Z,e528235be3e5cc4945024d50d1ed43061e2e2f2845f2b41e081e1721,60.17919,24.95181,000000007b5207b6,5.91
10553,2019-08-01T09:06:28Z,e5cad8bb9a6c8dcc067948d7f869033aca5bdd062da175c8734092e6,60.17919,24.95181,000000007b5207b6,4.5
10554,2019-08-01T09:06:28Z,e73dcccbc4dd6af49316f19a34c347cc94ff7ab079a93a2672d78a16,60.14947,24.91438,000000004ef3150d,17.4
10555,2019-08-01T09:06:28Z,e8add7e8346b99cd4b67924113f3763441a1899897c6d1ac3a1a40a6,60.17919,24.95181,000000007b5207b6,23.56
10556,2019-08-01T09:06:28Z,e9e1a66ce9f699fc1713bb44cd67a332f584f0c51d18774fc72b8eea,60.16762,24.95415,000000006b44cce7,12.69
10557,2019-08-01T09:06:28Z,ea1b1a8ba1c01fdd1e098c585b133fc3d60f7c2458e7c2726e2df8ee,60.16629,24.95957,00000000fb7600be,18.79
10558,2019-08-01T09:06:28Z,ea3f8412ed9c4d92448688dd9cc7ff9e3eeb5fe4373d0953bf0349c1,60.16531,24.9442,00000000fdda10fe,14.89
10559,2019-08-01T09:06:28Z,ea94130fbb3464dc656765cfddbad802ddfafb1af8007cb5f42cd41f,60.16829,24.94214,00000000afef4555,31.5
10560,2019-08-01T09:06:28Z,eaf572301dc5c1eaff007bc1886cce8f0f5e92a233b8686ed2a1a9cc,60.17065,24.93641,000000000f4919c9,17.4
10561,2019-08-01T09:06:28Z,ec2dd83e04d225caca9f6b9d28bd3080ed37c5bf42e5f65123fa2394,60.17065,24.93641,000000000f4919c9,5.91
10562,2019-08-01T09:06:28Z,ec7121833f0e4b509d683b00a9c5e992e4b84882cb857145102e14f4,60.16531,24.9442,00000000fdda10fe,1.25
10563,2019-08-01T09:06:28Z,ec8c0160ac1ee5aeaf6204956c9db2ee4f98f55ae3fe1ec0af07fab8,60.16762,24.95415,000000006b44cce7,7.69
10564,2019-08-01T09:06:28Z,ed86f884272a5a400b55bfd4f22bc8cc5d6fca7fe26eee3c39cb3c52,60.15432,24.9211,0000000019fb59c4,12.69
10565,2019-08-01T09:06:28Z,ee06dc571acc6f8cad13e6cd588349958dc601934f851b25d2ebee6c,60.16762,24.95415,000000006b44cce7,17.4
10566,2019-08-01T09:06:28Z,ef620c567fe4adc1160d75daa4075a87a75acb4a956b68eb60da0690,60.17065,24.93641,000000000f4919c9,21.87
10567,2019-08-01T09:06:28Z,ef67b9e4617f284b84167b4bdaff71108579a33ced0a2450ff25a1a1,60.16629,24.95957,00000000fb7600be,5.41
10568,2019-08-01T09:06:28Z,f03d20d6bb80ce0745cb0fbed6619e0a6288bfffd08e9aabce1692ba,60.17065,24.93641,000000000f4919c9,21.87
10569,2019-08-01T09:06:28Z,f1447725764ec0dca245fc67f2aa0a0c42e6b05808076aa74f0c1e7e,60.17918,24.95141,00000000675d5200,12.69
10570,2019-08-01T09:06:28Z,f18c0c32d067aecf5602d70693ac888cab1be6dbb0d154be5153dfcc,60.16829,24.94214,00000000afef4555,12.69
10571,2019-08-01T09:06:28Z,f1b28329fc91f4708ca34857c5582c0bf1b7d0ab06127746029cd72c,60.17919,24.95181,000000007b5207b6,9.12
10572,2019-08-01T09:06:28Z,f20935810c1567a80c288016c4d4dd32fe86b3479f47ae7dd64d15cc,60.15432,24.9211,0000000019fb59c4,9.92
10573,2019-08-01T09:06:28Z,f27b93329546b5d9c00e9fc70d0df72440f620564e0fff5a89ff8276,60.17065,24.93641,000000000f4919c9,25.36
10574,2019-08-01T09:06:28Z,f29ed00b645af4bbf50174e71f58a9b691d2e2342e59eda242d97380,60.16829,24.94214,00000000afef4555,13.75
10575,2019-08-01T09:06:28Z,f2a253f2741501e675bd4bc055e22329fb09089d8bbe9813fc170cdb,60.16762,24.95415,000000006b44cce7,20.28
10576,2019-08-01T09:06:28Z,f4587b90aec9127805880f7c81fc03b9fb513fe363015399b895089f,60.16829,24.94214,00000000afef4555,16.1
10577,2019-08-01T09:06:28Z,f4bbc3077da0455d4340da2eed204915327b75a792080724548b4956,60.17919,24.95181,000000007b5207b6,8.38
10578,2019-08-01T09:06:28Z,f503a41d3e8b9b57628f4f061c1d8e0c53c62dd8a6fe38d212958ee6,60.16075,24.95883,00000000f1124bca,6.46
10579,2019-08-01T09:06:28Z,f55165f87792f06aaca9b79eea536f4bd692c8ee806294be5fb014df,60.16829,24.94214,00000000afef4555,25.36
10580,2019-08-01T09:06:28Z,f587de6c8c03387c5e6a66cd7d20c45abad3668c8e2246611122547b,60.14947,24.91438,000000004ef3150d,21.87
10581,2019-08-01T09:06:28Z,f5d9e90c37840670f09005aa28a20ca561c4d6bc36ffd28c9ca80584,60.16829,24.94214,00000000afef4555,18.79
10582,2019-08-01T09:06:28Z,f77f8836e641389801309c311e926c1662264ab16efd01cd5bf27baf,60.16762,24.95415,000000006b44cce7,7.69
10583,2019-08-01T09:06:28Z,f9e527876f8dfe750fd29bc42664bbf572aed5d09d344a8934a83d90,60.17065,24.93641,000000000f4919c9,4.5
10584,2019-08-01T09:06:28Z,fa9f19c58a086fde9429d732b1eec80eacf5fc1b2c0124d17243d008,60.17919,24.95181,000000007b5207b6,21.87
10585,2019-08-01T09:06:28Z,fb2df85c8938d6a1bbd1ff0a1cd8aa23480ae08dc39d2b584ed35e14,60.16762,24.95415,000000006b44cce7,13.75
10586,2019-08-01T09:06:28Z,fba6e66dd09200012637e0b454c96fd7a5459b7e8b0ba01863cdbd77,60.16762,24.95415,000000006b44cce7,2.08
10587,2019-08-01T09:06:28Z,fc75e05a713e8733c512a31a3bebec0a122af3e7afb2c5059c3f1a3a,60.17002,24.94407,000000006b087f40,18.79
10588,2019-08-01T09:06:28Z,fdb3239bb0017def73005dc66a8d674c713493499c8feff7a6c01018,60.16762,24.95415,000000006b44cce7,8.38
10589,2019-08-01T09:06:28Z,fe191b6937595e5cf2ac1491e9056f0f9fb5bf66c0cb900df00b4c64,60.16829,24.94214,00000000afef4555,21.87
10590,2019-08-01T09:06:28Z,fea1453360073dfc1896bf1f005f51addb49661f953e16cffba3c63d,60.16531,24.9442,00000000fdda10fe,12.69
10591,2019-08-01T09:06:28Z,ff10218d9a15a3bf160a969fa266f197770d363bc52dce7fa08ae990,60.16762,24.95415,000000006b44cce7,7.69
10592,2019-08-01T09:06:29Z,0bc5d37416fd27c336d64358a660668746f2c088ea9bf78994076bf9,60.16829,24.94214,00000000afef4555,20.28
10593,2019-08-01T09:06:29Z,0fff89885f08417f20aadfdbf62a372277e9085bcd024374b772ecac,60.16531,24.9442,00000000fdda10fe,23.56
10594,2019-08-01T09:06:29Z,144afc51fc2443c7031a2912566eff2ce60226a49d6d2bd7c2923700,60.16544,24.95398,0000000038d83d41,17.4
10595,2019-08-01T09:06:29Z,14c7e1511b70f4dd3359cbece1377aebb4d70531f5489eefe53d7c3c,60.16544,24.95398,0000000038d83d41,27.28
10596,2019-08-01T09:06:29Z,15918569de0a46a8eb56b43d8d39f7fc82619ff1006f00822c85745c,60.17918,24.95141,00000000675d5200,1.88
10597,2019-08-01T09:06:29Z,1951291ca064d0fb480d958037c1477427d2ca8db455fef0b741bf9f,60.16448,24.97323,0000000053c6c2be,18.79
10598,2019-08-01T09:06:29Z,1f0f0628cdc688d76bde2b82bee5b9b4916bf0bbdfe76cf3213e1c65,60.15432,24.9211,0000000019fb59c4,23.56
10599,2019-08-01T09:06:29Z,35c6573a3fdd07d91dacb331df71f349703fbecb50875602452d3b83,60.16762,24.95415,000000006b44cce7,9.92
10600,2019-08-01T09:06:29Z,5b91abc1d452431fdb7bc15f638eee91a54034b6327f40e58ccacda6,60.14947,24.91438,000000004ef3150d,33.81
10601,2019-08-01T09:06:29Z,5d65719c4cbf045f068d084b72302f447d5fd034413d97d13be00d0e,60.18203,24.91341,00000000342570c2,21.87
10602,2019-08-01T09:06:29Z,6a657079c1bdc8114c289be1ddd83e5846d4279a920d1697b8ff0033,60.18203,24.91341,00000000342570c2,21.87
10603,2019-08-01T09:06:29Z,6d22b751ff5173035dc85c52c3dff0780126adae67fe33dc62dd45ef,60.16531,24.9442,00000000fdda10fe,20.28
10604,2019-08-01T09:06:29Z,6ff437688c444238352c28f64f9d2a7d0f14d19c9ea42c225380501e,60.16762,24.95415,000000006b44cce7,13.75
10605,2019-08-01T09:06:29Z,747f2d1ebff218c0ebbdc0fdaef4cbe56633dfb46ae1b1f8c8142201,60.16762,24.95415,000000006b44cce7,25.36
10606,2019-08-01T09:06:29Z,76c7f42283513d0e289bf786d89463b5025b2ae0f4e13519a4cf228b,60.15432,24.9211,0000000019fb59c4,25.36
10607,2019-08-01T09:06:29Z,78d5f60b36b59c06c3988b94e11744bb3aed5dcbc214f91f228bf892,60.16448,24.97323,0000000053c6c2be,21.87
10608,2019-08-01T09:06:29Z,84fdfd8881f633c5f0c71c1480053953ca4b05e848052d97c063ad38,60.1538,24.95595,0000000038bf9618,20.28
10609,2019-08-01T09:06:29Z,87dfaad29a9276ddddb1fa021d3bc23ad14824c1af16f7d87e713689,60.14951,24.92138,0000000006dd41f6,9.92
10610,2019-08-01T09:06:29Z,8c75c3289c84fe4493e1e272a77b615fe1985880c5dc68a7c1a17b53,60.16762,24.95415,000000006b44cce7,8.38
10611,2019-08-01T09:06:29Z,8cc6ddaa460aeae8cc9e8a33f91a01c8cd4c0c8bf8a943210a28c84d,60.1538,24.95595,0000000038bf9618,16.1
10612,2019-08-01T09:06:29Z,8ffeb52bff155eab19ca329d16be495cd44a08aa7f79b94db079caf9,60.15432,24.9211,0000000019fb59c4,25.36
10613,2019-08-01T09:06:29Z,9843c6216661048343a0e49cf3d8aa2883cf77f452666a1c873a1052,60.16448,24.97323,0000000053c6c2be,9.12
10614,2019-08-01T09:06:29Z,9d03d14afa49576281aa26db60e517f7c1ec8aa36f7756959a860a8a,60.16629,24.95957,00000000fb7600be,13.75
10615,2019-08-01T09:06:29Z,a5302e72a58b038ac7633e65863bac48d8153d8837533ac7b5409f37,60.16629,24.95957,00000000fb7600be,10.78
10616,2019-08-01T09:06:29Z,a9da1ee82e3b670e276c26b483dd50f4a6d0c6f77ef82245d3ae6086,60.18203,24.91341,00000000342570c2,20.28
10617,2019-08-01T09:06:29Z,ab0f67c0c0e1ba5eac9013f9c314feadf340ddf08543b91e70483594,60.16544,24.95398,0000000038d83d41,14.89
10618,2019-08-01T09:06:29Z,b1f358076ba79ef902a36ca8ae3f8ec7c93308a67c479345bfdbdecf,60.1538,24.95595,0000000038bf9618,29.32
10619,2019-08-01T09:06:29Z,b4faf2d3c4d2b199afeab6ab63b583fe3a2e81e14abbef6917f25129,60.15432,24.9211,0000000019fb59c4,12.69
10620,2019-08-01T09:06:29Z,b5fd6b317890e5ab2d79e2cd1abe61626d45a753c7337d0d40728898,60.16762,24.95415,000000006b44cce7,9.12
10621,2019-08-01T09:06:29Z,ba42c72ea7c2663b3ea5044faf12173ab18e523dc35de0e24bf374ac,60.16544,24.95398,0000000038d83d41,21.87
10622,2019-08-01T09:06:29Z,c40c37def6bf11a63a2556519a7c6233fd417cdeea2cf14f28e7c42c,60.16531,24.9442,00000000fdda10fe,20.28
10623,2019-08-01T09:06:29Z,ce783d3c1b06378e5c39c25687746a6f88fbb0ff2b36e3405fb61cf8,60.16762,24.95415,000000006b44cce7,20.28
10624,2019-08-01T09:06:29Z,cf05623e4d87ce0906c0b0b7dbf53aacc1228016cd27c341228b6e76,60.18203,24.91341,00000000342570c2,36.27
10625,2019-08-01T09:06:29Z,dd2c9c82cf3737146294aff6f814a1349fb0bc4bedf518715dacbe8f,60.18203,24.91341,00000000342570c2,17.4
10626,2019-08-01T09:06:29Z,ebd5792818b1818f5d1ea2cd8ef5e4b500cfc7a7fbb7be7907ce2d0c,60.16762,24.95415,000000006b44cce7,18.79
10627,2019-08-01T09:06:29Z,ec72ef080c605e71978aed0d3b5f22c3c3133677a43c614b72eedc6d,60.14699,24.922,00000000a53ed894,29.32
10628,2019-08-01T09:06:29Z,ed70dda6b7faebd4340dacdb452ab224d9d3c308df417b7fa76f54e8,60.14951,24.92138,0000000006dd41f6,23.56
10629,2019-08-01T09:06:29Z,f088630d7476dae7d4b7e2bb1f10575f2c89acb4b6e061f3d57c2b40,60.16531,24.9442,00000000fdda10fe,21.87
10630,2019-08-01T09:06:29Z,f22981c21af00fc334b3d8bdd523e23a50384666e97815f0ec1dc0ac,60.16897,24.95222,00000000aa852af1,7.69
10631,2019-08-01T09:06:29Z,f70a43051a4f59f5002c4018a464b44781f7f527861efda6626a2de4,60.16829,24.94214,00000000afef4555,20.28
10632,2019-08-01T09:06:29Z,f7e45613ad966fea53fab73b435ba3a087c774e36596b3a5156a3487,60.16829,24.94214,00000000afef4555,1.38
10633,2019-08-01T09:06:29Z,f83d4b6b8ffbf8a674d212e32100b2360b80261b4e9207d77c0b0ed3,60.17918,24.95141,00000000675d5200,5.91
10634,2019-08-01T09:06:29Z,fc4f3a44235f1cfc7b53f14ba2da599976a5a0a220d23b852688e485,60.17918,24.95141,00000000675d5200,18.79
10635,2019-08-01T09:06:29Z,00787dad708490660b0b836fa415681cc57046fa521c0c0aaea14a9e,60.16762,24.95415,000000006b44cce7,2.8
10636,2019-08-01T09:06:29Z,02050a536056486b1bf139282f0d0a3af63def1d56ff0c73ac51bb19,60.14947,24.91438,000000004ef3150d,18.79
10637,2019-08-01T09:06:29Z,023083c44c772667f1727e01c74518889b2a82d78ceb28c08b6f8a20,60.16531,24.9442,00000000fdda10fe,10.78
10638,2019-08-01T09:06:29Z,0362cc670dcfab795a3911957b6a177416bf9b99d0e2732716796c4d,60.15432,24.9211,0000000019fb59c4,12.69
10639,2019-08-01T09:06:29Z,03f427d436ba092925de462b11374bdbdab0443620037675621fbc11,60.17919,24.95181,000000007b5207b6,11.7
10640,2019-08-01T09:06:29Z,04c26e81b9a9c7fbc6060d74236c616220c3cd580100a0c58a62ea1a,60.16897,24.95222,00000000aa852af1,12.69
10641,2019-08-01T09:06:29Z,063935180fff0e58de5d319ecb9320cf794423e3c6aeac0cca8f1a9f,60.16897,24.95222,00000000aa852af1,9.92
10642,2019-08-01T09:06:29Z,08f10568d1e90d000e41196f141e0c1a52bab88fcf08f4753a3c055e,60.16897,24.95222,00000000aa852af1,18.79
10643,2019-08-01T09:06:29Z,08f9fd60f852d3502bfa509c955e9963e73954f961d55ba8cd46cae9,60.16629,24.95957,00000000fb7600be,21.87
10644,2019-08-01T09:06:29Z,0951ec0c700dba7330b8e8181fc852becde054d0dc7474d1488db3cd,60.17065,24.93641,000000000f4919c9,14.89
10645,2019-08-01T09:06:29Z,0b1e470de9987c18967cad858b6f79c135ffd2e9ad00bb9c470d0eb3,60.1538,24.95595,0000000038bf9618,38.87
10646,2019-08-01T09:06:29Z,0c1684b697a63d7f47ebaedcfa060b3b4af294fec1e62d613699291a,60.16897,24.95222,00000000aa852af1,7.05
10647,2019-08-01T09:06:29Z,0c2d3bdaf0e8a9d6efcf95298acb85805b31c1c6618f00dd4489dddb,60.16762,24.95415,000000006b44cce7,10.78
10648,2019-08-01T09:06:29Z,0e62c7194170ff5abcdede8e7bb2dc9370e053dcd7957fc62f077453,60.16829,24.94214,00000000afef4555,20.28
10649,2019-08-01T09:06:29Z,0feb7de3b58597dd266ed606e8d3b6e2e4e0be942b17c15be984f51c,60.14951,24.92138,0000000006dd41f6,21.87
10650,2019-08-01T09:06:29Z,1069967e3921871955b1b2b42e60f829c593a3e024401bfe61ae410e,60.16629,24.95957,00000000fb7600be,12.69
10651,2019-08-01T09:06:29Z,10cd81594fd56fa1f2c4799419a45b70833d3d8583b817324ee96da7,60.16897,24.95222,00000000aa852af1,12.69
10652,2019-08-01T09:06:29Z,1134a082e36fe03359bac74c814a0ed20468c45230115d4e25aa230d,60.16829,24.94214,00000000afef4555,11.7
10653,2019-08-01T09:06:29Z,113e628876000ad15ee58d6e2842a407db720cb2dd14bc14d5ab884c,60.16829,24.94214,00000000afef4555,25.36
10654,2019-08-01T09:06:29Z,1190156a73bf59a847cf2ffe8e6c4216b8658b3898324d94a582c787,60.16762,24.95415,000000006b44cce7,16.1
10655,2019-08-01T09:06:29Z,1271bcd33c0056265a5bdf6df4092a3c9e2209abee80570cb172031b,60.16897,24.95222,00000000aa852af1,12.69
10656,2019-08-01T09:06:29Z,141ffc858c3ea6a2e69c954115114304736a35dc25ec947323090dc0,60.16762,24.95415,000000006b44cce7,4.5
10657,2019-08-01T09:06:29Z,1564db6ab71666bfe0865d19fd134f7018f49bc12ff1969853697784,60.16531,24.9442,00000000fdda10fe,25.36
10658,2019-08-01T09:06:29Z,164d8280dbb888033f64368dd641bcef597fc327148fcf74374894c5,60.16544,24.95398,0000000038d83d41,9.12
10659,2019-08-01T09:06:29Z,16e18d478be872d2a9801fa885d08edeb3f5ae1840b38478f9baf535,60.17918,24.95141,00000000675d5200,16.1
10660,2019-08-01T09:06:29Z,188d2e17eacbe726e4d834ba5fdd055045b0b5a38b32ad73ea7c5d9f,60.16762,24.95415,000000006b44cce7,18.79
10661,2019-08-01T09:06:29Z,190cdde22bc3e3a41cd0f9da7efb3a917bc09e8034b05ca6064ea8a8,60.17918,24.95141,00000000675d5200,9.92
10662,2019-08-01T09:06:29Z,1cfafdaa3ff1975bcf6f699641431e88775ba2183074d825eeb81dd3,60.149,24.9843,00000000fffb8cf0,9.92
10663,2019-08-01T09:06:29Z,1d70ff49909e1d6fb653ae053aa78084daf385dbbd2ad22b05707309,60.16829,24.94214,00000000afef4555,12.69
10664,2019-08-01T09:06:29Z,1da40c618e0432bb037d08723b65821f6223509e8b4033a4b4190047,60.17065,24.93641,000000000f4919c9,29.32
10665,2019-08-01T09:06:29Z,1dacfb371d75dd4f90f447aac2a00faad98beb4188a6971c19eb2375,60.16629,24.95957,00000000fb7600be,27.28
10666,2019-08-01T09:06:29Z,1dcff36b6f83b08b6ea87c1c1018c542c270299839908ca446dffb39,60.16762,24.95415,000000006b44cce7,11.7
10667,2019-08-01T09:06:29Z,1e3044c19f6913531b6dd4bccb88ad02c1b39192513ccffa05444edb,60.1538,24.95595,0000000038bf9618,23.56
10668,2019-08-01T09:06:29Z,1e3af5697f0a2ae45f261da79e4ba71c868dc4d78008bd1995fe6259,60.16448,24.97323,0000000053c6c2be,10.78
10669,2019-08-01T09:06:29Z,1e6029f749dce72746f03dcc61a1986b14438610b7ff6a19c8165e6f,60.16829,24.94214,00000000afef4555,17.4
10670,2019-08-01T09:06:29Z,1eadb2c1984aa73c3c2f13eab0a2e793331443c617681e36887f0bcc,60.16629,24.95957,00000000fb7600be,18.79
10671,2019-08-01T09:06:29Z,1ecbc7c6afe89033252e5510cbb893666af2b3bc29f555a3a6287fdb,60.14951,24.92138,0000000006dd41f6,3.4
10672,2019-08-01T09:06:29Z,1f813dc10021899138c12ca17c58ab3dc24db1750dcb1790f9c20e8f,60.15133,24.92329,00000000e8a064a4,11.7
10673,2019-08-01T09:06:29Z,20b37aa6c3ad0dfea9c182498905a450537b0efbbd8563b205e93afd,60.16897,24.95222,00000000aa852af1,14.89
10674,2019-08-01T09:06:29Z,22ac1ab1c590ea19b44c61c42f5e8da29a6acbabf56676527811507a,60.15432,24.9211,0000000019fb59c4,10.78
10675,2019-08-01T09:06:29Z,22b68b1dc6e6d815ca8e6afbd434ae0e229670798c443052e7444648,60.16762,24.95415,000000006b44cce7,7.05
10676,2019-08-01T09:06:29Z,25479245e5a8b0fe47e2bd590cdd63256d84afd6c164781dc64e527d,60.149,24.9843,00000000fffb8cf0,16.1
10677,2019-08-01T09:06:29Z,2552cb43d7990bde838673115a742078e343ce93f96257728311655d,60.16897,24.95222,00000000aa852af1,23.56
10678,2019-08-01T09:06:29Z,25d340d14d855b8c18b2c6f2551ec98a1eb047d1fd3457ba881ddf28,60.17918,24.95141,00000000675d5200,4.5
10679,2019-08-01T09:06:29Z,277fcf3cc917a89b46a34e0cf5164a78f5bcc88d92bb45ded60f1a91,60.17065,24.93641,000000000f4919c9,14.89
10680,2019-08-01T09:06:29Z,27b591b33a56a542440b53031a24f42290b0ec1a194af27700b75a3a,60.17918,24.95141,00000000675d5200,6.46
10681,2019-08-01T09:06:29Z,27b7a58df8db5b5ea583d77edb1ab88cce3e1a1a781c8489e6b98e0b,60.16762,24.95415,000000006b44cce7,21.87
10682,2019-08-01T09:06:29Z,28ce50ca84cdcd4c17a36ac666e7ac0267b6ab5b77f4bfb08b2573a1,60.16762,24.95415,000000006b44cce7,2.3
10683,2019-08-01T09:06:29Z,28d50861d92f962c7a49eabaa524431aebf52870e44b79f77d7167c6,60.17918,24.95141,00000000675d5200,7.05
10684,2019-08-01T09:06:29Z,29ae3c5c3aeac0c607bc816f7e74c232a40142b79a52c43c7b1ed42f,60.16829,24.94214,00000000afef4555,9.12
10685,2019-08-01T09:06:29Z,2afa9ac588b2c55e8edf99ee96ecaf63451a7ab1e51571b7e2d1d491,60.16762,24.95415,000000006b44cce7,4.11
10686,2019-08-01T09:06:29Z,2c1dcbe1930bbd0596b8dea9e2abc4e49a10db5a1fbd25f103aaf5a4,60.16762,24.95415,000000006b44cce7,13.75
10687,2019-08-01T09:06:29Z,2c6810efb2565383ca0a554f3c51f3f7905484357f5e00756dbf091a,60.17918,24.95141,00000000675d5200,4.5
10688,2019-08-01T09:06:29Z,2cd1630b209fe260a2b08554ebbf46b801e6390566ac1d78e6514b11,60.16531,24.9442,00000000fdda10fe,33.81
10689,2019-08-01T09:06:29Z,2cec6d5db391b4d6a591b943d00f7151e23bf652d8c1a8d674a041a3,60.16762,24.95415,000000006b44cce7,23.56
10690,2019-08-01T09:06:29Z,2ea9a23b1a04016fb4810d1ceb5731d90774224fd9235877005a4e1c,60.16897,24.95222,00000000aa852af1,20.28
10691,2019-08-01T09:06:29Z,2f09364857883d78a23aab14ac85e389ce786d0938e13cee655a7dbc,60.16762,24.95415,000000006b44cce7,29.32
10692,2019-08-01T09:06:29Z,2f43b7a683b0d365a46b6259a032813c293472eaedcdbcc3507adee5,60.17918,24.95141,00000000675d5200,11.7
10693,2019-08-01T09:06:29Z,2f79108a454c0072885ad1447280ed5098d061b229eaae61a8bb67be,60.15432,24.9211,0000000019fb59c4,5.41
10694,2019-08-01T09:06:29Z,2ff189e5846383641192cafb595a7a8f77394239ee03aabd1bf3c49f,60.16829,24.94214,00000000afef4555,18.79
10695,2019-08-01T09:06:29Z,312e78d3624e87e1645e7d54f96facd8a2321d6e65a3ef0620fb1d42,60.16531,24.9442,00000000fdda10fe,25.36
10696,2019-08-01T09:06:29Z,31b02b3b271f6feef9e49d9285929ff1c25a11e608fc5d70bc6a1fac,60.16897,24.95222,00000000aa852af1,23.56
10697,2019-08-01T09:06:29Z,32fcb1ab3a9fde533916ca28a0d5b56bbb45fd171dd5bae91f66ec6c,60.16897,24.95222,00000000aa852af1,23.56
10698,2019-08-01T09:06:29Z,33fa4cb82db5b44ffe6e7ae1039635187f90d1df328f8f139da0c693,60.17919,24.95181,000000007b5207b6,7.05
10699,2019-08-01T09:06:29Z,3480c16a6649952c388d8902596e332f018e609b9585f483353ae026,60.17065,24.93641,000000000f4919c9,1.38
10700,2019-08-01T09:06:29Z,34e96c7caa63e7ede8f428b18e8fb556ac235d61a50c9d6ac7ff268f,60.17919,24.95181,000000007b5207b6,4.11
10701,2019-08-01T09:06:29Z,3609f484ad7e56259f60a61aba44f22dfca5c8b2564fce7e802ad342,60.16829,24.94214,00000000afef4555,5.91
10702,2019-08-01T09:06:29Z,367b1989198ef11170dd9fcfa7e6ebb5ceb58aab87c613ee1bb86e8c,60.16531,24.9442,00000000fdda10fe,7.05
10703,2019-08-01T09:06:29Z,3685ee6d322dcb2ad0ae181f66c3c5427d4531d7896d2f5f7571bb6d,60.16762,24.95415,000000006b44cce7,8.38
10704,2019-08-01T09:06:29Z,36fe97cd2ec69118778c771a87593630f8a6a2cb77d9ce72f845cd3c,60.16762,24.95415,000000006b44cce7,5.91
10705,2019-08-01T09:06:29Z,39c6456ee66fe96eee3d97cee2a70923cedb3da760bb5d4d413adb9c,60.17918,24.95141,00000000675d5200,3.74
10706,2019-08-01T09:06:29Z,39e9fa7033887b7ab339887aa68753ff94d4771cda2bb8ff4ea7aa0a,60.17918,24.95141,00000000675d5200,10.78
10707,2019-08-01T09:06:29Z,3a1afdcf7c2e5a52cdbcbbe29e8281c184037e8720920c6c75bee339,60.15133,24.92329,00000000e8a064a4,17.4
10708,2019-08-01T09:06:29Z,3a253f272d2781dc2001addfbddcac5f3dbf18610988531707b80b60,60.16829,24.94214,00000000afef4555,17.4
10709,2019-08-01T09:06:29Z,3a2f1a2c6c645bd161943b3f19c171d021512d7a8c4273ed3022f5df,60.16829,24.94214,00000000afef4555,31.5
10710,2019-08-01T09:06:29Z,3a38ba36c098f2741d6c5fb5a751fcd074d05d698ac592ca09ab443c,60.16448,24.97323,0000000053c6c2be,21.87
10711,2019-08-01T09:06:29Z,3a7b4023cee4b0d567a123a3d6aff0bc8f94663522bbdf0ea4306607,60.149,24.9843,00000000fffb8cf0,20.28
10712,2019-08-01T09:06:29Z,3a97ae4dcab31eb5e15e5d036d286e9764e25bcf0ad8afcfba854c90,60.16762,24.95415,000000006b44cce7,8.38
10713,2019-08-01T09:06:29Z,3be40c84926a525adbd09eeeb3a12b73b24c633942b2e1fbe8151ac3,60.16448,24.97323,0000000053c6c2be,11.7
10714,2019-08-01T09:06:29Z,3c3110ece83318c92f1593798ea2f6d2060002d20fce8b830234e82e,60.16544,24.95398,0000000038d83d41,20.28
10715,2019-08-01T09:06:29Z,3cbf5eca065e309fcdfa382145bc407f6d910f8b97b1e0b2c2a8c20b,60.16762,24.95415,000000006b44cce7,29.32
10716,2019-08-01T09:06:29Z,3cc82d532d2a768e0c987e2653e32825a8b11fc2f7ba36388535f6e2,60.16075,24.95883,00000000f1124bca,25.36
10717,2019-08-01T09:06:29Z,3d0437a1d090cd3cad05629e69a61c519aa6218e1b7fb47811e5a4ae,60.16762,24.95415,000000006b44cce7,4.11
10718,2019-08-01T09:06:29Z,3eea43670f4f29a90ced59c1af122371340275fb61ff8f14c7120658,60.16762,24.95415,000000006b44cce7,7.05
10719,2019-08-01T09:06:29Z,40646914186edc6142b7fc3daf766121b55f5bb36ea38facff686ea5,60.16897,24.95222,00000000aa852af1,13.75
10720,2019-08-01T09:06:29Z,41a0ca2955e0ae0324f6e14aeb77ebfaac5305e31d86c42a20277b94,60.15133,24.92329,00000000e8a064a4,31.5
10721,2019-08-01T09:06:29Z,41f455676c61a2d8e1658c60afd7984613a3bc84daac78079c0d8b0c,60.16829,24.94214,00000000afef4555,23.56
10722,2019-08-01T09:06:29Z,42844e90c7134ebb3ec325f57cd27cd24711c779548ebc8692a820d5,60.14951,24.92138,0000000006dd41f6,3.09
10723,2019-08-01T09:06:29Z,43e023a8726ec4c53a8cea6dcaa79e722da4677e37f3f6c9d3cc9873,60.16544,24.95398,0000000038d83d41,18.79
10724,2019-08-01T09:06:29Z,44334c68f3991fe858ac066726e0a884236a5d89fe94d917b48e857c,60.16829,24.94214,00000000afef4555,20.28
10725,2019-08-01T09:06:29Z,4470412c4b059a920f2699fbfb72b261e0847b3e1caa8c71d2edd5a2,60.16448,24.97323,0000000053c6c2be,17.4
10726,2019-08-01T09:06:29Z,4642dfa1df839f11e64f68bca4e3dce7bde2ff6dd68c54959fcb4788,60.17918,24.95141,00000000675d5200,2.3
10727,2019-08-01T09:06:29Z,4682d95464cedcc021f38271a51bab9c000762b4acf802070e259ba2,60.16629,24.95957,00000000fb7600be,9.92
10728,2019-08-01T09:06:29Z,478830e26b1b9314c3f35b4ca62aba9828872733abbc7f32b78daac3,60.16531,24.9442,00000000fdda10fe,29.32
10729,2019-08-01T09:06:29Z,48004849b2f48b2314aa9175433d754db1641b949bb8cf050e2dd128,60.17918,24.95141,00000000675d5200,14.89
10730,2019-08-01T09:06:29Z,484bbaa5a9d6bdd2259f022b6ea4e3c290985c13a1286bd7142d878f,60.16762,24.95415,000000006b44cce7,8.38
10731,2019-08-01T09:06:29Z,48c0ea6615ac4c02fc9bc0e06f9ea9309f9bf7e73b4324d7a6b14610,60.16829,24.94214,00000000afef4555,6.46
10732,2019-08-01T09:06:29Z,497d535ffc7af13ad6527c1139af3451abb3584a2490e3c470f73f9d,60.16762,24.95415,000000006b44cce7,17.4
10733,2019-08-01T09:06:29Z,49bbad87e4d6cd03bdb073bde7be91193d74d29943badce7fc536916,60.16448,24.97323,0000000053c6c2be,11.7
10734,2019-08-01T09:06:29Z,49df780a7f20a99ad2810fa4bbb46b5fac9bc5cbe3fc800cd572f63a,60.14947,24.91438,000000004ef3150d,14.89
10735,2019-08-01T09:06:29Z,49f30a741207cbfec775d36d911b5e67735df0f53762d3d5e0de05a8,60.16531,24.9442,00000000fdda10fe,21.87
10736,2019-08-01T09:06:29Z,4ade4f0d92c6157a42d7fd8e353d1c93551324ba47cc134b840a6c63,60.16897,24.95222,00000000aa852af1,4.94
10737,2019-08-01T09:06:29Z,4afcc27c652d3d50a44d060f84e33dd4b17529d982928dae936cf10f,60.16448,24.97323,0000000053c6c2be,20.28
10738,2019-08-01T09:06:29Z,4ba529eeafb27285cbbade6e5ece0d4d04bd2d13c98b27a5d17abd22,60.16897,24.95222,00000000aa852af1,3.4
10739,2019-08-01T09:06:29Z,4e262a07e1ea47350f808684444d1d8b3f223288fb219cca9f12af23,60.1538,24.95595,0000000038bf9618,11.7
10740,2019-08-01T09:06:29Z,4f609afde0ba5cb017ba3c549bdd11ff322a2e0227a0f11a9d112220,60.16762,24.95415,000000006b44cce7,5.91
10741,2019-08-01T09:06:29Z,4f9125edf503fe3cb0ba1e1221fe6a67aafd99fcd89fd92d2bf20e97,60.16897,24.95222,00000000aa852af1,20.28
10742,2019-08-01T09:06:29Z,5001aabb6808b9fd96b705d1ebe8e7aca52713c2640100d81879dd86,60.17918,24.95141,00000000675d5200,13.75
10743,2019-08-01T09:06:29Z,5022acdb28a01d1a0b2077fc89c77bde277b7dd4f079b4fea30f75b9,60.16629,24.95957,00000000fb7600be,18.79
10744,2019-08-01T09:06:29Z,5143af775374504a931805df3b7bc0712b2401f6a3ea2c49fd69cf6f,60.16829,24.94214,00000000afef4555,7.05
10745,2019-08-01T09:06:29Z,51ec42fdd85671ae93876c3d875b24e56cb45699e9c3d2b623dca70d,60.16762,24.95415,000000006b44cce7,8.38
10746,2019-08-01T09:06:29Z,5372348389197e6c4bc4c5e3dab047e7384d562220e6295904bbda1b,60.17065,24.93641,000000000f4919c9,3.09
10747,2019-08-01T09:06:29Z,5385ddf78e929052bb12c39651fb3ff99e3642aa079d49f687b4c73c,60.16762,24.95415,000000006b44cce7,20.28
10748,2019-08-01T09:06:29Z,53fb53be4440aecb1a1fa63a9da1db08182cc7e252da14685e63373d,60.16762,24.95415,000000006b44cce7,6.46
10749,2019-08-01T09:06:29Z,54bd709173219e8017f317b63ecc83d0a48f64542e6fa1b83c86a56c,60.17919,24.95181,000000007b5207b6,10.78
10750,2019-08-01T09:06:29Z,556cae6b2e2dec6fe691a835e8e08bd016b1a65797c0aca46879329f,60.17918,24.95141,00000000675d5200,17.4
10751,2019-08-01T09:06:29Z,559429bba23762a872fc7b1e2219d42125ab101e4355d43fdb94ed7b,60.17919,24.95181,000000007b5207b6,13.75
10752,2019-08-01T09:06:29Z,559e6a5225ce35ab844c63ea0d0c1695dc490a3d9cfbafa5d35ac8d8,60.14947,24.91438,000000004ef3150d,9.92
10753,2019-08-01T09:06:29Z,57702e43c98321484601490acf3912614d41664464b32199d9df1606,60.16762,24.95415,000000006b44cce7,17.4
10754,2019-08-01T09:06:29Z,5799e053072b78a8873646c3f578aba8528b598f3e4441e7687a64e0,60.16762,24.95415,000000006b44cce7,21.87
10755,2019-08-01T09:06:29Z,57c17edc71bbce06ad692952a1e05eaa77181884e580c0848f3a23fc,60.14951,24.92138,0000000006dd41f6,14.89
10756,2019-08-01T09:06:29Z,5830a481876da00686f25b17dad06258a39212c0816ed04dda2df1bd,60.16531,24.9442,00000000fdda10fe,21.87
10757,2019-08-01T09:06:29Z,584adabea16213fba5e201e8dddabc4a069951e35fb1731180ebf8b3,60.16762,24.95415,000000006b44cce7,10.78
10758,2019-08-01T09:06:29Z,584cb0b0cdd14e608c8b57c8aecc9826f9b40027e365e2438a444ea2,60.16762,24.95415,000000006b44cce7,9.12
10759,2019-08-01T09:06:29Z,5865a27b5b56a60bca38e4a1403655e3e7fd0232a3ff2079965aff81,60.15432,24.9211,0000000019fb59c4,5.41
10760,2019-08-01T09:06:29Z,5978726eeef638856dafd3a8d199287f8daf9e90ddde750b402f8bb0,60.17065,24.93641,000000000f4919c9,0.5
10761,2019-08-01T09:06:29Z,5a34b02faac3189217466888ef1d31cc80f721ac2f18638c5db88d53,60.14947,24.91438,000000004ef3150d,11.7
10762,2019-08-01T09:06:29Z,5a8d671a78b976d212d9746d88b9a754a2d9c8341c529e88b7c6b8f4,60.17065,24.93641,000000000f4919c9,23.56
10763,2019-08-01T09:06:29Z,5b06617477af6dcee75a94ac347364b50f6f3b5b7d747e5413d9ad58,60.14947,24.91438,000000004ef3150d,13.75
10764,2019-08-01T09:06:29Z,5b87e95c530abdc4b86908a134da58f9ddf2a72683102dcad78799da,60.16531,24.9442,00000000fdda10fe,23.56
10765,2019-08-01T09:06:29Z,5c1f71098d5d7258d2971061c791c94e0138c8e02225c5f60d6a0428,60.149,24.9843,00000000fffb8cf0,17.4
10766,2019-08-01T09:06:29Z,5daa76852f3e1be6c75fa2185d5787ab9010cf83d6671515769a8649,60.16531,24.9442,00000000fdda10fe,14.89
10767,2019-08-01T09:06:29Z,5e2c5c20c88ccf362ed8749d1ddc041b1cb1c38d8dbeac7870179322,60.16629,24.95957,00000000fb7600be,7.69
10768,2019-08-01T09:06:29Z,6072bfb496e2b8a999c9edbda5b76fbc0e783ff2a439c4e6c881fabf,60.16829,24.94214,00000000afef4555,14.89
10769,2019-08-01T09:06:29Z,619c5b31af2a28703a837cc7974ef0d2c5bb6584ba0fcc03076218ac,60.17002,24.94407,000000006b087f40,13.75
10770,2019-08-01T09:06:29Z,61f53bab9eb8d4ebb57a9aaea9ccecc63dbf2a442c4d629c5348903f,60.16629,24.95957,00000000fb7600be,18.79
10771,2019-08-01T09:06:29Z,63ff2439779051005c18876d20ed53ce060c1de9d7976821bd518fc6,60.15432,24.9211,0000000019fb59c4,10.78
10772,2019-08-01T09:06:29Z,6565d00a13e173bc6e2f8805a61547d928440233513cac42029fa1f5,60.17065,24.93641,000000000f4919c9,36.27
10773,2019-08-01T09:06:29Z,65b6b62b547e11e10f7f83ad497446bee2bb9653097d9d62e9b1b817,60.17065,24.93641,000000000f4919c9,5.41
10774,2019-08-01T09:06:29Z,66ad74b1795a3f2db404e46e89b7cdeb3d6e231b6573e3fd29bb7eef,60.16897,24.95222,00000000aa852af1,16.1
10775,2019-08-01T09:06:29Z,674355e17da9460e58566497be518f2eb537880c67c788fedb5067db,60.16629,24.95957,00000000fb7600be,10.78
10776,2019-08-01T09:06:29Z,67cf7d2881080aa59ed36a6d88ea1946d17e9d1d5e1ad9eee1851969,60.18203,24.91341,00000000342570c2,18.79
10777,2019-08-01T09:06:29Z,685af6b01bd180194d718801bb8b9c9de22050cc392d6c6441fe986b,60.18203,24.91341,00000000342570c2,4.5
10778,2019-08-01T09:06:29Z,68d7ad8fab31b3c5967a814376d0ddc6cf42e1db0d9e09dfbba169bd,60.16762,24.95415,000000006b44cce7,10.78
10779,2019-08-01T09:06:29Z,69e2854c78a472b462941ef730aa9fa7a9dba9c1cc22996396d4c78a,60.17918,24.95141,00000000675d5200,5.41
10780,2019-08-01T09:06:29Z,6adce4d05e58232a97635a2fd7918e4e49d9295afc0989d727f9c712,60.17002,24.94407,000000006b087f40,4.5
10781,2019-08-01T09:06:29Z,6d98ac1fea7056e5b96d6095caf0e3677a4ec30e9fbcc2e50ae1cf65,60.16629,24.95957,00000000fb7600be,8.38
10782,2019-08-01T09:06:29Z,6dca84ddf4be668487766d17c5d13961ed713d24032f709ae87a497f,60.16829,24.94214,00000000afef4555,8.38
10783,2019-08-01T09:06:29Z,6dd5463e670c352180c1e912300e21e59f5e2976266df8c3c92b0baf,60.16829,24.94214,00000000afef4555,20.28
10784,2019-08-01T09:06:29Z,6e80fcea10d21e1d5e672b554c0f3fe686dc58934f38c3391fd5c262,60.17002,24.94407,000000006b087f40,17.4
10785,2019-08-01T09:06:29Z,6eb390f743af2f8f87ce6c2ab53228450ccce1d21de54f8abba160df,60.16829,24.94214,00000000afef4555,21.87
10786,2019-08-01T09:06:29Z,6fe2cf6737d40d71251dac8ebef5356a2b765621e97a346c00a6031c,60.15432,24.9211,0000000019fb59c4,2.8
10787,2019-08-01T09:06:29Z,7003a7f6a5523b645634f014e04bea36016953a8af9324e35602bc2e,60.14947,24.91438,000000004ef3150d,9.12
10788,2019-08-01T09:06:29Z,704c3f3075f13713c363014fa828e4a932e7a05676813b9963a1e554,60.17918,24.95141,00000000675d5200,3.4
10789,2019-08-01T09:06:29Z,70d391038ec56b63a3737605c2c1db6ffbdca8e4490691776dc993f1,60.16829,24.94214,00000000afef4555,1.88
10790,2019-08-01T09:06:29Z,71b01bb8b8e877dc9ca40e756f441571d12ee3311a945417e8aaa116,60.16762,24.95415,000000006b44cce7,7.05
10791,2019-08-01T09:06:29Z,72439a1f997fd347d46394f31f5789edc877fe61ca34fcd31f9150b1,60.18203,24.91341,00000000342570c2,13.75
10792,2019-08-01T09:06:29Z,728325161f4ed691db3460f87a25ed4713580e50a53fd36dd265957f,60.16531,24.9442,00000000fdda10fe,9.12
10793,2019-08-01T09:06:29Z,7292a4a47ed655e0ce0ead026bb0ae4b8093342f87a9aed5665c1456,60.16762,24.95415,000000006b44cce7,11.7
10794,2019-08-01T09:06:29Z,72f088587da3409c5a4bec360a52a230a7551c3671441baaaabc6357,60.16829,24.94214,00000000afef4555,16.1
10795,2019-08-01T09:06:29Z,7700297fec4982ad776529835e2ab46d4e5cbc889e26f368c19efeef,60.16829,24.94214,00000000afef4555,16.1
10796,2019-08-01T09:06:29Z,774131d73accbbb31ec3c43c3501b7969645eb65df1839ca8116526e,60.15432,24.9211,0000000019fb59c4,2.8
10797,2019-08-01T09:06:29Z,774bf331a7d205164487c930f8e043d9f4064d968a7f9cb28bfa5dc9,60.16762,24.95415,000000006b44cce7,17.4
10798,2019-08-01T09:06:29Z,7803e2d46157a5482e745447d4c2c332fbd818d87a20b0f6187c628d,60.17065,24.93641,000000000f4919c9,25.36
10799,2019-08-01T09:06:29Z,7a9fc0489f50f874094d442f4f3423805ef3ce9a662555b274d01dd9,60.16448,24.97323,0000000053c6c2be,31.5
10800,2019-08-01T09:06:29Z,7c1534082e86ff4387878d813207626d8f728aa26b97248e00a3b8d7,60.16629,24.95957,00000000fb7600be,13.75
10801,2019-08-01T09:06:29Z,7ccf0231e25c4a2ff5abcbb7cb3fe96604d014c3fa05c2829580801d,60.16829,24.94214,00000000afef4555,13.75
10802,2019-08-01T09:06:29Z,7d12711d47425111a6dce413faa867542b9532f3b9c5a934b37a0bc8,60.17918,24.95141,00000000675d5200,20.28
10803,2019-08-01T09:06:29Z,7d415f4fd9093fb383b4ebb88961ad74e6a00d3ece39504712dad639,60.17918,24.95141,00000000675d5200,21.87
10804,2019-08-01T09:06:29Z,7e2e3d07c939e3e76e7ce87678faf64e056afe54215e00488839100f,60.14947,24.91438,000000004ef3150d,14.89
10805,2019-08-01T09:06:29Z,7eb4a715919b3eb4085270535ce4d7b57112591ad7242eb189bf652a,60.17065,24.93641,000000000f4919c9,20.28
10806,2019-08-01T09:06:29Z,7f534fc0885ddf5a5c3814e4232de3356affd42f6c3560055079dc1c,60.16829,24.94214,00000000afef4555,16.1
10807,2019-08-01T09:06:29Z,7f59aaecea1eee6c703ec5d46d67b44289ddedf080defee495b73739,60.14947,24.91438,000000004ef3150d,4.94
10808,2019-08-01T09:06:29Z,7faf8705e89a761625aaed50b89538581e25d5950ec8f051d36ed829,60.14947,24.91438,000000004ef3150d,11.7
10809,2019-08-01T09:06:29Z,8165c5f8d06298ffd56f071c0ad1cc9f1d4f08084936937d712d0b61,60.15133,24.92329,00000000e8a064a4,16.1
10810,2019-08-01T09:06:29Z,82b78c2220aee81a2744ddfaf7ed29663888987dba6b7cdda05731d9,60.14947,24.91438,000000004ef3150d,13.75
10811,2019-08-01T09:06:29Z,8524898e498c83bde4bc1848aa2b372da84e7b2266f36aabe128cc27,60.17919,24.95181,000000007b5207b6,25.36
10812,2019-08-01T09:06:29Z,85bdce5b262dbd94adcff03e6cad26a1152828b6ab27e6fdd56b2b13,60.16762,24.95415,000000006b44cce7,3.74
10813,2019-08-01T09:06:29Z,86e7584bf95733cef59d74bb4955881e99dc86b73a0d5b4e3ef58b50,60.18203,24.91341,00000000342570c2,20.28
10814,2019-08-01T09:06:29Z,87f1cc4c4a9de1ab81fe39cf7fde6cf0d4778e690f1665b62231ce46,60.149,24.9843,00000000fffb8cf0,27.28
10815,2019-08-01T09:06:29Z,880f9cbb91b9caf48ea9c5dd1a0c8e1db72922b6dfcb647b102fc469,60.16629,24.95957,00000000fb7600be,10.78
10816,2019-08-01T09:06:29Z,88c2bc6310f27465b9f08b28fb52075d7703ce7b097e5beb37c7437c,60.14947,24.91438,000000004ef3150d,11.7
10817,2019-08-01T09:06:29Z,893080d82bb28aa3ab91e41ddd4569086c8135ade7be10aa644fca95,60.17065,24.93641,000000000f4919c9,25.36
10818,2019-08-01T09:06:29Z,89349639c4d78adfea3dd2bb515b309e44a49ae4550c7dd28126a5a9,60.16829,24.94214,00000000afef4555,36.27
10819,2019-08-01T09:06:29Z,898cde3317c73907bb23b1b885828c4bf3187c3a757a18dc32abe970,60.16762,24.95415,000000006b44cce7,6.46
10820,2019-08-01T09:06:29Z,89aeff56a0700534bbf2dfd19fc298f5a890c95e1a45b6ca7ad3c33a,60.16829,24.94214,00000000afef4555,7.69
10821,2019-08-01T09:06:29Z,8a01e28fd327e5c56dcf2dc8b2b7762a96d77584c21990a073ceb11f,60.16829,24.94214,00000000afef4555,8.38
10822,2019-08-01T09:06:29Z,8a70673a694137689441a8a18cff0044d959d5d1991c92c7b5fb8f0c,60.16829,24.94214,00000000afef4555,20.28
10823,2019-08-01T09:06:29Z,8c5680a91dc767437f030236c6bf02223c9f54a69b06b29583d2876c,60.14699,24.922,00000000a53ed894,36.27
10824,2019-08-01T09:06:29Z,8c571538c285dba9d77edacfb1829b282d54b772b62209c6e4004237,60.17918,24.95141,00000000675d5200,6.46
10825,2019-08-01T09:06:29Z,8d5e893f77b3d167ebefad4ecab181fea08513599a6f9450f0b9a827,60.17919,24.95181,000000007b5207b6,14.89
10826,2019-08-01T09:06:29Z,8e20d0d67339e3cf43e77c3a340d9dc6766de8d079197a08a1343ff0,60.17065,24.93641,000000000f4919c9,20.28
10827,2019-08-01T09:06:29Z,8e6caf283696ed75a4aff0c3f528dad5878f6f4b82cbd3eae1164484,60.16897,24.95222,00000000aa852af1,29.32
10828,2019-08-01T09:06:29Z,90a44cbd1a957cc59a6986cff9b6b7b8e151d379e17da645069428b8,60.173,24.92524,0000000096918cfa,12.69
10829,2019-08-01T09:06:29Z,941e13893853105c86bfbc6d31d62274937602143ce3bb530c8c17ed,60.17918,24.95141,00000000675d5200,16.1
10830,2019-08-01T09:06:29Z,94de25728748a75e0ae17bd3f75d246c22fa741c669973ccb86ea813,60.16531,24.9442,00000000fdda10fe,25.36
10831,2019-08-01T09:06:29Z,9609babe3114439a82f93f797f4a6e779b6bab625488b8ff5b63e674,60.16829,24.94214,00000000afef4555,13.75
10832,2019-08-01T09:06:29Z,99a026b5100e23129fa529e9a57a3dbc8490dc03b58f2193f03e2dcf,60.14951,24.92138,0000000006dd41f6,6.46
10833,2019-08-01T09:06:29Z,9b3e6848d8b34e802134d6da0e5a594897ec3fafbbf08b6d0b84068e,60.17918,24.95141,00000000675d5200,4.11
10834,2019-08-01T09:06:29Z,9bdb503344071eddd74d821f537246d8a6c19468b05d38d0170377f9,60.16897,24.95222,00000000aa852af1,25.36
10835,2019-08-01T09:06:29Z,9bef8b28ea93ecaee57d05b037edbfe7f80014aaf56343345fedd7be,60.17918,24.95141,00000000675d5200,7.69
10836,2019-08-01T09:06:29Z,9ce214896068957a21bc57af08680d84debbd091b49ad5e6402c4cc8,60.16629,24.95957,00000000fb7600be,17.4
10837,2019-08-01T09:06:29Z,9e343a150f07bb3dcce5ecab8ac061b84d65b347b1af5a232e00eeb6,60.16829,24.94214,00000000afef4555,12.69
10838,2019-08-01T09:06:29Z,9eee6d740f1d483c484d02f0995f35550c09e6a8cf01f02680db5efc,60.16448,24.97323,0000000053c6c2be,23.56
10839,2019-08-01T09:06:29Z,9f2f5e6344efb60ffa5c79880ea57aeb636e51f86587e158039df6cc,60.16531,24.9442,00000000fdda10fe,41.64
10840,2019-08-01T09:06:29Z,9fe150ec915809e658e73e8d7076541dd0ae11c3374241f41adbb90b,60.16629,24.95957,00000000fb7600be,13.75
10841,2019-08-01T09:06:29Z,a04214b56cac7d70680703ee6a28fac742f3c3190b55b46a79c1f76d,60.149,24.9843,00000000fffb8cf0,14.89
10842,2019-08-01T09:06:29Z,a2321cbe1ca14defdef3d74ae1f30c9affe99ff38beca31bf3c2959f,60.17002,24.94407,000000006b087f40,27.28
10843,2019-08-01T09:06:29Z,a2333053951d093ef490bcc3b9455fa0ed512421b5b597602785ab28,60.16531,24.9442,00000000fdda10fe,17.4
10844,2019-08-01T09:06:29Z,a240cf13edff4ac988bf5401abd06dda1aebf83bc7edccb539cc2126,60.16762,24.95415,000000006b44cce7,17.4
10845,2019-08-01T09:06:29Z,a256ee4e61079f54581967787db25324859ef431207cb182cd468fbe,60.16829,24.94214,00000000afef4555,16.1
10846,2019-08-01T09:06:29Z,a2e761fd97d8bdf78601300822b531e306b9ab7a1a43b6bfb07eba52,60.14947,24.91438,000000004ef3150d,9.92
10847,2019-08-01T09:06:29Z,a38c11c450b472b9dad2f076e2d9a63651292d3de806331d06af7f46,60.16531,24.9442,00000000fdda10fe,14.89
10848,2019-08-01T09:06:29Z,a403dc1eebc5d130e12a4c3e4298737c9e00b25b1b6b2cc36a6979c9,60.16629,24.95957,00000000fb7600be,17.4
10849,2019-08-01T09:06:29Z,a47e8613674297dc49b26801b19d2110d009aaee57412f2127f3b093,60.16897,24.95222,00000000aa852af1,12.69
10850,2019-08-01T09:06:29Z,a4b9f871dcc986c95f1e84fe203bb392ba0fe13164d89119bda2c94a,60.16762,24.95415,000000006b44cce7,7.69
10851,2019-08-01T09:06:29Z,a6d0dd9de406b1201a4e438ec7c5f4a467f38c41e2dec42ff6c71d50,60.16897,24.95222,00000000aa852af1,12.69
10852,2019-08-01T09:06:29Z,a786eb3b8a25c58099a428799e99d0b86401f803ee38d3e5d20e59d3,60.15432,24.9211,0000000019fb59c4,18.79
10853,2019-08-01T09:06:29Z,a83415babca8eac00f69a32371a230fdadda29bf40fd69f75cf2e8fb,60.17918,24.95141,00000000675d5200,14.89
10854,2019-08-01T09:06:29Z,a982f65ed2c57aff3f744dba9f5e9ca929c81c14883516889898f207,60.16762,24.95415,000000006b44cce7,9.12
10855,2019-08-01T09:06:29Z,aa5281244780ac8f283c3452639d477cd76e31fc6f0b95b99c51a9b0,60.16762,24.95415,000000006b44cce7,1.88
10856,2019-08-01T09:06:29Z,ab615ee5bbf567aee3505fbb360d09fc6b851f93fb15aef778b57128,60.16531,24.9442,00000000fdda10fe,11.7
10857,2019-08-01T09:06:29Z,abf0be93e7a8aec9fa8284fdbcc2493f32084aa95f15660b23e149c6,60.16629,24.95957,00000000fb7600be,4.5
10858,2019-08-01T09:06:29Z,aca524ceb3c7373172ecd0d06b26e7d610d441f4a47ab78ae0ad3340,60.15133,24.92329,00000000e8a064a4,29.32
10859,2019-08-01T09:06:29Z,acbbe4765d72f36b0323407c7dbe43db7b4ad5e2da0a6a9e5966db0b,60.16897,24.95222,00000000aa852af1,12.69
10860,2019-08-01T09:06:29Z,ad22512fd6a5ad9e19fdfad7e02b2793ecb01875be243f894c637ae2,60.16829,24.94214,00000000afef4555,9.92
10861,2019-08-01T09:06:29Z,aef9493ffdbcaf1d1a27c9ae807b055ac0b7ba8fb2d6b6d307ecb617,60.16629,24.95957,00000000fb7600be,18.79
10862,2019-08-01T09:06:29Z,af67ffa8b538058603b74f48e04ab914e8f6cd450f53c47f8c3d683d,60.15432,24.9211,0000000019fb59c4,17.4
10863,2019-08-01T09:06:29Z,afaed9946dbc1509500c6f80f87eed8fe44a74ba3e14328c6efe3971,60.16829,24.94214,00000000afef4555,9.92
10864,2019-08-01T09:06:29Z,b09e9bb62cc49c085c1aee3b752af1bec69dabc939323e5733f73933,60.17065,24.93641,000000000f4919c9,17.4
10865,2019-08-01T09:06:29Z,b28757d67868f9471f0d997a935e857fd0ff1095449820929597563b,60.16762,24.95415,000000006b44cce7,6.46
10866,2019-08-01T09:06:29Z,b32e57a6f5865a23d7a0e9fa346d5ec4e975f99c4df815fe8b1449b2,60.17918,24.95141,00000000675d5200,17.4
10867,2019-08-01T09:06:29Z,b474e34db18d21635ec9ea2654513e6759c326f3aaec96c25f9a204e,60.16897,24.95222,00000000aa852af1,16.1
10868,2019-08-01T09:06:29Z,b4ad2ae124ba06d650fd30de0b19851bff32daef16a95b7f1bb96a00,60.16897,24.95222,00000000aa852af1,23.56
10869,2019-08-01T09:06:29Z,b50a45ac0708e7b5cca42f3458430eb22ff70a81c575bafe99ffda23,60.17002,24.94407,000000006b087f40,9.92
10870,2019-08-01T09:06:29Z,b5603e758440226e490d1d7d7271a7b0d5c261eccbad198f81110136,60.15432,24.9211,0000000019fb59c4,4.11
10871,2019-08-01T09:06:29Z,b6c43126ca83e916a68e57d0178060c24fc61305836b6c8f188f7285,60.17918,24.95141,00000000675d5200,17.4
10872,2019-08-01T09:06:29Z,b6f0f4101a1a258dcb1d82d77ca91000694d4fed15bd882a8e3bfe66,60.149,24.9843,00000000fffb8cf0,10.78
10873,2019-08-01T09:06:29Z,b8fb70225ee0a2d655e2809da07a2f8cd2feb7295aa256f8b35fcf1e,60.16629,24.95957,00000000fb7600be,9.92
10874,2019-08-01T09:06:29Z,baca220bc4dd6e05e27f7b99db1588e9c29a5e18a36a70622dea1e65,60.17065,24.93641,000000000f4919c9,27.28
10875,2019-08-01T09:06:29Z,bb2187a4e20012ad694c768ef2c47c9a9055671024ebf4855d4e6243,60.16531,24.9442,00000000fdda10fe,1.54
10876,2019-08-01T09:06:29Z,bc20b3b236588d3632c07aba05bd43ff4ec70f10290f2feb5175b8ab,60.16762,24.95415,000000006b44cce7,12.69
10877,2019-08-01T09:06:29Z,bc6d5082ca52e6dae7a1689a835434f3f6341e90afea565480eb9674,60.16829,24.94214,00000000afef4555,10.78
10878,2019-08-01T09:06:29Z,bc82f76c979de19b559e9e3aa0cd6cbf5ac361e2d7b1ac9f81fe2f4f,60.17918,24.95141,00000000675d5200,4.94
10879,2019-08-01T09:06:29Z,bd17e41f002acd238070518ccfb611a42561023ceaefde667bf6fa55,60.17002,24.94407,000000006b087f40,14.89
10880,2019-08-01T09:06:29Z,be12d6aaccf354197284a8c92b960bd6a4e1705f7d948823e7891fde,60.16762,24.95415,000000006b44cce7,6.46
10881,2019-08-01T09:06:29Z,beaae42e2432399a2fe1038d7d9bc164f369b4ad61458aaa4fd733b6,60.16762,24.95415,000000006b44cce7,10.78
10882,2019-08-01T09:06:29Z,bee144e090a471427ec7878609f2446cb79f4c8d7e3c3bf0f67cf8d2,60.16762,24.95415,000000006b44cce7,16.1
10883,2019-08-01T09:06:29Z,bf546b1abc8eba5c7f399f527508a7304dea62586aa297896d71ea5c,60.18203,24.91341,00000000342570c2,27.28
10884,2019-08-01T09:06:29Z,c15da9ed244b57a27a083919c67d0edde078a31b18cb58f13581f173,60.1538,24.95595,0000000038bf9618,27.28
10885,2019-08-01T09:06:29Z,c1bf1bf699e9bc78ca15c9490d1ef02e3323f0c2c76bf0fca7955a69,60.14947,24.91438,000000004ef3150d,16.1
10886,2019-08-01T09:06:29Z,c36568f7893e68ba3e3ca3169783c9e29a8a5f8cee16c1928c903ebc,60.16829,24.94214,00000000afef4555,27.28
10887,2019-08-01T09:06:29Z,c375f2dac85f963c33b2daf76ffb0c32d2c8fd08172419336e308686,60.14947,24.91438,000000004ef3150d,21.87
10888,2019-08-01T09:06:29Z,c434f18b802a764aad7a2dfb46e93546acb1b0975cf9b93fd47363f6,60.15432,24.9211,0000000019fb59c4,9.92
10889,2019-08-01T09:06:29Z,c51beff15d228f2dab9416cadfcc60fe269ce3d9202a9cf2ec7e7647,60.16829,24.94214,00000000afef4555,27.28
10890,2019-08-01T09:06:29Z,c52245cb14f76d85d0f0d0f8aec1489c497f4d47271b5745576e7d70,60.16829,24.94214,00000000afef4555,25.36
10891,2019-08-01T09:06:29Z,c5a6d2d62bc00c29fba5a97a29835008abdcf800f70540e4ccf71683,60.17919,24.95181,000000007b5207b6,21.87
10892,2019-08-01T09:06:29Z,c65c11ee6e8b5894ead3ea9b007a39127edb65a67be253aca6f78ed0,60.16448,24.97323,0000000053c6c2be,20.28
10893,2019-08-01T09:06:29Z,c8be2c26d4f0c9d399f32e84d95487a2644ffcb62681165be3d36a02,60.16762,24.95415,000000006b44cce7,14.89
10894,2019-08-01T09:06:29Z,c8df45d222b573af5441c1ec32616df82891a813c9217002a9d60846,60.16829,24.94214,00000000afef4555,20.28
10895,2019-08-01T09:06:29Z,c98bce1cc275ed0a1b833011f8cd251ac848fdc84501fe87eb8b5d54,60.17918,24.95141,00000000675d5200,16.1
10896,2019-08-01T09:06:29Z,cc38e377ae09d26d3ddad7349bf3aac26d4acd67915da15f317b8507,60.16829,24.94214,00000000afef4555,8.38
10897,2019-08-01T09:06:29Z,cccf3ba2a9d11b9330c18af8064a20aca9995473495bf119162a1619,60.16897,24.95222,00000000aa852af1,12.69
10898,2019-08-01T09:06:29Z,ccf4611f19a0b20cfaaf5bdba7523f62b2b1c37d3169f7fcd9735d22,60.17918,24.95141,00000000675d5200,18.79
10899,2019-08-01T09:06:29Z,cf061f5093c857b2efc346d3ad51fd17cca7eb360060ba7875630cf5,60.16897,24.95222,00000000aa852af1,17.4
10900,2019-08-01T09:06:29Z,cf823e18aa21de251222a9ab70c1b76b6218dea694752d56f6f84082,60.149,24.9843,00000000fffb8cf0,31.5
10901,2019-08-01T09:06:29Z,cf9455daa4877b79636eca3ae57056b08dfc0b42f107cedb6f5a3f16,60.16829,24.94214,00000000afef4555,17.4
10902,2019-08-01T09:06:29Z,d062562fed5ad0a61560e267310beb0b717d2a1e2a11d1d575507861,60.16897,24.95222,00000000aa852af1,13.75
10903,2019-08-01T09:06:29Z,d0ae4fabf429edbfdad59f8183cc6e5929f68633315448c9b83d4c16,60.16762,24.95415,000000006b44cce7,10.78
10904,2019-08-01T09:06:29Z,d16e16def718519430296afa23976c226aaf720722bce3d92a2aad43,60.14947,24.91438,000000004ef3150d,12.69
10905,2019-08-01T09:06:29Z,d31d6921eee92503b486a1b30f5330581c4744a82e6549f375544846,60.17918,24.95141,00000000675d5200,20.28
10906,2019-08-01T09:06:29Z,d327ac6c99e2bd3f17d3041840424e8568b4fbe6d3280c3e04504dac,60.16897,24.95222,00000000aa852af1,18.79
10907,2019-08-01T09:06:29Z,d562afdedae521be241c98441e436608a323fdb944dedc24c835e762,60.17065,24.93641,000000000f4919c9,5.91
10908,2019-08-01T09:06:29Z,d653ef8368d33df4fc7edeb5a381d5826be1471f1470aa9744d47901,60.173,24.92524,0000000096918cfa,2.54
10909,2019-08-01T09:06:29Z,d65b8625c1f24304ff0e3c4a4dce7aa5d434d36be87be41834a49420,60.16531,24.9442,00000000fdda10fe,4.11
10910,2019-08-01T09:06:29Z,d6e217c6592e449e2390b1a874e08cbc9126116901dbdbf84501c6b8,60.17065,24.93641,000000000f4919c9,21.87
10911,2019-08-01T09:06:29Z,d74ea3c9e0aaa523c791aa01f4f9a7c1c43f01f585dc4146b19edf83,60.17918,24.95141,00000000675d5200,9.12
10912,2019-08-01T09:06:29Z,d7734ef0345fcffc0f4bd7579275af62987490aba012209832e92059,60.16629,24.95957,00000000fb7600be,12.69
10913,2019-08-01T09:06:29Z,d87c4d5dc2cd620de54fdd076d4f9b35245053d65b644d9e01f558b5,60.16762,24.95415,000000006b44cce7,5.41
10914,2019-08-01T09:06:29Z,d8e192aeb0216a9b0596cedcf42e1b5140d6cfbbc830edc10f50c3d1,60.16762,24.95415,000000006b44cce7,17.4
10915,2019-08-01T09:06:29Z,dc786895c819070347a0a268463f0a8b15f5eec1647f016a9e78e9e0,60.1538,24.95595,0000000038bf9618,27.28
10916,2019-08-01T09:06:29Z,de97d4b1b05003191faf8bb5c1bed80b82fffa5d137f8921eec195e5,60.16897,24.95222,00000000aa852af1,27.28
10917,2019-08-01T09:06:29Z,deb8a213e1b4930e676ee8fdb394161ec46adb785171fa37437b4d44,60.15133,24.92329,00000000e8a064a4,9.92
10918,2019-08-01T09:06:29Z,ded712413bfc7de58a469fab75498089b2c3c6b5e0c9cae260102284,60.16829,24.94214,00000000afef4555,20.28
10919,2019-08-01T09:06:29Z,e0fe7fe5854899c0eb42b75b300339808143419404558ed4d00b0f17,60.17918,24.95141,00000000675d5200,7.05
10920,2019-08-01T09:06:29Z,e234769b1ce1634554f5fa4a290d11b2a30c3dfd009d4c39a2e9dd3d,60.17065,24.93641,000000000f4919c9,20.28
10921,2019-08-01T09:06:29Z,e2bb0ae74deee6cbc4f50c5f85da3f1779ca1db1ae7ff48ab4b33dbc,60.17918,24.95141,00000000675d5200,9.92
10922,2019-08-01T09:06:29Z,e3f844c56875bd572c3b57a835b884f1060b467d3bbd25c50dcc7e28,60.16762,24.95415,000000006b44cce7,8.38
10923,2019-08-01T09:06:29Z,e528235be3e5cc4945024d50d1ed43061e2e2f2845f2b41e081e1721,60.17918,24.95141,00000000675d5200,16.1
10924,2019-08-01T09:06:29Z,e5cad8bb9a6c8dcc067948d7f869033aca5bdd062da175c8734092e6,60.17918,24.95141,00000000675d5200,11.7
10925,2019-08-01T09:06:29Z,e73dcccbc4dd6af49316f19a34c347cc94ff7ab079a93a2672d78a16,60.14947,24.91438,000000004ef3150d,21.87
10926,2019-08-01T09:06:29Z,e8add7e8346b99cd4b67924113f3763441a1899897c6d1ac3a1a40a6,60.17918,24.95141,00000000675d5200,10.78
10927,2019-08-01T09:06:29Z,e8ed8051f57ad9d9029a5e3b443c5e93e5059f8c487ba45e2583d35a,60.16829,24.94214,00000000afef4555,12.69
10928,2019-08-01T09:06:29Z,e9064a62fac257836cb6fbcf0d84fab1ebdfa46bd6734632f1e6f116,60.16829,24.94214,00000000afef4555,17.4
10929,2019-08-01T09:06:29Z,e9275b4d525e0593374e00e9cf9885062a1699ecb3462c758a025ef1,60.16762,24.95415,000000006b44cce7,9.92
10930,2019-08-01T09:06:29Z,e979a153601f7520f54d4733fe91f75f154c8f1c08dc3408dbba5345,60.15432,24.9211,0000000019fb59c4,31.5
10931,2019-08-01T09:06:29Z,ea1b1a8ba1c01fdd1e098c585b133fc3d60f7c2458e7c2726e2df8ee,60.16629,24.95957,00000000fb7600be,11.7
10932,2019-08-01T09:06:29Z,ea3f8412ed9c4d92448688dd9cc7ff9e3eeb5fe4373d0953bf0349c1,60.16531,24.9442,00000000fdda10fe,13.75
10933,2019-08-01T09:06:29Z,ea94130fbb3464dc656765cfddbad802ddfafb1af8007cb5f42cd41f,60.16829,24.94214,00000000afef4555,10.78
10934,2019-08-01T09:06:29Z,eaf572301dc5c1eaff007bc1886cce8f0f5e92a233b8686ed2a1a9cc,60.17065,24.93641,000000000f4919c9,17.4
10935,2019-08-01T09:06:29Z,ec2dd83e04d225caca9f6b9d28bd3080ed37c5bf42e5f65123fa2394,60.17065,24.93641,000000000f4919c9,10.78
10936,2019-08-01T09:06:29Z,ec7121833f0e4b509d683b00a9c5e992e4b84882cb857145102e14f4,60.16531,24.9442,00000000fdda10fe,1.7
10937,2019-08-01T09:06:29Z,ec8c0160ac1ee5aeaf6204956c9db2ee4f98f55ae3fe1ec0af07fab8,60.16762,24.95415,000000006b44cce7,3.09
10938,2019-08-01T09:06:29Z,ed86f884272a5a400b55bfd4f22bc8cc5d6fca7fe26eee3c39cb3c52,60.15432,24.9211,0000000019fb59c4,11.7
10939,2019-08-01T09:06:29Z,ef620c567fe4adc1160d75daa4075a87a75acb4a956b68eb60da0690,60.17065,24.93641,000000000f4919c9,31.5
10940,2019-08-01T09:06:29Z,f03d20d6bb80ce0745cb0fbed6619e0a6288bfffd08e9aabce1692ba,60.17065,24.93641,000000000f4919c9,20.28
10941,2019-08-01T09:06:29Z,f18c0c32d067aecf5602d70693ac888cab1be6dbb0d154be5153dfcc,60.16829,24.94214,00000000afef4555,12.69
10942,2019-08-01T09:06:29Z,f1b28329fc91f4708ca34857c5582c0bf1b7d0ab06127746029cd72c,60.17918,24.95141,00000000675d5200,11.7
10943,2019-08-01T09:06:29Z,f20935810c1567a80c288016c4d4dd32fe86b3479f47ae7dd64d15cc,60.15432,24.9211,0000000019fb59c4,3.4
10944,2019-08-01T09:06:29Z,f27b93329546b5d9c00e9fc70d0df72440f620564e0fff5a89ff8276,60.17065,24.93641,000000000f4919c9,21.87
10945,2019-08-01T09:06:29Z,f29ed00b645af4bbf50174e71f58a9b691d2e2342e59eda242d97380,60.16829,24.94214,00000000afef4555,16.1
10946,2019-08-01T09:06:29Z,f4587b90aec9127805880f7c81fc03b9fb513fe363015399b895089f,60.16829,24.94214,00000000afef4555,14.89
10947,2019-08-01T09:06:29Z,f4bbc3077da0455d4340da2eed204915327b75a792080724548b4956,60.17918,24.95141,00000000675d5200,3.09
10948,2019-08-01T09:06:29Z,f503a41d3e8b9b57628f4f061c1d8e0c53c62dd8a6fe38d212958ee6,60.16075,24.95883,00000000f1124bca,5.91
10949,2019-08-01T09:06:29Z,f50fd3b1715a94dff67461f4b8f252ecaa6acc16459b3d021f34f15e,60.1538,24.95595,0000000038bf9618,27.28
10950,2019-08-01T09:06:29Z,f55165f87792f06aaca9b79eea536f4bd692c8ee806294be5fb014df,60.16829,24.94214,00000000afef4555,21.87
10951,2019-08-01T09:06:29Z,f587de6c8c03387c5e6a66cd7d20c45abad3668c8e2246611122547b,60.14947,24.91438,000000004ef3150d,10.78
10952,2019-08-01T09:06:29Z,f741519cf6f519194bb45b9da0e69bda8edb903e3c24d4140f340467,60.16762,24.95415,000000006b44cce7,9.12
10953,2019-08-01T09:06:29Z,f9e527876f8dfe750fd29bc42664bbf572aed5d09d344a8934a83d90,60.17065,24.93641,000000000f4919c9,4.5
10954,2019-08-01T09:06:29Z,fa1a3814c680b20020a08346c37ee2853e895984574575312bf262e7,60.14947,24.91438,000000004ef3150d,25.36
10955,2019-08-01T09:06:29Z,fa9f19c58a086fde9429d732b1eec80eacf5fc1b2c0124d17243d008,60.17919,24.95181,000000007b5207b6,23.56
10956,2019-08-01T09:06:29Z,fba6e66dd09200012637e0b454c96fd7a5459b7e8b0ba01863cdbd77,60.16762,24.95415,000000006b44cce7,2.54
10957,2019-08-01T09:06:29Z,fc75e05a713e8733c512a31a3bebec0a122af3e7afb2c5059c3f1a3a,60.17002,24.94407,000000006b087f40,9.92
10958,2019-08-01T09:06:29Z,fdb3239bb0017def73005dc66a8d674c713493499c8feff7a6c01018,60.16762,24.95415,000000006b44cce7,12.69
10959,2019-08-01T09:06:29Z,fe191b6937595e5cf2ac1491e9056f0f9fb5bf66c0cb900df00b4c64,60.16829,24.94214,00000000afef4555,14.89
10960,2019-08-01T09:06:29Z,fea1453360073dfc1896bf1f005f51addb49661f953e16cffba3c63d,60.16531,24.9442,00000000fdda10fe,11.7
10961,2019-08-01T09:06:30Z,02ffba0a8cc3dbd5fbf6fb79a3c4e4dd5ef8ff12a5d25f4145a3fd33,60.16762,24.95415,000000006b44cce7,18.79
10962,2019-08-01T09:06:30Z,144afc51fc2443c7031a2912566eff2ce60226a49d6d2bd7c2923700,60.16544,24.95398,0000000038d83d41,17.4
10963,2019-08-01T09:06:30Z,14c7e1511b70f4dd3359cbece1377aebb4d70531f5489eefe53d7c3c,60.16544,24.95398,0000000038d83d41,27.28
10964,2019-08-01T09:06:30Z,15918569de0a46a8eb56b43d8d39f7fc82619ff1006f00822c85745c,60.17918,24.95141,00000000675d5200,2.3
10965,2019-08-01T09:06:30Z,1f0f0628cdc688d76bde2b82bee5b9b4916bf0bbdfe76cf3213e1c65,60.15432,24.9211,0000000019fb59c4,13.75
10966,2019-08-01T09:06:30Z,2a93b61a3863ace54349d7a0937e4134fcc6d4dfcf064eefae2b7cf8,60.15432,24.9211,0000000019fb59c4,23.56
10967,2019-08-01T09:06:30Z,5d65719c4cbf045f068d084b72302f447d5fd034413d97d13be00d0e,60.18203,24.91341,00000000342570c2,23.56
10968,2019-08-01T09:06:30Z,6a657079c1bdc8114c289be1ddd83e5846d4279a920d1697b8ff0033,60.18203,24.91341,00000000342570c2,21.87
10969,2019-08-01T09:06:30Z,6d22b751ff5173035dc85c52c3dff0780126adae67fe33dc62dd45ef,60.16531,24.9442,00000000fdda10fe,18.79
10970,2019-08-01T09:06:30Z,6f06341f358e61699fe1e55e986dd0554bc8da28b91daf0c5ad99db6,60.16629,24.95957,00000000fb7600be,14.89
10971,2019-08-01T09:06:30Z,6ff437688c444238352c28f64f9d2a7d0f14d19c9ea42c225380501e,60.16762,24.95415,000000006b44cce7,13.75
10972,2019-08-01T09:06:30Z,76c7f42283513d0e289bf786d89463b5025b2ae0f4e13519a4cf228b,60.15432,24.9211,0000000019fb59c4,27.28
10973,2019-08-01T09:06:30Z,78d5f60b36b59c06c3988b94e11744bb3aed5dcbc214f91f228bf892,60.16448,24.97323,0000000053c6c2be,21.87
10974,2019-08-01T09:06:30Z,84fdfd8881f633c5f0c71c1480053953ca4b05e848052d97c063ad38,60.1538,24.95595,0000000038bf9618,29.32
10975,2019-08-01T09:06:30Z,87dfaad29a9276ddddb1fa021d3bc23ad14824c1af16f7d87e713689,60.14951,24.92138,0000000006dd41f6,9.92
10976,2019-08-01T09:06:30Z,8c75c3289c84fe4493e1e272a77b615fe1985880c5dc68a7c1a17b53,60.16762,24.95415,000000006b44cce7,11.7
10977,2019-08-01T09:06:30Z,8cc6ddaa460aeae8cc9e8a33f91a01c8cd4c0c8bf8a943210a28c84d,60.1538,24.95595,0000000038bf9618,13.75
10978,2019-08-01T09:06:30Z,8ffeb52bff155eab19ca329d16be495cd44a08aa7f79b94db079caf9,60.15432,24.9211,0000000019fb59c4,25.36
10979,2019-08-01T09:06:30Z,9843c6216661048343a0e49cf3d8aa2883cf77f452666a1c873a1052,60.16448,24.97323,0000000053c6c2be,13.75
10980,2019-08-01T09:06:30Z,987e83b8bf78f756fa09dbeb561bf778fd00003818fbe7a45de52b6c,60.16531,24.9442,00000000fdda10fe,23.56
10981,2019-08-01T09:06:30Z,9d03d14afa49576281aa26db60e517f7c1ec8aa36f7756959a860a8a,60.16629,24.95957,00000000fb7600be,9.92
10982,2019-08-01T09:06:30Z,a5302e72a58b038ac7633e65863bac48d8153d8837533ac7b5409f37,60.16629,24.95957,00000000fb7600be,7.69
10983,2019-08-01T09:06:30Z,a9da1ee82e3b670e276c26b483dd50f4a6d0c6f77ef82245d3ae6086,60.18203,24.91341,00000000342570c2,21.87
10984,2019-08-01T09:06:30Z,ab0f67c0c0e1ba5eac9013f9c314feadf340ddf08543b91e70483594,60.16544,24.95398,0000000038d83d41,25.36
10985,2019-08-01T09:06:30Z,b1f358076ba79ef902a36ca8ae3f8ec7c93308a67c479345bfdbdecf,60.1538,24.95595,0000000038bf9618,27.28
10986,2019-08-01T09:06:30Z,b4faf2d3c4d2b199afeab6ab63b583fe3a2e81e14abbef6917f25129,60.15432,24.9211,0000000019fb59c4,16.1
10987,2019-08-01T09:06:30Z,c40c37def6bf11a63a2556519a7c6233fd417cdeea2cf14f28e7c42c,60.16531,24.9442,00000000fdda10fe,20.28
10988,2019-08-01T09:06:30Z,ce783d3c1b06378e5c39c25687746a6f88fbb0ff2b36e3405fb61cf8,60.16762,24.95415,000000006b44cce7,21.87
10989,2019-08-01T09:06:30Z,cf05623e4d87ce0906c0b0b7dbf53aacc1228016cd27c341228b6e76,60.18203,24.91341,00000000342570c2,18.79
10990,2019-08-01T09:06:30Z,d05182f65870cf88d6f32febaa528db2b373262e73b9fbd3a91cb131,60.16762,24.95415,000000006b44cce7,20.28
10991,2019-08-01T09:06:30Z,d178749a24c32676d0da0f51ae6ff63c456499d4b1814af8fa75ca9e,60.16448,24.97323,0000000053c6c2be,11.7
10992,2019-08-01T09:06:30Z,dd2c9c82cf3737146294aff6f814a1349fb0bc4bedf518715dacbe8f,60.18203,24.91341,00000000342570c2,16.1
10993,2019-08-01T09:06:30Z,ebd5792818b1818f5d1ea2cd8ef5e4b500cfc7a7fbb7be7907ce2d0c,60.16762,24.95415,000000006b44cce7,12.69
10994,2019-08-01T09:06:30Z,ec72ef080c605e71978aed0d3b5f22c3c3133677a43c614b72eedc6d,60.14699,24.922,00000000a53ed894,25.36
10995,2019-08-01T09:06:30Z,ed70dda6b7faebd4340dacdb452ab224d9d3c308df417b7fa76f54e8,60.14951,24.92138,0000000006dd41f6,20.28
10996,2019-08-01T09:06:30Z,efd1806e1eee5eca948bc2537df8d816e2cce41009b41189c350ce74,60.16531,24.9442,00000000fdda10fe,27.28
10997,2019-08-01T09:06:30Z,f088630d7476dae7d4b7e2bb1f10575f2c89acb4b6e061f3d57c2b40,60.16531,24.9442,00000000fdda10fe,25.36
10998,2019-08-01T09:06:30Z,f70a43051a4f59f5002c4018a464b44781f7f527861efda6626a2de4,60.16829,24.94214,00000000afef4555,23.56
10999,2019-08-01T09:06:30Z,f7e45613ad966fea53fab73b435ba3a087c774e36596b3a5156a3487,60.16829,24.94214,00000000afef4555,2.54
11000,2019-08-01T09:06:30Z,f83d4b6b8ffbf8a674d212e32100b2360b80261b4e9207d77c0b0ed3,60.17918,24.95141,00000000675d5200,2.8
11001,2019-08-01T09:06:30Z,f99c5dd8cc08bd2353083d875ce8bc585fb2c2ff8427b90d92f571de,60.1538,24.95595,0000000038bf9618,31.5
11002,2019-08-01T09:06:30Z,fc4f3a44235f1cfc7b53f14ba2da599976a5a0a220d23b852688e485,60.17918,24.95141,00000000675d5200,14.89
11003,2019-08-01T09:06:30Z,003df90ad3d2a718b8afbb46befc7b616ad6b8a25b63fcc99e515eed,60.16629,24.95957,00000000fb7600be,20.28
11004,2019-08-01T09:06:30Z,00787dad708490660b0b836fa415681cc57046fa521c0c0aaea14a9e,60.16762,24.95415,000000006b44cce7,3.4
11005,2019-08-01T09:06:30Z,00cf880933075f70a32ca748c0299b5dee3089d042185bd2787eed56,60.16762,24.95415,000000006b44cce7,20.28
11006,2019-08-01T09:06:30Z,00d98e49fc01c16216b630f9fdf19ce9826d27552ce2fa4676de957b,60.16829,24.94214,00000000afef4555,16.1
11007,2019-08-01T09:06:30Z,02050a536056486b1bf139282f0d0a3af63def1d56ff0c73ac51bb19,60.14947,24.91438,000000004ef3150d,8.38
11008,2019-08-01T09:06:30Z,023083c44c772667f1727e01c74518889b2a82d78ceb28c08b6f8a20,60.16531,24.9442,00000000fdda10fe,17.4
11009,2019-08-01T09:06:30Z,028149b8bfaf37d1f064cb0b4f23ae118f00d8eff41679fb8830396a,60.16531,24.9442,00000000fdda10fe,25.36
11010,2019-08-01T09:06:30Z,0362cc670dcfab795a3911957b6a177416bf9b99d0e2732716796c4d,60.15432,24.9211,0000000019fb59c4,5.91
11011,2019-08-01T09:06:30Z,03f427d436ba092925de462b11374bdbdab0443620037675621fbc11,60.17918,24.95141,00000000675d5200,13.75
11012,2019-08-01T09:06:30Z,0483eb7342f4e704caa76b9bc3d6a7bd836282960dafc2c756247134,60.16762,24.95415,000000006b44cce7,11.7
11013,2019-08-01T09:06:30Z,04c26e81b9a9c7fbc6060d74236c616220c3cd580100a0c58a62ea1a,60.16897,24.95222,00000000aa852af1,14.89
11014,2019-08-01T09:06:30Z,063935180fff0e58de5d319ecb9320cf794423e3c6aeac0cca8f1a9f,60.16897,24.95222,00000000aa852af1,11.7
11015,2019-08-01T09:06:30Z,08f10568d1e90d000e41196f141e0c1a52bab88fcf08f4753a3c055e,60.16897,24.95222,00000000aa852af1,21.87
11016,2019-08-01T09:06:30Z,08f9fd60f852d3502bfa509c955e9963e73954f961d55ba8cd46cae9,60.16629,24.95957,00000000fb7600be,20.28
11017,2019-08-01T09:06:30Z,0951ec0c700dba7330b8e8181fc852becde054d0dc7474d1488db3cd,60.17065,24.93641,000000000f4919c9,14.89
11018,2019-08-01T09:06:30Z,0c1684b697a63d7f47ebaedcfa060b3b4af294fec1e62d613699291a,60.16897,24.95222,00000000aa852af1,7.05
11019,2019-08-01T09:06:30Z,0e62c7194170ff5abcdede8e7bb2dc9370e053dcd7957fc62f077453,60.16829,24.94214,00000000afef4555,23.56
11020,2019-08-01T09:06:30Z,0f8e18e52422d7fb71594f8dbfc8bb5ae986eb9f664407f954e275b4,60.16762,24.95415,000000006b44cce7,10.78
11021,2019-08-01T09:06:30Z,1069967e3921871955b1b2b42e60f829c593a3e024401bfe61ae410e,60.16629,24.95957,00000000fb7600be,16.1
11022,2019-08-01T09:06:30Z,10cd81594fd56fa1f2c4799419a45b70833d3d8583b817324ee96da7,60.16897,24.95222,00000000aa852af1,23.56
11023,2019-08-01T09:06:30Z,10d0fed0f7d40b253b5fc5a53297dc9af8bb76fa6f34d5e71383cb62,60.17918,24.95141,00000000675d5200,21.87
11024,2019-08-01T09:06:30Z,1134a082e36fe03359bac74c814a0ed20468c45230115d4e25aa230d,60.16829,24.94214,00000000afef4555,6.46
11025,2019-08-01T09:06:30Z,1271bcd33c0056265a5bdf6df4092a3c9e2209abee80570cb172031b,60.16897,24.95222,00000000aa852af1,16.1
11026,2019-08-01T09:06:30Z,141ffc858c3ea6a2e69c954115114304736a35dc25ec947323090dc0,60.16762,24.95415,000000006b44cce7,4.94
11027,2019-08-01T09:06:30Z,164d8280dbb888033f64368dd641bcef597fc327148fcf74374894c5,60.16544,24.95398,0000000038d83d41,11.7
11028,2019-08-01T09:06:30Z,16e18d478be872d2a9801fa885d08edeb3f5ae1840b38478f9baf535,60.17918,24.95141,00000000675d5200,14.89
11029,2019-08-01T09:06:30Z,1727cc83c0592ba3c7b06ea91e9e461c7c9403982e44a15124bfc2cf,60.16762,24.95415,000000006b44cce7,23.56
11030,2019-08-01T09:06:30Z,1880dcca5077d4ccd63084e82a411f0cb7abb12f9883625b046f2e24,60.16829,24.94214,00000000afef4555,20.28
11031,2019-08-01T09:06:30Z,190cdde22bc3e3a41cd0f9da7efb3a917bc09e8034b05ca6064ea8a8,60.17918,24.95141,00000000675d5200,12.69
11032,2019-08-01T09:06:30Z,1cfafdaa3ff1975bcf6f699641431e88775ba2183074d825eeb81dd3,60.149,24.9843,00000000fffb8cf0,10.78
11033,2019-08-01T09:06:30Z,1d70ff49909e1d6fb653ae053aa78084daf385dbbd2ad22b05707309,60.16829,24.94214,00000000afef4555,9.12
11034,2019-08-01T09:06:30Z,1da40c618e0432bb037d08723b65821f6223509e8b4033a4b4190047,60.17065,24.93641,000000000f4919c9,20.28
11035,2019-08-01T09:06:30Z,1dcff36b6f83b08b6ea87c1c1018c542c270299839908ca446dffb39,60.16762,24.95415,000000006b44cce7,13.75
11036,2019-08-01T09:06:30Z,1e3044c19f6913531b6dd4bccb88ad02c1b39192513ccffa05444edb,60.1538,24.95595,0000000038bf9618,27.28
11037,2019-08-01T09:06:30Z,1e3af5697f0a2ae45f261da79e4ba71c868dc4d78008bd1995fe6259,60.16448,24.97323,0000000053c6c2be,12.69
11038,2019-08-01T09:06:30Z,1eadb2c1984aa73c3c2f13eab0a2e793331443c617681e36887f0bcc,60.16629,24.95957,00000000fb7600be,16.1
11039,2019-08-01T09:06:30Z,1eb71232cacfabc37966931f8112e59acabc361048ad25dc2468949f,60.16762,24.95415,000000006b44cce7,14.89
11040,2019-08-01T09:06:30Z,1f813dc10021899138c12ca17c58ab3dc24db1750dcb1790f9c20e8f,60.15133,24.92329,00000000e8a064a4,21.87
11041,2019-08-01T09:06:30Z,20b37aa6c3ad0dfea9c182498905a450537b0efbbd8563b205e93afd,60.16897,24.95222,00000000aa852af1,9.92
11042,2019-08-01T09:06:30Z,227fd98ceb97d84d0c2c3af35c32cee7a87aea62d71b1a5353ae3588,60.17065,24.93641,000000000f4919c9,27.28
11043,2019-08-01T09:06:30Z,2283762fe3af8329ae65aec44de728da8f383810e9f2a3d3b84fa031,60.16897,24.95222,00000000aa852af1,23.56
11044,2019-08-01T09:06:30Z,22ac1ab1c590ea19b44c61c42f5e8da29a6acbabf56676527811507a,60.15432,24.9211,0000000019fb59c4,16.1
11045,2019-08-01T09:06:30Z,22b68b1dc6e6d815ca8e6afbd434ae0e229670798c443052e7444648,60.16762,24.95415,000000006b44cce7,11.7
11046,2019-08-01T09:06:30Z,22e3b4715b6fdd6eff3c160b461af233bf475f8f7139c890fcebc429,60.16897,24.95222,00000000aa852af1,29.32
11047,2019-08-01T09:06:30Z,25479245e5a8b0fe47e2bd590cdd63256d84afd6c164781dc64e527d,60.149,24.9843,00000000fffb8cf0,9.12
11048,2019-08-01T09:06:30Z,2552cb43d7990bde838673115a742078e343ce93f96257728311655d,60.16897,24.95222,00000000aa852af1,18.79
11049,2019-08-01T09:06:30Z,25d340d14d855b8c18b2c6f2551ec98a1eb047d1fd3457ba881ddf28,60.17918,24.95141,00000000675d5200,3.4
11050,2019-08-01T09:06:30Z,270749ab8e1a83f0dcbf45dc861bcc0e10361d103d7589841787e366,60.16531,24.9442,00000000fdda10fe,18.79
11051,2019-08-01T09:06:30Z,277fcf3cc917a89b46a34e0cf5164a78f5bcc88d92bb45ded60f1a91,60.17065,24.93641,000000000f4919c9,6.46
11052,2019-08-01T09:06:30Z,27b591b33a56a542440b53031a24f42290b0ec1a194af27700b75a3a,60.17918,24.95141,00000000675d5200,5.41
11053,2019-08-01T09:06:30Z,2823bf6afde4a5cc05342c15e7417c9590ba52264be5793bb688faab,60.17065,24.93641,000000000f4919c9,25.36
11054,2019-08-01T09:06:30Z,28ce50ca84cdcd4c17a36ac666e7ac0267b6ab5b77f4bfb08b2573a1,60.16762,24.95415,000000006b44cce7,3.09
11055,2019-08-01T09:06:30Z,28d50861d92f962c7a49eabaa524431aebf52870e44b79f77d7167c6,60.17918,24.95141,00000000675d5200,14.89
11056,2019-08-01T09:06:30Z,29795b9ff1f5a6605d8cd112953fbcc6f466c5eed26286a73fffba91,60.16544,24.95398,0000000038d83d41,25.36
11057,2019-08-01T09:06:30Z,29ae3c5c3aeac0c607bc816f7e74c232a40142b79a52c43c7b1ed42f,60.16829,24.94214,00000000afef4555,5.41
11058,2019-08-01T09:06:30Z,2afa9ac588b2c55e8edf99ee96ecaf63451a7ab1e51571b7e2d1d491,60.16762,24.95415,000000006b44cce7,3.74
11059,2019-08-01T09:06:30Z,2c6810efb2565383ca0a554f3c51f3f7905484357f5e00756dbf091a,60.17918,24.95141,00000000675d5200,4.11
11060,2019-08-01T09:06:30Z,2ce64c0e9528d3f279fed5fca4841f69a8f6510583acdf2637eaa0a9,60.1538,24.95595,0000000038bf9618,27.28
11061,2019-08-01T09:06:30Z,2f43b7a683b0d365a46b6259a032813c293472eaedcdbcc3507adee5,60.17918,24.95141,00000000675d5200,9.92
11062,2019-08-01T09:06:30Z,2f79108a454c0072885ad1447280ed5098d061b229eaae61a8bb67be,60.15432,24.9211,0000000019fb59c4,9.12
11063,2019-08-01T09:06:30Z,2f82b3546af2df53b58cddc668c9aa196554108cdf39120ea40b417c,60.16629,24.95957,00000000fb7600be,18.79
11064,2019-08-01T09:06:30Z,2fb39eae730ec6f291700f841a64aaf680d52a8346399aec6ccb1dbb,60.17065,24.93641,000000000f4919c9,25.36
11065,2019-08-01T09:06:30Z,2ff189e5846383641192cafb595a7a8f77394239ee03aabd1bf3c49f,60.16829,24.94214,00000000afef4555,14.89
11066,2019-08-01T09:06:30Z,31b02b3b271f6feef9e49d9285929ff1c25a11e608fc5d70bc6a1fac,60.16897,24.95222,00000000aa852af1,29.32
11067,2019-08-01T09:06:30Z,3227dbecd3a095676006e4ad615dc2aea1f506c310c940230a15ac94,60.17918,24.95141,00000000675d5200,31.5
11068,2019-08-01T09:06:30Z,32fcb1ab3a9fde533916ca28a0d5b56bbb45fd171dd5bae91f66ec6c,60.16897,24.95222,00000000aa852af1,31.5
11069,2019-08-01T09:06:30Z,33fa4cb82db5b44ffe6e7ae1039635187f90d1df328f8f139da0c693,60.17918,24.95141,00000000675d5200,2.54
11070,2019-08-01T09:06:30Z,3480c16a6649952c388d8902596e332f018e609b9585f483353ae026,60.17065,24.93641,000000000f4919c9,2.08
11071,2019-08-01T09:06:30Z,34e96c7caa63e7ede8f428b18e8fb556ac235d61a50c9d6ac7ff268f,60.17918,24.95141,00000000675d5200,21.87
11072,2019-08-01T09:06:30Z,3609f484ad7e56259f60a61aba44f22dfca5c8b2564fce7e802ad342,60.16829,24.94214,00000000afef4555,3.4
11073,2019-08-01T09:06:30Z,367b1989198ef11170dd9fcfa7e6ebb5ceb58aab87c613ee1bb86e8c,60.16531,24.9442,00000000fdda10fe,11.7
11074,2019-08-01T09:06:30Z,39126ffb278f49e06180cc6abe5b31ab3acdce1534b5b6ffa0b6e567,60.18203,24.91341,00000000342570c2,16.1
11075,2019-08-01T09:06:30Z,39c6456ee66fe96eee3d97cee2a70923cedb3da760bb5d4d413adb9c,60.17918,24.95141,00000000675d5200,8.38
11076,2019-08-01T09:06:30Z,39e9fa7033887b7ab339887aa68753ff94d4771cda2bb8ff4ea7aa0a,60.17918,24.95141,00000000675d5200,11.7
11077,2019-08-01T09:06:30Z,3a1afdcf7c2e5a52cdbcbbe29e8281c184037e8720920c6c75bee339,60.15133,24.92329,00000000e8a064a4,9.92
11078,2019-08-01T09:06:30Z,3a38ba36c098f2741d6c5fb5a751fcd074d05d698ac592ca09ab443c,60.16448,24.97323,0000000053c6c2be,23.56
11079,2019-08-01T09:06:30Z,3a7b4023cee4b0d567a123a3d6aff0bc8f94663522bbdf0ea4306607,60.149,24.9843,00000000fffb8cf0,23.56
11080,2019-08-01T09:06:30Z,3be40c84926a525adbd09eeeb3a12b73b24c633942b2e1fbe8151ac3,60.16448,24.97323,0000000053c6c2be,11.7
11081,2019-08-01T09:06:30Z,3c864716e211395e6a02802fbf80abb7b7c4519243bea4994fca7720,60.16762,24.95415,000000006b44cce7,16.1
11082,2019-08-01T09:06:30Z,3cc82d532d2a768e0c987e2653e32825a8b11fc2f7ba36388535f6e2,60.16075,24.95883,00000000f1124bca,36.27
11083,2019-08-01T09:06:30Z,3d0437a1d090cd3cad05629e69a61c519aa6218e1b7fb47811e5a4ae,60.16762,24.95415,000000006b44cce7,5.91
11084,2019-08-01T09:06:30Z,3eea43670f4f29a90ced59c1af122371340275fb61ff8f14c7120658,60.16762,24.95415,000000006b44cce7,9.12
11085,2019-08-01T09:06:30Z,40646914186edc6142b7fc3daf766121b55f5bb36ea38facff686ea5,60.16897,24.95222,00000000aa852af1,12.69
11086,2019-08-01T09:06:30Z,40825cb0d315c92e0e0a73cc8e86c3b763bbf7ce226f112913e05e0f,60.17065,24.93641,000000000f4919c9,31.5
11087,2019-08-01T09:06:30Z,41a0ca2955e0ae0324f6e14aeb77ebfaac5305e31d86c42a20277b94,60.15133,24.92329,00000000e8a064a4,21.87
11088,2019-08-01T09:06:30Z,4256b81faf420b0636e1bfcf21e8b61482045aed964aae9089c67296,60.16829,24.94214,00000000afef4555,27.28
11089,2019-08-01T09:06:30Z,42844e90c7134ebb3ec325f57cd27cd24711c779548ebc8692a820d5,60.14951,24.92138,0000000006dd41f6,3.4
11090,2019-08-01T09:06:30Z,432417b4972b744ded3410777a6bbb583cf56172bf3436ddbe48a21d,60.16762,24.95415,000000006b44cce7,7.69
11091,2019-08-01T09:06:30Z,4393fccdbc9fb22fab14f03ea52183ad558bcd436202e69f56a7b77a,60.16762,24.95415,000000006b44cce7,18.79
11092,2019-08-01T09:06:30Z,43e023a8726ec4c53a8cea6dcaa79e722da4677e37f3f6c9d3cc9873,60.16544,24.95398,0000000038d83d41,20.28
11093,2019-08-01T09:06:30Z,44334c68f3991fe858ac066726e0a884236a5d89fe94d917b48e857c,60.16829,24.94214,00000000afef4555,11.7
11094,2019-08-01T09:06:30Z,4470412c4b059a920f2699fbfb72b261e0847b3e1caa8c71d2edd5a2,60.16448,24.97323,0000000053c6c2be,17.4
11095,2019-08-01T09:06:30Z,4642dfa1df839f11e64f68bca4e3dce7bde2ff6dd68c54959fcb4788,60.17918,24.95141,00000000675d5200,5.41
11096,2019-08-01T09:06:30Z,4682d95464cedcc021f38271a51bab9c000762b4acf802070e259ba2,60.16629,24.95957,00000000fb7600be,7.05
11097,2019-08-01T09:06:30Z,47b326b36140cd5bd411fd44f94fc0d134002f2fb80a1912db008417,60.16762,24.95415,000000006b44cce7,33.81
11098,2019-08-01T09:06:30Z,47bd1492244c444d45674eb48dd2e6f222cb109d820ba807c4e18c1a,60.16629,24.95957,00000000fb7600be,17.4
11099,2019-08-01T09:06:30Z,48004849b2f48b2314aa9175433d754db1641b949bb8cf050e2dd128,60.17918,24.95141,00000000675d5200,12.69
11100,2019-08-01T09:06:30Z,484bbaa5a9d6bdd2259f022b6ea4e3c290985c13a1286bd7142d878f,60.16762,24.95415,000000006b44cce7,5.91
11101,2019-08-01T09:06:30Z,48c0ea6615ac4c02fc9bc0e06f9ea9309f9bf7e73b4324d7a6b14610,60.16829,24.94214,00000000afef4555,7.69
11102,2019-08-01T09:06:30Z,49bbad87e4d6cd03bdb073bde7be91193d74d29943badce7fc536916,60.16448,24.97323,0000000053c6c2be,17.4
11103,2019-08-01T09:06:30Z,4ade4f0d92c6157a42d7fd8e353d1c93551324ba47cc134b840a6c63,60.16897,24.95222,00000000aa852af1,9.12
11104,2019-08-01T09:06:30Z,4ba529eeafb27285cbbade6e5ece0d4d04bd2d13c98b27a5d17abd22,60.16897,24.95222,00000000aa852af1,3.09
11105,2019-08-01T09:06:30Z,4c85a4a0756c1707ca2f02a74870d1e1d1a90f1793d229dc3a2bbb63,60.16531,24.9442,00000000fdda10fe,17.4
11106,2019-08-01T09:06:30Z,4c8696833edf46025bc9b5f589679b77a73c857736036aa9ef6696e5,60.17002,24.94407,000000006b087f40,20.28
11107,2019-08-01T09:06:30Z,4e262a07e1ea47350f808684444d1d8b3f223288fb219cca9f12af23,60.1538,24.95595,0000000038bf9618,11.7
11108,2019-08-01T09:06:30Z,4f609afde0ba5cb017ba3c549bdd11ff322a2e0227a0f11a9d112220,60.16762,24.95415,000000006b44cce7,12.69
11109,2019-08-01T09:06:30Z,4fb4a3650a2a28469dde9c537458d24411aa6075666e047dd756fba9,60.17918,24.95141,00000000675d5200,16.1
11110,2019-08-01T09:06:30Z,5001aabb6808b9fd96b705d1ebe8e7aca52713c2640100d81879dd86,60.17918,24.95141,00000000675d5200,4.5
11111,2019-08-01T09:06:30Z,5022acdb28a01d1a0b2077fc89c77bde277b7dd4f079b4fea30f75b9,60.16629,24.95957,00000000fb7600be,23.56
11112,2019-08-01T09:06:30Z,504f910a0bd104a130b85d0c50467a15e74dc950bcc9eac3ebecc43e,60.16531,24.9442,00000000fdda10fe,16.1
11113,2019-08-01T09:06:30Z,51ec42fdd85671ae93876c3d875b24e56cb45699e9c3d2b623dca70d,60.16762,24.95415,000000006b44cce7,8.38
11114,2019-08-01T09:06:30Z,529623421e226c215bcca0b1388813e291d3d13ed1d8465f0ab69147,60.16629,24.95957,00000000fb7600be,9.92
11115,2019-08-01T09:06:30Z,5372348389197e6c4bc4c5e3dab047e7384d562220e6295904bbda1b,60.17065,24.93641,000000000f4919c9,10.78
11116,2019-08-01T09:06:30Z,53fb53be4440aecb1a1fa63a9da1db08182cc7e252da14685e63373d,60.16762,24.95415,000000006b44cce7,6.46
11117,2019-08-01T09:06:30Z,54bd709173219e8017f317b63ecc83d0a48f64542e6fa1b83c86a56c,60.17919,24.95181,000000007b5207b6,10.78
11118,2019-08-01T09:06:30Z,556cae6b2e2dec6fe691a835e8e08bd016b1a65797c0aca46879329f,60.17919,24.95181,000000007b5207b6,7.05
11119,2019-08-01T09:06:30Z,559429bba23762a872fc7b1e2219d42125ab101e4355d43fdb94ed7b,60.17918,24.95141,00000000675d5200,4.94
11120,2019-08-01T09:06:30Z,559e6a5225ce35ab844c63ea0d0c1695dc490a3d9cfbafa5d35ac8d8,60.14947,24.91438,000000004ef3150d,13.75
11121,2019-08-01T09:06:30Z,560816066eb4d44c34d0d56c57c994c0cccbd36fef545059b8e4d9d7,60.14947,24.91438,000000004ef3150d,11.7
11122,2019-08-01T09:06:30Z,57c17edc71bbce06ad692952a1e05eaa77181884e580c0848f3a23fc,60.14951,24.92138,0000000006dd41f6,23.56
11123,2019-08-01T09:06:30Z,5830a481876da00686f25b17dad06258a39212c0816ed04dda2df1bd,60.16531,24.9442,00000000fdda10fe,29.32
11124,2019-08-01T09:06:30Z,584adabea16213fba5e201e8dddabc4a069951e35fb1731180ebf8b3,60.16762,24.95415,000000006b44cce7,17.4
11125,2019-08-01T09:06:30Z,5865a27b5b56a60bca38e4a1403655e3e7fd0232a3ff2079965aff81,60.15432,24.9211,0000000019fb59c4,4.94
11126,2019-08-01T09:06:30Z,58754229cd3381042c5ffda79c0108c5f77aa1f0f6d1468b9cb42b4c,60.16829,24.94214,00000000afef4555,18.79
11127,2019-08-01T09:06:30Z,5978726eeef638856dafd3a8d199287f8daf9e90ddde750b402f8bb0,60.17065,24.93641,000000000f4919c9,1.25
11128,2019-08-01T09:06:30Z,5a34b02faac3189217466888ef1d31cc80f721ac2f18638c5db88d53,60.14947,24.91438,000000004ef3150d,12.69
11129,2019-08-01T09:06:30Z,5a8d671a78b976d212d9746d88b9a754a2d9c8341c529e88b7c6b8f4,60.17065,24.93641,000000000f4919c9,14.89
11130,2019-08-01T09:06:30Z,5b06617477af6dcee75a94ac347364b50f6f3b5b7d747e5413d9ad58,60.14947,24.91438,000000004ef3150d,12.69
11131,2019-08-01T09:06:30Z,5b24733f1e45af711e2eebfb97b6b1467ca5cf1f466e6c8add4f7935,60.16762,24.95415,000000006b44cce7,17.4
11132,2019-08-01T09:06:30Z,5c1f71098d5d7258d2971061c791c94e0138c8e02225c5f60d6a0428,60.149,24.9843,00000000fffb8cf0,12.69
11133,2019-08-01T09:06:30Z,5daa76852f3e1be6c75fa2185d5787ab9010cf83d6671515769a8649,60.16531,24.9442,00000000fdda10fe,13.75
11134,2019-08-01T09:06:30Z,5e2c5c20c88ccf362ed8749d1ddc041b1cb1c38d8dbeac7870179322,60.16629,24.95957,00000000fb7600be,9.92
11135,2019-08-01T09:06:30Z,6051ed50496b74a6ff68c86205d23971fcaccd6c91edfe7d78fa71b0,60.16897,24.95222,00000000aa852af1,14.89
11136,2019-08-01T09:06:30Z,619c5b31af2a28703a837cc7974ef0d2c5bb6584ba0fcc03076218ac,60.17002,24.94407,000000006b087f40,17.4
11137,2019-08-01T09:06:30Z,61cad0901875294dc868a6d894b5f275a95e6ab6e4a369eefa0fe4bd,60.16762,24.95415,000000006b44cce7,12.69
11138,2019-08-01T09:06:30Z,61f53bab9eb8d4ebb57a9aaea9ccecc63dbf2a442c4d629c5348903f,60.16629,24.95957,00000000fb7600be,20.28
11139,2019-08-01T09:06:30Z,626bf35ce16dba1054cfd175d09475d3ee751bf70e56f984ff5c7ab6,60.15133,24.92329,00000000e8a064a4,20.28
11140,2019-08-01T09:06:30Z,63ff2439779051005c18876d20ed53ce060c1de9d7976821bd518fc6,60.15432,24.9211,0000000019fb59c4,9.92
11141,2019-08-01T09:06:30Z,65b6b62b547e11e10f7f83ad497446bee2bb9653097d9d62e9b1b817,60.17065,24.93641,000000000f4919c9,18.79
11142,2019-08-01T09:06:30Z,673cc832b626feba4fd2b89c6da4fc24da9d4872367191c0a723d09b,60.16829,24.94214,00000000afef4555,21.87
11143,2019-08-01T09:06:30Z,674355e17da9460e58566497be518f2eb537880c67c788fedb5067db,60.16629,24.95957,00000000fb7600be,9.12
11144,2019-08-01T09:06:30Z,67cf7d2881080aa59ed36a6d88ea1946d17e9d1d5e1ad9eee1851969,60.18203,24.91341,00000000342570c2,18.79
11145,2019-08-01T09:06:30Z,685af6b01bd180194d718801bb8b9c9de22050cc392d6c6441fe986b,60.18203,24.91341,00000000342570c2,8.38
11146,2019-08-01T09:06:30Z,68d7ad8fab31b3c5967a814376d0ddc6cf42e1db0d9e09dfbba169bd,60.16762,24.95415,000000006b44cce7,12.69
11147,2019-08-01T09:06:30Z,69e2854c78a472b462941ef730aa9fa7a9dba9c1cc22996396d4c78a,60.17918,24.95141,00000000675d5200,4.94
11148,2019-08-01T09:06:30Z,6adce4d05e58232a97635a2fd7918e4e49d9295afc0989d727f9c712,60.17002,24.94407,000000006b087f40,4.5
11149,2019-08-01T09:06:30Z,6af51da18913708416bfb75242e35d52598d08662e7e44798cfb01c4,60.16829,24.94214,00000000afef4555,23.56
11150,2019-08-01T09:06:30Z,6d98ac1fea7056e5b96d6095caf0e3677a4ec30e9fbcc2e50ae1cf65,60.16629,24.95957,00000000fb7600be,9.12
11151,2019-08-01T09:06:30Z,6dd5463e670c352180c1e912300e21e59f5e2976266df8c3c92b0baf,60.16829,24.94214,00000000afef4555,16.1
11152,2019-08-01T09:06:30Z,6e80fcea10d21e1d5e672b554c0f3fe686dc58934f38c3391fd5c262,60.17002,24.94407,000000006b087f40,18.79
11153,2019-08-01T09:06:30Z,6fe2cf6737d40d71251dac8ebef5356a2b765621e97a346c00a6031c,60.15432,24.9211,0000000019fb59c4,3.4
11154,2019-08-01T09:06:30Z,7003a7f6a5523b645634f014e04bea36016953a8af9324e35602bc2e,60.14947,24.91438,000000004ef3150d,20.28
11155,2019-08-01T09:06:30Z,704c3f3075f13713c363014fa828e4a932e7a05676813b9963a1e554,60.17918,24.95141,00000000675d5200,1.88
11156,2019-08-01T09:06:30Z,70d391038ec56b63a3737605c2c1db6ffbdca8e4490691776dc993f1,60.16829,24.94214,00000000afef4555,1.01
11157,2019-08-01T09:06:30Z,7176ddd6f2dc9be71319e3a2ea67061af7b5277adc890f23882c0afd,60.16829,24.94214,00000000afef4555,18.79
11158,2019-08-01T09:06:30Z,71b01bb8b8e877dc9ca40e756f441571d12ee3311a945417e8aaa116,60.16762,24.95415,000000006b44cce7,9.12
11159,2019-08-01T09:06:30Z,7226031f97fb041caef264f1911df0305fd803a368ddc488fd98a06b,60.16448,24.97323,0000000053c6c2be,33.81
11160,2019-08-01T09:06:30Z,72439a1f997fd347d46394f31f5789edc877fe61ca34fcd31f9150b1,60.18203,24.91341,00000000342570c2,31.5
11161,2019-08-01T09:06:30Z,728325161f4ed691db3460f87a25ed4713580e50a53fd36dd265957f,60.16531,24.9442,00000000fdda10fe,3.74
11162,2019-08-01T09:06:30Z,72f088587da3409c5a4bec360a52a230a7551c3671441baaaabc6357,60.16829,24.94214,00000000afef4555,21.87
11163,2019-08-01T09:06:30Z,73d6b97f785fc0a0a9ed2a397fe1bf1cfa199679f6262451d10e0382,60.16762,24.95415,000000006b44cce7,11.7
11164,2019-08-01T09:06:30Z,750297d0d8ff0ca837d9c2289c26302d62f38708617150431ab14509,60.16531,24.9442,00000000fdda10fe,27.28
11165,2019-08-01T09:06:30Z,7700297fec4982ad776529835e2ab46d4e5cbc889e26f368c19efeef,60.16829,24.94214,00000000afef4555,14.89
11166,2019-08-01T09:06:30Z,774131d73accbbb31ec3c43c3501b7969645eb65df1839ca8116526e,60.15432,24.9211,0000000019fb59c4,5.91
11167,2019-08-01T09:06:30Z,7803e2d46157a5482e745447d4c2c332fbd818d87a20b0f6187c628d,60.17065,24.93641,000000000f4919c9,25.36
11168,2019-08-01T09:06:30Z,7a9e9c23e9d691adcd677be9ac9ca68f7e35915fbf5da7c6c8d270fa,60.17002,24.94407,000000006b087f40,31.5
11169,2019-08-01T09:06:30Z,7c1534082e86ff4387878d813207626d8f728aa26b97248e00a3b8d7,60.16629,24.95957,00000000fb7600be,16.1
11170,2019-08-01T09:06:30Z,7cd51189de07d01882cf0a9346f0830a9b21764875334d45e143fbd5,60.17002,24.94407,000000006b087f40,18.79
11171,2019-08-01T09:06:30Z,7d12711d47425111a6dce413faa867542b9532f3b9c5a934b37a0bc8,60.17918,24.95141,00000000675d5200,23.56
11172,2019-08-01T09:06:30Z,7d415f4fd9093fb383b4ebb88961ad74e6a00d3ece39504712dad639,60.17918,24.95141,00000000675d5200,9.12
11173,2019-08-01T09:06:30Z,7e2e3d07c939e3e76e7ce87678faf64e056afe54215e00488839100f,60.14947,24.91438,000000004ef3150d,17.4
11174,2019-08-01T09:06:30Z,7eb4a715919b3eb4085270535ce4d7b57112591ad7242eb189bf652a,60.17065,24.93641,000000000f4919c9,29.32
11175,2019-08-01T09:06:30Z,7efa1cf3118062946e8958e89ffe767322a7bbf0d35d9d76b711e3b5,60.16762,24.95415,000000006b44cce7,13.75
11176,2019-08-01T09:06:30Z,7f534fc0885ddf5a5c3814e4232de3356affd42f6c3560055079dc1c,60.16829,24.94214,00000000afef4555,27.28
11177,2019-08-01T09:06:30Z,7f59aaecea1eee6c703ec5d46d67b44289ddedf080defee495b73739,60.14947,24.91438,000000004ef3150d,12.69
11178,2019-08-01T09:06:30Z,7faf8705e89a761625aaed50b89538581e25d5950ec8f051d36ed829,60.14947,24.91438,000000004ef3150d,12.69
11179,2019-08-01T09:06:30Z,809bf2d7a0745ae512b934a578fd5fd47c13c5398b6d06ad350b9e7c,60.14947,24.91438,000000004ef3150d,23.56
11180,2019-08-01T09:06:30Z,8165c5f8d06298ffd56f071c0ad1cc9f1d4f08084936937d712d0b61,60.15133,24.92329,00000000e8a064a4,18.79
11181,2019-08-01T09:06:30Z,82b78c2220aee81a2744ddfaf7ed29663888987dba6b7cdda05731d9,60.14947,24.91438,000000004ef3150d,18.79
11182,2019-08-01T09:06:30Z,82d5e55f1c1dd503d4aaa8804acff7cbaf416a9c58e0888fce7e0cb7,60.16531,24.9442,00000000fdda10fe,27.28
11183,2019-08-01T09:06:30Z,8524898e498c83bde4bc1848aa2b372da84e7b2266f36aabe128cc27,60.17919,24.95181,000000007b5207b6,14.89
11184,2019-08-01T09:06:30Z,85bdce5b262dbd94adcff03e6cad26a1152828b6ab27e6fdd56b2b13,60.16762,24.95415,000000006b44cce7,2.54
11185,2019-08-01T09:06:30Z,86e7584bf95733cef59d74bb4955881e99dc86b73a0d5b4e3ef58b50,60.18203,24.91341,00000000342570c2,20.28
11186,2019-08-01T09:06:30Z,880f9cbb91b9caf48ea9c5dd1a0c8e1db72922b6dfcb647b102fc469,60.16629,24.95957,00000000fb7600be,17.4
11187,2019-08-01T09:06:30Z,88c2bc6310f27465b9f08b28fb52075d7703ce7b097e5beb37c7437c,60.14947,24.91438,000000004ef3150d,16.1
11188,2019-08-01T09:06:30Z,898cde3317c73907bb23b1b885828c4bf3187c3a757a18dc32abe970,60.16762,24.95415,000000006b44cce7,7.05
11189,2019-08-01T09:06:30Z,89aeff56a0700534bbf2dfd19fc298f5a890c95e1a45b6ca7ad3c33a,60.16829,24.94214,00000000afef4555,14.89
11190,2019-08-01T09:06:30Z,8a01e28fd327e5c56dcf2dc8b2b7762a96d77584c21990a073ceb11f,60.16829,24.94214,00000000afef4555,18.79
11191,2019-08-01T09:06:30Z,8c571538c285dba9d77edacfb1829b282d54b772b62209c6e4004237,60.17918,24.95141,00000000675d5200,4.5
11192,2019-08-01T09:06:30Z,8d5e893f77b3d167ebefad4ecab181fea08513599a6f9450f0b9a827,60.17919,24.95181,000000007b5207b6,21.87
11193,2019-08-01T09:06:30Z,8e20d0d67339e3cf43e77c3a340d9dc6766de8d079197a08a1343ff0,60.17065,24.93641,000000000f4919c9,18.79
11194,2019-08-01T09:06:30Z,8e6caf283696ed75a4aff0c3f528dad5878f6f4b82cbd3eae1164484,60.16897,24.95222,00000000aa852af1,21.87
11195,2019-08-01T09:06:30Z,90a44cbd1a957cc59a6986cff9b6b7b8e151d379e17da645069428b8,60.173,24.92524,0000000096918cfa,5.41
11196,2019-08-01T09:06:30Z,939c459d913b0b38838071a0d13671e83e4a751f44624b21e84daa69,60.16762,24.95415,000000006b44cce7,9.12
11197,2019-08-01T09:06:30Z,93a13528693a5862c05b962a6681ea8c2bb319c6b0ed3b7ae2539723,60.16629,24.95957,00000000fb7600be,14.89
11198,2019-08-01T09:06:30Z,941e13893853105c86bfbc6d31d62274937602143ce3bb530c8c17ed,60.17918,24.95141,00000000675d5200,13.75
11199,2019-08-01T09:06:30Z,99a026b5100e23129fa529e9a57a3dbc8490dc03b58f2193f03e2dcf,60.14951,24.92138,0000000006dd41f6,5.41
11200,2019-08-01T09:06:30Z,9abbc86fb0fc1c0532042814af76a97e6a17121831d4394749a290a6,60.16762,24.95415,000000006b44cce7,7.05
11201,2019-08-01T09:06:30Z,9b3e6848d8b34e802134d6da0e5a594897ec3fafbbf08b6d0b84068e,60.17918,24.95141,00000000675d5200,6.46
11202,2019-08-01T09:06:30Z,9bef8b28ea93ecaee57d05b037edbfe7f80014aaf56343345fedd7be,60.17918,24.95141,00000000675d5200,7.69
11203,2019-08-01T09:06:30Z,9ce214896068957a21bc57af08680d84debbd091b49ad5e6402c4cc8,60.16629,24.95957,00000000fb7600be,16.1
11204,2019-08-01T09:06:30Z,9dfecc3e26cb27e4b80721e355ef0d6cb182ac2eebf66b006e2d9f8e,60.149,24.9843,00000000fffb8cf0,21.87
11205,2019-08-01T09:06:30Z,9e343a150f07bb3dcce5ecab8ac061b84d65b347b1af5a232e00eeb6,60.16829,24.94214,00000000afef4555,7.69
11206,2019-08-01T09:06:30Z,9eee6d740f1d483c484d02f0995f35550c09e6a8cf01f02680db5efc,60.16448,24.97323,0000000053c6c2be,25.36
11207,2019-08-01T09:06:30Z,9fa57cff946eb6b758bd810321b0bb80d6f0c46ca5fb40b0ec22ca0d,60.16762,24.95415,000000006b44cce7,11.7
11208,2019-08-01T09:06:30Z,a04214b56cac7d70680703ee6a28fac742f3c3190b55b46a79c1f76d,60.149,24.9843,00000000fffb8cf0,17.4
11209,2019-08-01T09:06:30Z,a0af15cb8910790ac8af904ddf7b0dbf5ef778ba6dd3b3e690926089,60.16762,24.95415,000000006b44cce7,10.78
11210,2019-08-01T09:06:30Z,a256ee4e61079f54581967787db25324859ef431207cb182cd468fbe,60.16829,24.94214,00000000afef4555,27.28
11211,2019-08-01T09:06:30Z,a2e761fd97d8bdf78601300822b531e306b9ab7a1a43b6bfb07eba52,60.14947,24.91438,000000004ef3150d,11.7
11212,2019-08-01T09:06:30Z,a38c11c450b472b9dad2f076e2d9a63651292d3de806331d06af7f46,60.16531,24.9442,00000000fdda10fe,18.79
11213,2019-08-01T09:06:30Z,a3d8a00bf4a5d0ad6ea50d5408dff462b3190192fa4d3f8690d23219,60.14699,24.922,00000000a53ed894,21.87
11214,2019-08-01T09:06:30Z,a47e8613674297dc49b26801b19d2110d009aaee57412f2127f3b093,60.16897,24.95222,00000000aa852af1,14.89
11215,2019-08-01T09:06:30Z,a66eb6150c36b53f6240acfe16dd98ceb16c43b8e02d0b56993bac73,60.16897,24.95222,00000000aa852af1,21.87
11216,2019-08-01T09:06:30Z,a6d0dd9de406b1201a4e438ec7c5f4a467f38c41e2dec42ff6c71d50,60.16897,24.95222,00000000aa852af1,12.69
11217,2019-08-01T09:06:30Z,a786eb3b8a25c58099a428799e99d0b86401f803ee38d3e5d20e59d3,60.15432,24.9211,0000000019fb59c4,6.46
11218,2019-08-01T09:06:30Z,a808962cb511e5ed2d23e6e33efe252b1be29dc1d2f7c6154817f04f,60.16448,24.97323,0000000053c6c2be,14.89
11219,2019-08-01T09:06:30Z,a83415babca8eac00f69a32371a230fdadda29bf40fd69f75cf2e8fb,60.17918,24.95141,00000000675d5200,13.75
11220,2019-08-01T09:06:30Z,a83703c80a4d58db87327a53b0d3664d23edf7350ff6b0afaa49c530,60.16629,24.95957,00000000fb7600be,13.75
11221,2019-08-01T09:06:30Z,a837f2314938b1510f3b4cc5900d5d67bc7212d234d9fed1c64f3861,60.16762,24.95415,000000006b44cce7,17.4
11222,2019-08-01T09:06:30Z,a838fe521ed943ab5d8f7c5d408246fb2370ea139b12544208826ea9,60.16897,24.95222,00000000aa852af1,27.28
11223,2019-08-01T09:06:30Z,a8ca7fb815e707c04434a085c4f99e783d56372143afc92225eae622,60.15133,24.92329,00000000e8a064a4,14.89
11224,2019-08-01T09:06:30Z,a9ee2aabbd32919adf0325ca2f2c5f8e0ba801bc168e8756cda957da,60.16629,24.95957,00000000fb7600be,20.28
11225,2019-08-01T09:06:30Z,aa05a7036c3586a79d23f426b78bf158357208bc82d7ddf9a1326dd2,60.16531,24.9442,00000000fdda10fe,8.38
11226,2019-08-01T09:06:30Z,aa5281244780ac8f283c3452639d477cd76e31fc6f0b95b99c51a9b0,60.16762,24.95415,000000006b44cce7,3.74
11227,2019-08-01T09:06:30Z,ab615ee5bbf567aee3505fbb360d09fc6b851f93fb15aef778b57128,60.16531,24.9442,00000000fdda10fe,21.87
11228,2019-08-01T09:06:30Z,abf0be93e7a8aec9fa8284fdbcc2493f32084aa95f15660b23e149c6,60.16629,24.95957,00000000fb7600be,9.12
11229,2019-08-01T09:06:30Z,acbbe4765d72f36b0323407c7dbe43db7b4ad5e2da0a6a9e5966db0b,60.16897,24.95222,00000000aa852af1,9.12
11230,2019-08-01T09:06:30Z,ad22512fd6a5ad9e19fdfad7e02b2793ecb01875be243f894c637ae2,60.16829,24.94214,00000000afef4555,3.4
11231,2019-08-01T09:06:30Z,af67ffa8b538058603b74f48e04ab914e8f6cd450f53c47f8c3d683d,60.15432,24.9211,0000000019fb59c4,17.4
11232,2019-08-01T09:06:30Z,afaed9946dbc1509500c6f80f87eed8fe44a74ba3e14328c6efe3971,60.16829,24.94214,00000000afef4555,11.7
11233,2019-08-01T09:06:30Z,b09e9bb62cc49c085c1aee3b752af1bec69dabc939323e5733f73933,60.17065,24.93641,000000000f4919c9,16.1
11234,2019-08-01T09:06:30Z,b32d22dd18cf9161a46f185f162147d8f4d9f2f6e1d121c3e5b0714e,60.16629,24.95957,00000000fb7600be,25.36
11235,2019-08-01T09:06:30Z,b32e57a6f5865a23d7a0e9fa346d5ec4e975f99c4df815fe8b1449b2,60.17918,24.95141,00000000675d5200,21.87
11236,2019-08-01T09:06:30Z,b474e34db18d21635ec9ea2654513e6759c326f3aaec96c25f9a204e,60.16897,24.95222,00000000aa852af1,13.75
11237,2019-08-01T09:06:30Z,b50a45ac0708e7b5cca42f3458430eb22ff70a81c575bafe99ffda23,60.17002,24.94407,000000006b087f40,7.69
11238,2019-08-01T09:06:30Z,b5603e758440226e490d1d7d7271a7b0d5c261eccbad198f81110136,60.15432,24.9211,0000000019fb59c4,3.09
11239,2019-08-01T09:06:30Z,b6c43126ca83e916a68e57d0178060c24fc61305836b6c8f188f7285,60.17918,24.95141,00000000675d5200,5.91
11240,2019-08-01T09:06:30Z,b6f0f4101a1a258dcb1d82d77ca91000694d4fed15bd882a8e3bfe66,60.149,24.9843,00000000fffb8cf0,10.78
11241,2019-08-01T09:06:30Z,b8fb70225ee0a2d655e2809da07a2f8cd2feb7295aa256f8b35fcf1e,60.16629,24.95957,00000000fb7600be,17.4
11242,2019-08-01T09:06:30Z,baca220bc4dd6e05e27f7b99db1588e9c29a5e18a36a70622dea1e65,60.17065,24.93641,000000000f4919c9,23.56
11243,2019-08-01T09:06:30Z,bb2187a4e20012ad694c768ef2c47c9a9055671024ebf4855d4e6243,60.16531,24.9442,00000000fdda10fe,1.25
11244,2019-08-01T09:06:30Z,bbb86467d71e5ec5bd140995d266fd33a85efe89654eb13ee0471416,60.17002,24.94407,000000006b087f40,44.58
11245,2019-08-01T09:06:30Z,bc384bbbf1b2b631cf27066787a32985e9ede5c94a64dc3cab8b6855,60.14951,24.92138,0000000006dd41f6,25.36
11246,2019-08-01T09:06:30Z,bc6d5082ca52e6dae7a1689a835434f3f6341e90afea565480eb9674,60.16829,24.94214,00000000afef4555,10.78
11247,2019-08-01T09:06:30Z,bc82f76c979de19b559e9e3aa0cd6cbf5ac361e2d7b1ac9f81fe2f4f,60.17918,24.95141,00000000675d5200,6.46
11248,2019-08-01T09:06:30Z,bd17e41f002acd238070518ccfb611a42561023ceaefde667bf6fa55,60.17002,24.94407,000000006b087f40,23.56
11249,2019-08-01T09:06:30Z,be12d6aaccf354197284a8c92b960bd6a4e1705f7d948823e7891fde,60.16762,24.95415,000000006b44cce7,2.8
11250,2019-08-01T09:06:30Z,bf546b1abc8eba5c7f399f527508a7304dea62586aa297896d71ea5c,60.18203,24.91341,00000000342570c2,36.27
11251,2019-08-01T09:06:30Z,c1bf1bf699e9bc78ca15c9490d1ef02e3323f0c2c76bf0fca7955a69,60.14947,24.91438,000000004ef3150d,27.28
11252,2019-08-01T09:06:30Z,c434f18b802a764aad7a2dfb46e93546acb1b0975cf9b93fd47363f6,60.15432,24.9211,0000000019fb59c4,7.69
11253,2019-08-01T09:06:30Z,c46895857ca53c3362932d446a58c13b60d297f99ca237d4546589e8,60.16897,24.95222,00000000aa852af1,21.87
11254,2019-08-01T09:06:30Z,c51beff15d228f2dab9416cadfcc60fe269ce3d9202a9cf2ec7e7647,60.16829,24.94214,00000000afef4555,21.87
11255,2019-08-01T09:06:30Z,c5a6d2d62bc00c29fba5a97a29835008abdcf800f70540e4ccf71683,60.17919,24.95181,000000007b5207b6,36.27
11256,2019-08-01T09:06:30Z,c65c11ee6e8b5894ead3ea9b007a39127edb65a67be253aca6f78ed0,60.16448,24.97323,0000000053c6c2be,23.56
11257,2019-08-01T09:06:30Z,c872af9997af535c4615ee0b4194c7c8d644b7962afb3ca321eb386f,60.15133,24.92329,00000000e8a064a4,27.28
11258,2019-08-01T09:06:30Z,c8b9856a261673c3360915cd9a4dabb4afe22b63a86d7f59f7dc5f20,60.17002,24.94407,000000006b087f40,18.79
11259,2019-08-01T09:06:30Z,c8df45d222b573af5441c1ec32616df82891a813c9217002a9d60846,60.16829,24.94214,00000000afef4555,13.75
11260,2019-08-01T09:06:30Z,c98bce1cc275ed0a1b833011f8cd251ac848fdc84501fe87eb8b5d54,60.17918,24.95141,00000000675d5200,14.89
11261,2019-08-01T09:06:30Z,c9ce14e0dbf0cf3c24f6a92a1930fa32de9a1de0ffe63082ccddb0d6,60.16448,24.97323,0000000053c6c2be,23.56
11262,2019-08-01T09:06:30Z,cc38e377ae09d26d3ddad7349bf3aac26d4acd67915da15f317b8507,60.16829,24.94214,00000000afef4555,12.69
11263,2019-08-01T09:06:30Z,cccf3ba2a9d11b9330c18af8064a20aca9995473495bf119162a1619,60.16897,24.95222,00000000aa852af1,12.69
11264,2019-08-01T09:06:30Z,cf823e18aa21de251222a9ab70c1b76b6218dea694752d56f6f84082,60.149,24.9843,00000000fffb8cf0,23.56
11265,2019-08-01T09:06:30Z,d062562fed5ad0a61560e267310beb0b717d2a1e2a11d1d575507861,60.16897,24.95222,00000000aa852af1,11.7
11266,2019-08-01T09:06:30Z,d0ae4fabf429edbfdad59f8183cc6e5929f68633315448c9b83d4c16,60.16762,24.95415,000000006b44cce7,5.41
11267,2019-08-01T09:06:30Z,d16e16def718519430296afa23976c226aaf720722bce3d92a2aad43,60.14947,24.91438,000000004ef3150d,16.1
11268,2019-08-01T09:06:30Z,d31d6921eee92503b486a1b30f5330581c4744a82e6549f375544846,60.17919,24.95181,000000007b5207b6,17.4
11269,2019-08-01T09:06:30Z,d562afdedae521be241c98441e436608a323fdb944dedc24c835e762,60.17065,24.93641,000000000f4919c9,3.74
11270,2019-08-01T09:06:30Z,d653ef8368d33df4fc7edeb5a381d5826be1471f1470aa9744d47901,60.173,24.92524,0000000096918cfa,4.11
11271,2019-08-01T09:06:30Z,d6e217c6592e449e2390b1a874e08cbc9126116901dbdbf84501c6b8,60.17065,24.93641,000000000f4919c9,25.36
11272,2019-08-01T09:06:30Z,d74ea3c9e0aaa523c791aa01f4f9a7c1c43f01f585dc4146b19edf83,60.17918,24.95141,00000000675d5200,10.78
11273,2019-08-01T09:06:30Z,d7734ef0345fcffc0f4bd7579275af62987490aba012209832e92059,60.16629,24.95957,00000000fb7600be,12.69
11274,2019-08-01T09:06:30Z,d81eea3c8bf927d879268dc01665b897d48eecc647bbf61f91f37a33,60.16544,24.95398,0000000038d83d41,20.28
11275,2019-08-01T09:06:30Z,d87c4d5dc2cd620de54fdd076d4f9b35245053d65b644d9e01f558b5,60.16762,24.95415,000000006b44cce7,5.91
11276,2019-08-01T09:06:30Z,ddae2128c72cf011df2a698a8254b8738fd07a971349ea8a5e8bfa9f,60.16829,24.94214,00000000afef4555,18.79
11277,2019-08-01T09:06:30Z,de97d4b1b05003191faf8bb5c1bed80b82fffa5d137f8921eec195e5,60.16897,24.95222,00000000aa852af1,29.32
11278,2019-08-01T09:06:30Z,deb8a213e1b4930e676ee8fdb394161ec46adb785171fa37437b4d44,60.15133,24.92329,00000000e8a064a4,12.69
11279,2019-08-01T09:06:30Z,ded712413bfc7de58a469fab75498089b2c3c6b5e0c9cae260102284,60.16829,24.94214,00000000afef4555,10.78
11280,2019-08-01T09:06:30Z,e09515dbe1e90af07cb756a83c222c60f5f0566f94590848e72f6401,60.16762,24.95415,000000006b44cce7,10.78
11281,2019-08-01T09:06:30Z,e0fe7fe5854899c0eb42b75b300339808143419404558ed4d00b0f17,60.17918,24.95141,00000000675d5200,4.11
11282,2019-08-01T09:06:30Z,e234769b1ce1634554f5fa4a290d11b2a30c3dfd009d4c39a2e9dd3d,60.17065,24.93641,000000000f4919c9,17.4
11283,2019-08-01T09:06:30Z,e2bb0ae74deee6cbc4f50c5f85da3f1779ca1db1ae7ff48ab4b33dbc,60.17918,24.95141,00000000675d5200,7.69
11284,2019-08-01T09:06:30Z,e3f844c56875bd572c3b57a835b884f1060b467d3bbd25c50dcc7e28,60.16762,24.95415,000000006b44cce7,13.75
11285,2019-08-01T09:06:30Z,e528235be3e5cc4945024d50d1ed43061e2e2f2845f2b41e081e1721,60.17918,24.95141,00000000675d5200,11.7
11286,2019-08-01T09:06:30Z,e5cad8bb9a6c8dcc067948d7f869033aca5bdd062da175c8734092e6,60.17918,24.95141,00000000675d5200,16.1
11287,2019-08-01T09:06:30Z,e73dcccbc4dd6af49316f19a34c347cc94ff7ab079a93a2672d78a16,60.14947,24.91438,000000004ef3150d,18.79
11288,2019-08-01T09:06:30Z,e8add7e8346b99cd4b67924113f3763441a1899897c6d1ac3a1a40a6,60.17918,24.95141,00000000675d5200,9.12
11289,2019-08-01T09:06:30Z,e8ed8051f57ad9d9029a5e3b443c5e93e5059f8c487ba45e2583d35a,60.16829,24.94214,00000000afef4555,20.28
11290,2019-08-01T09:06:30Z,e9275b4d525e0593374e00e9cf9885062a1699ecb3462c758a025ef1,60.16762,24.95415,000000006b44cce7,13.75
11291,2019-08-01T09:06:30Z,e979a153601f7520f54d4733fe91f75f154c8f1c08dc3408dbba5345,60.15432,24.9211,0000000019fb59c4,23.56
11292,2019-08-01T09:06:30Z,e9e1a66ce9f699fc1713bb44cd67a332f584f0c51d18774fc72b8eea,60.16762,24.95415,000000006b44cce7,13.75
11293,2019-08-01T09:06:30Z,ea3f8412ed9c4d92448688dd9cc7ff9e3eeb5fe4373d0953bf0349c1,60.16531,24.9442,00000000fdda10fe,12.69
11294,2019-08-01T09:06:30Z,ea94130fbb3464dc656765cfddbad802ddfafb1af8007cb5f42cd41f,60.16829,24.94214,00000000afef4555,11.7
11295,2019-08-01T09:06:30Z,eaf572301dc5c1eaff007bc1886cce8f0f5e92a233b8686ed2a1a9cc,60.17065,24.93641,000000000f4919c9,25.36
11296,2019-08-01T09:06:30Z,ec2dd83e04d225caca9f6b9d28bd3080ed37c5bf42e5f65123fa2394,60.17065,24.93641,000000000f4919c9,9.92
11297,2019-08-01T09:06:30Z,ec7121833f0e4b509d683b00a9c5e992e4b84882cb857145102e14f4,60.16531,24.9442,00000000fdda10fe,1.54
11298,2019-08-01T09:06:30Z,ec8c0160ac1ee5aeaf6204956c9db2ee4f98f55ae3fe1ec0af07fab8,60.16762,24.95415,000000006b44cce7,4.11
11299,2019-08-01T09:06:30Z,ed86f884272a5a400b55bfd4f22bc8cc5d6fca7fe26eee3c39cb3c52,60.15432,24.9211,0000000019fb59c4,9.12
11300,2019-08-01T09:06:30Z,ef620c567fe4adc1160d75daa4075a87a75acb4a956b68eb60da0690,60.17065,24.93641,000000000f4919c9,33.81
11301,2019-08-01T09:06:30Z,ef67b9e4617f284b84167b4bdaff71108579a33ced0a2450ff25a1a1,60.16629,24.95957,00000000fb7600be,14.89
11302,2019-08-01T09:06:30Z,efc51406db4c66b8a573ec325afe8a9258a04a71b46ff3aae1cfa696,60.16762,24.95415,000000006b44cce7,12.69
11303,2019-08-01T09:06:30Z,f03d20d6bb80ce0745cb0fbed6619e0a6288bfffd08e9aabce1692ba,60.17065,24.93641,000000000f4919c9,27.28
11304,2019-08-01T09:06:30Z,f1447725764ec0dca245fc67f2aa0a0c42e6b05808076aa74f0c1e7e,60.17918,24.95141,00000000675d5200,10.78
11305,2019-08-01T09:06:30Z,f18c0c32d067aecf5602d70693ac888cab1be6dbb0d154be5153dfcc,60.16829,24.94214,00000000afef4555,17.4
11306,2019-08-01T09:06:30Z,f1b28329fc91f4708ca34857c5582c0bf1b7d0ab06127746029cd72c,60.17919,24.95181,000000007b5207b6,3.74
11307,2019-08-01T09:06:30Z,f20935810c1567a80c288016c4d4dd32fe86b3479f47ae7dd64d15cc,60.15432,24.9211,0000000019fb59c4,3.74
11308,2019-08-01T09:06:30Z,f27b93329546b5d9c00e9fc70d0df72440f620564e0fff5a89ff8276,60.17065,24.93641,000000000f4919c9,20.28
11309,2019-08-01T09:06:30Z,f29ed00b645af4bbf50174e71f58a9b691d2e2342e59eda242d97380,60.16829,24.94214,00000000afef4555,11.7
11310,2019-08-01T09:06:30Z,f2a253f2741501e675bd4bc055e22329fb09089d8bbe9813fc170cdb,60.16762,24.95415,000000006b44cce7,13.75
11311,2019-08-01T09:06:30Z,f45806c30db425e518d8d483a072900958e0411d9a33cca7c3cf99bb,60.16762,24.95415,000000006b44cce7,11.7
11312,2019-08-01T09:06:30Z,f4587b90aec9127805880f7c81fc03b9fb513fe363015399b895089f,60.16829,24.94214,00000000afef4555,8.38
11313,2019-08-01T09:06:30Z,f4bbc3077da0455d4340da2eed204915327b75a792080724548b4956,60.17918,24.95141,00000000675d5200,2.54
11314,2019-08-01T09:06:30Z,f503a41d3e8b9b57628f4f061c1d8e0c53c62dd8a6fe38d212958ee6,60.16075,24.95883,00000000f1124bca,9.92
11315,2019-08-01T09:06:30Z,f587de6c8c03387c5e6a66cd7d20c45abad3668c8e2246611122547b,60.14947,24.91438,000000004ef3150d,10.78
11316,2019-08-01T09:06:30Z,f5c4e0083948ddd2cc19254413dec48f888a85bfe1f826a524e2a814,60.16075,24.95883,00000000f1124bca,20.28
11317,2019-08-01T09:06:30Z,f5d9e90c37840670f09005aa28a20ca561c4d6bc36ffd28c9ca80584,60.16829,24.94214,00000000afef4555,12.69
11318,2019-08-01T09:06:30Z,f60a6068c654587fa981390a039456a2fdd85e02c009df547e204a45,60.16829,24.94214,00000000afef4555,20.28
11319,2019-08-01T09:06:30Z,f741519cf6f519194bb45b9da0e69bda8edb903e3c24d4140f340467,60.16762,24.95415,000000006b44cce7,11.7
11320,2019-08-01T09:06:30Z,f77f8836e641389801309c311e926c1662264ab16efd01cd5bf27baf,60.16762,24.95415,000000006b44cce7,13.75
11321,2019-08-01T09:06:30Z,f9e527876f8dfe750fd29bc42664bbf572aed5d09d344a8934a83d90,60.17065,24.93641,000000000f4919c9,3.4
11322,2019-08-01T09:06:30Z,fa1a3814c680b20020a08346c37ee2853e895984574575312bf262e7,60.14947,24.91438,000000004ef3150d,16.1
11323,2019-08-01T09:06:30Z,fa9f19c58a086fde9429d732b1eec80eacf5fc1b2c0124d17243d008,60.17918,24.95141,00000000675d5200,3.74
11324,2019-08-01T09:06:30Z,fb2df85c8938d6a1bbd1ff0a1cd8aa23480ae08dc39d2b584ed35e14,60.16762,24.95415,000000006b44cce7,11.7
11325,2019-08-01T09:06:30Z,fc75e05a713e8733c512a31a3bebec0a122af3e7afb2c5059c3f1a3a,60.17002,24.94407,000000006b087f40,18.79
11326,2019-08-01T09:06:30Z,fd2075f9ca30345a2acff846d1dfdb92f1d4935162ca5e181f5272f9,60.16762,24.95415,000000006b44cce7,20.28
11327,2019-08-01T09:06:30Z,fdb3239bb0017def73005dc66a8d674c713493499c8feff7a6c01018,60.16762,24.95415,000000006b44cce7,5.41
11328,2019-08-01T09:06:30Z,fe191b6937595e5cf2ac1491e9056f0f9fb5bf66c0cb900df00b4c64,60.16829,24.94214,00000000afef4555,9.92
11329,2019-08-01T09:06:30Z,fe88879502b9755093db192b4ea06a7b5b568f7e8b92970727636c68,60.16762,24.95415,000000006b44cce7,9.12
11330,2019-08-01T09:06:30Z,fea1453360073dfc1896bf1f005f51addb49661f953e16cffba3c63d,60.16531,24.9442,00000000fdda10fe,12.69
11331,2019-08-01T09:06:30Z,ff10218d9a15a3bf160a969fa266f197770d363bc52dce7fa08ae990,60.16762,24.95415,000000006b44cce7,8.38
11332,2019-08-01T09:06:30Z,fff7f9f42d918ac875b7e417a971d942549ba9f38b79d21d2f351959,60.16762,24.95415,000000006b44cce7,21.87
11333,2019-08-01T09:06:31Z,0fff89885f08417f20aadfdbf62a372277e9085bcd024374b772ecac,60.16531,24.9442,00000000fdda10fe,17.4
11334,2019-08-01T09:06:31Z,144afc51fc2443c7031a2912566eff2ce60226a49d6d2bd7c2923700,60.16544,24.95398,0000000038d83d41,18.79
11335,2019-08-01T09:06:31Z,14c7e1511b70f4dd3359cbece1377aebb4d70531f5489eefe53d7c3c,60.16544,24.95398,0000000038d83d41,21.87
11336,2019-08-01T09:06:31Z,15918569de0a46a8eb56b43d8d39f7fc82619ff1006f00822c85745c,60.17918,24.95141,00000000675d5200,1.7
11337,2019-08-01T09:06:31Z,165ebbb4090d47319ae370f0d0854fdc1f6b79499f8b2e4d3c3533c0,60.16544,24.95398,0000000038d83d41,25.36
11338,2019-08-01T09:06:31Z,1951291ca064d0fb480d958037c1477427d2ca8db455fef0b741bf9f,60.16448,24.97323,0000000053c6c2be,21.87
11339,2019-08-01T09:06:31Z,1f0f0628cdc688d76bde2b82bee5b9b4916bf0bbdfe76cf3213e1c65,60.15432,24.9211,0000000019fb59c4,16.1
11340,2019-08-01T09:06:31Z,2a93b61a3863ace54349d7a0937e4134fcc6d4dfcf064eefae2b7cf8,60.15432,24.9211,0000000019fb59c4,23.56
11341,2019-08-01T09:06:31Z,5b91abc1d452431fdb7bc15f638eee91a54034b6327f40e58ccacda6,60.14947,24.91438,000000004ef3150d,33.81
11342,2019-08-01T09:06:31Z,5d65719c4cbf045f068d084b72302f447d5fd034413d97d13be00d0e,60.18203,24.91341,00000000342570c2,20.28
11343,2019-08-01T09:06:31Z,5eed115a984d490b02b602d73787aee8dc8c4e9365b77fbff3818a76,60.16629,24.95957,00000000fb7600be,21.87
11344,2019-08-01T09:06:31Z,6a657079c1bdc8114c289be1ddd83e5846d4279a920d1697b8ff0033,60.18203,24.91341,00000000342570c2,27.28
11345,2019-08-01T09:06:31Z,6d22b751ff5173035dc85c52c3dff0780126adae67fe33dc62dd45ef,60.16531,24.9442,00000000fdda10fe,16.1
11346,2019-08-01T09:06:31Z,6f06341f358e61699fe1e55e986dd0554bc8da28b91daf0c5ad99db6,60.16629,24.95957,00000000fb7600be,36.27
11347,2019-08-01T09:06:31Z,6ff437688c444238352c28f64f9d2a7d0f14d19c9ea42c225380501e,60.16762,24.95415,000000006b44cce7,14.89
11348,2019-08-01T09:06:31Z,76c7f42283513d0e289bf786d89463b5025b2ae0f4e13519a4cf228b,60.15432,24.9211,0000000019fb59c4,23.56
11349,2019-08-01T09:06:31Z,77839e655f856d5295739c2388237a95b399c3b8a4f659cd1345d939,60.16829,24.94214,00000000afef4555,23.56
11350,2019-08-01T09:06:31Z,78d5f60b36b59c06c3988b94e11744bb3aed5dcbc214f91f228bf892,60.16448,24.97323,0000000053c6c2be,21.87
11351,2019-08-01T09:06:31Z,84fdfd8881f633c5f0c71c1480053953ca4b05e848052d97c063ad38,60.1538,24.95595,0000000038bf9618,20.28
11352,2019-08-01T09:06:31Z,87dfaad29a9276ddddb1fa021d3bc23ad14824c1af16f7d87e713689,60.14951,24.92138,0000000006dd41f6,9.92
11353,2019-08-01T09:06:31Z,8c75c3289c84fe4493e1e272a77b615fe1985880c5dc68a7c1a17b53,60.16762,24.95415,000000006b44cce7,12.69
11354,2019-08-01T09:06:31Z,8cc6ddaa460aeae8cc9e8a33f91a01c8cd4c0c8bf8a943210a28c84d,60.1538,24.95595,0000000038bf9618,25.36
11355,2019-08-01T09:06:31Z,9843c6216661048343a0e49cf3d8aa2883cf77f452666a1c873a1052,60.16448,24.97323,0000000053c6c2be,9.92
11356,2019-08-01T09:06:31Z,987e83b8bf78f756fa09dbeb561bf778fd00003818fbe7a45de52b6c,60.16531,24.9442,00000000fdda10fe,27.28
11357,2019-08-01T09:06:31Z,9d03d14afa49576281aa26db60e517f7c1ec8aa36f7756959a860a8a,60.16629,24.95957,00000000fb7600be,13.75
11358,2019-08-01T09:06:31Z,9ff35a7f150d05ef75c3777dbae4f91e5b1a4d0830a984c50f6da1bc,60.16897,24.95222,00000000aa852af1,25.36
11359,2019-08-01T09:06:31Z,a9da1ee82e3b670e276c26b483dd50f4a6d0c6f77ef82245d3ae6086,60.18203,24.91341,00000000342570c2,16.1
11360,2019-08-01T09:06:31Z,ab0f67c0c0e1ba5eac9013f9c314feadf340ddf08543b91e70483594,60.16544,24.95398,0000000038d83d41,16.1
11361,2019-08-01T09:06:31Z,b4faf2d3c4d2b199afeab6ab63b583fe3a2e81e14abbef6917f25129,60.15432,24.9211,0000000019fb59c4,20.28
11362,2019-08-01T09:06:31Z,c40c37def6bf11a63a2556519a7c6233fd417cdeea2cf14f28e7c42c,60.16531,24.9442,00000000fdda10fe,18.79
11363,2019-08-01T09:06:31Z,ce783d3c1b06378e5c39c25687746a6f88fbb0ff2b36e3405fb61cf8,60.16762,24.95415,000000006b44cce7,25.36
11364,2019-08-01T09:06:31Z,cf05623e4d87ce0906c0b0b7dbf53aacc1228016cd27c341228b6e76,60.18203,24.91341,00000000342570c2,17.4
11365,2019-08-01T09:06:31Z,d178749a24c32676d0da0f51ae6ff63c456499d4b1814af8fa75ca9e,60.16448,24.97323,0000000053c6c2be,8.38
11366,2019-08-01T09:06:31Z,dd2c9c82cf3737146294aff6f814a1349fb0bc4bedf518715dacbe8f,60.18203,24.91341,00000000342570c2,16.1
11367,2019-08-01T09:06:31Z,df89b51aeaaa1a8c64db45d6c35f918b650806b37aea9b50246a3267,60.16829,24.94214,00000000afef4555,23.56
11368,2019-08-01T09:06:31Z,ebd5792818b1818f5d1ea2cd8ef5e4b500cfc7a7fbb7be7907ce2d0c,60.16762,24.95415,000000006b44cce7,11.7
11369,2019-08-01T09:06:31Z,ec72ef080c605e71978aed0d3b5f22c3c3133677a43c614b72eedc6d,60.14699,24.922,00000000a53ed894,25.36
11370,2019-08-01T09:06:31Z,f088630d7476dae7d4b7e2bb1f10575f2c89acb4b6e061f3d57c2b40,60.16531,24.9442,00000000fdda10fe,21.87
11371,2019-08-01T09:06:31Z,f70a43051a4f59f5002c4018a464b44781f7f527861efda6626a2de4,60.16829,24.94214,00000000afef4555,13.75
11372,2019-08-01T09:06:31Z,f7e45613ad966fea53fab73b435ba3a087c774e36596b3a5156a3487,60.16829,24.94214,00000000afef4555,1.7
11373,2019-08-01T09:06:31Z,f83d4b6b8ffbf8a674d212e32100b2360b80261b4e9207d77c0b0ed3,60.17918,24.95141,00000000675d5200,5.91
11374,2019-08-01T09:06:31Z,fc4f3a44235f1cfc7b53f14ba2da599976a5a0a220d23b852688e485,60.17918,24.95141,00000000675d5200,23.56
11375,2019-08-01T09:06:31Z,00787dad708490660b0b836fa415681cc57046fa521c0c0aaea14a9e,60.16762,24.95415,000000006b44cce7,1.25
11376,2019-08-01T09:06:31Z,0097b685a95e22fc898384590c0f5bf87d9831b8750326fbf9a740c3,60.16829,24.94214,00000000afef4555,23.56
11377,2019-08-01T09:06:31Z,00cf880933075f70a32ca748c0299b5dee3089d042185bd2787eed56,60.16762,24.95415,000000006b44cce7,18.79
11378,2019-08-01T09:06:31Z,02050a536056486b1bf139282f0d0a3af63def1d56ff0c73ac51bb19,60.14947,24.91438,000000004ef3150d,21.87
11379,2019-08-01T09:06:31Z,023083c44c772667f1727e01c74518889b2a82d78ceb28c08b6f8a20,60.16531,24.9442,00000000fdda10fe,12.69
11380,2019-08-01T09:06:31Z,028149b8bfaf37d1f064cb0b4f23ae118f00d8eff41679fb8830396a,60.16531,24.9442,00000000fdda10fe,23.56
11381,2019-08-01T09:06:31Z,0362cc670dcfab795a3911957b6a177416bf9b99d0e2732716796c4d,60.15432,24.9211,0000000019fb59c4,6.46
11382,2019-08-01T09:06:31Z,03f427d436ba092925de462b11374bdbdab0443620037675621fbc11,60.17918,24.95141,00000000675d5200,14.89
11383,2019-08-01T09:06:31Z,0483eb7342f4e704caa76b9bc3d6a7bd836282960dafc2c756247134,60.16762,24.95415,000000006b44cce7,8.38
11384,2019-08-01T09:06:31Z,063935180fff0e58de5d319ecb9320cf794423e3c6aeac0cca8f1a9f,60.16897,24.95222,00000000aa852af1,8.38
11385,2019-08-01T09:06:31Z,08f9fd60f852d3502bfa509c955e9963e73954f961d55ba8cd46cae9,60.16629,24.95957,00000000fb7600be,12.69
11386,2019-08-01T09:06:31Z,0951ec0c700dba7330b8e8181fc852becde054d0dc7474d1488db3cd,60.17065,24.93641,000000000f4919c9,17.4
11387,2019-08-01T09:06:31Z,0c1684b697a63d7f47ebaedcfa060b3b4af294fec1e62d613699291a,60.16897,24.95222,00000000aa852af1,10.78
11388,2019-08-01T09:06:31Z,0c2d3bdaf0e8a9d6efcf95298acb85805b31c1c6618f00dd4489dddb,60.16762,24.95415,000000006b44cce7,18.79
11389,2019-08-01T09:06:31Z,1069967e3921871955b1b2b42e60f829c593a3e024401bfe61ae410e,60.16629,24.95957,00000000fb7600be,16.1
11390,2019-08-01T09:06:31Z,10cd81594fd56fa1f2c4799419a45b70833d3d8583b817324ee96da7,60.16897,24.95222,00000000aa852af1,14.89
11391,2019-08-01T09:06:31Z,10d0fed0f7d40b253b5fc5a53297dc9af8bb76fa6f34d5e71383cb62,60.17918,24.95141,00000000675d5200,18.79
11392,2019-08-01T09:06:31Z,1134a082e36fe03359bac74c814a0ed20468c45230115d4e25aa230d,60.16829,24.94214,00000000afef4555,11.7
11393,2019-08-01T09:06:31Z,11402877d08ee84d016ef8e86d3033bf6da0948f6e6bd2defce32338,60.16762,24.95415,000000006b44cce7,12.69
11394,2019-08-01T09:06:31Z,1271bcd33c0056265a5bdf6df4092a3c9e2209abee80570cb172031b,60.16897,24.95222,00000000aa852af1,20.28
11395,2019-08-01T09:06:31Z,13a759fd293cbde0d55db753d853768b718e59036c4007d2e3a8757a,60.16762,24.95415,000000006b44cce7,9.12
11396,2019-08-01T09:06:31Z,141a580597619f20b14d71a17562763921dafbb27c8aaaa8700fd522,60.16829,24.94214,00000000afef4555,21.87
11397,2019-08-01T09:06:31Z,141ffc858c3ea6a2e69c954115114304736a35dc25ec947323090dc0,60.16762,24.95415,000000006b44cce7,4.94
11398,2019-08-01T09:06:31Z,14a062f886bdedfe7c4c6cdae992fae0cd9703f957f69bbc4616d894,60.16897,24.95222,00000000aa852af1,29.32
11399,2019-08-01T09:06:31Z,15a3cdd20e3ce88c179a07d78a2d5fdda854b0fef8441d8cb3aebde8,60.17065,24.93641,000000000f4919c9,25.36
11400,2019-08-01T09:06:31Z,164d8280dbb888033f64368dd641bcef597fc327148fcf74374894c5,60.16544,24.95398,0000000038d83d41,10.78
11401,2019-08-01T09:06:31Z,16e18d478be872d2a9801fa885d08edeb3f5ae1840b38478f9baf535,60.17918,24.95141,00000000675d5200,13.75
11402,2019-08-01T09:06:31Z,190cdde22bc3e3a41cd0f9da7efb3a917bc09e8034b05ca6064ea8a8,60.17918,24.95141,00000000675d5200,20.28
11403,2019-08-01T09:06:31Z,1bcb90d142d0d898da0b52237a3c003d06918db87aa98cf944b59af6,60.14699,24.922,00000000a53ed894,17.4
11404,2019-08-01T09:06:31Z,1cfafdaa3ff1975bcf6f699641431e88775ba2183074d825eeb81dd3,60.149,24.9843,00000000fffb8cf0,20.28
11405,2019-08-01T09:06:31Z,1d70ff49909e1d6fb653ae053aa78084daf385dbbd2ad22b05707309,60.16829,24.94214,00000000afef4555,7.69
11406,2019-08-01T09:06:31Z,1da40c618e0432bb037d08723b65821f6223509e8b4033a4b4190047,60.17065,24.93641,000000000f4919c9,16.1
11407,2019-08-01T09:06:31Z,1dbecade1f3540eb44c3d86cb1ffc73d5bf422ea0cf76927c2d5cd74,60.16829,24.94214,00000000afef4555,17.4
11408,2019-08-01T09:06:31Z,1dcff36b6f83b08b6ea87c1c1018c542c270299839908ca446dffb39,60.16762,24.95415,000000006b44cce7,13.75
11409,2019-08-01T09:06:31Z,1e3044c19f6913531b6dd4bccb88ad02c1b39192513ccffa05444edb,60.1538,24.95595,0000000038bf9618,13.75
11410,2019-08-01T09:06:31Z,1e3af5697f0a2ae45f261da79e4ba71c868dc4d78008bd1995fe6259,60.16448,24.97323,0000000053c6c2be,17.4
11411,2019-08-01T09:06:31Z,1eadb2c1984aa73c3c2f13eab0a2e793331443c617681e36887f0bcc,60.16629,24.95957,00000000fb7600be,18.79
11412,2019-08-01T09:06:31Z,1f813dc10021899138c12ca17c58ab3dc24db1750dcb1790f9c20e8f,60.15133,24.92329,00000000e8a064a4,17.4
11413,2019-08-01T09:06:31Z,20b37aa6c3ad0dfea9c182498905a450537b0efbbd8563b205e93afd,60.16897,24.95222,00000000aa852af1,9.12
11414,2019-08-01T09:06:31Z,2283762fe3af8329ae65aec44de728da8f383810e9f2a3d3b84fa031,60.16897,24.95222,00000000aa852af1,23.56
11415,2019-08-01T09:06:31Z,22ac1ab1c590ea19b44c61c42f5e8da29a6acbabf56676527811507a,60.15432,24.9211,0000000019fb59c4,13.75
11416,2019-08-01T09:06:31Z,22b68b1dc6e6d815ca8e6afbd434ae0e229670798c443052e7444648,60.16762,24.95415,000000006b44cce7,6.46
11417,2019-08-01T09:06:31Z,25479245e5a8b0fe47e2bd590cdd63256d84afd6c164781dc64e527d,60.149,24.9843,00000000fffb8cf0,18.79
11418,2019-08-01T09:06:31Z,25d340d14d855b8c18b2c6f2551ec98a1eb047d1fd3457ba881ddf28,60.17918,24.95141,00000000675d5200,2.54
11419,2019-08-01T09:06:31Z,277fcf3cc917a89b46a34e0cf5164a78f5bcc88d92bb45ded60f1a91,60.17065,24.93641,000000000f4919c9,7.69
11420,2019-08-01T09:06:31Z,27b591b33a56a542440b53031a24f42290b0ec1a194af27700b75a3a,60.17918,24.95141,00000000675d5200,7.69
11421,2019-08-01T09:06:31Z,28ce50ca84cdcd4c17a36ac666e7ac0267b6ab5b77f4bfb08b2573a1,60.16762,24.95415,000000006b44cce7,3.09
11422,2019-08-01T09:06:31Z,28d50861d92f962c7a49eabaa524431aebf52870e44b79f77d7167c6,60.17918,24.95141,00000000675d5200,9.92
11423,2019-08-01T09:06:31Z,29795b9ff1f5a6605d8cd112953fbcc6f466c5eed26286a73fffba91,60.16544,24.95398,0000000038d83d41,21.87
11424,2019-08-01T09:06:31Z,29ae3c5c3aeac0c607bc816f7e74c232a40142b79a52c43c7b1ed42f,60.16829,24.94214,00000000afef4555,3.74
11425,2019-08-01T09:06:31Z,2afa9ac588b2c55e8edf99ee96ecaf63451a7ab1e51571b7e2d1d491,60.16762,24.95415,000000006b44cce7,3.4
11426,2019-08-01T09:06:31Z,2c6810efb2565383ca0a554f3c51f3f7905484357f5e00756dbf091a,60.17918,24.95141,00000000675d5200,3.09
11427,2019-08-01T09:06:31Z,2f09364857883d78a23aab14ac85e389ce786d0938e13cee655a7dbc,60.16762,24.95415,000000006b44cce7,16.1
11428,2019-08-01T09:06:31Z,2f43b7a683b0d365a46b6259a032813c293472eaedcdbcc3507adee5,60.17918,24.95141,00000000675d5200,9.12
11429,2019-08-01T09:06:31Z,2f658fba107809412796435b7b16fb588eefea1e75dc8fa1302b8655,60.16531,24.9442,00000000fdda10fe,27.28
11430,2019-08-01T09:06:31Z,2f79108a454c0072885ad1447280ed5098d061b229eaae61a8bb67be,60.15432,24.9211,0000000019fb59c4,6.46
11431,2019-08-01T09:06:31Z,2f82b3546af2df53b58cddc668c9aa196554108cdf39120ea40b417c,60.16629,24.95957,00000000fb7600be,9.92
11432,2019-08-01T09:06:31Z,2ff189e5846383641192cafb595a7a8f77394239ee03aabd1bf3c49f,60.16829,24.94214,00000000afef4555,12.69
11433,2019-08-01T09:06:31Z,312e78d3624e87e1645e7d54f96facd8a2321d6e65a3ef0620fb1d42,60.16531,24.9442,00000000fdda10fe,18.79
11434,2019-08-01T09:06:31Z,3371cfaa0eed702110b1f5501d188c9e7424a2e018bb905af13896cc,60.16448,24.97323,0000000053c6c2be,23.56
11435,2019-08-01T09:06:31Z,33fa4cb82db5b44ffe6e7ae1039635187f90d1df328f8f139da0c693,60.17918,24.95141,00000000675d5200,2.8
11436,2019-08-01T09:06:31Z,3480c16a6649952c388d8902596e332f018e609b9585f483353ae026,60.17065,24.93641,000000000f4919c9,3.4
11437,2019-08-01T09:06:31Z,34e96c7caa63e7ede8f428b18e8fb556ac235d61a50c9d6ac7ff268f,60.17918,24.95141,00000000675d5200,9.92
11438,2019-08-01T09:06:31Z,3609f484ad7e56259f60a61aba44f22dfca5c8b2564fce7e802ad342,60.16829,24.94214,00000000afef4555,5.91
11439,2019-08-01T09:06:31Z,367b1989198ef11170dd9fcfa7e6ebb5ceb58aab87c613ee1bb86e8c,60.16531,24.9442,00000000fdda10fe,9.92
11440,2019-08-01T09:06:31Z,3685ee6d322dcb2ad0ae181f66c3c5427d4531d7896d2f5f7571bb6d,60.16762,24.95415,000000006b44cce7,9.12
11441,2019-08-01T09:06:31Z,36fe97cd2ec69118778c771a87593630f8a6a2cb77d9ce72f845cd3c,60.16762,24.95415,000000006b44cce7,5.41
11442,2019-08-01T09:06:31Z,38fb20c6d55b10dd10a39c0fb41ad61297453e25afda81cf32313ae3,60.16531,24.9442,00000000fdda10fe,27.28
11443,2019-08-01T09:06:31Z,39126ffb278f49e06180cc6abe5b31ab3acdce1534b5b6ffa0b6e567,60.18203,24.91341,00000000342570c2,12.69
11444,2019-08-01T09:06:31Z,397e4b6a0e6c50fbb45ede1cb6e48156c508b36115e703cc5bac6e96,60.173,24.92524,0000000096918cfa,41.64
11445,2019-08-01T09:06:31Z,39c6456ee66fe96eee3d97cee2a70923cedb3da760bb5d4d413adb9c,60.17919,24.95181,000000007b5207b6,9.92
11446,2019-08-01T09:06:31Z,39e9fa7033887b7ab339887aa68753ff94d4771cda2bb8ff4ea7aa0a,60.17918,24.95141,00000000675d5200,14.89
11447,2019-08-01T09:06:31Z,3a1afdcf7c2e5a52cdbcbbe29e8281c184037e8720920c6c75bee339,60.15133,24.92329,00000000e8a064a4,12.69
11448,2019-08-01T09:06:31Z,3a2f1a2c6c645bd161943b3f19c171d021512d7a8c4273ed3022f5df,60.16829,24.94214,00000000afef4555,16.1
11449,2019-08-01T09:06:31Z,3a38ba36c098f2741d6c5fb5a751fcd074d05d698ac592ca09ab443c,60.16448,24.97323,0000000053c6c2be,21.87
11450,2019-08-01T09:06:31Z,3a40ef839ab39dbb6eef8f00b0de30062b8cc56391e3303f762004a3,60.16762,24.95415,000000006b44cce7,17.4
11451,2019-08-01T09:06:31Z,3a7b4023cee4b0d567a123a3d6aff0bc8f94663522bbdf0ea4306607,60.149,24.9843,00000000fffb8cf0,18.79
11452,2019-08-01T09:06:31Z,3a97ae4dcab31eb5e15e5d036d286e9764e25bcf0ad8afcfba854c90,60.16762,24.95415,000000006b44cce7,13.75
11453,2019-08-01T09:06:31Z,3b124e1851087531134d5e5d0a10b6afe3551982609a81a19dd969dd,60.16829,24.94214,00000000afef4555,27.28
11454,2019-08-01T09:06:31Z,3be40c84926a525adbd09eeeb3a12b73b24c633942b2e1fbe8151ac3,60.16448,24.97323,0000000053c6c2be,18.79
11455,2019-08-01T09:06:31Z,3d0437a1d090cd3cad05629e69a61c519aa6218e1b7fb47811e5a4ae,60.16762,24.95415,000000006b44cce7,5.41
11456,2019-08-01T09:06:31Z,3e38f81e326b0b05865281c970ada8f17e15292f3591242542bfb73e,60.16531,24.9442,00000000fdda10fe,23.56
11457,2019-08-01T09:06:31Z,3eea43670f4f29a90ced59c1af122371340275fb61ff8f14c7120658,60.16762,24.95415,000000006b44cce7,8.38
11458,2019-08-01T09:06:31Z,40646914186edc6142b7fc3daf766121b55f5bb36ea38facff686ea5,60.16897,24.95222,00000000aa852af1,17.4
11459,2019-08-01T09:06:31Z,40825cb0d315c92e0e0a73cc8e86c3b763bbf7ce226f112913e05e0f,60.17065,24.93641,000000000f4919c9,25.36
11460,2019-08-01T09:06:31Z,43e023a8726ec4c53a8cea6dcaa79e722da4677e37f3f6c9d3cc9873,60.16544,24.95398,0000000038d83d41,20.28
11461,2019-08-01T09:06:31Z,44334c68f3991fe858ac066726e0a884236a5d89fe94d917b48e857c,60.16829,24.94214,00000000afef4555,4.94
11462,2019-08-01T09:06:31Z,4470412c4b059a920f2699fbfb72b261e0847b3e1caa8c71d2edd5a2,60.16448,24.97323,0000000053c6c2be,20.28
11463,2019-08-01T09:06:31Z,4642dfa1df839f11e64f68bca4e3dce7bde2ff6dd68c54959fcb4788,60.17918,24.95141,00000000675d5200,17.4
11464,2019-08-01T09:06:31Z,4682d95464cedcc021f38271a51bab9c000762b4acf802070e259ba2,60.16629,24.95957,00000000fb7600be,5.91
11465,2019-08-01T09:06:31Z,48004849b2f48b2314aa9175433d754db1641b949bb8cf050e2dd128,60.17918,24.95141,00000000675d5200,7.69
11466,2019-08-01T09:06:31Z,484bbaa5a9d6bdd2259f022b6ea4e3c290985c13a1286bd7142d878f,60.16762,24.95415,000000006b44cce7,4.11
11467,2019-08-01T09:06:31Z,48c0ea6615ac4c02fc9bc0e06f9ea9309f9bf7e73b4324d7a6b14610,60.16829,24.94214,00000000afef4555,11.7
11468,2019-08-01T09:06:31Z,49bbad87e4d6cd03bdb073bde7be91193d74d29943badce7fc536916,60.16448,24.97323,0000000053c6c2be,5.91
11469,2019-08-01T09:06:31Z,49df780a7f20a99ad2810fa4bbb46b5fac9bc5cbe3fc800cd572f63a,60.14947,24.91438,000000004ef3150d,13.75
11470,2019-08-01T09:06:31Z,4ade4f0d92c6157a42d7fd8e353d1c93551324ba47cc134b840a6c63,60.16897,24.95222,00000000aa852af1,7.05
11471,2019-08-01T09:06:31Z,4b4afca270c22aae160d996711ae685b598b87871b3b4ab2f96786b6,60.14951,24.92138,0000000006dd41f6,21.87
11472,2019-08-01T09:06:31Z,4ba529eeafb27285cbbade6e5ece0d4d04bd2d13c98b27a5d17abd22,60.16897,24.95222,00000000aa852af1,3.4
11473,2019-08-01T09:06:31Z,4c85a4a0756c1707ca2f02a74870d1e1d1a90f1793d229dc3a2bbb63,60.16531,24.9442,00000000fdda10fe,23.56
11474,2019-08-01T09:06:31Z,4c8696833edf46025bc9b5f589679b77a73c857736036aa9ef6696e5,60.17002,24.94407,000000006b087f40,31.5
11475,2019-08-01T09:06:31Z,4e262a07e1ea47350f808684444d1d8b3f223288fb219cca9f12af23,60.1538,24.95595,0000000038bf9618,21.87
11476,2019-08-01T09:06:31Z,4f609afde0ba5cb017ba3c549bdd11ff322a2e0227a0f11a9d112220,60.16762,24.95415,000000006b44cce7,13.75
11477,2019-08-01T09:06:31Z,4f9125edf503fe3cb0ba1e1221fe6a67aafd99fcd89fd92d2bf20e97,60.16897,24.95222,00000000aa852af1,9.92
11478,2019-08-01T09:06:31Z,5001aabb6808b9fd96b705d1ebe8e7aca52713c2640100d81879dd86,60.17918,24.95141,00000000675d5200,6.46
11479,2019-08-01T09:06:31Z,5022acdb28a01d1a0b2077fc89c77bde277b7dd4f079b4fea30f75b9,60.16629,24.95957,00000000fb7600be,9.92
11480,2019-08-01T09:06:31Z,504f910a0bd104a130b85d0c50467a15e74dc950bcc9eac3ebecc43e,60.16531,24.9442,00000000fdda10fe,17.4
11481,2019-08-01T09:06:31Z,5143af775374504a931805df3b7bc0712b2401f6a3ea2c49fd69cf6f,60.16829,24.94214,00000000afef4555,17.4
11482,2019-08-01T09:06:31Z,51ec42fdd85671ae93876c3d875b24e56cb45699e9c3d2b623dca70d,60.16762,24.95415,000000006b44cce7,14.89
11483,2019-08-01T09:06:31Z,5372348389197e6c4bc4c5e3dab047e7384d562220e6295904bbda1b,60.17065,24.93641,000000000f4919c9,4.5
11484,2019-08-01T09:06:31Z,54bd709173219e8017f317b63ecc83d0a48f64542e6fa1b83c86a56c,60.17919,24.95181,000000007b5207b6,12.69
11485,2019-08-01T09:06:31Z,556cae6b2e2dec6fe691a835e8e08bd016b1a65797c0aca46879329f,60.17918,24.95141,00000000675d5200,36.27
11486,2019-08-01T09:06:31Z,559429bba23762a872fc7b1e2219d42125ab101e4355d43fdb94ed7b,60.17918,24.95141,00000000675d5200,8.38
11487,2019-08-01T09:06:31Z,559e6a5225ce35ab844c63ea0d0c1695dc490a3d9cfbafa5d35ac8d8,60.14947,24.91438,000000004ef3150d,9.92
11488,2019-08-01T09:06:31Z,5830a481876da00686f25b17dad06258a39212c0816ed04dda2df1bd,60.16531,24.9442,00000000fdda10fe,12.69
11489,2019-08-01T09:06:31Z,584adabea16213fba5e201e8dddabc4a069951e35fb1731180ebf8b3,60.16762,24.95415,000000006b44cce7,12.69
11490,2019-08-01T09:06:31Z,584cb0b0cdd14e608c8b57c8aecc9826f9b40027e365e2438a444ea2,60.16762,24.95415,000000006b44cce7,9.92
11491,2019-08-01T09:06:31Z,5865a27b5b56a60bca38e4a1403655e3e7fd0232a3ff2079965aff81,60.15432,24.9211,0000000019fb59c4,4.11
11492,2019-08-01T09:06:31Z,5978726eeef638856dafd3a8d199287f8daf9e90ddde750b402f8bb0,60.17065,24.93641,000000000f4919c9,0.84
11493,2019-08-01T09:06:31Z,5a3004325b5a058e02fb9f32ef4f7e9cc465240cbda7a7e4ec89d2de,60.16629,24.95957,00000000fb7600be,17.4
11494,2019-08-01T09:06:31Z,5a34b02faac3189217466888ef1d31cc80f721ac2f18638c5db88d53,60.14947,24.91438,000000004ef3150d,13.75
11495,2019-08-01T09:06:31Z,5a857d46d2710076dd9ff377dc9ae0c17e4db2a46db79f1e8d158cfa,60.16829,24.94214,00000000afef4555,25.36
11496,2019-08-01T09:06:31Z,5a8d671a78b976d212d9746d88b9a754a2d9c8341c529e88b7c6b8f4,60.17065,24.93641,000000000f4919c9,12.69
11497,2019-08-01T09:06:31Z,5b06617477af6dcee75a94ac347364b50f6f3b5b7d747e5413d9ad58,60.14947,24.91438,000000004ef3150d,17.4
11498,2019-08-01T09:06:31Z,5c1f71098d5d7258d2971061c791c94e0138c8e02225c5f60d6a0428,60.149,24.9843,00000000fffb8cf0,18.79
11499,2019-08-01T09:06:31Z,5e2c5c20c88ccf362ed8749d1ddc041b1cb1c38d8dbeac7870179322,60.16629,24.95957,00000000fb7600be,9.12
11500,2019-08-01T09:06:31Z,6051ed50496b74a6ff68c86205d23971fcaccd6c91edfe7d78fa71b0,60.16897,24.95222,00000000aa852af1,27.28
11501,2019-08-01T09:06:31Z,619c5b31af2a28703a837cc7974ef0d2c5bb6584ba0fcc03076218ac,60.17002,24.94407,000000006b087f40,13.75
11502,2019-08-01T09:06:31Z,626bf35ce16dba1054cfd175d09475d3ee751bf70e56f984ff5c7ab6,60.15133,24.92329,00000000e8a064a4,25.36
11503,2019-08-01T09:06:31Z,63ff2439779051005c18876d20ed53ce060c1de9d7976821bd518fc6,60.15432,24.9211,0000000019fb59c4,9.92
11504,2019-08-01T09:06:31Z,65b6b62b547e11e10f7f83ad497446bee2bb9653097d9d62e9b1b817,60.17065,24.93641,000000000f4919c9,13.75
11505,2019-08-01T09:06:31Z,66ad74b1795a3f2db404e46e89b7cdeb3d6e231b6573e3fd29bb7eef,60.16897,24.95222,00000000aa852af1,20.28
11506,2019-08-01T09:06:31Z,674355e17da9460e58566497be518f2eb537880c67c788fedb5067db,60.16629,24.95957,00000000fb7600be,20.28
11507,2019-08-01T09:06:31Z,67cf7d2881080aa59ed36a6d88ea1946d17e9d1d5e1ad9eee1851969,60.18203,24.91341,00000000342570c2,16.1
11508,2019-08-01T09:06:31Z,685af6b01bd180194d718801bb8b9c9de22050cc392d6c6441fe986b,60.18203,24.91341,00000000342570c2,7.69
11509,2019-08-01T09:06:31Z,69e2854c78a472b462941ef730aa9fa7a9dba9c1cc22996396d4c78a,60.17918,24.95141,00000000675d5200,8.38
11510,2019-08-01T09:06:31Z,6adce4d05e58232a97635a2fd7918e4e49d9295afc0989d727f9c712,60.17002,24.94407,000000006b087f40,4.5
11511,2019-08-01T09:06:31Z,6d98ac1fea7056e5b96d6095caf0e3677a4ec30e9fbcc2e50ae1cf65,60.16629,24.95957,00000000fb7600be,12.69
11512,2019-08-01T09:06:31Z,6dd5463e670c352180c1e912300e21e59f5e2976266df8c3c92b0baf,60.16829,24.94214,00000000afef4555,12.69
11513,2019-08-01T09:06:31Z,6e80fcea10d21e1d5e672b554c0f3fe686dc58934f38c3391fd5c262,60.17002,24.94407,000000006b087f40,20.28
11514,2019-08-01T09:06:31Z,6fe2cf6737d40d71251dac8ebef5356a2b765621e97a346c00a6031c,60.15432,24.9211,0000000019fb59c4,2.8
11515,2019-08-01T09:06:31Z,7003a7f6a5523b645634f014e04bea36016953a8af9324e35602bc2e,60.14947,24.91438,000000004ef3150d,8.38
11516,2019-08-01T09:06:31Z,704c3f3075f13713c363014fa828e4a932e7a05676813b9963a1e554,60.17918,24.95141,00000000675d5200,3.4
11517,2019-08-01T09:06:31Z,70d391038ec56b63a3737605c2c1db6ffbdca8e4490691776dc993f1,60.16829,24.94214,00000000afef4555,0.59
11518,2019-08-01T09:06:31Z,71b01bb8b8e877dc9ca40e756f441571d12ee3311a945417e8aaa116,60.16762,24.95415,000000006b44cce7,9.12
11519,2019-08-01T09:06:31Z,72439a1f997fd347d46394f31f5789edc877fe61ca34fcd31f9150b1,60.18203,24.91341,00000000342570c2,29.32
11520,2019-08-01T09:06:31Z,72f088587da3409c5a4bec360a52a230a7551c3671441baaaabc6357,60.16829,24.94214,00000000afef4555,11.7
11521,2019-08-01T09:06:31Z,76ef1048176afbfc84022d38450e09d0aea6a7fec1abc3722756dfb8,60.14951,24.92138,0000000006dd41f6,29.32
11522,2019-08-01T09:06:31Z,7700297fec4982ad776529835e2ab46d4e5cbc889e26f368c19efeef,60.16829,24.94214,00000000afef4555,11.7
11523,2019-08-01T09:06:31Z,7803e2d46157a5482e745447d4c2c332fbd818d87a20b0f6187c628d,60.17065,24.93641,000000000f4919c9,25.36
11524,2019-08-01T09:06:31Z,78ec3b06e6504f54673ca689d2a31a647973ada7b757f2139ecb9f8e,60.16897,24.95222,00000000aa852af1,18.79
11525,2019-08-01T09:06:31Z,7a9e9c23e9d691adcd677be9ac9ca68f7e35915fbf5da7c6c8d270fa,60.17002,24.94407,000000006b087f40,20.28
11526,2019-08-01T09:06:31Z,7a9fc0489f50f874094d442f4f3423805ef3ce9a662555b274d01dd9,60.16448,24.97323,0000000053c6c2be,29.32
11527,2019-08-01T09:06:31Z,7c1534082e86ff4387878d813207626d8f728aa26b97248e00a3b8d7,60.16629,24.95957,00000000fb7600be,13.75
11528,2019-08-01T09:06:31Z,7ccf0231e25c4a2ff5abcbb7cb3fe96604d014c3fa05c2829580801d,60.16829,24.94214,00000000afef4555,14.89
11529,2019-08-01T09:06:31Z,7d415f4fd9093fb383b4ebb88961ad74e6a00d3ece39504712dad639,60.17918,24.95141,00000000675d5200,7.69
11530,2019-08-01T09:06:31Z,7e2e3d07c939e3e76e7ce87678faf64e056afe54215e00488839100f,60.14947,24.91438,000000004ef3150d,14.89
11531,2019-08-01T09:06:31Z,7eb4a715919b3eb4085270535ce4d7b57112591ad7242eb189bf652a,60.17065,24.93641,000000000f4919c9,17.4
11532,2019-08-01T09:06:31Z,7f59aaecea1eee6c703ec5d46d67b44289ddedf080defee495b73739,60.14947,24.91438,000000004ef3150d,4.11
11533,2019-08-01T09:06:31Z,7faf8705e89a761625aaed50b89538581e25d5950ec8f051d36ed829,60.14947,24.91438,000000004ef3150d,12.69
11534,2019-08-01T09:06:31Z,809bf2d7a0745ae512b934a578fd5fd47c13c5398b6d06ad350b9e7c,60.14947,24.91438,000000004ef3150d,21.87
11535,2019-08-01T09:06:31Z,8165c5f8d06298ffd56f071c0ad1cc9f1d4f08084936937d712d0b61,60.15133,24.92329,00000000e8a064a4,38.87
11536,2019-08-01T09:06:31Z,828afe5ee1f94b9afbfd61b9673b7c8b21457d11dafb1d2ad98dbd23,60.149,24.9843,00000000fffb8cf0,33.81
11537,2019-08-01T09:06:31Z,82b78c2220aee81a2744ddfaf7ed29663888987dba6b7cdda05731d9,60.14947,24.91438,000000004ef3150d,16.1
11538,2019-08-01T09:06:31Z,82bab0a1bfd11576cf62159546b756e1da44125c76909e270ced391b,60.16897,24.95222,00000000aa852af1,33.81
11539,2019-08-01T09:06:31Z,82d5e55f1c1dd503d4aaa8804acff7cbaf416a9c58e0888fce7e0cb7,60.16531,24.9442,00000000fdda10fe,25.36
11540,2019-08-01T09:06:31Z,8524898e498c83bde4bc1848aa2b372da84e7b2266f36aabe128cc27,60.17919,24.95181,000000007b5207b6,11.7
11541,2019-08-01T09:06:31Z,85bdce5b262dbd94adcff03e6cad26a1152828b6ab27e6fdd56b2b13,60.16762,24.95415,000000006b44cce7,4.94
11542,2019-08-01T09:06:31Z,86e7584bf95733cef59d74bb4955881e99dc86b73a0d5b4e3ef58b50,60.18203,24.91341,00000000342570c2,14.89
11543,2019-08-01T09:06:31Z,880f9cbb91b9caf48ea9c5dd1a0c8e1db72922b6dfcb647b102fc469,60.16629,24.95957,00000000fb7600be,9.12
11544,2019-08-01T09:06:31Z,88c2bc6310f27465b9f08b28fb52075d7703ce7b097e5beb37c7437c,60.14947,24.91438,000000004ef3150d,14.89
11545,2019-08-01T09:06:31Z,898cde3317c73907bb23b1b885828c4bf3187c3a757a18dc32abe970,60.16762,24.95415,000000006b44cce7,6.46
11546,2019-08-01T09:06:31Z,89aeff56a0700534bbf2dfd19fc298f5a890c95e1a45b6ca7ad3c33a,60.16829,24.94214,00000000afef4555,11.7
11547,2019-08-01T09:06:31Z,8a01e28fd327e5c56dcf2dc8b2b7762a96d77584c21990a073ceb11f,60.16829,24.94214,00000000afef4555,5.91
11548,2019-08-01T09:06:31Z,8a70673a694137689441a8a18cff0044d959d5d1991c92c7b5fb8f0c,60.16829,24.94214,00000000afef4555,41.64
11549,2019-08-01T09:06:31Z,8c571538c285dba9d77edacfb1829b282d54b772b62209c6e4004237,60.17918,24.95141,00000000675d5200,4.11
11550,2019-08-01T09:06:31Z,8e20d0d67339e3cf43e77c3a340d9dc6766de8d079197a08a1343ff0,60.17065,24.93641,000000000f4919c9,16.1
11551,2019-08-01T09:06:31Z,8e6caf283696ed75a4aff0c3f528dad5878f6f4b82cbd3eae1164484,60.16897,24.95222,00000000aa852af1,20.28
11552,2019-08-01T09:06:31Z,90a44cbd1a957cc59a6986cff9b6b7b8e151d379e17da645069428b8,60.173,24.92524,0000000096918cfa,21.87
11553,2019-08-01T09:06:31Z,939c459d913b0b38838071a0d13671e83e4a751f44624b21e84daa69,60.16762,24.95415,000000006b44cce7,11.7
11554,2019-08-01T09:06:31Z,941e13893853105c86bfbc6d31d62274937602143ce3bb530c8c17ed,60.17919,24.95181,000000007b5207b6,3.4
11555,2019-08-01T09:06:31Z,94de25728748a75e0ae17bd3f75d246c22fa741c669973ccb86ea813,60.16531,24.9442,00000000fdda10fe,20.28
11556,2019-08-01T09:06:31Z,9609babe3114439a82f93f797f4a6e779b6bab625488b8ff5b63e674,60.16829,24.94214,00000000afef4555,25.36
11557,2019-08-01T09:06:31Z,9998e64e3b5162fd8890fc4e2dfe41a3e875f08500f1cef0c4820855,60.16829,24.94214,00000000afef4555,25.36
11558,2019-08-01T09:06:31Z,99a026b5100e23129fa529e9a57a3dbc8490dc03b58f2193f03e2dcf,60.14951,24.92138,0000000006dd41f6,5.91
11559,2019-08-01T09:06:31Z,9abbc86fb0fc1c0532042814af76a97e6a17121831d4394749a290a6,60.16762,24.95415,000000006b44cce7,5.41
11560,2019-08-01T09:06:31Z,9b3e6848d8b34e802134d6da0e5a594897ec3fafbbf08b6d0b84068e,60.17918,24.95141,00000000675d5200,9.12
11561,2019-08-01T09:06:31Z,9bc129708b07f3c5bbf4195e83f0e5b9a663b6f371f416a8e3a605f0,60.16897,24.95222,00000000aa852af1,23.56
11562,2019-08-01T09:06:31Z,9bdb503344071eddd74d821f537246d8a6c19468b05d38d0170377f9,60.16897,24.95222,00000000aa852af1,14.89
11563,2019-08-01T09:06:31Z,9bef8b28ea93ecaee57d05b037edbfe7f80014aaf56343345fedd7be,60.17918,24.95141,00000000675d5200,12.69
11564,2019-08-01T09:06:31Z,9ce214896068957a21bc57af08680d84debbd091b49ad5e6402c4cc8,60.16629,24.95957,00000000fb7600be,23.56
11565,2019-08-01T09:06:31Z,9dfecc3e26cb27e4b80721e355ef0d6cb182ac2eebf66b006e2d9f8e,60.149,24.9843,00000000fffb8cf0,29.32
11566,2019-08-01T09:06:31Z,9eee6d740f1d483c484d02f0995f35550c09e6a8cf01f02680db5efc,60.16448,24.97323,0000000053c6c2be,16.1
11567,2019-08-01T09:06:31Z,9fe150ec915809e658e73e8d7076541dd0ae11c3374241f41adbb90b,60.16629,24.95957,00000000fb7600be,17.4
11568,2019-08-01T09:06:31Z,a04214b56cac7d70680703ee6a28fac742f3c3190b55b46a79c1f76d,60.149,24.9843,00000000fffb8cf0,33.81
11569,2019-08-01T09:06:31Z,a0af15cb8910790ac8af904ddf7b0dbf5ef778ba6dd3b3e690926089,60.16762,24.95415,000000006b44cce7,13.75
11570,2019-08-01T09:06:31Z,a1049deed97cd1989c882cb47bb39f0d93d1fddbac4e9307e8a4249e,60.16544,24.95398,0000000038d83d41,25.36
11571,2019-08-01T09:06:31Z,a16125dfa367baff48232271d16aff6fc3b7696cb053bfec4aeccfa0,60.16531,24.9442,00000000fdda10fe,29.32
11572,2019-08-01T09:06:31Z,a2333053951d093ef490bcc3b9455fa0ed512421b5b597602785ab28,60.16531,24.9442,00000000fdda10fe,14.89
11573,2019-08-01T09:06:31Z,a2e761fd97d8bdf78601300822b531e306b9ab7a1a43b6bfb07eba52,60.14947,24.91438,000000004ef3150d,12.69
11574,2019-08-01T09:06:31Z,a38c11c450b472b9dad2f076e2d9a63651292d3de806331d06af7f46,60.16531,24.9442,00000000fdda10fe,20.28
11575,2019-08-01T09:06:31Z,a47e8613674297dc49b26801b19d2110d009aaee57412f2127f3b093,60.16897,24.95222,00000000aa852af1,18.79
11576,2019-08-01T09:06:31Z,a494efd9b72074b7b147d3d12c4f230dfcefebfc957f6b96235933aa,60.16531,24.9442,00000000fdda10fe,47.69
11577,2019-08-01T09:06:31Z,a66eb6150c36b53f6240acfe16dd98ceb16c43b8e02d0b56993bac73,60.16897,24.95222,00000000aa852af1,20.28
11578,2019-08-01T09:06:31Z,a6d0dd9de406b1201a4e438ec7c5f4a467f38c41e2dec42ff6c71d50,60.16897,24.95222,00000000aa852af1,11.7
11579,2019-08-01T09:06:31Z,a786eb3b8a25c58099a428799e99d0b86401f803ee38d3e5d20e59d3,60.15432,24.9211,0000000019fb59c4,12.69
11580,2019-08-01T09:06:31Z,a808962cb511e5ed2d23e6e33efe252b1be29dc1d2f7c6154817f04f,60.16448,24.97323,0000000053c6c2be,16.1
11581,2019-08-01T09:06:31Z,a83415babca8eac00f69a32371a230fdadda29bf40fd69f75cf2e8fb,60.17919,24.95181,000000007b5207b6,10.78
11582,2019-08-01T09:06:31Z,a83703c80a4d58db87327a53b0d3664d23edf7350ff6b0afaa49c530,60.16629,24.95957,00000000fb7600be,21.87
11583,2019-08-01T09:06:31Z,a838fe521ed943ab5d8f7c5d408246fb2370ea139b12544208826ea9,60.16897,24.95222,00000000aa852af1,23.56
11584,2019-08-01T09:06:31Z,a8ca7fb815e707c04434a085c4f99e783d56372143afc92225eae622,60.15133,24.92329,00000000e8a064a4,11.7
11585,2019-08-01T09:06:31Z,a982f65ed2c57aff3f744dba9f5e9ca929c81c14883516889898f207,60.16762,24.95415,000000006b44cce7,10.78
11586,2019-08-01T09:06:31Z,aa05a7036c3586a79d23f426b78bf158357208bc82d7ddf9a1326dd2,60.16531,24.9442,00000000fdda10fe,10.78
11587,2019-08-01T09:06:31Z,abf0be93e7a8aec9fa8284fdbcc2493f32084aa95f15660b23e149c6,60.16629,24.95957,00000000fb7600be,13.75
11588,2019-08-01T09:06:31Z,acb3f4b2a6b9fe720b98158caba37c1958df05919990f30368dbbd8b,60.16762,24.95415,000000006b44cce7,13.75
11589,2019-08-01T09:06:31Z,acbbe4765d72f36b0323407c7dbe43db7b4ad5e2da0a6a9e5966db0b,60.16897,24.95222,00000000aa852af1,7.69
11590,2019-08-01T09:06:31Z,ad22512fd6a5ad9e19fdfad7e02b2793ecb01875be243f894c637ae2,60.16829,24.94214,00000000afef4555,1.12
11591,2019-08-01T09:06:31Z,af67ffa8b538058603b74f48e04ab914e8f6cd450f53c47f8c3d683d,60.15432,24.9211,0000000019fb59c4,18.79
11592,2019-08-01T09:06:31Z,b09e9bb62cc49c085c1aee3b752af1bec69dabc939323e5733f73933,60.17065,24.93641,000000000f4919c9,18.79
11593,2019-08-01T09:06:31Z,b28757d67868f9471f0d997a935e857fd0ff1095449820929597563b,60.16762,24.95415,000000006b44cce7,10.78
11594,2019-08-01T09:06:31Z,b32e57a6f5865a23d7a0e9fa346d5ec4e975f99c4df815fe8b1449b2,60.17918,24.95141,00000000675d5200,14.89
11595,2019-08-01T09:06:31Z,b474e34db18d21635ec9ea2654513e6759c326f3aaec96c25f9a204e,60.16897,24.95222,00000000aa852af1,12.69
11596,2019-08-01T09:06:31Z,b4ad2ae124ba06d650fd30de0b19851bff32daef16a95b7f1bb96a00,60.16897,24.95222,00000000aa852af1,31.5
11597,2019-08-01T09:06:31Z,b50a45ac0708e7b5cca42f3458430eb22ff70a81c575bafe99ffda23,60.17002,24.94407,000000006b087f40,9.12
11598,2019-08-01T09:06:31Z,b5603e758440226e490d1d7d7271a7b0d5c261eccbad198f81110136,60.15432,24.9211,0000000019fb59c4,3.09
11599,2019-08-01T09:06:31Z,b68ca6659e80a8b273132a5871add1b2d920d2ec1fcf754ee1a4d102,60.149,24.9843,00000000fffb8cf0,33.81
11600,2019-08-01T09:06:31Z,b69604356a52f2b1b9c5de09a350f42d87f5b969e3e824d8b6b2368f,60.16829,24.94214,00000000afef4555,17.4
11601,2019-08-01T09:06:31Z,b6c43126ca83e916a68e57d0178060c24fc61305836b6c8f188f7285,60.17918,24.95141,00000000675d5200,7.05
11602,2019-08-01T09:06:31Z,b6f0f4101a1a258dcb1d82d77ca91000694d4fed15bd882a8e3bfe66,60.149,24.9843,00000000fffb8cf0,10.78
11603,2019-08-01T09:06:31Z,b8fb70225ee0a2d655e2809da07a2f8cd2feb7295aa256f8b35fcf1e,60.16629,24.95957,00000000fb7600be,9.92
11604,2019-08-01T09:06:31Z,ba2262b5310a223ccb57bf8b1f6c5d904d7aa31939f3ffa28060dbc7,60.16829,24.94214,00000000afef4555,36.27
11605,2019-08-01T09:06:31Z,bb2187a4e20012ad694c768ef2c47c9a9055671024ebf4855d4e6243,60.16531,24.9442,00000000fdda10fe,1.25
11606,2019-08-01T09:06:31Z,bc6d5082ca52e6dae7a1689a835434f3f6341e90afea565480eb9674,60.16829,24.94214,00000000afef4555,12.69
11607,2019-08-01T09:06:31Z,bc82f76c979de19b559e9e3aa0cd6cbf5ac361e2d7b1ac9f81fe2f4f,60.17918,24.95141,00000000675d5200,6.46
11608,2019-08-01T09:06:31Z,bd17e41f002acd238070518ccfb611a42561023ceaefde667bf6fa55,60.17002,24.94407,000000006b087f40,13.75
11609,2019-08-01T09:06:31Z,bd23c66c4df0bd849266a4429a24f23f2c9503cf31eb0cd9780248e6,60.18203,24.91341,00000000342570c2,13.75
11610,2019-08-01T09:06:31Z,be12d6aaccf354197284a8c92b960bd6a4e1705f7d948823e7891fde,60.16762,24.95415,000000006b44cce7,10.78
11611,2019-08-01T09:06:31Z,c15da9ed244b57a27a083919c67d0edde078a31b18cb58f13581f173,60.1538,24.95595,0000000038bf9618,14.89
11612,2019-08-01T09:06:31Z,c1674c59c49d5bf74e6808239a91d18a04e47697d298bc61a7618af2,60.16448,24.97323,0000000053c6c2be,14.89
11613,2019-08-01T09:06:31Z,c1bf1bf699e9bc78ca15c9490d1ef02e3323f0c2c76bf0fca7955a69,60.14947,24.91438,000000004ef3150d,20.28
11614,2019-08-01T09:06:31Z,c434f18b802a764aad7a2dfb46e93546acb1b0975cf9b93fd47363f6,60.15432,24.9211,0000000019fb59c4,9.92
11615,2019-08-01T09:06:31Z,c46895857ca53c3362932d446a58c13b60d297f99ca237d4546589e8,60.16897,24.95222,00000000aa852af1,18.79
11616,2019-08-01T09:06:31Z,c4c936ac80b0ae54c0c8423657bd882256a046f8cc9416db5a725204,60.15432,24.9211,0000000019fb59c4,29.32
11617,2019-08-01T09:06:31Z,c51beff15d228f2dab9416cadfcc60fe269ce3d9202a9cf2ec7e7647,60.16829,24.94214,00000000afef4555,29.32
11618,2019-08-01T09:06:31Z,c65c11ee6e8b5894ead3ea9b007a39127edb65a67be253aca6f78ed0,60.16448,24.97323,0000000053c6c2be,20.28
11619,2019-08-01T09:06:31Z,c71ca1a0d84d8b380a2d73e225e3300b3aaa1f0bf494129f8dbed55f,60.17918,24.95141,00000000675d5200,31.5
11620,2019-08-01T09:06:31Z,c872af9997af535c4615ee0b4194c7c8d644b7962afb3ca321eb386f,60.15133,24.92329,00000000e8a064a4,21.87
11621,2019-08-01T09:06:31Z,c8b9856a261673c3360915cd9a4dabb4afe22b63a86d7f59f7dc5f20,60.17002,24.94407,000000006b087f40,18.79
11622,2019-08-01T09:06:31Z,c8df45d222b573af5441c1ec32616df82891a813c9217002a9d60846,60.16829,24.94214,00000000afef4555,14.89
11623,2019-08-01T09:06:31Z,c97b6bdfeebd08976aac7e62bb4cd47825331b8bf5bf76d69d7204f2,60.16762,24.95415,000000006b44cce7,12.69
11624,2019-08-01T09:06:31Z,c98bce1cc275ed0a1b833011f8cd251ac848fdc84501fe87eb8b5d54,60.17918,24.95141,00000000675d5200,14.89
11625,2019-08-01T09:06:31Z,ca7719c7cd8d4496b666f608fc07ba9930e362a0b2d96890b0778618,60.16629,24.95957,00000000fb7600be,9.92
11626,2019-08-01T09:06:31Z,cc38e377ae09d26d3ddad7349bf3aac26d4acd67915da15f317b8507,60.16829,24.94214,00000000afef4555,20.28
11627,2019-08-01T09:06:31Z,cccf3ba2a9d11b9330c18af8064a20aca9995473495bf119162a1619,60.16897,24.95222,00000000aa852af1,9.92
11628,2019-08-01T09:06:31Z,ccf4611f19a0b20cfaaf5bdba7523f62b2b1c37d3169f7fcd9735d22,60.17918,24.95141,00000000675d5200,25.36
11629,2019-08-01T09:06:31Z,ce7de55c7709396c70ce5930097e84449a4889700e605a0b062aaeae,60.16531,24.9442,00000000fdda10fe,17.4
11630,2019-08-01T09:06:31Z,cf061f5093c857b2efc346d3ad51fd17cca7eb360060ba7875630cf5,60.16897,24.95222,00000000aa852af1,25.36
11631,2019-08-01T09:06:31Z,cf823e18aa21de251222a9ab70c1b76b6218dea694752d56f6f84082,60.149,24.9843,00000000fffb8cf0,20.28
11632,2019-08-01T09:06:31Z,cf9455daa4877b79636eca3ae57056b08dfc0b42f107cedb6f5a3f16,60.16829,24.94214,00000000afef4555,9.12
11633,2019-08-01T09:06:31Z,d062562fed5ad0a61560e267310beb0b717d2a1e2a11d1d575507861,60.16897,24.95222,00000000aa852af1,14.89
11634,2019-08-01T09:06:31Z,d0ae4fabf429edbfdad59f8183cc6e5929f68633315448c9b83d4c16,60.16762,24.95415,000000006b44cce7,8.38
11635,2019-08-01T09:06:31Z,d31d6921eee92503b486a1b30f5330581c4744a82e6549f375544846,60.17918,24.95141,00000000675d5200,16.1
11636,2019-08-01T09:06:31Z,d562afdedae521be241c98441e436608a323fdb944dedc24c835e762,60.17065,24.93641,000000000f4919c9,4.11
11637,2019-08-01T09:06:31Z,d653ef8368d33df4fc7edeb5a381d5826be1471f1470aa9744d47901,60.173,24.92524,0000000096918cfa,2.54
11638,2019-08-01T09:06:31Z,d6e217c6592e449e2390b1a874e08cbc9126116901dbdbf84501c6b8,60.17065,24.93641,000000000f4919c9,10.78
11639,2019-08-01T09:06:31Z,d74ea3c9e0aaa523c791aa01f4f9a7c1c43f01f585dc4146b19edf83,60.17918,24.95141,00000000675d5200,9.12
11640,2019-08-01T09:06:31Z,d7734ef0345fcffc0f4bd7579275af62987490aba012209832e92059,60.16629,24.95957,00000000fb7600be,10.78
11641,2019-08-01T09:06:31Z,d8778698d75313bf43f7255696e14eda9502d5d7a6e7315071181cc8,60.16629,24.95957,00000000fb7600be,27.28
11642,2019-08-01T09:06:31Z,dc786895c819070347a0a268463f0a8b15f5eec1647f016a9e78e9e0,60.1538,24.95595,0000000038bf9618,18.79
11643,2019-08-01T09:06:31Z,de97d4b1b05003191faf8bb5c1bed80b82fffa5d137f8921eec195e5,60.16897,24.95222,00000000aa852af1,20.28
11644,2019-08-01T09:06:31Z,deb8a213e1b4930e676ee8fdb394161ec46adb785171fa37437b4d44,60.15133,24.92329,00000000e8a064a4,21.87
11645,2019-08-01T09:06:31Z,ded712413bfc7de58a469fab75498089b2c3c6b5e0c9cae260102284,60.16829,24.94214,00000000afef4555,14.89
11646,2019-08-01T09:06:31Z,dfe80baf219bd267a459c954a8e3027b3f1ed29fea2a5355456d5652,60.16897,24.95222,00000000aa852af1,20.28
11647,2019-08-01T09:06:31Z,e09515dbe1e90af07cb756a83c222c60f5f0566f94590848e72f6401,60.16762,24.95415,000000006b44cce7,12.69
11648,2019-08-01T09:06:31Z,e0fe7fe5854899c0eb42b75b300339808143419404558ed4d00b0f17,60.17918,24.95141,00000000675d5200,5.41
11649,2019-08-01T09:06:31Z,e234769b1ce1634554f5fa4a290d11b2a30c3dfd009d4c39a2e9dd3d,60.17065,24.93641,000000000f4919c9,18.79
11650,2019-08-01T09:06:31Z,e2bb0ae74deee6cbc4f50c5f85da3f1779ca1db1ae7ff48ab4b33dbc,60.17918,24.95141,00000000675d5200,4.94
11651,2019-08-01T09:06:31Z,e528235be3e5cc4945024d50d1ed43061e2e2f2845f2b41e081e1721,60.17918,24.95141,00000000675d5200,11.7
11652,2019-08-01T09:06:31Z,e5cad8bb9a6c8dcc067948d7f869033aca5bdd062da175c8734092e6,60.17918,24.95141,00000000675d5200,18.79
11653,2019-08-01T09:06:31Z,e60dfd6fdae0694da3bbaca41506bcb6ca5f3ac39a1801d84a65751e,60.16762,24.95415,000000006b44cce7,13.75
11654,2019-08-01T09:06:31Z,e73dcccbc4dd6af49316f19a34c347cc94ff7ab079a93a2672d78a16,60.14947,24.91438,000000004ef3150d,25.36
11655,2019-08-01T09:06:31Z,e8add7e8346b99cd4b67924113f3763441a1899897c6d1ac3a1a40a6,60.17918,24.95141,00000000675d5200,8.38
11656,2019-08-01T09:06:31Z,e8ed8051f57ad9d9029a5e3b443c5e93e5059f8c487ba45e2583d35a,60.16829,24.94214,00000000afef4555,17.4
11657,2019-08-01T09:06:31Z,e9064a62fac257836cb6fbcf0d84fab1ebdfa46bd6734632f1e6f116,60.16829,24.94214,00000000afef4555,17.4
11658,2019-08-01T09:06:31Z,e979a153601f7520f54d4733fe91f75f154c8f1c08dc3408dbba5345,60.15432,24.9211,0000000019fb59c4,17.4
11659,2019-08-01T09:06:31Z,ea3f8412ed9c4d92448688dd9cc7ff9e3eeb5fe4373d0953bf0349c1,60.16531,24.9442,00000000fdda10fe,18.79
11660,2019-08-01T09:06:31Z,eaf572301dc5c1eaff007bc1886cce8f0f5e92a233b8686ed2a1a9cc,60.17065,24.93641,000000000f4919c9,11.7
11661,2019-08-01T09:06:31Z,ec2dd83e04d225caca9f6b9d28bd3080ed37c5bf42e5f65123fa2394,60.17065,24.93641,000000000f4919c9,10.78
11662,2019-08-01T09:06:31Z,ec7121833f0e4b509d683b00a9c5e992e4b84882cb857145102e14f4,60.16531,24.9442,00000000fdda10fe,1.38
11663,2019-08-01T09:06:31Z,ec8c0160ac1ee5aeaf6204956c9db2ee4f98f55ae3fe1ec0af07fab8,60.16762,24.95415,000000006b44cce7,4.11
11664,2019-08-01T09:06:31Z,ed86f884272a5a400b55bfd4f22bc8cc5d6fca7fe26eee3c39cb3c52,60.15432,24.9211,0000000019fb59c4,9.92
11665,2019-08-01T09:06:31Z,ee424f3045accaa01434f840d87b26b22f65fb6b2f8d34a4b94d6fcc,60.16762,24.95415,000000006b44cce7,20.28
11666,2019-08-01T09:06:31Z,eef621895ee74145a6d76c5f5493a93d7c728c80abe45a2e1933ae9f,60.16897,24.95222,00000000aa852af1,23.56
11667,2019-08-01T09:06:31Z,ef620c567fe4adc1160d75daa4075a87a75acb4a956b68eb60da0690,60.17065,24.93641,000000000f4919c9,23.56
11668,2019-08-01T09:06:31Z,ef67b9e4617f284b84167b4bdaff71108579a33ced0a2450ff25a1a1,60.16629,24.95957,00000000fb7600be,8.38
11669,2019-08-01T09:06:31Z,efb0235d2d9cd06b8377959fc3e5e144c222db88b6578a8fa7a48475,60.16762,24.95415,000000006b44cce7,21.87
11670,2019-08-01T09:06:31Z,f1447725764ec0dca245fc67f2aa0a0c42e6b05808076aa74f0c1e7e,60.17918,24.95141,00000000675d5200,17.4
11671,2019-08-01T09:06:31Z,f18c0c32d067aecf5602d70693ac888cab1be6dbb0d154be5153dfcc,60.16829,24.94214,00000000afef4555,8.38
11672,2019-08-01T09:06:31Z,f1b28329fc91f4708ca34857c5582c0bf1b7d0ab06127746029cd72c,60.17918,24.95141,00000000675d5200,8.38
11673,2019-08-01T09:06:31Z,f20935810c1567a80c288016c4d4dd32fe86b3479f47ae7dd64d15cc,60.15432,24.9211,0000000019fb59c4,8.38
11674,2019-08-01T09:06:31Z,f29ed00b645af4bbf50174e71f58a9b691d2e2342e59eda242d97380,60.16829,24.94214,00000000afef4555,16.1
11675,2019-08-01T09:06:31Z,f4587b90aec9127805880f7c81fc03b9fb513fe363015399b895089f,60.16829,24.94214,00000000afef4555,10.78
11676,2019-08-01T09:06:31Z,f4bbc3077da0455d4340da2eed204915327b75a792080724548b4956,60.17918,24.95141,00000000675d5200,1.7
11677,2019-08-01T09:06:31Z,f503a41d3e8b9b57628f4f061c1d8e0c53c62dd8a6fe38d212958ee6,60.16075,24.95883,00000000f1124bca,9.92
11678,2019-08-01T09:06:31Z,f55165f87792f06aaca9b79eea536f4bd692c8ee806294be5fb014df,60.16829,24.94214,00000000afef4555,25.36
11679,2019-08-01T09:06:31Z,f587de6c8c03387c5e6a66cd7d20c45abad3668c8e2246611122547b,60.14947,24.91438,000000004ef3150d,20.28
11680,2019-08-01T09:06:31Z,f5d9e90c37840670f09005aa28a20ca561c4d6bc36ffd28c9ca80584,60.16829,24.94214,00000000afef4555,14.89
11681,2019-08-01T09:06:31Z,f741519cf6f519194bb45b9da0e69bda8edb903e3c24d4140f340467,60.16762,24.95415,000000006b44cce7,9.92
11682,2019-08-01T09:06:31Z,f9e527876f8dfe750fd29bc42664bbf572aed5d09d344a8934a83d90,60.17065,24.93641,000000000f4919c9,5.41
11683,2019-08-01T09:06:31Z,fa9f19c58a086fde9429d732b1eec80eacf5fc1b2c0124d17243d008,60.17918,24.95141,00000000675d5200,3.74
11684,2019-08-01T09:06:31Z,fb2df85c8938d6a1bbd1ff0a1cd8aa23480ae08dc39d2b584ed35e14,60.16762,24.95415,000000006b44cce7,11.7
11685,2019-08-01T09:06:31Z,fba6e66dd09200012637e0b454c96fd7a5459b7e8b0ba01863cdbd77,60.16762,24.95415,000000006b44cce7,3.09
11686,2019-08-01T09:06:31Z,fc75e05a713e8733c512a31a3bebec0a122af3e7afb2c5059c3f1a3a,60.17002,24.94407,000000006b087f40,9.92
11687,2019-08-01T09:06:31Z,fe191b6937595e5cf2ac1491e9056f0f9fb5bf66c0cb900df00b4c64,60.16829,24.94214,00000000afef4555,6.46
11688,2019-08-01T09:06:31Z,fea1453360073dfc1896bf1f005f51addb49661f953e16cffba3c63d,60.16531,24.9442,00000000fdda10fe,9.12
11689,2019-08-01T09:06:32Z,14c7e1511b70f4dd3359cbece1377aebb4d70531f5489eefe53d7c3c,60.16544,24.95398,0000000038d83d41,23.56
11690,2019-08-01T09:06:32Z,15918569de0a46a8eb56b43d8d39f7fc82619ff1006f00822c85745c,60.17918,24.95141,00000000675d5200,1.7
11691,2019-08-01T09:06:32Z,165ebbb4090d47319ae370f0d0854fdc1f6b79499f8b2e4d3c3533c0,60.16544,24.95398,0000000038d83d41,23.56
11692,2019-08-01T09:06:32Z,171d0bf49a26400390df42bc1c9af98d9279bf8ccee92f39288845e1,60.16762,24.95415,000000006b44cce7,4.11
11693,2019-08-01T09:06:32Z,1f0f0628cdc688d76bde2b82bee5b9b4916bf0bbdfe76cf3213e1c65,60.15432,24.9211,0000000019fb59c4,14.89
11694,2019-08-01T09:06:32Z,2a93b61a3863ace54349d7a0937e4134fcc6d4dfcf064eefae2b7cf8,60.15432,24.9211,0000000019fb59c4,20.28
11695,2019-08-01T09:06:32Z,35c6573a3fdd07d91dacb331df71f349703fbecb50875602452d3b83,60.16762,24.95415,000000006b44cce7,9.92
11696,2019-08-01T09:06:32Z,4bbbd31369584c03769c2d0dc01e34a75cc22ae1352f831f62696d2b,60.16762,24.95415,000000006b44cce7,13.75
11697,2019-08-01T09:06:32Z,5d65719c4cbf045f068d084b72302f447d5fd034413d97d13be00d0e,60.18203,24.91341,00000000342570c2,20.28
11698,2019-08-01T09:06:32Z,5eed115a984d490b02b602d73787aee8dc8c4e9365b77fbff3818a76,60.16629,24.95957,00000000fb7600be,21.87
11699,2019-08-01T09:06:32Z,6a657079c1bdc8114c289be1ddd83e5846d4279a920d1697b8ff0033,60.18203,24.91341,00000000342570c2,18.79
11700,2019-08-01T09:06:32Z,6d22b751ff5173035dc85c52c3dff0780126adae67fe33dc62dd45ef,60.16531,24.9442,00000000fdda10fe,17.4
11701,2019-08-01T09:06:32Z,6ff437688c444238352c28f64f9d2a7d0f14d19c9ea42c225380501e,60.16762,24.95415,000000006b44cce7,23.56
11702,2019-08-01T09:06:32Z,76c7f42283513d0e289bf786d89463b5025b2ae0f4e13519a4cf228b,60.15432,24.9211,0000000019fb59c4,18.79
11703,2019-08-01T09:06:32Z,77839e655f856d5295739c2388237a95b399c3b8a4f659cd1345d939,60.16829,24.94214,00000000afef4555,20.28
11704,2019-08-01T09:06:32Z,78d5f60b36b59c06c3988b94e11744bb3aed5dcbc214f91f228bf892,60.16448,24.97323,0000000053c6c2be,18.79
11705,2019-08-01T09:06:32Z,79f136afa0dd8717337c01c70b457c464aaf0fa25b440f51a394ec23,60.16762,24.95415,000000006b44cce7,16.1
11706,2019-08-01T09:06:32Z,7ea143c7b689f7c20c38e261a438c20bc2fabab41f1548561d65a3a5,60.16531,24.9442,00000000fdda10fe,38.87
11707,2019-08-01T09:06:32Z,84fdfd8881f633c5f0c71c1480053953ca4b05e848052d97c063ad38,60.1538,24.95595,0000000038bf9618,21.87
11708,2019-08-01T09:06:32Z,87dfaad29a9276ddddb1fa021d3bc23ad14824c1af16f7d87e713689,60.14951,24.92138,0000000006dd41f6,9.92
11709,2019-08-01T09:06:32Z,8c75c3289c84fe4493e1e272a77b615fe1985880c5dc68a7c1a17b53,60.16762,24.95415,000000006b44cce7,9.92
11710,2019-08-01T09:06:32Z,8cc6ddaa460aeae8cc9e8a33f91a01c8cd4c0c8bf8a943210a28c84d,60.1538,24.95595,0000000038bf9618,16.1
11711,2019-08-01T09:06:32Z,9843c6216661048343a0e49cf3d8aa2883cf77f452666a1c873a1052,60.16448,24.97323,0000000053c6c2be,9.12
11712,2019-08-01T09:06:32Z,9d03d14afa49576281aa26db60e517f7c1ec8aa36f7756959a860a8a,60.16629,24.95957,00000000fb7600be,17.4
11713,2019-08-01T09:06:32Z,a794b5cd3dff23bb2fe621fa0fa64a9ad4be2ab820bff2b483489903,60.16897,24.95222,00000000aa852af1,31.5
11714,2019-08-01T09:06:32Z,a9da1ee82e3b670e276c26b483dd50f4a6d0c6f77ef82245d3ae6086,60.18203,24.91341,00000000342570c2,23.56
11715,2019-08-01T09:06:32Z,ab0f67c0c0e1ba5eac9013f9c314feadf340ddf08543b91e70483594,60.16544,24.95398,0000000038d83d41,18.79
11716,2019-08-01T09:06:32Z,b1f358076ba79ef902a36ca8ae3f8ec7c93308a67c479345bfdbdecf,60.1538,24.95595,0000000038bf9618,29.32
11717,2019-08-01T09:06:32Z,b4faf2d3c4d2b199afeab6ab63b583fe3a2e81e14abbef6917f25129,60.15432,24.9211,0000000019fb59c4,14.89
11718,2019-08-01T09:06:32Z,b5fd6b317890e5ab2d79e2cd1abe61626d45a753c7337d0d40728898,60.16762,24.95415,000000006b44cce7,8.38
11719,2019-08-01T09:06:32Z,c40c37def6bf11a63a2556519a7c6233fd417cdeea2cf14f28e7c42c,60.16531,24.9442,00000000fdda10fe,23.56
11720,2019-08-01T09:06:32Z,cf05623e4d87ce0906c0b0b7dbf53aacc1228016cd27c341228b6e76,60.18203,24.91341,00000000342570c2,18.79
11721,2019-08-01T09:06:32Z,d127ead865385b64ae537a703a26be15fae4b5332ce0fbf03d5e0c23,60.1538,24.95595,0000000038bf9618,31.5
11722,2019-08-01T09:06:32Z,dd2c9c82cf3737146294aff6f814a1349fb0bc4bedf518715dacbe8f,60.18203,24.91341,00000000342570c2,17.4
11723,2019-08-01T09:06:32Z,ddc67f72e5e8f9a7d6b2da1da84e1837810b48e399bfa77518b37226,60.16531,24.9442,00000000fdda10fe,31.5
11724,2019-08-01T09:06:32Z,df89b51aeaaa1a8c64db45d6c35f918b650806b37aea9b50246a3267,60.16829,24.94214,00000000afef4555,23.56
11725,2019-08-01T09:06:32Z,ec72ef080c605e71978aed0d3b5f22c3c3133677a43c614b72eedc6d,60.14699,24.922,00000000a53ed894,20.28
11726,2019-08-01T09:06:32Z,ed70dda6b7faebd4340dacdb452ab224d9d3c308df417b7fa76f54e8,60.14951,24.92138,0000000006dd41f6,25.36
11727,2019-08-01T09:06:32Z,efd1806e1eee5eca948bc2537df8d816e2cce41009b41189c350ce74,60.16531,24.9442,00000000fdda10fe,33.81
11728,2019-08-01T09:06:32Z,f22981c21af00fc334b3d8bdd523e23a50384666e97815f0ec1dc0ac,60.16897,24.95222,00000000aa852af1,7.69
11729,2019-08-01T09:06:32Z,f70a43051a4f59f5002c4018a464b44781f7f527861efda6626a2de4,60.16829,24.94214,00000000afef4555,20.28
11730,2019-08-01T09:06:32Z,f7e45613ad966fea53fab73b435ba3a087c774e36596b3a5156a3487,60.16829,24.94214,00000000afef4555,1.7
11731,2019-08-01T09:06:32Z,f83d4b6b8ffbf8a674d212e32100b2360b80261b4e9207d77c0b0ed3,60.17918,24.95141,00000000675d5200,4.5
11732,2019-08-01T09:06:32Z,f99c5dd8cc08bd2353083d875ce8bc585fb2c2ff8427b90d92f571de,60.1538,24.95595,0000000038bf9618,29.32
11733,2019-08-01T09:06:32Z,fc4f3a44235f1cfc7b53f14ba2da599976a5a0a220d23b852688e485,60.17918,24.95141,00000000675d5200,21.87
11734,2019-08-01T09:06:32Z,003df90ad3d2a718b8afbb46befc7b616ad6b8a25b63fcc99e515eed,60.16629,24.95957,00000000fb7600be,23.56
11735,2019-08-01T09:06:32Z,00787dad708490660b0b836fa415681cc57046fa521c0c0aaea14a9e,60.16762,24.95415,000000006b44cce7,2.54
11736,2019-08-01T09:06:32Z,02050a536056486b1bf139282f0d0a3af63def1d56ff0c73ac51bb19,60.14947,24.91438,000000004ef3150d,27.28
11737,2019-08-01T09:06:32Z,023083c44c772667f1727e01c74518889b2a82d78ceb28c08b6f8a20,60.16531,24.9442,00000000fdda10fe,10.78
11738,2019-08-01T09:06:32Z,026f61905925674212a1c7d1e14b2ee5d1039bb4ecb5159f7d522150,60.16762,24.95415,000000006b44cce7,18.79
11739,2019-08-01T09:06:32Z,028149b8bfaf37d1f064cb0b4f23ae118f00d8eff41679fb8830396a,60.16531,24.9442,00000000fdda10fe,23.56
11740,2019-08-01T09:06:32Z,02fb8c740573d86a30d1a85d4b270f0d198cd0487446d6ca84453f3f,60.16544,24.95398,0000000038d83d41,23.56
11741,2019-08-01T09:06:32Z,0362cc670dcfab795a3911957b6a177416bf9b99d0e2732716796c4d,60.15432,24.9211,0000000019fb59c4,9.12
11742,2019-08-01T09:06:32Z,03f427d436ba092925de462b11374bdbdab0443620037675621fbc11,60.17918,24.95141,00000000675d5200,16.1
11743,2019-08-01T09:06:32Z,03f6be7d1ac53ba1cfd1cf3908440da6ff76778c67549533f78a62c6,60.16897,24.95222,00000000aa852af1,23.56
11744,2019-08-01T09:06:32Z,04c26e81b9a9c7fbc6060d74236c616220c3cd580100a0c58a62ea1a,60.16897,24.95222,00000000aa852af1,20.28
11745,2019-08-01T09:06:32Z,063935180fff0e58de5d319ecb9320cf794423e3c6aeac0cca8f1a9f,60.16897,24.95222,00000000aa852af1,10.78
11746,2019-08-01T09:06:32Z,08f9fd60f852d3502bfa509c955e9963e73954f961d55ba8cd46cae9,60.16629,24.95957,00000000fb7600be,10.78
11747,2019-08-01T09:06:32Z,0951ec0c700dba7330b8e8181fc852becde054d0dc7474d1488db3cd,60.17065,24.93641,000000000f4919c9,25.36
11748,2019-08-01T09:06:32Z,0b1e470de9987c18967cad858b6f79c135ffd2e9ad00bb9c470d0eb3,60.1538,24.95595,0000000038bf9618,29.32
11749,2019-08-01T09:06:32Z,0c1684b697a63d7f47ebaedcfa060b3b4af294fec1e62d613699291a,60.16897,24.95222,00000000aa852af1,4.94
11750,2019-08-01T09:06:32Z,0c2d3bdaf0e8a9d6efcf95298acb85805b31c1c6618f00dd4489dddb,60.16762,24.95415,000000006b44cce7,14.89
11751,2019-08-01T09:06:32Z,0ce136cd78d17c06d7c5673fecf75f44da717c2befaaea18c6bdf0b1,60.1538,24.95595,0000000038bf9618,16.1
11752,2019-08-01T09:06:32Z,0d2a30f4e69ed2b7c428129d550b561c93cfe41bbf290ae41a4343bc,60.16762,24.95415,000000006b44cce7,16.1
11753,2019-08-01T09:06:32Z,0f0a47457083121cf6392eb1d6d9a764f269d3c0e33d76403c446678,60.16829,24.94214,00000000afef4555,20.28
11754,2019-08-01T09:06:32Z,0f8e18e52422d7fb71594f8dbfc8bb5ae986eb9f664407f954e275b4,60.16762,24.95415,000000006b44cce7,12.69
11755,2019-08-01T09:06:32Z,0feb7de3b58597dd266ed606e8d3b6e2e4e0be942b17c15be984f51c,60.14951,24.92138,0000000006dd41f6,21.87
11756,2019-08-01T09:06:32Z,1069967e3921871955b1b2b42e60f829c593a3e024401bfe61ae410e,60.16629,24.95957,00000000fb7600be,16.1
11757,2019-08-01T09:06:32Z,1074ffc7b33a1a8b54ea8f31d0f43ba07ed2ad7841b548f9bd4b9bad,60.17065,24.93641,000000000f4919c9,23.56
11758,2019-08-01T09:06:32Z,1134a082e36fe03359bac74c814a0ed20468c45230115d4e25aa230d,60.16829,24.94214,00000000afef4555,11.7
11759,2019-08-01T09:06:32Z,1271bcd33c0056265a5bdf6df4092a3c9e2209abee80570cb172031b,60.16897,24.95222,00000000aa852af1,10.78
11760,2019-08-01T09:06:32Z,13a759fd293cbde0d55db753d853768b718e59036c4007d2e3a8757a,60.16762,24.95415,000000006b44cce7,9.92
11761,2019-08-01T09:06:32Z,141a580597619f20b14d71a17562763921dafbb27c8aaaa8700fd522,60.16829,24.94214,00000000afef4555,23.56
11762,2019-08-01T09:06:32Z,141ffc858c3ea6a2e69c954115114304736a35dc25ec947323090dc0,60.16762,24.95415,000000006b44cce7,10.78
11763,2019-08-01T09:06:32Z,1564db6ab71666bfe0865d19fd134f7018f49bc12ff1969853697784,60.16531,24.9442,00000000fdda10fe,21.87
11764,2019-08-01T09:06:32Z,164d8280dbb888033f64368dd641bcef597fc327148fcf74374894c5,60.16544,24.95398,0000000038d83d41,18.79
11765,2019-08-01T09:06:32Z,16e18d478be872d2a9801fa885d08edeb3f5ae1840b38478f9baf535,60.17918,24.95141,00000000675d5200,18.79
11766,2019-08-01T09:06:32Z,190cdde22bc3e3a41cd0f9da7efb3a917bc09e8034b05ca6064ea8a8,60.17918,24.95141,00000000675d5200,21.87
11767,2019-08-01T09:06:32Z,1ad9bdffafbbf8933ab6b3b695988ad31df32a874eddbf84de369e78,60.16448,24.97323,0000000053c6c2be,27.28
11768,2019-08-01T09:06:32Z,1bcb90d142d0d898da0b52237a3c003d06918db87aa98cf944b59af6,60.14699,24.922,00000000a53ed894,21.87
11769,2019-08-01T09:06:32Z,1cfafdaa3ff1975bcf6f699641431e88775ba2183074d825eeb81dd3,60.149,24.9843,00000000fffb8cf0,23.56
11770,2019-08-01T09:06:32Z,1d3e776f5c2d0514afd5e1fdcfda632877b1f59274c7293182e7c9ad,60.16762,24.95415,000000006b44cce7,16.1
11771,2019-08-01T09:06:32Z,1d70ff49909e1d6fb653ae053aa78084daf385dbbd2ad22b05707309,60.16829,24.94214,00000000afef4555,13.75
11772,2019-08-01T09:06:32Z,1dacfb371d75dd4f90f447aac2a00faad98beb4188a6971c19eb2375,60.16629,24.95957,00000000fb7600be,17.4
11773,2019-08-01T09:06:32Z,1e3044c19f6913531b6dd4bccb88ad02c1b39192513ccffa05444edb,60.1538,24.95595,0000000038bf9618,13.75
11774,2019-08-01T09:06:32Z,1e3af5697f0a2ae45f261da79e4ba71c868dc4d78008bd1995fe6259,60.16448,24.97323,0000000053c6c2be,33.81
11775,2019-08-01T09:06:32Z,1e6029f749dce72746f03dcc61a1986b14438610b7ff6a19c8165e6f,60.16829,24.94214,00000000afef4555,17.4
11776,2019-08-01T09:06:32Z,1eadb2c1984aa73c3c2f13eab0a2e793331443c617681e36887f0bcc,60.16629,24.95957,00000000fb7600be,17.4
11777,2019-08-01T09:06:32Z,1f813dc10021899138c12ca17c58ab3dc24db1750dcb1790f9c20e8f,60.15133,24.92329,00000000e8a064a4,12.69
11778,2019-08-01T09:06:32Z,20b37aa6c3ad0dfea9c182498905a450537b0efbbd8563b205e93afd,60.16897,24.95222,00000000aa852af1,12.69
11779,2019-08-01T09:06:32Z,227fd98ceb97d84d0c2c3af35c32cee7a87aea62d71b1a5353ae3588,60.17065,24.93641,000000000f4919c9,27.28
11780,2019-08-01T09:06:32Z,2283762fe3af8329ae65aec44de728da8f383810e9f2a3d3b84fa031,60.16897,24.95222,00000000aa852af1,20.28
11781,2019-08-01T09:06:32Z,22ac1ab1c590ea19b44c61c42f5e8da29a6acbabf56676527811507a,60.15432,24.9211,0000000019fb59c4,20.28
11782,2019-08-01T09:06:32Z,25479245e5a8b0fe47e2bd590cdd63256d84afd6c164781dc64e527d,60.149,24.9843,00000000fffb8cf0,13.75
11783,2019-08-01T09:06:32Z,2552cb43d7990bde838673115a742078e343ce93f96257728311655d,60.16897,24.95222,00000000aa852af1,29.32
11784,2019-08-01T09:06:32Z,25d340d14d855b8c18b2c6f2551ec98a1eb047d1fd3457ba881ddf28,60.17918,24.95141,00000000675d5200,5.41
11785,2019-08-01T09:06:32Z,270749ab8e1a83f0dcbf45dc861bcc0e10361d103d7589841787e366,60.16531,24.9442,00000000fdda10fe,20.28
11786,2019-08-01T09:06:32Z,277fcf3cc917a89b46a34e0cf5164a78f5bcc88d92bb45ded60f1a91,60.17065,24.93641,000000000f4919c9,7.69
11787,2019-08-01T09:06:32Z,27b591b33a56a542440b53031a24f42290b0ec1a194af27700b75a3a,60.17918,24.95141,00000000675d5200,8.38
11788,2019-08-01T09:06:32Z,28ce50ca84cdcd4c17a36ac666e7ac0267b6ab5b77f4bfb08b2573a1,60.16762,24.95415,000000006b44cce7,2.08
11789,2019-08-01T09:06:32Z,28d50861d92f962c7a49eabaa524431aebf52870e44b79f77d7167c6,60.17918,24.95141,00000000675d5200,13.75
11790,2019-08-01T09:06:32Z,2afa9ac588b2c55e8edf99ee96ecaf63451a7ab1e51571b7e2d1d491,60.16762,24.95415,000000006b44cce7,3.4
11791,2019-08-01T09:06:32Z,2c6810efb2565383ca0a554f3c51f3f7905484357f5e00756dbf091a,60.17918,24.95141,00000000675d5200,3.09
11792,2019-08-01T09:06:32Z,2f43b7a683b0d365a46b6259a032813c293472eaedcdbcc3507adee5,60.17919,24.95181,000000007b5207b6,11.7
11793,2019-08-01T09:06:32Z,2f79108a454c0072885ad1447280ed5098d061b229eaae61a8bb67be,60.15432,24.9211,0000000019fb59c4,4.94
11794,2019-08-01T09:06:32Z,2f82b3546af2df53b58cddc668c9aa196554108cdf39120ea40b417c,60.16629,24.95957,00000000fb7600be,4.11
11795,2019-08-01T09:06:32Z,2fb39eae730ec6f291700f841a64aaf680d52a8346399aec6ccb1dbb,60.17065,24.93641,000000000f4919c9,25.36
11796,2019-08-01T09:06:32Z,2ff189e5846383641192cafb595a7a8f77394239ee03aabd1bf3c49f,60.16829,24.94214,00000000afef4555,16.1
11797,2019-08-01T09:06:32Z,312e78d3624e87e1645e7d54f96facd8a2321d6e65a3ef0620fb1d42,60.16531,24.9442,00000000fdda10fe,21.87
11798,2019-08-01T09:06:32Z,31b02b3b271f6feef9e49d9285929ff1c25a11e608fc5d70bc6a1fac,60.16897,24.95222,00000000aa852af1,20.28
11799,2019-08-01T09:06:32Z,32fcb1ab3a9fde533916ca28a0d5b56bbb45fd171dd5bae91f66ec6c,60.16897,24.95222,00000000aa852af1,14.89
11800,2019-08-01T09:06:32Z,33fa4cb82db5b44ffe6e7ae1039635187f90d1df328f8f139da0c693,60.17918,24.95141,00000000675d5200,3.4
11801,2019-08-01T09:06:32Z,3480c16a6649952c388d8902596e332f018e609b9585f483353ae026,60.17065,24.93641,000000000f4919c9,1.54
11802,2019-08-01T09:06:32Z,34cdc3630624c211194acb463285c3b512788b2045daf479b9ba3bfd,60.16829,24.94214,00000000afef4555,31.5
11803,2019-08-01T09:06:32Z,34e96c7caa63e7ede8f428b18e8fb556ac235d61a50c9d6ac7ff268f,60.17919,24.95181,000000007b5207b6,4.5
11804,2019-08-01T09:06:32Z,3609f484ad7e56259f60a61aba44f22dfca5c8b2564fce7e802ad342,60.16829,24.94214,00000000afef4555,7.69
11805,2019-08-01T09:06:32Z,367b1989198ef11170dd9fcfa7e6ebb5ceb58aab87c613ee1bb86e8c,60.16531,24.9442,00000000fdda10fe,7.69
11806,2019-08-01T09:06:32Z,3685ee6d322dcb2ad0ae181f66c3c5427d4531d7896d2f5f7571bb6d,60.16762,24.95415,000000006b44cce7,9.92
11807,2019-08-01T09:06:32Z,36fe97cd2ec69118778c771a87593630f8a6a2cb77d9ce72f845cd3c,60.16762,24.95415,000000006b44cce7,16.1
11808,2019-08-01T09:06:32Z,38fb20c6d55b10dd10a39c0fb41ad61297453e25afda81cf32313ae3,60.16531,24.9442,00000000fdda10fe,16.1
11809,2019-08-01T09:06:32Z,39c6456ee66fe96eee3d97cee2a70923cedb3da760bb5d4d413adb9c,60.17918,24.95141,00000000675d5200,3.4
11810,2019-08-01T09:06:32Z,39e9fa7033887b7ab339887aa68753ff94d4771cda2bb8ff4ea7aa0a,60.17918,24.95141,00000000675d5200,13.75
11811,2019-08-01T09:06:32Z,3a1afdcf7c2e5a52cdbcbbe29e8281c184037e8720920c6c75bee339,60.15133,24.92329,00000000e8a064a4,12.69
11812,2019-08-01T09:06:32Z,3a38ba36c098f2741d6c5fb5a751fcd074d05d698ac592ca09ab443c,60.16448,24.97323,0000000053c6c2be,20.28
11813,2019-08-01T09:06:32Z,3a7b4023cee4b0d567a123a3d6aff0bc8f94663522bbdf0ea4306607,60.149,24.9843,00000000fffb8cf0,14.89
11814,2019-08-01T09:06:32Z,3a97ae4dcab31eb5e15e5d036d286e9764e25bcf0ad8afcfba854c90,60.16762,24.95415,000000006b44cce7,18.79
11815,2019-08-01T09:06:32Z,3be40c84926a525adbd09eeeb3a12b73b24c633942b2e1fbe8151ac3,60.16448,24.97323,0000000053c6c2be,13.75
11816,2019-08-01T09:06:32Z,3c3110ece83318c92f1593798ea2f6d2060002d20fce8b830234e82e,60.16544,24.95398,0000000038d83d41,23.56
11817,2019-08-01T09:06:32Z,3d0437a1d090cd3cad05629e69a61c519aa6218e1b7fb47811e5a4ae,60.16762,24.95415,000000006b44cce7,4.94
11818,2019-08-01T09:06:32Z,3eea43670f4f29a90ced59c1af122371340275fb61ff8f14c7120658,60.16762,24.95415,000000006b44cce7,5.91
11819,2019-08-01T09:06:32Z,40825cb0d315c92e0e0a73cc8e86c3b763bbf7ce226f112913e05e0f,60.17065,24.93641,000000000f4919c9,21.87
11820,2019-08-01T09:06:32Z,42844e90c7134ebb3ec325f57cd27cd24711c779548ebc8692a820d5,60.14951,24.92138,0000000006dd41f6,3.74
11821,2019-08-01T09:06:32Z,432417b4972b744ded3410777a6bbb583cf56172bf3436ddbe48a21d,60.16762,24.95415,000000006b44cce7,12.69
11822,2019-08-01T09:06:32Z,43642717ae79afecb5f714eda3b337974893b1e0162d3bd772664be8,60.16829,24.94214,00000000afef4555,29.32
11823,2019-08-01T09:06:32Z,4393fccdbc9fb22fab14f03ea52183ad558bcd436202e69f56a7b77a,60.16762,24.95415,000000006b44cce7,13.75
11824,2019-08-01T09:06:32Z,43e023a8726ec4c53a8cea6dcaa79e722da4677e37f3f6c9d3cc9873,60.16544,24.95398,0000000038d83d41,21.87
11825,2019-08-01T09:06:32Z,44334c68f3991fe858ac066726e0a884236a5d89fe94d917b48e857c,60.16829,24.94214,00000000afef4555,11.7
11826,2019-08-01T09:06:32Z,4470412c4b059a920f2699fbfb72b261e0847b3e1caa8c71d2edd5a2,60.16448,24.97323,0000000053c6c2be,20.28
11827,2019-08-01T09:06:32Z,4642dfa1df839f11e64f68bca4e3dce7bde2ff6dd68c54959fcb4788,60.17918,24.95141,00000000675d5200,2.3
11828,2019-08-01T09:06:32Z,4682d95464cedcc021f38271a51bab9c000762b4acf802070e259ba2,60.16629,24.95957,00000000fb7600be,11.7
11829,2019-08-01T09:06:32Z,48004849b2f48b2314aa9175433d754db1641b949bb8cf050e2dd128,60.17918,24.95141,00000000675d5200,7.05
11830,2019-08-01T09:06:32Z,484bbaa5a9d6bdd2259f022b6ea4e3c290985c13a1286bd7142d878f,60.16762,24.95415,000000006b44cce7,3.74
11831,2019-08-01T09:06:32Z,48c0ea6615ac4c02fc9bc0e06f9ea9309f9bf7e73b4324d7a6b14610,60.16829,24.94214,00000000afef4555,9.92
11832,2019-08-01T09:06:32Z,49bbad87e4d6cd03bdb073bde7be91193d74d29943badce7fc536916,60.16448,24.97323,0000000053c6c2be,5.91
11833,2019-08-01T09:06:32Z,49df780a7f20a99ad2810fa4bbb46b5fac9bc5cbe3fc800cd572f63a,60.14947,24.91438,000000004ef3150d,12.69
11834,2019-08-01T09:06:32Z,4ade4f0d92c6157a42d7fd8e353d1c93551324ba47cc134b840a6c63,60.16897,24.95222,00000000aa852af1,7.05
11835,2019-08-01T09:06:32Z,4ba529eeafb27285cbbade6e5ece0d4d04bd2d13c98b27a5d17abd22,60.16897,24.95222,00000000aa852af1,4.94
11836,2019-08-01T09:06:32Z,4c85a4a0756c1707ca2f02a74870d1e1d1a90f1793d229dc3a2bbb63,60.16531,24.9442,00000000fdda10fe,18.79
11837,2019-08-01T09:06:32Z,4e262a07e1ea47350f808684444d1d8b3f223288fb219cca9f12af23,60.1538,24.95595,0000000038bf9618,9.12
11838,2019-08-01T09:06:32Z,4e5e16adfd317b7f9617f681099821bae42d6f0dca51dfd0957c65b4,60.16762,24.95415,000000006b44cce7,13.75
11839,2019-08-01T09:06:32Z,4f9125edf503fe3cb0ba1e1221fe6a67aafd99fcd89fd92d2bf20e97,60.16897,24.95222,00000000aa852af1,20.28
11840,2019-08-01T09:06:32Z,4fb4a3650a2a28469dde9c537458d24411aa6075666e047dd756fba9,60.17918,24.95141,00000000675d5200,18.79
11841,2019-08-01T09:06:32Z,5001aabb6808b9fd96b705d1ebe8e7aca52713c2640100d81879dd86,60.17918,24.95141,00000000675d5200,5.41
11842,2019-08-01T09:06:32Z,5022acdb28a01d1a0b2077fc89c77bde277b7dd4f079b4fea30f75b9,60.16629,24.95957,00000000fb7600be,20.28
11843,2019-08-01T09:06:32Z,504f910a0bd104a130b85d0c50467a15e74dc950bcc9eac3ebecc43e,60.16531,24.9442,00000000fdda10fe,20.28
11844,2019-08-01T09:06:32Z,51ec42fdd85671ae93876c3d875b24e56cb45699e9c3d2b623dca70d,60.16762,24.95415,000000006b44cce7,5.91
11845,2019-08-01T09:06:32Z,525c62418d772acb3011be72f993d9157ca5069c4351d3559a5fd673,60.16448,24.97323,0000000053c6c2be,25.36
11846,2019-08-01T09:06:32Z,529623421e226c215bcca0b1388813e291d3d13ed1d8465f0ab69147,60.16629,24.95957,00000000fb7600be,10.78
11847,2019-08-01T09:06:32Z,52d04561c07e0aab4f89e343cff0691d714ec5284ffb9a71954c93d8,60.16762,24.95415,000000006b44cce7,17.4
11848,2019-08-01T09:06:32Z,5372348389197e6c4bc4c5e3dab047e7384d562220e6295904bbda1b,60.17065,24.93641,000000000f4919c9,8.38
11849,2019-08-01T09:06:32Z,5385ddf78e929052bb12c39651fb3ff99e3642aa079d49f687b4c73c,60.16762,24.95415,000000006b44cce7,12.69
11850,2019-08-01T09:06:32Z,53fb53be4440aecb1a1fa63a9da1db08182cc7e252da14685e63373d,60.16762,24.95415,000000006b44cce7,10.78
11851,2019-08-01T09:06:32Z,54b89ed12e25892c9160e029a0379d61425b88db1aa30b06f9ea2d8b,60.17002,24.94407,000000006b087f40,20.28
11852,2019-08-01T09:06:32Z,54bd709173219e8017f317b63ecc83d0a48f64542e6fa1b83c86a56c,60.17918,24.95141,00000000675d5200,16.1
11853,2019-08-01T09:06:32Z,556cae6b2e2dec6fe691a835e8e08bd016b1a65797c0aca46879329f,60.17918,24.95141,00000000675d5200,13.75
11854,2019-08-01T09:06:32Z,559429bba23762a872fc7b1e2219d42125ab101e4355d43fdb94ed7b,60.17918,24.95141,00000000675d5200,7.05
11855,2019-08-01T09:06:32Z,559e6a5225ce35ab844c63ea0d0c1695dc490a3d9cfbafa5d35ac8d8,60.14947,24.91438,000000004ef3150d,11.7
11856,2019-08-01T09:06:32Z,584adabea16213fba5e201e8dddabc4a069951e35fb1731180ebf8b3,60.16762,24.95415,000000006b44cce7,13.75
11857,2019-08-01T09:06:32Z,584cb0b0cdd14e608c8b57c8aecc9826f9b40027e365e2438a444ea2,60.16762,24.95415,000000006b44cce7,12.69
11858,2019-08-01T09:06:32Z,5865a27b5b56a60bca38e4a1403655e3e7fd0232a3ff2079965aff81,60.15432,24.9211,0000000019fb59c4,7.69
11859,2019-08-01T09:06:32Z,5978726eeef638856dafd3a8d199287f8daf9e90ddde750b402f8bb0,60.17065,24.93641,000000000f4919c9,0.84
11860,2019-08-01T09:06:32Z,5a34b02faac3189217466888ef1d31cc80f721ac2f18638c5db88d53,60.14947,24.91438,000000004ef3150d,13.75
11861,2019-08-01T09:06:32Z,5a8d671a78b976d212d9746d88b9a754a2d9c8341c529e88b7c6b8f4,60.17065,24.93641,000000000f4919c9,21.87
11862,2019-08-01T09:06:32Z,5b06617477af6dcee75a94ac347364b50f6f3b5b7d747e5413d9ad58,60.14947,24.91438,000000004ef3150d,11.7
11863,2019-08-01T09:06:32Z,5c1f71098d5d7258d2971061c791c94e0138c8e02225c5f60d6a0428,60.149,24.9843,00000000fffb8cf0,17.4
11864,2019-08-01T09:06:32Z,5e2c5c20c88ccf362ed8749d1ddc041b1cb1c38d8dbeac7870179322,60.16629,24.95957,00000000fb7600be,5.91
11865,2019-08-01T09:06:32Z,6072bfb496e2b8a999c9edbda5b76fbc0e783ff2a439c4e6c881fabf,60.16829,24.94214,00000000afef4555,21.87
11866,2019-08-01T09:06:32Z,619c5b31af2a28703a837cc7974ef0d2c5bb6584ba0fcc03076218ac,60.17002,24.94407,000000006b087f40,17.4
11867,2019-08-01T09:06:32Z,61e4465b011a94bbf6341adebb1aed56100967cac117b368910b36de,60.16544,24.95398,0000000038d83d41,38.87
11868,2019-08-01T09:06:32Z,626bf35ce16dba1054cfd175d09475d3ee751bf70e56f984ff5c7ab6,60.15133,24.92329,00000000e8a064a4,27.28
11869,2019-08-01T09:06:32Z,63ff2439779051005c18876d20ed53ce060c1de9d7976821bd518fc6,60.15432,24.9211,0000000019fb59c4,9.92
11870,2019-08-01T09:06:32Z,65b6b62b547e11e10f7f83ad497446bee2bb9653097d9d62e9b1b817,60.17065,24.93641,000000000f4919c9,6.46
11871,2019-08-01T09:06:32Z,66ad74b1795a3f2db404e46e89b7cdeb3d6e231b6573e3fd29bb7eef,60.16897,24.95222,00000000aa852af1,23.56
11872,2019-08-01T09:06:32Z,674355e17da9460e58566497be518f2eb537880c67c788fedb5067db,60.16629,24.95957,00000000fb7600be,9.92
11873,2019-08-01T09:06:32Z,67cf7d2881080aa59ed36a6d88ea1946d17e9d1d5e1ad9eee1851969,60.18203,24.91341,00000000342570c2,16.1
11874,2019-08-01T09:06:32Z,685af6b01bd180194d718801bb8b9c9de22050cc392d6c6441fe986b,60.18203,24.91341,00000000342570c2,6.46
11875,2019-08-01T09:06:32Z,69e2854c78a472b462941ef730aa9fa7a9dba9c1cc22996396d4c78a,60.17918,24.95141,00000000675d5200,7.69
11876,2019-08-01T09:06:32Z,6adce4d05e58232a97635a2fd7918e4e49d9295afc0989d727f9c712,60.17002,24.94407,000000006b087f40,6.46
11877,2019-08-01T09:06:32Z,6d5a8ded89f26533ed851d1a0894f0d9045e9cd4baed439f7d9a922b,60.16629,24.95957,00000000fb7600be,20.28
11878,2019-08-01T09:06:32Z,6d98ac1fea7056e5b96d6095caf0e3677a4ec30e9fbcc2e50ae1cf65,60.16629,24.95957,00000000fb7600be,8.38
11879,2019-08-01T09:06:32Z,6dca84ddf4be668487766d17c5d13961ed713d24032f709ae87a497f,60.16829,24.94214,00000000afef4555,20.28
11880,2019-08-01T09:06:32Z,6dd5463e670c352180c1e912300e21e59f5e2976266df8c3c92b0baf,60.16829,24.94214,00000000afef4555,8.38
11881,2019-08-01T09:06:32Z,6e80fcea10d21e1d5e672b554c0f3fe686dc58934f38c3391fd5c262,60.17002,24.94407,000000006b087f40,25.36
11882,2019-08-01T09:06:32Z,6eb390f743af2f8f87ce6c2ab53228450ccce1d21de54f8abba160df,60.16829,24.94214,00000000afef4555,29.32
11883,2019-08-01T09:06:32Z,6f616e6334d0ed70e5ea15408a51e9daf643369911d94d76830a7d65,60.16544,24.95398,0000000038d83d41,38.87
11884,2019-08-01T09:06:32Z,6fe2cf6737d40d71251dac8ebef5356a2b765621e97a346c00a6031c,60.15432,24.9211,0000000019fb59c4,3.09
11885,2019-08-01T09:06:32Z,7003a7f6a5523b645634f014e04bea36016953a8af9324e35602bc2e,60.14947,24.91438,000000004ef3150d,11.7
11886,2019-08-01T09:06:32Z,704c3f3075f13713c363014fa828e4a932e7a05676813b9963a1e554,60.17918,24.95141,00000000675d5200,2.54
11887,2019-08-01T09:06:32Z,70d391038ec56b63a3737605c2c1db6ffbdca8e4490691776dc993f1,60.16829,24.94214,00000000afef4555,1.88
11888,2019-08-01T09:06:32Z,7176ddd6f2dc9be71319e3a2ea67061af7b5277adc890f23882c0afd,60.16829,24.94214,00000000afef4555,17.4
11889,2019-08-01T09:06:32Z,71b01bb8b8e877dc9ca40e756f441571d12ee3311a945417e8aaa116,60.16762,24.95415,000000006b44cce7,11.7
11890,2019-08-01T09:06:32Z,72439a1f997fd347d46394f31f5789edc877fe61ca34fcd31f9150b1,60.18203,24.91341,00000000342570c2,18.79
11891,2019-08-01T09:06:32Z,728325161f4ed691db3460f87a25ed4713580e50a53fd36dd265957f,60.16531,24.9442,00000000fdda10fe,3.74
11892,2019-08-01T09:06:32Z,7292a4a47ed655e0ce0ead026bb0ae4b8093342f87a9aed5665c1456,60.16762,24.95415,000000006b44cce7,17.4
11893,2019-08-01T09:06:32Z,72f088587da3409c5a4bec360a52a230a7551c3671441baaaabc6357,60.16829,24.94214,00000000afef4555,17.4
11894,2019-08-01T09:06:32Z,750297d0d8ff0ca837d9c2289c26302d62f38708617150431ab14509,60.16531,24.9442,00000000fdda10fe,13.75
11895,2019-08-01T09:06:32Z,7563b91d728fe470bc4d89aa18128a87b92c747336dd2c70cfbf9e84,60.1538,24.95595,0000000038bf9618,33.81
11896,2019-08-01T09:06:32Z,76c2f7b3773d4bebd4dabada1c2b98fe4ea9762e9c98b4a6371d7746,60.16762,24.95415,000000006b44cce7,9.92
11897,2019-08-01T09:06:32Z,7700297fec4982ad776529835e2ab46d4e5cbc889e26f368c19efeef,60.16829,24.94214,00000000afef4555,17.4
11898,2019-08-01T09:06:32Z,774131d73accbbb31ec3c43c3501b7969645eb65df1839ca8116526e,60.15432,24.9211,0000000019fb59c4,2.54
11899,2019-08-01T09:06:32Z,7803e2d46157a5482e745447d4c2c332fbd818d87a20b0f6187c628d,60.17065,24.93641,000000000f4919c9,23.56
11900,2019-08-01T09:06:32Z,78a9535148d256e36a93dcce58f6dac7864c3bcd43b255c37291aa30,60.17002,24.94407,000000006b087f40,17.4
11901,2019-08-01T09:06:32Z,7a9e9c23e9d691adcd677be9ac9ca68f7e35915fbf5da7c6c8d270fa,60.17002,24.94407,000000006b087f40,18.79
11902,2019-08-01T09:06:32Z,7c1534082e86ff4387878d813207626d8f728aa26b97248e00a3b8d7,60.16629,24.95957,00000000fb7600be,14.89
11903,2019-08-01T09:06:32Z,7ccf0231e25c4a2ff5abcbb7cb3fe96604d014c3fa05c2829580801d,60.16829,24.94214,00000000afef4555,12.69
11904,2019-08-01T09:06:32Z,7cd51189de07d01882cf0a9346f0830a9b21764875334d45e143fbd5,60.17002,24.94407,000000006b087f40,13.75
11905,2019-08-01T09:06:32Z,7d12711d47425111a6dce413faa867542b9532f3b9c5a934b37a0bc8,60.17918,24.95141,00000000675d5200,23.56
11906,2019-08-01T09:06:32Z,7d415f4fd9093fb383b4ebb88961ad74e6a00d3ece39504712dad639,60.17918,24.95141,00000000675d5200,8.38
11907,2019-08-01T09:06:32Z,7e2e3d07c939e3e76e7ce87678faf64e056afe54215e00488839100f,60.14947,24.91438,000000004ef3150d,14.89
11908,2019-08-01T09:06:32Z,7eb4a715919b3eb4085270535ce4d7b57112591ad7242eb189bf652a,60.17065,24.93641,000000000f4919c9,17.4
11909,2019-08-01T09:06:32Z,7f534fc0885ddf5a5c3814e4232de3356affd42f6c3560055079dc1c,60.16829,24.94214,00000000afef4555,29.32
11910,2019-08-01T09:06:32Z,7f59aaecea1eee6c703ec5d46d67b44289ddedf080defee495b73739,60.14947,24.91438,000000004ef3150d,10.78
11911,2019-08-01T09:06:32Z,7faf8705e89a761625aaed50b89538581e25d5950ec8f051d36ed829,60.14947,24.91438,000000004ef3150d,10.78
11912,2019-08-01T09:06:32Z,809bf2d7a0745ae512b934a578fd5fd47c13c5398b6d06ad350b9e7c,60.14947,24.91438,000000004ef3150d,20.28
11913,2019-08-01T09:06:32Z,8165c5f8d06298ffd56f071c0ad1cc9f1d4f08084936937d712d0b61,60.15133,24.92329,00000000e8a064a4,18.79
11914,2019-08-01T09:06:32Z,82b78c2220aee81a2744ddfaf7ed29663888987dba6b7cdda05731d9,60.14947,24.91438,000000004ef3150d,18.79
11915,2019-08-01T09:06:32Z,82bab0a1bfd11576cf62159546b756e1da44125c76909e270ced391b,60.16897,24.95222,00000000aa852af1,25.36
11916,2019-08-01T09:06:32Z,86e7584bf95733cef59d74bb4955881e99dc86b73a0d5b4e3ef58b50,60.18203,24.91341,00000000342570c2,16.1
11917,2019-08-01T09:06:32Z,87f1cc4c4a9de1ab81fe39cf7fde6cf0d4778e690f1665b62231ce46,60.149,24.9843,00000000fffb8cf0,29.32
11918,2019-08-01T09:06:32Z,880f9cbb91b9caf48ea9c5dd1a0c8e1db72922b6dfcb647b102fc469,60.16629,24.95957,00000000fb7600be,6.46
11919,2019-08-01T09:06:32Z,88c2bc6310f27465b9f08b28fb52075d7703ce7b097e5beb37c7437c,60.14947,24.91438,000000004ef3150d,25.36
11920,2019-08-01T09:06:32Z,898cde3317c73907bb23b1b885828c4bf3187c3a757a18dc32abe970,60.16762,24.95415,000000006b44cce7,9.12
11921,2019-08-01T09:06:32Z,89aeff56a0700534bbf2dfd19fc298f5a890c95e1a45b6ca7ad3c33a,60.16829,24.94214,00000000afef4555,7.69
11922,2019-08-01T09:06:32Z,8a01e28fd327e5c56dcf2dc8b2b7762a96d77584c21990a073ceb11f,60.16829,24.94214,00000000afef4555,12.69
11923,2019-08-01T09:06:32Z,8c2c35fb6ebc0f07014a3291523f291bea82160dee13d091314cde65,60.16762,24.95415,000000006b44cce7,9.12
11924,2019-08-01T09:06:32Z,8c571538c285dba9d77edacfb1829b282d54b772b62209c6e4004237,60.17918,24.95141,00000000675d5200,5.41
11925,2019-08-01T09:06:32Z,8e20d0d67339e3cf43e77c3a340d9dc6766de8d079197a08a1343ff0,60.17065,24.93641,000000000f4919c9,31.5
11926,2019-08-01T09:06:32Z,8ec54dc2fd63fcef9c0df9dffc12f40ebbada360614e04849594479a,60.17002,24.94407,000000006b087f40,20.28
11927,2019-08-01T09:06:32Z,90a44cbd1a957cc59a6986cff9b6b7b8e151d379e17da645069428b8,60.173,24.92524,0000000096918cfa,14.89
11928,2019-08-01T09:06:32Z,939c459d913b0b38838071a0d13671e83e4a751f44624b21e84daa69,60.16762,24.95415,000000006b44cce7,8.38
11929,2019-08-01T09:06:32Z,93a13528693a5862c05b962a6681ea8c2bb319c6b0ed3b7ae2539723,60.16629,24.95957,00000000fb7600be,17.4
11930,2019-08-01T09:06:32Z,941e13893853105c86bfbc6d31d62274937602143ce3bb530c8c17ed,60.17919,24.95181,000000007b5207b6,3.4
11931,2019-08-01T09:06:32Z,94b54a06b97b71144684ec289acfd57fa5ef17038131748fe839f728,60.16762,24.95415,000000006b44cce7,14.89
11932,2019-08-01T09:06:32Z,9609babe3114439a82f93f797f4a6e779b6bab625488b8ff5b63e674,60.16829,24.94214,00000000afef4555,16.1
11933,2019-08-01T09:06:32Z,972dc7ab84b9c2b4fe9b48b53fdee1f8fc4a78ca70222d1b54c338c5,60.16829,24.94214,00000000afef4555,23.56
11934,2019-08-01T09:06:32Z,99a026b5100e23129fa529e9a57a3dbc8490dc03b58f2193f03e2dcf,60.14951,24.92138,0000000006dd41f6,6.46
11935,2019-08-01T09:06:32Z,9abbc86fb0fc1c0532042814af76a97e6a17121831d4394749a290a6,60.16762,24.95415,000000006b44cce7,5.91
11936,2019-08-01T09:06:32Z,9b3e6848d8b34e802134d6da0e5a594897ec3fafbbf08b6d0b84068e,60.17918,24.95141,00000000675d5200,7.05
11937,2019-08-01T09:06:32Z,9bc129708b07f3c5bbf4195e83f0e5b9a663b6f371f416a8e3a605f0,60.16897,24.95222,00000000aa852af1,20.28
11938,2019-08-01T09:06:32Z,9bdb503344071eddd74d821f537246d8a6c19468b05d38d0170377f9,60.16897,24.95222,00000000aa852af1,21.87
11939,2019-08-01T09:06:32Z,9bef8b28ea93ecaee57d05b037edbfe7f80014aaf56343345fedd7be,60.17919,24.95181,000000007b5207b6,4.5
11940,2019-08-01T09:06:32Z,9dfecc3e26cb27e4b80721e355ef0d6cb182ac2eebf66b006e2d9f8e,60.149,24.9843,00000000fffb8cf0,41.64
11941,2019-08-01T09:06:32Z,9e343a150f07bb3dcce5ecab8ac061b84d65b347b1af5a232e00eeb6,60.16829,24.94214,00000000afef4555,21.87
11942,2019-08-01T09:06:32Z,9eee6d740f1d483c484d02f0995f35550c09e6a8cf01f02680db5efc,60.16448,24.97323,0000000053c6c2be,17.4
11943,2019-08-01T09:06:32Z,9fe150ec915809e658e73e8d7076541dd0ae11c3374241f41adbb90b,60.16629,24.95957,00000000fb7600be,16.1
11944,2019-08-01T09:06:32Z,a04214b56cac7d70680703ee6a28fac742f3c3190b55b46a79c1f76d,60.149,24.9843,00000000fffb8cf0,16.1
11945,2019-08-01T09:06:32Z,a1049deed97cd1989c882cb47bb39f0d93d1fddbac4e9307e8a4249e,60.16544,24.95398,0000000038d83d41,36.27
11946,2019-08-01T09:06:32Z,a2333053951d093ef490bcc3b9455fa0ed512421b5b597602785ab28,60.16531,24.9442,00000000fdda10fe,18.79
11947,2019-08-01T09:06:32Z,a256ee4e61079f54581967787db25324859ef431207cb182cd468fbe,60.16829,24.94214,00000000afef4555,25.36
11948,2019-08-01T09:06:32Z,a2c53a9ecb3dab08bc3bf70db35ea02e6f15cedb137ce7817751f27c,60.16829,24.94214,00000000afef4555,14.89
11949,2019-08-01T09:06:32Z,a2e761fd97d8bdf78601300822b531e306b9ab7a1a43b6bfb07eba52,60.14947,24.91438,000000004ef3150d,9.92
11950,2019-08-01T09:06:32Z,a38c11c450b472b9dad2f076e2d9a63651292d3de806331d06af7f46,60.16531,24.9442,00000000fdda10fe,17.4
11951,2019-08-01T09:06:32Z,a3d8a00bf4a5d0ad6ea50d5408dff462b3190192fa4d3f8690d23219,60.14699,24.922,00000000a53ed894,33.81
11952,2019-08-01T09:06:32Z,a47e8613674297dc49b26801b19d2110d009aaee57412f2127f3b093,60.16897,24.95222,00000000aa852af1,14.89
11953,2019-08-01T09:06:32Z,a4b9f871dcc986c95f1e84fe203bb392ba0fe13164d89119bda2c94a,60.16762,24.95415,000000006b44cce7,8.38
11954,2019-08-01T09:06:32Z,a66eb6150c36b53f6240acfe16dd98ceb16c43b8e02d0b56993bac73,60.16897,24.95222,00000000aa852af1,31.5
11955,2019-08-01T09:06:32Z,a6d0dd9de406b1201a4e438ec7c5f4a467f38c41e2dec42ff6c71d50,60.16897,24.95222,00000000aa852af1,10.78
11956,2019-08-01T09:06:32Z,a786eb3b8a25c58099a428799e99d0b86401f803ee38d3e5d20e59d3,60.15432,24.9211,0000000019fb59c4,9.12
11957,2019-08-01T09:06:32Z,a808962cb511e5ed2d23e6e33efe252b1be29dc1d2f7c6154817f04f,60.16448,24.97323,0000000053c6c2be,16.1
11958,2019-08-01T09:06:32Z,a83415babca8eac00f69a32371a230fdadda29bf40fd69f75cf2e8fb,60.17919,24.95181,000000007b5207b6,9.12
11959,2019-08-01T09:06:32Z,a83703c80a4d58db87327a53b0d3664d23edf7350ff6b0afaa49c530,60.16629,24.95957,00000000fb7600be,20.28
11960,2019-08-01T09:06:32Z,a8ca7fb815e707c04434a085c4f99e783d56372143afc92225eae622,60.15133,24.92329,00000000e8a064a4,21.87
11961,2019-08-01T09:06:32Z,a982f65ed2c57aff3f744dba9f5e9ca929c81c14883516889898f207,60.16762,24.95415,000000006b44cce7,9.92
11962,2019-08-01T09:06:32Z,a9ee2aabbd32919adf0325ca2f2c5f8e0ba801bc168e8756cda957da,60.16629,24.95957,00000000fb7600be,16.1
11963,2019-08-01T09:06:32Z,aa05a7036c3586a79d23f426b78bf158357208bc82d7ddf9a1326dd2,60.16531,24.9442,00000000fdda10fe,11.7
11964,2019-08-01T09:06:32Z,aa5281244780ac8f283c3452639d477cd76e31fc6f0b95b99c51a9b0,60.16762,24.95415,000000006b44cce7,2.54
11965,2019-08-01T09:06:32Z,ab615ee5bbf567aee3505fbb360d09fc6b851f93fb15aef778b57128,60.16531,24.9442,00000000fdda10fe,21.87
11966,2019-08-01T09:06:32Z,abf0be93e7a8aec9fa8284fdbcc2493f32084aa95f15660b23e149c6,60.16629,24.95957,00000000fb7600be,7.05
11967,2019-08-01T09:06:32Z,acbbe4765d72f36b0323407c7dbe43db7b4ad5e2da0a6a9e5966db0b,60.16897,24.95222,00000000aa852af1,18.79
11968,2019-08-01T09:06:32Z,ad22512fd6a5ad9e19fdfad7e02b2793ecb01875be243f894c637ae2,60.16829,24.94214,00000000afef4555,1.54
11969,2019-08-01T09:06:32Z,af67ffa8b538058603b74f48e04ab914e8f6cd450f53c47f8c3d683d,60.15432,24.9211,0000000019fb59c4,17.4
11970,2019-08-01T09:06:32Z,b09e9bb62cc49c085c1aee3b752af1bec69dabc939323e5733f73933,60.17065,24.93641,000000000f4919c9,16.1
11971,2019-08-01T09:06:32Z,b28757d67868f9471f0d997a935e857fd0ff1095449820929597563b,60.16762,24.95415,000000006b44cce7,7.05
11972,2019-08-01T09:06:32Z,b32e57a6f5865a23d7a0e9fa346d5ec4e975f99c4df815fe8b1449b2,60.17918,24.95141,00000000675d5200,12.69
11973,2019-08-01T09:06:32Z,b3d94dfd4a1393ebe6b450d53a8c1c172707ab9ae1ab42b50b5b31df,60.16829,24.94214,00000000afef4555,13.75
11974,2019-08-01T09:06:32Z,b474e34db18d21635ec9ea2654513e6759c326f3aaec96c25f9a204e,60.16897,24.95222,00000000aa852af1,10.78
11975,2019-08-01T09:06:32Z,b50a45ac0708e7b5cca42f3458430eb22ff70a81c575bafe99ffda23,60.17002,24.94407,000000006b087f40,9.92
11976,2019-08-01T09:06:32Z,b5603e758440226e490d1d7d7271a7b0d5c261eccbad198f81110136,60.15432,24.9211,0000000019fb59c4,8.38
11977,2019-08-01T09:06:32Z,b6c43126ca83e916a68e57d0178060c24fc61305836b6c8f188f7285,60.17918,24.95141,00000000675d5200,4.94
11978,2019-08-01T09:06:32Z,b6f0f4101a1a258dcb1d82d77ca91000694d4fed15bd882a8e3bfe66,60.149,24.9843,00000000fffb8cf0,11.7
11979,2019-08-01T09:06:32Z,b8fb70225ee0a2d655e2809da07a2f8cd2feb7295aa256f8b35fcf1e,60.16629,24.95957,00000000fb7600be,12.69
11980,2019-08-01T09:06:32Z,bb2187a4e20012ad694c768ef2c47c9a9055671024ebf4855d4e6243,60.16531,24.9442,00000000fdda10fe,1.38
11981,2019-08-01T09:06:32Z,bc6d5082ca52e6dae7a1689a835434f3f6341e90afea565480eb9674,60.16829,24.94214,00000000afef4555,17.4
11982,2019-08-01T09:06:32Z,bc82f76c979de19b559e9e3aa0cd6cbf5ac361e2d7b1ac9f81fe2f4f,60.17918,24.95141,00000000675d5200,7.05
11983,2019-08-01T09:06:32Z,bd17e41f002acd238070518ccfb611a42561023ceaefde667bf6fa55,60.17002,24.94407,000000006b087f40,13.75
11984,2019-08-01T09:06:32Z,bd23c66c4df0bd849266a4429a24f23f2c9503cf31eb0cd9780248e6,60.18203,24.91341,00000000342570c2,17.4
11985,2019-08-01T09:06:32Z,be12d6aaccf354197284a8c92b960bd6a4e1705f7d948823e7891fde,60.16762,24.95415,000000006b44cce7,3.74
11986,2019-08-01T09:06:32Z,bee144e090a471427ec7878609f2446cb79f4c8d7e3c3bf0f67cf8d2,60.16762,24.95415,000000006b44cce7,13.75
11987,2019-08-01T09:06:32Z,c004fa64cb7de7e87d3b91639ae5f95304fb1a90b0a0e927cea958af,60.16762,24.95415,000000006b44cce7,11.7
11988,2019-08-01T09:06:32Z,c15da9ed244b57a27a083919c67d0edde078a31b18cb58f13581f173,60.1538,24.95595,0000000038bf9618,25.36
11989,2019-08-01T09:06:32Z,c1674c59c49d5bf74e6808239a91d18a04e47697d298bc61a7618af2,60.16448,24.97323,0000000053c6c2be,13.75
11990,2019-08-01T09:06:32Z,c36568f7893e68ba3e3ca3169783c9e29a8a5f8cee16c1928c903ebc,60.16829,24.94214,00000000afef4555,23.56
11991,2019-08-01T09:06:32Z,c375f2dac85f963c33b2daf76ffb0c32d2c8fd08172419336e308686,60.14947,24.91438,000000004ef3150d,25.36
11992,2019-08-01T09:06:32Z,c434f18b802a764aad7a2dfb46e93546acb1b0975cf9b93fd47363f6,60.15432,24.9211,0000000019fb59c4,5.91
11993,2019-08-01T09:06:32Z,c46895857ca53c3362932d446a58c13b60d297f99ca237d4546589e8,60.16897,24.95222,00000000aa852af1,16.1
11994,2019-08-01T09:06:32Z,c51beff15d228f2dab9416cadfcc60fe269ce3d9202a9cf2ec7e7647,60.16829,24.94214,00000000afef4555,21.87
11995,2019-08-01T09:06:32Z,c8aef405537103b9d31a7e2dda43949f5844b9a36494f8defaf0d803,60.17002,24.94407,000000006b087f40,23.56
11996,2019-08-01T09:06:32Z,c8b9856a261673c3360915cd9a4dabb4afe22b63a86d7f59f7dc5f20,60.17002,24.94407,000000006b087f40,16.1
11997,2019-08-01T09:06:32Z,c8df45d222b573af5441c1ec32616df82891a813c9217002a9d60846,60.16829,24.94214,00000000afef4555,10.78
11998,2019-08-01T09:06:32Z,c97b6bdfeebd08976aac7e62bb4cd47825331b8bf5bf76d69d7204f2,60.16762,24.95415,000000006b44cce7,14.89
11999,2019-08-01T09:06:32Z,c98bce1cc275ed0a1b833011f8cd251ac848fdc84501fe87eb8b5d54,60.17918,24.95141,00000000675d5200,13.75
12000,2019-08-01T09:06:32Z,ca7719c7cd8d4496b666f608fc07ba9930e362a0b2d96890b0778618,60.16629,24.95957,00000000fb7600be,8.38
12001,2019-08-01T09:06:32Z,cc1fcf6550ac1eee3eceef1f35de652b641407007a7c0464ac54fdbd,60.16897,24.95222,00000000aa852af1,47.69
12002,2019-08-01T09:06:32Z,cc38e377ae09d26d3ddad7349bf3aac26d4acd67915da15f317b8507,60.16829,24.94214,00000000afef4555,9.92
12003,2019-08-01T09:06:32Z,ce7de55c7709396c70ce5930097e84449a4889700e605a0b062aaeae,60.16531,24.9442,00000000fdda10fe,12.69
12004,2019-08-01T09:06:32Z,cf061f5093c857b2efc346d3ad51fd17cca7eb360060ba7875630cf5,60.16897,24.95222,00000000aa852af1,21.87
12005,2019-08-01T09:06:32Z,cf823e18aa21de251222a9ab70c1b76b6218dea694752d56f6f84082,60.149,24.9843,00000000fffb8cf0,23.56
12006,2019-08-01T09:06:32Z,cf9455daa4877b79636eca3ae57056b08dfc0b42f107cedb6f5a3f16,60.16829,24.94214,00000000afef4555,10.78
12007,2019-08-01T09:06:32Z,d062562fed5ad0a61560e267310beb0b717d2a1e2a11d1d575507861,60.16897,24.95222,00000000aa852af1,17.4
12008,2019-08-01T09:06:32Z,d16e16def718519430296afa23976c226aaf720722bce3d92a2aad43,60.14947,24.91438,000000004ef3150d,9.92
12009,2019-08-01T09:06:32Z,d31d6921eee92503b486a1b30f5330581c4744a82e6549f375544846,60.17918,24.95141,00000000675d5200,23.56
12010,2019-08-01T09:06:32Z,d562afdedae521be241c98441e436608a323fdb944dedc24c835e762,60.17065,24.93641,000000000f4919c9,4.94
12011,2019-08-01T09:06:32Z,d653ef8368d33df4fc7edeb5a381d5826be1471f1470aa9744d47901,60.173,24.92524,0000000096918cfa,2.3
12012,2019-08-01T09:06:32Z,d65b8625c1f24304ff0e3c4a4dce7aa5d434d36be87be41834a49420,60.16531,24.9442,00000000fdda10fe,9.92
12013,2019-08-01T09:06:32Z,d6e217c6592e449e2390b1a874e08cbc9126116901dbdbf84501c6b8,60.17065,24.93641,000000000f4919c9,18.79
12014,2019-08-01T09:06:32Z,d74ea3c9e0aaa523c791aa01f4f9a7c1c43f01f585dc4146b19edf83,60.17918,24.95141,00000000675d5200,9.12
12015,2019-08-01T09:06:32Z,d7734ef0345fcffc0f4bd7579275af62987490aba012209832e92059,60.16629,24.95957,00000000fb7600be,17.4
12016,2019-08-01T09:06:32Z,d8778698d75313bf43f7255696e14eda9502d5d7a6e7315071181cc8,60.16629,24.95957,00000000fb7600be,25.36
12017,2019-08-01T09:06:32Z,d9f8ff1809ebe23c7e68bb1cbb1aa6fdfaf22375abf2962da2d7cfab,60.16531,24.9442,00000000fdda10fe,29.32
12018,2019-08-01T09:06:32Z,dc883c894a5584b59b381c4bf90912e5391f0ebe7b93778fe4488a3b,60.16629,24.95957,00000000fb7600be,13.75
12019,2019-08-01T09:06:32Z,deb8a213e1b4930e676ee8fdb394161ec46adb785171fa37437b4d44,60.15133,24.92329,00000000e8a064a4,23.56
12020,2019-08-01T09:06:32Z,ded712413bfc7de58a469fab75498089b2c3c6b5e0c9cae260102284,60.16829,24.94214,00000000afef4555,18.79
12021,2019-08-01T09:06:32Z,dfe80baf219bd267a459c954a8e3027b3f1ed29fea2a5355456d5652,60.16897,24.95222,00000000aa852af1,17.4
12022,2019-08-01T09:06:32Z,e0fe7fe5854899c0eb42b75b300339808143419404558ed4d00b0f17,60.17918,24.95141,00000000675d5200,3.74
12023,2019-08-01T09:06:32Z,e17852aca7e43d18d7706d15f83ad1fd1bef34d1c94ddcb0ac31b967,60.15133,24.92329,00000000e8a064a4,41.64
12024,2019-08-01T09:06:32Z,e234769b1ce1634554f5fa4a290d11b2a30c3dfd009d4c39a2e9dd3d,60.17065,24.93641,000000000f4919c9,25.36
12025,2019-08-01T09:06:32Z,e294dde431d68c7b73efcf1f9b916e40bf408111c79228032c7830a4,60.16544,24.95398,0000000038d83d41,21.87
12026,2019-08-01T09:06:32Z,e2bb0ae74deee6cbc4f50c5f85da3f1779ca1db1ae7ff48ab4b33dbc,60.17918,24.95141,00000000675d5200,5.91
12027,2019-08-01T09:06:32Z,e2f445c6711e0e7d48a6a045bec347587f9f398e8928a171cfa2ca38,60.16762,24.95415,000000006b44cce7,10.78
12028,2019-08-01T09:06:32Z,e3f844c56875bd572c3b57a835b884f1060b467d3bbd25c50dcc7e28,60.16762,24.95415,000000006b44cce7,14.89
12029,2019-08-01T09:06:32Z,e4439e4ec150b88dd1bd9bffffabcc529c31fb945e517ed5b97a43cc,60.17002,24.94407,000000006b087f40,25.36
12030,2019-08-01T09:06:32Z,e528235be3e5cc4945024d50d1ed43061e2e2f2845f2b41e081e1721,60.17918,24.95141,00000000675d5200,17.4
12031,2019-08-01T09:06:32Z,e5cad8bb9a6c8dcc067948d7f869033aca5bdd062da175c8734092e6,60.17918,24.95141,00000000675d5200,16.1
12032,2019-08-01T09:06:32Z,e8add7e8346b99cd4b67924113f3763441a1899897c6d1ac3a1a40a6,60.17918,24.95141,00000000675d5200,8.38
12033,2019-08-01T09:06:32Z,e8ed8051f57ad9d9029a5e3b443c5e93e5059f8c487ba45e2583d35a,60.16829,24.94214,00000000afef4555,14.89
12034,2019-08-01T09:06:32Z,e979a153601f7520f54d4733fe91f75f154c8f1c08dc3408dbba5345,60.15432,24.9211,0000000019fb59c4,21.87
12035,2019-08-01T09:06:32Z,e9e1a66ce9f699fc1713bb44cd67a332f584f0c51d18774fc72b8eea,60.16762,24.95415,000000006b44cce7,11.7
12036,2019-08-01T09:06:32Z,ea1b1a8ba1c01fdd1e098c585b133fc3d60f7c2458e7c2726e2df8ee,60.16629,24.95957,00000000fb7600be,14.89
12037,2019-08-01T09:06:32Z,ea3f8412ed9c4d92448688dd9cc7ff9e3eeb5fe4373d0953bf0349c1,60.16531,24.9442,00000000fdda10fe,14.89
12038,2019-08-01T09:06:32Z,ea94130fbb3464dc656765cfddbad802ddfafb1af8007cb5f42cd41f,60.16829,24.94214,00000000afef4555,18.79
12039,2019-08-01T09:06:32Z,eaf572301dc5c1eaff007bc1886cce8f0f5e92a233b8686ed2a1a9cc,60.17065,24.93641,000000000f4919c9,14.89
12040,2019-08-01T09:06:32Z,ec2dd83e04d225caca9f6b9d28bd3080ed37c5bf42e5f65123fa2394,60.17065,24.93641,000000000f4919c9,16.1
12041,2019-08-01T09:06:32Z,ec7121833f0e4b509d683b00a9c5e992e4b84882cb857145102e14f4,60.16531,24.9442,00000000fdda10fe,1.88
12042,2019-08-01T09:06:32Z,ec8c0160ac1ee5aeaf6204956c9db2ee4f98f55ae3fe1ec0af07fab8,60.16762,24.95415,000000006b44cce7,3.74
12043,2019-08-01T09:06:32Z,ed86f884272a5a400b55bfd4f22bc8cc5d6fca7fe26eee3c39cb3c52,60.15432,24.9211,0000000019fb59c4,11.7
12044,2019-08-01T09:06:32Z,ef620c567fe4adc1160d75daa4075a87a75acb4a956b68eb60da0690,60.17065,24.93641,000000000f4919c9,20.28
12045,2019-08-01T09:06:32Z,ef67b9e4617f284b84167b4bdaff71108579a33ced0a2450ff25a1a1,60.16629,24.95957,00000000fb7600be,12.69
12046,2019-08-01T09:06:32Z,ef6e7d641ebef891165f5f8178b3195fbc6c86dc5f904ca2cca43e32,60.16897,24.95222,00000000aa852af1,18.79
12047,2019-08-01T09:06:32Z,efb0235d2d9cd06b8377959fc3e5e144c222db88b6578a8fa7a48475,60.16762,24.95415,000000006b44cce7,9.92
12048,2019-08-01T09:06:32Z,efc51406db4c66b8a573ec325afe8a9258a04a71b46ff3aae1cfa696,60.16762,24.95415,000000006b44cce7,7.05
12049,2019-08-01T09:06:32Z,f0230e8cfb1cea4573253a117bbb45bc2e126f6bbe6c0147f9ac9a16,60.16762,24.95415,000000006b44cce7,27.28
12050,2019-08-01T09:06:32Z,f0c83329b5a3f9c60f7a2945073c958f9d00195295b4d460cc213759,60.16829,24.94214,00000000afef4555,27.28
12051,2019-08-01T09:06:32Z,f1447725764ec0dca245fc67f2aa0a0c42e6b05808076aa74f0c1e7e,60.17918,24.95141,00000000675d5200,13.75
12052,2019-08-01T09:06:32Z,f18c0c32d067aecf5602d70693ac888cab1be6dbb0d154be5153dfcc,60.16829,24.94214,00000000afef4555,7.69
12053,2019-08-01T09:06:32Z,f1b28329fc91f4708ca34857c5582c0bf1b7d0ab06127746029cd72c,60.17918,24.95141,00000000675d5200,16.1
12054,2019-08-01T09:06:32Z,f20935810c1567a80c288016c4d4dd32fe86b3479f47ae7dd64d15cc,60.15432,24.9211,0000000019fb59c4,9.12
12055,2019-08-01T09:06:32Z,f29ed00b645af4bbf50174e71f58a9b691d2e2342e59eda242d97380,60.16829,24.94214,00000000afef4555,11.7
12056,2019-08-01T09:06:32Z,f45806c30db425e518d8d483a072900958e0411d9a33cca7c3cf99bb,60.16762,24.95415,000000006b44cce7,11.7
12057,2019-08-01T09:06:32Z,f4587b90aec9127805880f7c81fc03b9fb513fe363015399b895089f,60.16829,24.94214,00000000afef4555,17.4
12058,2019-08-01T09:06:32Z,f4bbc3077da0455d4340da2eed204915327b75a792080724548b4956,60.17919,24.95181,000000007b5207b6,4.94
12059,2019-08-01T09:06:32Z,f503a41d3e8b9b57628f4f061c1d8e0c53c62dd8a6fe38d212958ee6,60.16075,24.95883,00000000f1124bca,11.7
12060,2019-08-01T09:06:32Z,f50fd3b1715a94dff67461f4b8f252ecaa6acc16459b3d021f34f15e,60.1538,24.95595,0000000038bf9618,27.28
12061,2019-08-01T09:06:32Z,f55165f87792f06aaca9b79eea536f4bd692c8ee806294be5fb014df,60.16829,24.94214,00000000afef4555,25.36
12062,2019-08-01T09:06:32Z,f587de6c8c03387c5e6a66cd7d20c45abad3668c8e2246611122547b,60.14947,24.91438,000000004ef3150d,16.1
12063,2019-08-01T09:06:32Z,f60a6068c654587fa981390a039456a2fdd85e02c009df547e204a45,60.16829,24.94214,00000000afef4555,12.69
12064,2019-08-01T09:06:32Z,f803aeb1f00a057ed31451d0f3d132f27fec17305dc699176ac5339a,60.16897,24.95222,00000000aa852af1,27.28
12065,2019-08-01T09:06:32Z,f9e527876f8dfe750fd29bc42664bbf572aed5d09d344a8934a83d90,60.17065,24.93641,000000000f4919c9,4.5
12066,2019-08-01T09:06:32Z,fa1a3814c680b20020a08346c37ee2853e895984574575312bf262e7,60.14947,24.91438,000000004ef3150d,21.87
12067,2019-08-01T09:06:32Z,fa9f19c58a086fde9429d732b1eec80eacf5fc1b2c0124d17243d008,60.17918,24.95141,00000000675d5200,7.05
12068,2019-08-01T09:06:32Z,fb2df85c8938d6a1bbd1ff0a1cd8aa23480ae08dc39d2b584ed35e14,60.16762,24.95415,000000006b44cce7,20.28
12069,2019-08-01T09:06:32Z,fba6e66dd09200012637e0b454c96fd7a5459b7e8b0ba01863cdbd77,60.16762,24.95415,000000006b44cce7,3.09
12070,2019-08-01T09:06:32Z,fc75e05a713e8733c512a31a3bebec0a122af3e7afb2c5059c3f1a3a,60.17002,24.94407,000000006b087f40,14.89
12071,2019-08-01T09:06:32Z,fdb3239bb0017def73005dc66a8d674c713493499c8feff7a6c01018,60.16762,24.95415,000000006b44cce7,21.87
12072,2019-08-01T09:06:32Z,fe191b6937595e5cf2ac1491e9056f0f9fb5bf66c0cb900df00b4c64,60.16829,24.94214,00000000afef4555,9.12
12073,2019-08-01T09:06:32Z,fe88879502b9755093db192b4ea06a7b5b568f7e8b92970727636c68,60.16762,24.95415,000000006b44cce7,11.7
12074,2019-08-01T09:06:32Z,fea1453360073dfc1896bf1f005f51addb49661f953e16cffba3c63d,60.16531,24.9442,00000000fdda10fe,10.78
12075,2019-08-01T09:06:32Z,ff10218d9a15a3bf160a969fa266f197770d363bc52dce7fa08ae990,60.16762,24.95415,000000006b44cce7,8.38
12076,2019-08-01T09:06:32Z,fff7f9f42d918ac875b7e417a971d942549ba9f38b79d21d2f351959,60.16762,24.95415,000000006b44cce7,21.87
12077,2019-08-01T09:06:33Z,03e0fc996a589ccdf1871b3c78e089c08c93ba1f2a02d740fb384aac,60.16531,24.9442,00000000fdda10fe,41.64
12078,2019-08-01T09:06:33Z,0fff89885f08417f20aadfdbf62a372277e9085bcd024374b772ecac,60.16531,24.9442,00000000fdda10fe,18.79
12079,2019-08-01T09:06:33Z,0ffffc922d45d8063a1ee9f51760d94aa7e3f957374f5a86b3a18d09,60.16897,24.95222,00000000aa852af1,31.5
12080,2019-08-01T09:06:33Z,144afc51fc2443c7031a2912566eff2ce60226a49d6d2bd7c2923700,60.16544,24.95398,0000000038d83d41,17.4
12081,2019-08-01T09:06:33Z,14c7e1511b70f4dd3359cbece1377aebb4d70531f5489eefe53d7c3c,60.16544,24.95398,0000000038d83d41,27.28
12082,2019-08-01T09:06:33Z,15918569de0a46a8eb56b43d8d39f7fc82619ff1006f00822c85745c,60.17918,24.95141,00000000675d5200,4.5
12083,2019-08-01T09:06:33Z,165ebbb4090d47319ae370f0d0854fdc1f6b79499f8b2e4d3c3533c0,60.16544,24.95398,0000000038d83d41,23.56
12084,2019-08-01T09:06:33Z,1951291ca064d0fb480d958037c1477427d2ca8db455fef0b741bf9f,60.16448,24.97323,0000000053c6c2be,21.87
12085,2019-08-01T09:06:33Z,1f0f0628cdc688d76bde2b82bee5b9b4916bf0bbdfe76cf3213e1c65,60.15432,24.9211,0000000019fb59c4,12.69
12086,2019-08-01T09:06:33Z,1fdda4c2884e3254418c088e71dea3d2c474714fdba7d0d12c487ce5,60.16829,24.94214,00000000afef4555,16.1
12087,2019-08-01T09:06:33Z,2a93b61a3863ace54349d7a0937e4134fcc6d4dfcf064eefae2b7cf8,60.15432,24.9211,0000000019fb59c4,17.4
12088,2019-08-01T09:06:33Z,5d65719c4cbf045f068d084b72302f447d5fd034413d97d13be00d0e,60.18203,24.91341,00000000342570c2,20.28
12089,2019-08-01T09:06:33Z,5eed115a984d490b02b602d73787aee8dc8c4e9365b77fbff3818a76,60.16629,24.95957,00000000fb7600be,25.36
12090,2019-08-01T09:06:33Z,6a657079c1bdc8114c289be1ddd83e5846d4279a920d1697b8ff0033,60.18203,24.91341,00000000342570c2,23.56
12091,2019-08-01T09:06:33Z,6d22b751ff5173035dc85c52c3dff0780126adae67fe33dc62dd45ef,60.16531,24.9442,00000000fdda10fe,14.89
12092,2019-08-01T09:06:33Z,6f06341f358e61699fe1e55e986dd0554bc8da28b91daf0c5ad99db6,60.16629,24.95957,00000000fb7600be,23.56
12093,2019-08-01T09:06:33Z,6ff437688c444238352c28f64f9d2a7d0f14d19c9ea42c225380501e,60.16762,24.95415,000000006b44cce7,9.92
12094,2019-08-01T09:06:33Z,78d5f60b36b59c06c3988b94e11744bb3aed5dcbc214f91f228bf892,60.16448,24.97323,0000000053c6c2be,20.28
12095,2019-08-01T09:06:33Z,84fdfd8881f633c5f0c71c1480053953ca4b05e848052d97c063ad38,60.1538,24.95595,0000000038bf9618,21.87
12096,2019-08-01T09:06:33Z,87dfaad29a9276ddddb1fa021d3bc23ad14824c1af16f7d87e713689,60.14951,24.92138,0000000006dd41f6,9.12
12097,2019-08-01T09:06:33Z,8c75c3289c84fe4493e1e272a77b615fe1985880c5dc68a7c1a17b53,60.16762,24.95415,000000006b44cce7,14.89
12098,2019-08-01T09:06:33Z,8cc6ddaa460aeae8cc9e8a33f91a01c8cd4c0c8bf8a943210a28c84d,60.1538,24.95595,0000000038bf9618,29.32
12099,2019-08-01T09:06:33Z,8ffeb52bff155eab19ca329d16be495cd44a08aa7f79b94db079caf9,60.15432,24.9211,0000000019fb59c4,25.36
12100,2019-08-01T09:06:33Z,9843c6216661048343a0e49cf3d8aa2883cf77f452666a1c873a1052,60.16448,24.97323,0000000053c6c2be,8.38
12101,2019-08-01T09:06:33Z,9d03d14afa49576281aa26db60e517f7c1ec8aa36f7756959a860a8a,60.16629,24.95957,00000000fb7600be,12.69
12102,2019-08-01T09:06:33Z,a5302e72a58b038ac7633e65863bac48d8153d8837533ac7b5409f37,60.16629,24.95957,00000000fb7600be,12.69
12103,2019-08-01T09:06:33Z,a91d379a4b57c5df22db0d7a041ff69f657b4b31f28554b1011fc03c,60.16544,24.95398,0000000038d83d41,31.5
12104,2019-08-01T09:06:33Z,a9da1ee82e3b670e276c26b483dd50f4a6d0c6f77ef82245d3ae6086,60.18203,24.91341,00000000342570c2,17.4
12105,2019-08-01T09:06:33Z,ab0f67c0c0e1ba5eac9013f9c314feadf340ddf08543b91e70483594,60.16544,24.95398,0000000038d83d41,27.28
12106,2019-08-01T09:06:33Z,b4faf2d3c4d2b199afeab6ab63b583fe3a2e81e14abbef6917f25129,60.15432,24.9211,0000000019fb59c4,31.5
12107,2019-08-01T09:06:33Z,b5fd6b317890e5ab2d79e2cd1abe61626d45a753c7337d0d40728898,60.16762,24.95415,000000006b44cce7,13.75
12108,2019-08-01T09:06:33Z,ce783d3c1b06378e5c39c25687746a6f88fbb0ff2b36e3405fb61cf8,60.16762,24.95415,000000006b44cce7,21.87
12109,2019-08-01T09:06:33Z,cf05623e4d87ce0906c0b0b7dbf53aacc1228016cd27c341228b6e76,60.18203,24.91341,00000000342570c2,18.79
12110,2019-08-01T09:06:33Z,d178749a24c32676d0da0f51ae6ff63c456499d4b1814af8fa75ca9e,60.16448,24.97323,0000000053c6c2be,7.69
12111,2019-08-01T09:06:33Z,dd2c9c82cf3737146294aff6f814a1349fb0bc4bedf518715dacbe8f,60.18203,24.91341,00000000342570c2,14.89
12112,2019-08-01T09:06:33Z,ec72ef080c605e71978aed0d3b5f22c3c3133677a43c614b72eedc6d,60.14699,24.922,00000000a53ed894,36.27
12113,2019-08-01T09:06:33Z,f22981c21af00fc334b3d8bdd523e23a50384666e97815f0ec1dc0ac,60.16897,24.95222,00000000aa852af1,7.05
12114,2019-08-01T09:06:33Z,f70a43051a4f59f5002c4018a464b44781f7f527861efda6626a2de4,60.16829,24.94214,00000000afef4555,16.1
12115,2019-08-01T09:06:33Z,f7e45613ad966fea53fab73b435ba3a087c774e36596b3a5156a3487,60.16829,24.94214,00000000afef4555,2.8
12116,2019-08-01T09:06:33Z,fc4f3a44235f1cfc7b53f14ba2da599976a5a0a220d23b852688e485,60.17918,24.95141,00000000675d5200,14.89
12117,2019-08-01T09:06:33Z,00787dad708490660b0b836fa415681cc57046fa521c0c0aaea14a9e,60.16762,24.95415,000000006b44cce7,3.09
12118,2019-08-01T09:06:33Z,02050a536056486b1bf139282f0d0a3af63def1d56ff0c73ac51bb19,60.14947,24.91438,000000004ef3150d,16.1
12119,2019-08-01T09:06:33Z,023083c44c772667f1727e01c74518889b2a82d78ceb28c08b6f8a20,60.16531,24.9442,00000000fdda10fe,9.92
12120,2019-08-01T09:06:33Z,028149b8bfaf37d1f064cb0b4f23ae118f00d8eff41679fb8830396a,60.16531,24.9442,00000000fdda10fe,17.4
12121,2019-08-01T09:06:33Z,02fb8c740573d86a30d1a85d4b270f0d198cd0487446d6ca84453f3f,60.16544,24.95398,0000000038d83d41,23.56
12122,2019-08-01T09:06:33Z,0362cc670dcfab795a3911957b6a177416bf9b99d0e2732716796c4d,60.15432,24.9211,0000000019fb59c4,10.78
12123,2019-08-01T09:06:33Z,03f427d436ba092925de462b11374bdbdab0443620037675621fbc11,60.17918,24.95141,00000000675d5200,16.1
12124,2019-08-01T09:06:33Z,04c26e81b9a9c7fbc6060d74236c616220c3cd580100a0c58a62ea1a,60.16897,24.95222,00000000aa852af1,20.28
12125,2019-08-01T09:06:33Z,063935180fff0e58de5d319ecb9320cf794423e3c6aeac0cca8f1a9f,60.16897,24.95222,00000000aa852af1,20.28
12126,2019-08-01T09:06:33Z,08b63d826c0c45d7d94891d9818d7f9c202b41b997e1b7087af64ca1,60.16762,24.95415,000000006b44cce7,29.32
12127,2019-08-01T09:06:33Z,08f9fd60f852d3502bfa509c955e9963e73954f961d55ba8cd46cae9,60.16629,24.95957,00000000fb7600be,13.75
12128,2019-08-01T09:06:33Z,0951ec0c700dba7330b8e8181fc852becde054d0dc7474d1488db3cd,60.17065,24.93641,000000000f4919c9,23.56
12129,2019-08-01T09:06:33Z,0b1e470de9987c18967cad858b6f79c135ffd2e9ad00bb9c470d0eb3,60.1538,24.95595,0000000038bf9618,36.27
12130,2019-08-01T09:06:33Z,0c1684b697a63d7f47ebaedcfa060b3b4af294fec1e62d613699291a,60.16897,24.95222,00000000aa852af1,9.92
12131,2019-08-01T09:06:33Z,0c2d3bdaf0e8a9d6efcf95298acb85805b31c1c6618f00dd4489dddb,60.16762,24.95415,000000006b44cce7,14.89
12132,2019-08-01T09:06:33Z,0ce136cd78d17c06d7c5673fecf75f44da717c2befaaea18c6bdf0b1,60.1538,24.95595,0000000038bf9618,9.92
12133,2019-08-01T09:06:33Z,0f8e18e52422d7fb71594f8dbfc8bb5ae986eb9f664407f954e275b4,60.16762,24.95415,000000006b44cce7,14.89
12134,2019-08-01T09:06:33Z,1069967e3921871955b1b2b42e60f829c593a3e024401bfe61ae410e,60.16629,24.95957,00000000fb7600be,13.75
12135,2019-08-01T09:06:33Z,1074ffc7b33a1a8b54ea8f31d0f43ba07ed2ad7841b548f9bd4b9bad,60.17065,24.93641,000000000f4919c9,23.56
12136,2019-08-01T09:06:33Z,10cd81594fd56fa1f2c4799419a45b70833d3d8583b817324ee96da7,60.16897,24.95222,00000000aa852af1,8.38
12137,2019-08-01T09:06:33Z,10d0fed0f7d40b253b5fc5a53297dc9af8bb76fa6f34d5e71383cb62,60.17918,24.95141,00000000675d5200,21.87
12138,2019-08-01T09:06:33Z,1134a082e36fe03359bac74c814a0ed20468c45230115d4e25aa230d,60.16829,24.94214,00000000afef4555,14.89
12139,2019-08-01T09:06:33Z,1190156a73bf59a847cf2ffe8e6c4216b8658b3898324d94a582c787,60.16762,24.95415,000000006b44cce7,12.69
12140,2019-08-01T09:06:33Z,1271bcd33c0056265a5bdf6df4092a3c9e2209abee80570cb172031b,60.16897,24.95222,00000000aa852af1,10.78
12141,2019-08-01T09:06:33Z,13a759fd293cbde0d55db753d853768b718e59036c4007d2e3a8757a,60.16762,24.95415,000000006b44cce7,11.7
12142,2019-08-01T09:06:33Z,13cbade1d832c78b1a0a68fd9a6559054370eeae58247347955ee632,60.16897,24.95222,00000000aa852af1,21.87
12143,2019-08-01T09:06:33Z,141ffc858c3ea6a2e69c954115114304736a35dc25ec947323090dc0,60.16762,24.95415,000000006b44cce7,12.69
12144,2019-08-01T09:06:33Z,164d8280dbb888033f64368dd641bcef597fc327148fcf74374894c5,60.16544,24.95398,0000000038d83d41,16.1
12145,2019-08-01T09:06:33Z,167a52adcdc4d9a7f697ffc5e058fcb79a22a32ba0b8ed45a36311f2,60.17002,24.94407,000000006b087f40,23.56
12146,2019-08-01T09:06:33Z,16e18d478be872d2a9801fa885d08edeb3f5ae1840b38478f9baf535,60.17918,24.95141,00000000675d5200,11.7
12147,2019-08-01T09:06:33Z,190cdde22bc3e3a41cd0f9da7efb3a917bc09e8034b05ca6064ea8a8,60.17918,24.95141,00000000675d5200,13.75
12148,2019-08-01T09:06:33Z,1cfafdaa3ff1975bcf6f699641431e88775ba2183074d825eeb81dd3,60.149,24.9843,00000000fffb8cf0,16.1
12149,2019-08-01T09:06:33Z,1d70ff49909e1d6fb653ae053aa78084daf385dbbd2ad22b05707309,60.16829,24.94214,00000000afef4555,16.1
12150,2019-08-01T09:06:33Z,1e3044c19f6913531b6dd4bccb88ad02c1b39192513ccffa05444edb,60.1538,24.95595,0000000038bf9618,14.89
12151,2019-08-01T09:06:33Z,1e3af5697f0a2ae45f261da79e4ba71c868dc4d78008bd1995fe6259,60.16448,24.97323,0000000053c6c2be,21.87
12152,2019-08-01T09:06:33Z,1ecbc7c6afe89033252e5510cbb893666af2b3bc29f555a3a6287fdb,60.14951,24.92138,0000000006dd41f6,4.5
12153,2019-08-01T09:06:33Z,1f813dc10021899138c12ca17c58ab3dc24db1750dcb1790f9c20e8f,60.15133,24.92329,00000000e8a064a4,8.38
12154,2019-08-01T09:06:33Z,20b37aa6c3ad0dfea9c182498905a450537b0efbbd8563b205e93afd,60.16897,24.95222,00000000aa852af1,13.75
12155,2019-08-01T09:06:33Z,20ecc60ba6748bb4a65d10d3f27a3b928bcbc43ea0eab6ff9121c1bd,60.16829,24.94214,00000000afef4555,9.92
12156,2019-08-01T09:06:33Z,227fd98ceb97d84d0c2c3af35c32cee7a87aea62d71b1a5353ae3588,60.17065,24.93641,000000000f4919c9,23.56
12157,2019-08-01T09:06:33Z,22ac1ab1c590ea19b44c61c42f5e8da29a6acbabf56676527811507a,60.15432,24.9211,0000000019fb59c4,16.1
12158,2019-08-01T09:06:33Z,25479245e5a8b0fe47e2bd590cdd63256d84afd6c164781dc64e527d,60.149,24.9843,00000000fffb8cf0,10.78
12159,2019-08-01T09:06:33Z,25d340d14d855b8c18b2c6f2551ec98a1eb047d1fd3457ba881ddf28,60.17918,24.95141,00000000675d5200,2.54
12160,2019-08-01T09:06:33Z,270749ab8e1a83f0dcbf45dc861bcc0e10361d103d7589841787e366,60.16531,24.9442,00000000fdda10fe,18.79
12161,2019-08-01T09:06:33Z,277fcf3cc917a89b46a34e0cf5164a78f5bcc88d92bb45ded60f1a91,60.17065,24.93641,000000000f4919c9,5.41
12162,2019-08-01T09:06:33Z,27b591b33a56a542440b53031a24f42290b0ec1a194af27700b75a3a,60.17918,24.95141,00000000675d5200,4.11
12163,2019-08-01T09:06:33Z,28296ae2b460df2f6807f8a84b81e5ebd24677a05bded29111dc33a4,60.17002,24.94407,000000006b087f40,25.36
12164,2019-08-01T09:06:33Z,28ce50ca84cdcd4c17a36ac666e7ac0267b6ab5b77f4bfb08b2573a1,60.16762,24.95415,000000006b44cce7,2.08
12165,2019-08-01T09:06:33Z,28d50861d92f962c7a49eabaa524431aebf52870e44b79f77d7167c6,60.17918,24.95141,00000000675d5200,12.69
12166,2019-08-01T09:06:33Z,29ae3c5c3aeac0c607bc816f7e74c232a40142b79a52c43c7b1ed42f,60.16829,24.94214,00000000afef4555,7.05
12167,2019-08-01T09:06:33Z,2ab97eb72424d3a245ddd77691854f564f939b5bacf84648d4211da2,60.16762,24.95415,000000006b44cce7,14.89
12168,2019-08-01T09:06:33Z,2afa9ac588b2c55e8edf99ee96ecaf63451a7ab1e51571b7e2d1d491,60.16762,24.95415,000000006b44cce7,6.46
12169,2019-08-01T09:06:33Z,2c6810efb2565383ca0a554f3c51f3f7905484357f5e00756dbf091a,60.17918,24.95141,00000000675d5200,7.05
12170,2019-08-01T09:06:33Z,2ea9a23b1a04016fb4810d1ceb5731d90774224fd9235877005a4e1c,60.16897,24.95222,00000000aa852af1,11.7
12171,2019-08-01T09:06:33Z,2f43b7a683b0d365a46b6259a032813c293472eaedcdbcc3507adee5,60.17918,24.95141,00000000675d5200,10.78
12172,2019-08-01T09:06:33Z,2f658fba107809412796435b7b16fb588eefea1e75dc8fa1302b8655,60.16531,24.9442,00000000fdda10fe,27.28
12173,2019-08-01T09:06:33Z,2f79108a454c0072885ad1447280ed5098d061b229eaae61a8bb67be,60.15432,24.9211,0000000019fb59c4,12.69
12174,2019-08-01T09:06:33Z,2f82b3546af2df53b58cddc668c9aa196554108cdf39120ea40b417c,60.16629,24.95957,00000000fb7600be,11.7
12175,2019-08-01T09:06:33Z,2fb39eae730ec6f291700f841a64aaf680d52a8346399aec6ccb1dbb,60.17065,24.93641,000000000f4919c9,27.28
12176,2019-08-01T09:06:33Z,2ff189e5846383641192cafb595a7a8f77394239ee03aabd1bf3c49f,60.16829,24.94214,00000000afef4555,7.05
12177,2019-08-01T09:06:33Z,312e78d3624e87e1645e7d54f96facd8a2321d6e65a3ef0620fb1d42,60.16531,24.9442,00000000fdda10fe,11.7
12178,2019-08-01T09:06:33Z,31b02b3b271f6feef9e49d9285929ff1c25a11e608fc5d70bc6a1fac,60.16897,24.95222,00000000aa852af1,18.79
12179,2019-08-01T09:06:33Z,33fa4cb82db5b44ffe6e7ae1039635187f90d1df328f8f139da0c693,60.17918,24.95141,00000000675d5200,3.4
12180,2019-08-01T09:06:33Z,3480c16a6649952c388d8902596e332f018e609b9585f483353ae026,60.17065,24.93641,000000000f4919c9,2.54
12181,2019-08-01T09:06:33Z,34e96c7caa63e7ede8f428b18e8fb556ac235d61a50c9d6ac7ff268f,60.17918,24.95141,00000000675d5200,13.75
12182,2019-08-01T09:06:33Z,3609f484ad7e56259f60a61aba44f22dfca5c8b2564fce7e802ad342,60.16829,24.94214,00000000afef4555,7.05
12183,2019-08-01T09:06:33Z,367b1989198ef11170dd9fcfa7e6ebb5ceb58aab87c613ee1bb86e8c,60.16531,24.9442,00000000fdda10fe,9.92
12184,2019-08-01T09:06:33Z,370e50e1f77aeb2782c892f70147b6a5749ecd7e9ee41036f693ba0a,60.16762,24.95415,000000006b44cce7,8.38
12185,2019-08-01T09:06:33Z,38fb20c6d55b10dd10a39c0fb41ad61297453e25afda81cf32313ae3,60.16531,24.9442,00000000fdda10fe,25.36
12186,2019-08-01T09:06:33Z,39c6456ee66fe96eee3d97cee2a70923cedb3da760bb5d4d413adb9c,60.17918,24.95141,00000000675d5200,9.92
12187,2019-08-01T09:06:33Z,39e9fa7033887b7ab339887aa68753ff94d4771cda2bb8ff4ea7aa0a,60.17918,24.95141,00000000675d5200,12.69
12188,2019-08-01T09:06:33Z,3a1afdcf7c2e5a52cdbcbbe29e8281c184037e8720920c6c75bee339,60.15133,24.92329,00000000e8a064a4,18.79
12189,2019-08-01T09:06:33Z,3a253f272d2781dc2001addfbddcac5f3dbf18610988531707b80b60,60.16829,24.94214,00000000afef4555,10.78
12190,2019-08-01T09:06:33Z,3a38ba36c098f2741d6c5fb5a751fcd074d05d698ac592ca09ab443c,60.16448,24.97323,0000000053c6c2be,25.36
12191,2019-08-01T09:06:33Z,3a7b4023cee4b0d567a123a3d6aff0bc8f94663522bbdf0ea4306607,60.149,24.9843,00000000fffb8cf0,11.7
12192,2019-08-01T09:06:33Z,3b124e1851087531134d5e5d0a10b6afe3551982609a81a19dd969dd,60.16829,24.94214,00000000afef4555,14.89
12193,2019-08-01T09:06:33Z,3be40c84926a525adbd09eeeb3a12b73b24c633942b2e1fbe8151ac3,60.16448,24.97323,0000000053c6c2be,9.92
12194,2019-08-01T09:06:33Z,3c3110ece83318c92f1593798ea2f6d2060002d20fce8b830234e82e,60.16544,24.95398,0000000038d83d41,23.56
12195,2019-08-01T09:06:33Z,3d0437a1d090cd3cad05629e69a61c519aa6218e1b7fb47811e5a4ae,60.16762,24.95415,000000006b44cce7,3.74
12196,2019-08-01T09:06:33Z,3eea43670f4f29a90ced59c1af122371340275fb61ff8f14c7120658,60.16762,24.95415,000000006b44cce7,7.69
12197,2019-08-01T09:06:33Z,40646914186edc6142b7fc3daf766121b55f5bb36ea38facff686ea5,60.16897,24.95222,00000000aa852af1,16.1
12198,2019-08-01T09:06:33Z,40825cb0d315c92e0e0a73cc8e86c3b763bbf7ce226f112913e05e0f,60.17065,24.93641,000000000f4919c9,17.4
12199,2019-08-01T09:06:33Z,411f63100f0afed103b4e31b3544b8cf0c4c830902efe7da020562c4,60.16629,24.95957,00000000fb7600be,20.28
12200,2019-08-01T09:06:33Z,41a0ca2955e0ae0324f6e14aeb77ebfaac5305e31d86c42a20277b94,60.15133,24.92329,00000000e8a064a4,23.56
12201,2019-08-01T09:06:33Z,423f2aa3bc12010457ab29d0baccdc5f8e87032eeb9c37ef95429109,60.14951,24.92138,0000000006dd41f6,31.5
12202,2019-08-01T09:06:33Z,42844e90c7134ebb3ec325f57cd27cd24711c779548ebc8692a820d5,60.14951,24.92138,0000000006dd41f6,3.4
12203,2019-08-01T09:06:33Z,432417b4972b744ded3410777a6bbb583cf56172bf3436ddbe48a21d,60.16762,24.95415,000000006b44cce7,21.87
12204,2019-08-01T09:06:33Z,4393fccdbc9fb22fab14f03ea52183ad558bcd436202e69f56a7b77a,60.16762,24.95415,000000006b44cce7,10.78
12205,2019-08-01T09:06:33Z,44334c68f3991fe858ac066726e0a884236a5d89fe94d917b48e857c,60.16829,24.94214,00000000afef4555,27.28
12206,2019-08-01T09:06:33Z,4470412c4b059a920f2699fbfb72b261e0847b3e1caa8c71d2edd5a2,60.16448,24.97323,0000000053c6c2be,18.79
12207,2019-08-01T09:06:33Z,4682d95464cedcc021f38271a51bab9c000762b4acf802070e259ba2,60.16629,24.95957,00000000fb7600be,6.46
12208,2019-08-01T09:06:33Z,47bd1492244c444d45674eb48dd2e6f222cb109d820ba807c4e18c1a,60.16629,24.95957,00000000fb7600be,12.69
12209,2019-08-01T09:06:33Z,48004849b2f48b2314aa9175433d754db1641b949bb8cf050e2dd128,60.17918,24.95141,00000000675d5200,8.38
12210,2019-08-01T09:06:33Z,484bbaa5a9d6bdd2259f022b6ea4e3c290985c13a1286bd7142d878f,60.16762,24.95415,000000006b44cce7,6.46
12211,2019-08-01T09:06:33Z,48c0ea6615ac4c02fc9bc0e06f9ea9309f9bf7e73b4324d7a6b14610,60.16829,24.94214,00000000afef4555,6.46
12212,2019-08-01T09:06:33Z,497d535ffc7af13ad6527c1139af3451abb3584a2490e3c470f73f9d,60.16762,24.95415,000000006b44cce7,17.4
12213,2019-08-01T09:06:33Z,49bbad87e4d6cd03bdb073bde7be91193d74d29943badce7fc536916,60.16448,24.97323,0000000053c6c2be,11.7
12214,2019-08-01T09:06:33Z,49df780a7f20a99ad2810fa4bbb46b5fac9bc5cbe3fc800cd572f63a,60.14947,24.91438,000000004ef3150d,9.92
12215,2019-08-01T09:06:33Z,4ade4f0d92c6157a42d7fd8e353d1c93551324ba47cc134b840a6c63,60.16897,24.95222,00000000aa852af1,4.94
12216,2019-08-01T09:06:33Z,4b4afca270c22aae160d996711ae685b598b87871b3b4ab2f96786b6,60.14951,24.92138,0000000006dd41f6,33.81
12217,2019-08-01T09:06:33Z,4ba529eeafb27285cbbade6e5ece0d4d04bd2d13c98b27a5d17abd22,60.16897,24.95222,00000000aa852af1,3.09
12218,2019-08-01T09:06:33Z,4c85a4a0756c1707ca2f02a74870d1e1d1a90f1793d229dc3a2bbb63,60.16531,24.9442,00000000fdda10fe,29.32
12219,2019-08-01T09:06:33Z,4e262a07e1ea47350f808684444d1d8b3f223288fb219cca9f12af23,60.1538,24.95595,0000000038bf9618,11.7
12220,2019-08-01T09:06:33Z,4f609afde0ba5cb017ba3c549bdd11ff322a2e0227a0f11a9d112220,60.16762,24.95415,000000006b44cce7,8.38
12221,2019-08-01T09:06:33Z,4f9125edf503fe3cb0ba1e1221fe6a67aafd99fcd89fd92d2bf20e97,60.16897,24.95222,00000000aa852af1,17.4
12222,2019-08-01T09:06:33Z,4fb4a3650a2a28469dde9c537458d24411aa6075666e047dd756fba9,60.17919,24.95181,000000007b5207b6,16.1
12223,2019-08-01T09:06:33Z,5001aabb6808b9fd96b705d1ebe8e7aca52713c2640100d81879dd86,60.17918,24.95141,00000000675d5200,17.4
12224,2019-08-01T09:06:33Z,5143af775374504a931805df3b7bc0712b2401f6a3ea2c49fd69cf6f,60.16829,24.94214,00000000afef4555,13.75
12225,2019-08-01T09:06:33Z,51ec42fdd85671ae93876c3d875b24e56cb45699e9c3d2b623dca70d,60.16762,24.95415,000000006b44cce7,7.05
12226,2019-08-01T09:06:33Z,529623421e226c215bcca0b1388813e291d3d13ed1d8465f0ab69147,60.16629,24.95957,00000000fb7600be,13.75
12227,2019-08-01T09:06:33Z,52d04561c07e0aab4f89e343cff0691d714ec5284ffb9a71954c93d8,60.16762,24.95415,000000006b44cce7,12.69
12228,2019-08-01T09:06:33Z,52dafb8d2f758077fde6a37220aa103d803e9c58d64ac234a45708ee,60.16531,24.9442,00000000fdda10fe,31.5
12229,2019-08-01T09:06:33Z,5372348389197e6c4bc4c5e3dab047e7384d562220e6295904bbda1b,60.17065,24.93641,000000000f4919c9,4.11
12230,2019-08-01T09:06:33Z,5385ddf78e929052bb12c39651fb3ff99e3642aa079d49f687b4c73c,60.16762,24.95415,000000006b44cce7,13.75
12231,2019-08-01T09:06:33Z,53d8fd3162d3b72ea9f77159ab356b46d40de1758d6388e60fe70985,60.16629,24.95957,00000000fb7600be,29.32
12232,2019-08-01T09:06:33Z,53fb53be4440aecb1a1fa63a9da1db08182cc7e252da14685e63373d,60.16762,24.95415,000000006b44cce7,10.78
12233,2019-08-01T09:06:33Z,54bd709173219e8017f317b63ecc83d0a48f64542e6fa1b83c86a56c,60.17918,24.95141,00000000675d5200,11.7
12234,2019-08-01T09:06:33Z,559429bba23762a872fc7b1e2219d42125ab101e4355d43fdb94ed7b,60.17918,24.95141,00000000675d5200,7.69
12235,2019-08-01T09:06:33Z,559e6a5225ce35ab844c63ea0d0c1695dc490a3d9cfbafa5d35ac8d8,60.14947,24.91438,000000004ef3150d,9.12
12236,2019-08-01T09:06:33Z,560816066eb4d44c34d0d56c57c994c0cccbd36fef545059b8e4d9d7,60.14947,24.91438,000000004ef3150d,9.92
12237,2019-08-01T09:06:33Z,57c17edc71bbce06ad692952a1e05eaa77181884e580c0848f3a23fc,60.14951,24.92138,0000000006dd41f6,17.4
12238,2019-08-01T09:06:33Z,5830a481876da00686f25b17dad06258a39212c0816ed04dda2df1bd,60.16531,24.9442,00000000fdda10fe,18.79
12239,2019-08-01T09:06:33Z,5865a27b5b56a60bca38e4a1403655e3e7fd0232a3ff2079965aff81,60.15432,24.9211,0000000019fb59c4,8.38
12240,2019-08-01T09:06:33Z,5978726eeef638856dafd3a8d199287f8daf9e90ddde750b402f8bb0,60.17065,24.93641,000000000f4919c9,1.7
12241,2019-08-01T09:06:33Z,5a34b02faac3189217466888ef1d31cc80f721ac2f18638c5db88d53,60.14947,24.91438,000000004ef3150d,16.1
12242,2019-08-01T09:06:33Z,5b06617477af6dcee75a94ac347364b50f6f3b5b7d747e5413d9ad58,60.14947,24.91438,000000004ef3150d,6.46
12243,2019-08-01T09:06:33Z,5c1f71098d5d7258d2971061c791c94e0138c8e02225c5f60d6a0428,60.149,24.9843,00000000fffb8cf0,25.36
12244,2019-08-01T09:06:33Z,5daa76852f3e1be6c75fa2185d5787ab9010cf83d6671515769a8649,60.16531,24.9442,00000000fdda10fe,21.87
12245,2019-08-01T09:06:33Z,5e2c5c20c88ccf362ed8749d1ddc041b1cb1c38d8dbeac7870179322,60.16629,24.95957,00000000fb7600be,11.7
12246,2019-08-01T09:06:33Z,6051ed50496b74a6ff68c86205d23971fcaccd6c91edfe7d78fa71b0,60.16897,24.95222,00000000aa852af1,20.28
12247,2019-08-01T09:06:33Z,6072bfb496e2b8a999c9edbda5b76fbc0e783ff2a439c4e6c881fabf,60.16829,24.94214,00000000afef4555,12.69
12248,2019-08-01T09:06:33Z,619c5b31af2a28703a837cc7974ef0d2c5bb6584ba0fcc03076218ac,60.17002,24.94407,000000006b087f40,5.41
12249,2019-08-01T09:06:33Z,626bf35ce16dba1054cfd175d09475d3ee751bf70e56f984ff5c7ab6,60.15133,24.92329,00000000e8a064a4,21.87
12250,2019-08-01T09:06:33Z,63ff2439779051005c18876d20ed53ce060c1de9d7976821bd518fc6,60.15432,24.9211,0000000019fb59c4,9.92
12251,2019-08-01T09:06:33Z,6470ee836399c5610581ec9de09772d350282ecc4c5c57fa02a5ec68,60.16075,24.95883,00000000f1124bca,25.36
12252,2019-08-01T09:06:33Z,65b6b62b547e11e10f7f83ad497446bee2bb9653097d9d62e9b1b817,60.17065,24.93641,000000000f4919c9,13.75
12253,2019-08-01T09:06:33Z,66ad74b1795a3f2db404e46e89b7cdeb3d6e231b6573e3fd29bb7eef,60.16897,24.95222,00000000aa852af1,18.79
12254,2019-08-01T09:06:33Z,67cf7d2881080aa59ed36a6d88ea1946d17e9d1d5e1ad9eee1851969,60.18203,24.91341,00000000342570c2,13.75
12255,2019-08-01T09:06:33Z,685af6b01bd180194d718801bb8b9c9de22050cc392d6c6441fe986b,60.18203,24.91341,00000000342570c2,8.38
12256,2019-08-01T09:06:33Z,69e2854c78a472b462941ef730aa9fa7a9dba9c1cc22996396d4c78a,60.17918,24.95141,00000000675d5200,7.05
12257,2019-08-01T09:06:33Z,6a75294b52678d021371b3f955224c3b5d0006997eb0dbc03f980a89,60.16762,24.95415,000000006b44cce7,21.87
12258,2019-08-01T09:06:33Z,6adce4d05e58232a97635a2fd7918e4e49d9295afc0989d727f9c712,60.17002,24.94407,000000006b087f40,8.38
12259,2019-08-01T09:06:33Z,6d98ac1fea7056e5b96d6095caf0e3677a4ec30e9fbcc2e50ae1cf65,60.16629,24.95957,00000000fb7600be,17.4
12260,2019-08-01T09:06:33Z,6dca84ddf4be668487766d17c5d13961ed713d24032f709ae87a497f,60.16829,24.94214,00000000afef4555,14.89
12261,2019-08-01T09:06:33Z,6dd5463e670c352180c1e912300e21e59f5e2976266df8c3c92b0baf,60.16829,24.94214,00000000afef4555,17.4
12262,2019-08-01T09:06:33Z,6f616e6334d0ed70e5ea15408a51e9daf643369911d94d76830a7d65,60.16544,24.95398,0000000038d83d41,18.79
12263,2019-08-01T09:06:33Z,7003a7f6a5523b645634f014e04bea36016953a8af9324e35602bc2e,60.14947,24.91438,000000004ef3150d,13.75
12264,2019-08-01T09:06:33Z,701dc50417b28dba15ad9ff809844f1766b6579389a2e5ebb0562635,60.16629,24.95957,00000000fb7600be,20.28
12265,2019-08-01T09:06:33Z,704c3f3075f13713c363014fa828e4a932e7a05676813b9963a1e554,60.17918,24.95141,00000000675d5200,3.4
12266,2019-08-01T09:06:33Z,70d391038ec56b63a3737605c2c1db6ffbdca8e4490691776dc993f1,60.16829,24.94214,00000000afef4555,0.71
12267,2019-08-01T09:06:33Z,7105a68b527be40338bcf13245fe1975a15988a3c557bbb24fd26422,60.16762,24.95415,000000006b44cce7,13.75
12268,2019-08-01T09:06:33Z,7176ddd6f2dc9be71319e3a2ea67061af7b5277adc890f23882c0afd,60.16829,24.94214,00000000afef4555,16.1
12269,2019-08-01T09:06:33Z,71b01bb8b8e877dc9ca40e756f441571d12ee3311a945417e8aaa116,60.16762,24.95415,000000006b44cce7,11.7
12270,2019-08-01T09:06:33Z,72439a1f997fd347d46394f31f5789edc877fe61ca34fcd31f9150b1,60.18203,24.91341,00000000342570c2,10.78
12271,2019-08-01T09:06:33Z,7292a4a47ed655e0ce0ead026bb0ae4b8093342f87a9aed5665c1456,60.16762,24.95415,000000006b44cce7,9.92
12272,2019-08-01T09:06:33Z,76c2f7b3773d4bebd4dabada1c2b98fe4ea9762e9c98b4a6371d7746,60.16762,24.95415,000000006b44cce7,9.92
12273,2019-08-01T09:06:33Z,76ef1048176afbfc84022d38450e09d0aea6a7fec1abc3722756dfb8,60.14951,24.92138,0000000006dd41f6,29.32
12274,2019-08-01T09:06:33Z,7700297fec4982ad776529835e2ab46d4e5cbc889e26f368c19efeef,60.16829,24.94214,00000000afef4555,14.89
12275,2019-08-01T09:06:33Z,774131d73accbbb31ec3c43c3501b7969645eb65df1839ca8116526e,60.15432,24.9211,0000000019fb59c4,1.54
12276,2019-08-01T09:06:33Z,7803e2d46157a5482e745447d4c2c332fbd818d87a20b0f6187c628d,60.17065,24.93641,000000000f4919c9,18.79
12277,2019-08-01T09:06:33Z,7a9e9c23e9d691adcd677be9ac9ca68f7e35915fbf5da7c6c8d270fa,60.17002,24.94407,000000006b087f40,21.87
12278,2019-08-01T09:06:33Z,7c1534082e86ff4387878d813207626d8f728aa26b97248e00a3b8d7,60.16629,24.95957,00000000fb7600be,16.1
12279,2019-08-01T09:06:33Z,7d12711d47425111a6dce413faa867542b9532f3b9c5a934b37a0bc8,60.17918,24.95141,00000000675d5200,18.79
12280,2019-08-01T09:06:33Z,7d415f4fd9093fb383b4ebb88961ad74e6a00d3ece39504712dad639,60.17918,24.95141,00000000675d5200,9.92
12281,2019-08-01T09:06:33Z,7e067912bc55af218529f30482cd9103232ae63368443dbb57438d03,60.16829,24.94214,00000000afef4555,27.28
12282,2019-08-01T09:06:33Z,7e2e3d07c939e3e76e7ce87678faf64e056afe54215e00488839100f,60.14947,24.91438,000000004ef3150d,18.79
12283,2019-08-01T09:06:33Z,7eb4a715919b3eb4085270535ce4d7b57112591ad7242eb189bf652a,60.17065,24.93641,000000000f4919c9,12.69
12284,2019-08-01T09:06:33Z,7f534fc0885ddf5a5c3814e4232de3356affd42f6c3560055079dc1c,60.16829,24.94214,00000000afef4555,25.36
12285,2019-08-01T09:06:33Z,7f59aaecea1eee6c703ec5d46d67b44289ddedf080defee495b73739,60.14947,24.91438,000000004ef3150d,5.91
12286,2019-08-01T09:06:33Z,7faf8705e89a761625aaed50b89538581e25d5950ec8f051d36ed829,60.14947,24.91438,000000004ef3150d,12.69
12287,2019-08-01T09:06:33Z,7fe96255e89da662cb4a10df4705f39989babea20fdc4ef0bf4fb395,60.14951,24.92138,0000000006dd41f6,23.56
12288,2019-08-01T09:06:33Z,809bf2d7a0745ae512b934a578fd5fd47c13c5398b6d06ad350b9e7c,60.14947,24.91438,000000004ef3150d,13.75
12289,2019-08-01T09:06:33Z,8165c5f8d06298ffd56f071c0ad1cc9f1d4f08084936937d712d0b61,60.15133,24.92329,00000000e8a064a4,18.79
12290,2019-08-01T09:06:33Z,82b78c2220aee81a2744ddfaf7ed29663888987dba6b7cdda05731d9,60.14947,24.91438,000000004ef3150d,23.56
12291,2019-08-01T09:06:33Z,82d5e55f1c1dd503d4aaa8804acff7cbaf416a9c58e0888fce7e0cb7,60.16531,24.9442,00000000fdda10fe,25.36
12292,2019-08-01T09:06:33Z,8524898e498c83bde4bc1848aa2b372da84e7b2266f36aabe128cc27,60.17919,24.95181,000000007b5207b6,25.36
12293,2019-08-01T09:06:33Z,85bdce5b262dbd94adcff03e6cad26a1152828b6ab27e6fdd56b2b13,60.16762,24.95415,000000006b44cce7,2.54
12294,2019-08-01T09:06:33Z,87f1cc4c4a9de1ab81fe39cf7fde6cf0d4778e690f1665b62231ce46,60.149,24.9843,00000000fffb8cf0,27.28
12295,2019-08-01T09:06:33Z,880f9cbb91b9caf48ea9c5dd1a0c8e1db72922b6dfcb647b102fc469,60.16629,24.95957,00000000fb7600be,7.69
12296,2019-08-01T09:06:33Z,88c2bc6310f27465b9f08b28fb52075d7703ce7b097e5beb37c7437c,60.14947,24.91438,000000004ef3150d,13.75
12297,2019-08-01T09:06:33Z,893080d82bb28aa3ab91e41ddd4569086c8135ade7be10aa644fca95,60.17065,24.93641,000000000f4919c9,33.81
12298,2019-08-01T09:06:33Z,898cde3317c73907bb23b1b885828c4bf3187c3a757a18dc32abe970,60.16762,24.95415,000000006b44cce7,7.05
12299,2019-08-01T09:06:33Z,89aeff56a0700534bbf2dfd19fc298f5a890c95e1a45b6ca7ad3c33a,60.16829,24.94214,00000000afef4555,13.75
12300,2019-08-01T09:06:33Z,8a01e28fd327e5c56dcf2dc8b2b7762a96d77584c21990a073ceb11f,60.16829,24.94214,00000000afef4555,7.69
12301,2019-08-01T09:06:33Z,8c2c35fb6ebc0f07014a3291523f291bea82160dee13d091314cde65,60.16762,24.95415,000000006b44cce7,8.38
12302,2019-08-01T09:06:33Z,8c571538c285dba9d77edacfb1829b282d54b772b62209c6e4004237,60.17918,24.95141,00000000675d5200,4.5
12303,2019-08-01T09:06:33Z,8d5e893f77b3d167ebefad4ecab181fea08513599a6f9450f0b9a827,60.17919,24.95181,000000007b5207b6,10.78
12304,2019-08-01T09:06:33Z,90a44cbd1a957cc59a6986cff9b6b7b8e151d379e17da645069428b8,60.173,24.92524,0000000096918cfa,17.4
12305,2019-08-01T09:06:33Z,939c459d913b0b38838071a0d13671e83e4a751f44624b21e84daa69,60.16762,24.95415,000000006b44cce7,9.92
12306,2019-08-01T09:06:33Z,93a13528693a5862c05b962a6681ea8c2bb319c6b0ed3b7ae2539723,60.16629,24.95957,00000000fb7600be,20.28
12307,2019-08-01T09:06:33Z,941e13893853105c86bfbc6d31d62274937602143ce3bb530c8c17ed,60.17918,24.95141,00000000675d5200,20.28
12308,2019-08-01T09:06:33Z,9abbc86fb0fc1c0532042814af76a97e6a17121831d4394749a290a6,60.16762,24.95415,000000006b44cce7,10.78
12309,2019-08-01T09:06:33Z,9b3e6848d8b34e802134d6da0e5a594897ec3fafbbf08b6d0b84068e,60.17918,24.95141,00000000675d5200,5.41
12310,2019-08-01T09:06:33Z,9bc129708b07f3c5bbf4195e83f0e5b9a663b6f371f416a8e3a605f0,60.16897,24.95222,00000000aa852af1,21.87
12311,2019-08-01T09:06:33Z,9bdb503344071eddd74d821f537246d8a6c19468b05d38d0170377f9,60.16897,24.95222,00000000aa852af1,12.69
12312,2019-08-01T09:06:33Z,9bef8b28ea93ecaee57d05b037edbfe7f80014aaf56343345fedd7be,60.17919,24.95181,000000007b5207b6,6.46
12313,2019-08-01T09:06:33Z,9ce214896068957a21bc57af08680d84debbd091b49ad5e6402c4cc8,60.16629,24.95957,00000000fb7600be,16.1
12314,2019-08-01T09:06:33Z,9dfecc3e26cb27e4b80721e355ef0d6cb182ac2eebf66b006e2d9f8e,60.149,24.9843,00000000fffb8cf0,27.28
12315,2019-08-01T09:06:33Z,9e343a150f07bb3dcce5ecab8ac061b84d65b347b1af5a232e00eeb6,60.16829,24.94214,00000000afef4555,14.89
12316,2019-08-01T09:06:33Z,9eee6d740f1d483c484d02f0995f35550c09e6a8cf01f02680db5efc,60.16448,24.97323,0000000053c6c2be,16.1
12317,2019-08-01T09:06:33Z,9fe150ec915809e658e73e8d7076541dd0ae11c3374241f41adbb90b,60.16629,24.95957,00000000fb7600be,16.1
12318,2019-08-01T09:06:33Z,a04214b56cac7d70680703ee6a28fac742f3c3190b55b46a79c1f76d,60.149,24.9843,00000000fffb8cf0,16.1
12319,2019-08-01T09:06:33Z,a0af15cb8910790ac8af904ddf7b0dbf5ef778ba6dd3b3e690926089,60.16762,24.95415,000000006b44cce7,9.92
12320,2019-08-01T09:06:33Z,a2333053951d093ef490bcc3b9455fa0ed512421b5b597602785ab28,60.16531,24.9442,00000000fdda10fe,18.79
12321,2019-08-01T09:06:33Z,a2c53a9ecb3dab08bc3bf70db35ea02e6f15cedb137ce7817751f27c,60.16829,24.94214,00000000afef4555,17.4
12322,2019-08-01T09:06:33Z,a2e761fd97d8bdf78601300822b531e306b9ab7a1a43b6bfb07eba52,60.14947,24.91438,000000004ef3150d,11.7
12323,2019-08-01T09:06:33Z,a38c11c450b472b9dad2f076e2d9a63651292d3de806331d06af7f46,60.16531,24.9442,00000000fdda10fe,23.56
12324,2019-08-01T09:06:33Z,a3d8a00bf4a5d0ad6ea50d5408dff462b3190192fa4d3f8690d23219,60.14699,24.922,00000000a53ed894,25.36
12325,2019-08-01T09:06:33Z,a403dc1eebc5d130e12a4c3e4298737c9e00b25b1b6b2cc36a6979c9,60.16629,24.95957,00000000fb7600be,17.4
12326,2019-08-01T09:06:33Z,a47e8613674297dc49b26801b19d2110d009aaee57412f2127f3b093,60.16897,24.95222,00000000aa852af1,14.89
12327,2019-08-01T09:06:33Z,a61a6156cbe24f1f3fc8708456044502186478f34ecccb0620788ac3,60.16762,24.95415,000000006b44cce7,20.28
12328,2019-08-01T09:06:33Z,a66eb6150c36b53f6240acfe16dd98ceb16c43b8e02d0b56993bac73,60.16897,24.95222,00000000aa852af1,25.36
12329,2019-08-01T09:06:33Z,a6d0dd9de406b1201a4e438ec7c5f4a467f38c41e2dec42ff6c71d50,60.16897,24.95222,00000000aa852af1,11.7
12330,2019-08-01T09:06:33Z,a786eb3b8a25c58099a428799e99d0b86401f803ee38d3e5d20e59d3,60.15432,24.9211,0000000019fb59c4,9.12
12331,2019-08-01T09:06:33Z,a808962cb511e5ed2d23e6e33efe252b1be29dc1d2f7c6154817f04f,60.16448,24.97323,0000000053c6c2be,16.1
12332,2019-08-01T09:06:33Z,a83415babca8eac00f69a32371a230fdadda29bf40fd69f75cf2e8fb,60.17918,24.95141,00000000675d5200,18.79
12333,2019-08-01T09:06:33Z,a83703c80a4d58db87327a53b0d3664d23edf7350ff6b0afaa49c530,60.16629,24.95957,00000000fb7600be,20.28
12334,2019-08-01T09:06:33Z,a8ca7fb815e707c04434a085c4f99e783d56372143afc92225eae622,60.15133,24.92329,00000000e8a064a4,18.79
12335,2019-08-01T09:06:33Z,a982f65ed2c57aff3f744dba9f5e9ca929c81c14883516889898f207,60.16762,24.95415,000000006b44cce7,11.7
12336,2019-08-01T09:06:33Z,a9ee2aabbd32919adf0325ca2f2c5f8e0ba801bc168e8756cda957da,60.16629,24.95957,00000000fb7600be,20.28
12337,2019-08-01T09:06:33Z,ab615ee5bbf567aee3505fbb360d09fc6b851f93fb15aef778b57128,60.16531,24.9442,00000000fdda10fe,12.69
12338,2019-08-01T09:06:33Z,abf0be93e7a8aec9fa8284fdbcc2493f32084aa95f15660b23e149c6,60.16629,24.95957,00000000fb7600be,10.78
12339,2019-08-01T09:06:33Z,acbbe4765d72f36b0323407c7dbe43db7b4ad5e2da0a6a9e5966db0b,60.16897,24.95222,00000000aa852af1,9.92
12340,2019-08-01T09:06:33Z,ad22512fd6a5ad9e19fdfad7e02b2793ecb01875be243f894c637ae2,60.16829,24.94214,00000000afef4555,4.11
12341,2019-08-01T09:06:33Z,af67ffa8b538058603b74f48e04ab914e8f6cd450f53c47f8c3d683d,60.15432,24.9211,0000000019fb59c4,11.7
12342,2019-08-01T09:06:33Z,afaed9946dbc1509500c6f80f87eed8fe44a74ba3e14328c6efe3971,60.16829,24.94214,00000000afef4555,10.78
12343,2019-08-01T09:06:33Z,b09e9bb62cc49c085c1aee3b752af1bec69dabc939323e5733f73933,60.17065,24.93641,000000000f4919c9,21.87
12344,2019-08-01T09:06:33Z,b25339bfcf356e1460eec7d6494ab8fa8fe2ee363afb6496ab1a1fb9,60.16829,24.94214,00000000afef4555,18.79
12345,2019-08-01T09:06:33Z,b28757d67868f9471f0d997a935e857fd0ff1095449820929597563b,60.16762,24.95415,000000006b44cce7,4.94
12346,2019-08-01T09:06:33Z,b32d22dd18cf9161a46f185f162147d8f4d9f2f6e1d121c3e5b0714e,60.16629,24.95957,00000000fb7600be,31.5
12347,2019-08-01T09:06:33Z,b32e57a6f5865a23d7a0e9fa346d5ec4e975f99c4df815fe8b1449b2,60.17918,24.95141,00000000675d5200,11.7
12348,2019-08-01T09:06:33Z,b3d94dfd4a1393ebe6b450d53a8c1c172707ab9ae1ab42b50b5b31df,60.16829,24.94214,00000000afef4555,16.1
12349,2019-08-01T09:06:33Z,b474e34db18d21635ec9ea2654513e6759c326f3aaec96c25f9a204e,60.16897,24.95222,00000000aa852af1,17.4
12350,2019-08-01T09:06:33Z,b50a45ac0708e7b5cca42f3458430eb22ff70a81c575bafe99ffda23,60.17002,24.94407,000000006b087f40,6.46
12351,2019-08-01T09:06:33Z,b5603e758440226e490d1d7d7271a7b0d5c261eccbad198f81110136,60.15432,24.9211,0000000019fb59c4,9.12
12352,2019-08-01T09:06:33Z,b6b32d1744cab38523e13d061fa256f05d6e01d920275907327c3083,60.16829,24.94214,00000000afef4555,17.4
12353,2019-08-01T09:06:33Z,b6c43126ca83e916a68e57d0178060c24fc61305836b6c8f188f7285,60.17918,24.95141,00000000675d5200,5.41
12354,2019-08-01T09:06:33Z,b8fb70225ee0a2d655e2809da07a2f8cd2feb7295aa256f8b35fcf1e,60.16629,24.95957,00000000fb7600be,11.7
12355,2019-08-01T09:06:33Z,bb2187a4e20012ad694c768ef2c47c9a9055671024ebf4855d4e6243,60.16531,24.9442,00000000fdda10fe,1.38
12356,2019-08-01T09:06:33Z,bc20b3b236588d3632c07aba05bd43ff4ec70f10290f2feb5175b8ab,60.16762,24.95415,000000006b44cce7,12.69
12357,2019-08-01T09:06:33Z,bc384bbbf1b2b631cf27066787a32985e9ede5c94a64dc3cab8b6855,60.14951,24.92138,0000000006dd41f6,29.32
12358,2019-08-01T09:06:33Z,bc6d5082ca52e6dae7a1689a835434f3f6341e90afea565480eb9674,60.16829,24.94214,00000000afef4555,14.89
12359,2019-08-01T09:06:33Z,bc82f76c979de19b559e9e3aa0cd6cbf5ac361e2d7b1ac9f81fe2f4f,60.17918,24.95141,00000000675d5200,4.94
12360,2019-08-01T09:06:33Z,bd17e41f002acd238070518ccfb611a42561023ceaefde667bf6fa55,60.17002,24.94407,000000006b087f40,18.79
12361,2019-08-01T09:06:33Z,be12d6aaccf354197284a8c92b960bd6a4e1705f7d948823e7891fde,60.16762,24.95415,000000006b44cce7,3.74
12362,2019-08-01T09:06:33Z,bf49d47a337e26ce22d9f900a012f227185efed1dc30802b35273839,60.16762,24.95415,000000006b44cce7,16.1
12363,2019-08-01T09:06:33Z,bf546b1abc8eba5c7f399f527508a7304dea62586aa297896d71ea5c,60.18203,24.91341,00000000342570c2,23.56
12364,2019-08-01T09:06:33Z,c0a0ca3433586ed2ae0e448f2406fabac7292ac79d49562e0bd5cef8,60.16762,24.95415,000000006b44cce7,17.4
12365,2019-08-01T09:06:33Z,c15ca5682079316240c71f5524ecd6dc66eef915004debe342627daa,60.18203,24.91341,00000000342570c2,33.81
12366,2019-08-01T09:06:33Z,c15da9ed244b57a27a083919c67d0edde078a31b18cb58f13581f173,60.1538,24.95595,0000000038bf9618,14.89
12367,2019-08-01T09:06:33Z,c1674c59c49d5bf74e6808239a91d18a04e47697d298bc61a7618af2,60.16448,24.97323,0000000053c6c2be,14.89
12368,2019-08-01T09:06:33Z,c19294a0a6dd80604d1435e92cecc363af55f32ef9d41af8b67687e2,60.16897,24.95222,00000000aa852af1,17.4
12369,2019-08-01T09:06:33Z,c1bf1bf699e9bc78ca15c9490d1ef02e3323f0c2c76bf0fca7955a69,60.14947,24.91438,000000004ef3150d,16.1
12370,2019-08-01T09:06:33Z,c33f45721a01e84b9488b1f9b3b7d5ee5b3450e70eb4b9da508e1a94,60.18203,24.91341,00000000342570c2,27.28
12371,2019-08-01T09:06:33Z,c434f18b802a764aad7a2dfb46e93546acb1b0975cf9b93fd47363f6,60.15432,24.9211,0000000019fb59c4,6.46
12372,2019-08-01T09:06:33Z,c55f651c108f569fe59364de834d31b122908186d2f95d20ed519564,60.16762,24.95415,000000006b44cce7,10.78
12373,2019-08-01T09:06:33Z,c5a6d2d62bc00c29fba5a97a29835008abdcf800f70540e4ccf71683,60.17919,24.95181,000000007b5207b6,17.4
12374,2019-08-01T09:06:33Z,c65c11ee6e8b5894ead3ea9b007a39127edb65a67be253aca6f78ed0,60.16448,24.97323,0000000053c6c2be,17.4
12375,2019-08-01T09:06:33Z,c872af9997af535c4615ee0b4194c7c8d644b7962afb3ca321eb386f,60.15133,24.92329,00000000e8a064a4,21.87
12376,2019-08-01T09:06:33Z,c8be2c26d4f0c9d399f32e84d95487a2644ffcb62681165be3d36a02,60.16762,24.95415,000000006b44cce7,18.79
12377,2019-08-01T09:06:33Z,c97b6bdfeebd08976aac7e62bb4cd47825331b8bf5bf76d69d7204f2,60.16762,24.95415,000000006b44cce7,16.1
12378,2019-08-01T09:06:33Z,c98bce1cc275ed0a1b833011f8cd251ac848fdc84501fe87eb8b5d54,60.17918,24.95141,00000000675d5200,17.4
12379,2019-08-01T09:06:33Z,ca7719c7cd8d4496b666f608fc07ba9930e362a0b2d96890b0778618,60.16629,24.95957,00000000fb7600be,9.92
12380,2019-08-01T09:06:33Z,cb9f54c377262ff9bcf2162f7376c879870c973cf6b356b45ad913e0,60.16762,24.95415,000000006b44cce7,9.92
12381,2019-08-01T09:06:33Z,cc38e377ae09d26d3ddad7349bf3aac26d4acd67915da15f317b8507,60.16829,24.94214,00000000afef4555,8.38
12382,2019-08-01T09:06:33Z,cccf3ba2a9d11b9330c18af8064a20aca9995473495bf119162a1619,60.16897,24.95222,00000000aa852af1,14.89
12383,2019-08-01T09:06:33Z,ce7de55c7709396c70ce5930097e84449a4889700e605a0b062aaeae,60.16531,24.9442,00000000fdda10fe,13.75
12384,2019-08-01T09:06:33Z,cf9455daa4877b79636eca3ae57056b08dfc0b42f107cedb6f5a3f16,60.16829,24.94214,00000000afef4555,7.69
12385,2019-08-01T09:06:33Z,d062562fed5ad0a61560e267310beb0b717d2a1e2a11d1d575507861,60.16897,24.95222,00000000aa852af1,20.28
12386,2019-08-01T09:06:33Z,d0ae4fabf429edbfdad59f8183cc6e5929f68633315448c9b83d4c16,60.16762,24.95415,000000006b44cce7,9.12
12387,2019-08-01T09:06:33Z,d16e16def718519430296afa23976c226aaf720722bce3d92a2aad43,60.14947,24.91438,000000004ef3150d,9.92
12388,2019-08-01T09:06:33Z,d2565986030ddea596554d64d126e84d618ce72222ab6888c3debf59,60.16448,24.97323,0000000053c6c2be,23.56
12389,2019-08-01T09:06:33Z,d2687732132631a87ba889096d78b1437b010c08f88f8f9073814eb5,60.16762,24.95415,000000006b44cce7,18.79
12390,2019-08-01T09:06:33Z,d29a5ebd00326d5dedb6c60cab75fd238bdaa9d7f703f6b5974edbc7,60.16762,24.95415,000000006b44cce7,13.75
12391,2019-08-01T09:06:33Z,d31d6921eee92503b486a1b30f5330581c4744a82e6549f375544846,60.17918,24.95141,00000000675d5200,21.87
12392,2019-08-01T09:06:33Z,d562afdedae521be241c98441e436608a323fdb944dedc24c835e762,60.17065,24.93641,000000000f4919c9,6.46
12393,2019-08-01T09:06:33Z,d653ef8368d33df4fc7edeb5a381d5826be1471f1470aa9744d47901,60.173,24.92524,0000000096918cfa,3.4
12394,2019-08-01T09:06:33Z,d65b8625c1f24304ff0e3c4a4dce7aa5d434d36be87be41834a49420,60.16531,24.9442,00000000fdda10fe,4.5
12395,2019-08-01T09:06:33Z,d6e217c6592e449e2390b1a874e08cbc9126116901dbdbf84501c6b8,60.17065,24.93641,000000000f4919c9,20.28
12396,2019-08-01T09:06:33Z,d74ea3c9e0aaa523c791aa01f4f9a7c1c43f01f585dc4146b19edf83,60.17919,24.95181,000000007b5207b6,9.12
12397,2019-08-01T09:06:33Z,d7734ef0345fcffc0f4bd7579275af62987490aba012209832e92059,60.16629,24.95957,00000000fb7600be,16.1
12398,2019-08-01T09:06:33Z,d95956cedfc4dfe06014194cc1071864bd835fcc014c1fd6f4d33337,60.16762,24.95415,000000006b44cce7,17.4
12399,2019-08-01T09:06:33Z,dbedd81db3d59ee0c6948187e396a34e2fa5dd6670cf8d862bf5e1ff,60.16762,24.95415,000000006b44cce7,9.12
12400,2019-08-01T09:06:33Z,dc883c894a5584b59b381c4bf90912e5391f0ebe7b93778fe4488a3b,60.16629,24.95957,00000000fb7600be,9.12
12401,2019-08-01T09:06:33Z,deb8a213e1b4930e676ee8fdb394161ec46adb785171fa37437b4d44,60.15133,24.92329,00000000e8a064a4,12.69
12402,2019-08-01T09:06:33Z,e0fe7fe5854899c0eb42b75b300339808143419404558ed4d00b0f17,60.17918,24.95141,00000000675d5200,8.38
12403,2019-08-01T09:06:33Z,e234769b1ce1634554f5fa4a290d11b2a30c3dfd009d4c39a2e9dd3d,60.17065,24.93641,000000000f4919c9,27.28
12404,2019-08-01T09:06:33Z,e264983196ca00fbd29e4314431b47c9908296a2f9182852bbd61a38,60.16448,24.97323,0000000053c6c2be,20.28
12405,2019-08-01T09:06:33Z,e294dde431d68c7b73efcf1f9b916e40bf408111c79228032c7830a4,60.16544,24.95398,0000000038d83d41,17.4
12406,2019-08-01T09:06:33Z,e2bb0ae74deee6cbc4f50c5f85da3f1779ca1db1ae7ff48ab4b33dbc,60.17918,24.95141,00000000675d5200,9.12
12407,2019-08-01T09:06:33Z,e2f8b065913423b6cd370ba12adba60bad68b6ff2a97fbcb1d1614bf,60.16897,24.95222,00000000aa852af1,36.27
12408,2019-08-01T09:06:33Z,e3f844c56875bd572c3b57a835b884f1060b467d3bbd25c50dcc7e28,60.16762,24.95415,000000006b44cce7,8.38
12409,2019-08-01T09:06:33Z,e528235be3e5cc4945024d50d1ed43061e2e2f2845f2b41e081e1721,60.17918,24.95141,00000000675d5200,18.79
12410,2019-08-01T09:06:33Z,e5cad8bb9a6c8dcc067948d7f869033aca5bdd062da175c8734092e6,60.17918,24.95141,00000000675d5200,16.1
12411,2019-08-01T09:06:33Z,e73dcccbc4dd6af49316f19a34c347cc94ff7ab079a93a2672d78a16,60.14947,24.91438,000000004ef3150d,23.56
12412,2019-08-01T09:06:33Z,e8add7e8346b99cd4b67924113f3763441a1899897c6d1ac3a1a40a6,60.17918,24.95141,00000000675d5200,18.79
12413,2019-08-01T09:06:33Z,e8ed8051f57ad9d9029a5e3b443c5e93e5059f8c487ba45e2583d35a,60.16829,24.94214,00000000afef4555,12.69
12414,2019-08-01T09:06:33Z,ea1b1a8ba1c01fdd1e098c585b133fc3d60f7c2458e7c2726e2df8ee,60.16629,24.95957,00000000fb7600be,21.87
12415,2019-08-01T09:06:33Z,ea3f8412ed9c4d92448688dd9cc7ff9e3eeb5fe4373d0953bf0349c1,60.16531,24.9442,00000000fdda10fe,18.79
12416,2019-08-01T09:06:33Z,ea94130fbb3464dc656765cfddbad802ddfafb1af8007cb5f42cd41f,60.16829,24.94214,00000000afef4555,25.36
12417,2019-08-01T09:06:33Z,eaf572301dc5c1eaff007bc1886cce8f0f5e92a233b8686ed2a1a9cc,60.17065,24.93641,000000000f4919c9,23.56
12418,2019-08-01T09:06:33Z,ec2dd83e04d225caca9f6b9d28bd3080ed37c5bf42e5f65123fa2394,60.17065,24.93641,000000000f4919c9,12.69
12419,2019-08-01T09:06:33Z,ec7121833f0e4b509d683b00a9c5e992e4b84882cb857145102e14f4,60.16531,24.9442,00000000fdda10fe,1.88
12420,2019-08-01T09:06:33Z,ec8c0160ac1ee5aeaf6204956c9db2ee4f98f55ae3fe1ec0af07fab8,60.16762,24.95415,000000006b44cce7,8.38
12421,2019-08-01T09:06:33Z,ed86f884272a5a400b55bfd4f22bc8cc5d6fca7fe26eee3c39cb3c52,60.15432,24.9211,0000000019fb59c4,9.92
12422,2019-08-01T09:06:33Z,ef67b9e4617f284b84167b4bdaff71108579a33ced0a2450ff25a1a1,60.16629,24.95957,00000000fb7600be,5.41
12423,2019-08-01T09:06:33Z,efc51406db4c66b8a573ec325afe8a9258a04a71b46ff3aae1cfa696,60.16762,24.95415,000000006b44cce7,8.38
12424,2019-08-01T09:06:33Z,f1447725764ec0dca245fc67f2aa0a0c42e6b05808076aa74f0c1e7e,60.17918,24.95141,00000000675d5200,8.38
12425,2019-08-01T09:06:33Z,f18c0c32d067aecf5602d70693ac888cab1be6dbb0d154be5153dfcc,60.16829,24.94214,00000000afef4555,12.69
12426,2019-08-01T09:06:33Z,f1b28329fc91f4708ca34857c5582c0bf1b7d0ab06127746029cd72c,60.17918,24.95141,00000000675d5200,14.89
12427,2019-08-01T09:06:33Z,f20935810c1567a80c288016c4d4dd32fe86b3479f47ae7dd64d15cc,60.15432,24.9211,0000000019fb59c4,4.11
12428,2019-08-01T09:06:33Z,f29ed00b645af4bbf50174e71f58a9b691d2e2342e59eda242d97380,60.16829,24.94214,00000000afef4555,16.1
12429,2019-08-01T09:06:33Z,f2a253f2741501e675bd4bc055e22329fb09089d8bbe9813fc170cdb,60.16762,24.95415,000000006b44cce7,18.79
12430,2019-08-01T09:06:33Z,f376931d30600593688b7c2ce04192384f25b8f18b5c7c4317504c28,60.16897,24.95222,00000000aa852af1,23.56
12431,2019-08-01T09:06:33Z,f4587b90aec9127805880f7c81fc03b9fb513fe363015399b895089f,60.16829,24.94214,00000000afef4555,13.75
12432,2019-08-01T09:06:33Z,f4bbc3077da0455d4340da2eed204915327b75a792080724548b4956,60.17918,24.95141,00000000675d5200,2.8
12433,2019-08-01T09:06:33Z,f503a41d3e8b9b57628f4f061c1d8e0c53c62dd8a6fe38d212958ee6,60.16075,24.95883,00000000f1124bca,7.69
12434,2019-08-01T09:06:33Z,f50fd3b1715a94dff67461f4b8f252ecaa6acc16459b3d021f34f15e,60.1538,24.95595,0000000038bf9618,31.5
12435,2019-08-01T09:06:33Z,f587de6c8c03387c5e6a66cd7d20c45abad3668c8e2246611122547b,60.14947,24.91438,000000004ef3150d,17.4
12436,2019-08-01T09:06:33Z,f5d9e90c37840670f09005aa28a20ca561c4d6bc36ffd28c9ca80584,60.16829,24.94214,00000000afef4555,23.56
12437,2019-08-01T09:06:33Z,f665079710528911e7b7844aa55433e09506580c7fed342e1febfaa5,60.16762,24.95415,000000006b44cce7,18.79
12438,2019-08-01T09:06:33Z,f803aeb1f00a057ed31451d0f3d132f27fec17305dc699176ac5339a,60.16897,24.95222,00000000aa852af1,21.87
12439,2019-08-01T09:06:33Z,f9e527876f8dfe750fd29bc42664bbf572aed5d09d344a8934a83d90,60.17065,24.93641,000000000f4919c9,3.09
12440,2019-08-01T09:06:33Z,fa1a3814c680b20020a08346c37ee2853e895984574575312bf262e7,60.14947,24.91438,000000004ef3150d,12.69
12441,2019-08-01T09:06:33Z,fa9f19c58a086fde9429d732b1eec80eacf5fc1b2c0124d17243d008,60.17918,24.95141,00000000675d5200,4.11
12442,2019-08-01T09:06:33Z,fba6e66dd09200012637e0b454c96fd7a5459b7e8b0ba01863cdbd77,60.16762,24.95415,000000006b44cce7,3.09
12443,2019-08-01T09:06:33Z,fc75e05a713e8733c512a31a3bebec0a122af3e7afb2c5059c3f1a3a,60.17002,24.94407,000000006b087f40,9.12
12444,2019-08-01T09:06:33Z,fdb3239bb0017def73005dc66a8d674c713493499c8feff7a6c01018,60.16762,24.95415,000000006b44cce7,9.92
12445,2019-08-01T09:06:33Z,fe191b6937595e5cf2ac1491e9056f0f9fb5bf66c0cb900df00b4c64,60.16829,24.94214,00000000afef4555,4.11
12446,2019-08-01T09:06:33Z,fea1453360073dfc1896bf1f005f51addb49661f953e16cffba3c63d,60.16531,24.9442,00000000fdda10fe,10.78
12447,2019-08-01T09:06:34Z,03e0fc996a589ccdf1871b3c78e089c08c93ba1f2a02d740fb384aac,60.16531,24.9442,00000000fdda10fe,27.28
12448,2019-08-01T09:06:34Z,0bc5d37416fd27c336d64358a660668746f2c088ea9bf78994076bf9,60.16829,24.94214,00000000afef4555,18.79
12449,2019-08-01T09:06:34Z,0fff89885f08417f20aadfdbf62a372277e9085bcd024374b772ecac,60.16531,24.9442,00000000fdda10fe,23.56
12450,2019-08-01T09:06:34Z,144afc51fc2443c7031a2912566eff2ce60226a49d6d2bd7c2923700,60.16544,24.95398,0000000038d83d41,17.4
12451,2019-08-01T09:06:34Z,14c7e1511b70f4dd3359cbece1377aebb4d70531f5489eefe53d7c3c,60.16544,24.95398,0000000038d83d41,25.36
12452,2019-08-01T09:06:34Z,15918569de0a46a8eb56b43d8d39f7fc82619ff1006f00822c85745c,60.17919,24.95181,000000007b5207b6,7.05
12453,2019-08-01T09:06:34Z,165ebbb4090d47319ae370f0d0854fdc1f6b79499f8b2e4d3c3533c0,60.16544,24.95398,0000000038d83d41,25.36
12454,2019-08-01T09:06:34Z,171d0bf49a26400390df42bc1c9af98d9279bf8ccee92f39288845e1,60.16762,24.95415,000000006b44cce7,4.5
12455,2019-08-01T09:06:34Z,1951291ca064d0fb480d958037c1477427d2ca8db455fef0b741bf9f,60.16448,24.97323,0000000053c6c2be,25.36
12456,2019-08-01T09:06:34Z,1f0f0628cdc688d76bde2b82bee5b9b4916bf0bbdfe76cf3213e1c65,60.15432,24.9211,0000000019fb59c4,11.7
12457,2019-08-01T09:06:34Z,5b91abc1d452431fdb7bc15f638eee91a54034b6327f40e58ccacda6,60.14947,24.91438,000000004ef3150d,36.27
12458,2019-08-01T09:06:34Z,5d65719c4cbf045f068d084b72302f447d5fd034413d97d13be00d0e,60.18203,24.91341,00000000342570c2,20.28
12459,2019-08-01T09:06:34Z,6a657079c1bdc8114c289be1ddd83e5846d4279a920d1697b8ff0033,60.18203,24.91341,00000000342570c2,21.87
12460,2019-08-01T09:06:34Z,6ff437688c444238352c28f64f9d2a7d0f14d19c9ea42c225380501e,60.16762,24.95415,000000006b44cce7,13.75
12461,2019-08-01T09:06:34Z,76c7f42283513d0e289bf786d89463b5025b2ae0f4e13519a4cf228b,60.15432,24.9211,0000000019fb59c4,25.36
12462,2019-08-01T09:06:34Z,78d5f60b36b59c06c3988b94e11744bb3aed5dcbc214f91f228bf892,60.16448,24.97323,0000000053c6c2be,18.79
12463,2019-08-01T09:06:34Z,84fdfd8881f633c5f0c71c1480053953ca4b05e848052d97c063ad38,60.1538,24.95595,0000000038bf9618,29.32
12464,2019-08-01T09:06:34Z,87dfaad29a9276ddddb1fa021d3bc23ad14824c1af16f7d87e713689,60.14951,24.92138,0000000006dd41f6,9.92
12465,2019-08-01T09:06:34Z,8c75c3289c84fe4493e1e272a77b615fe1985880c5dc68a7c1a17b53,60.16762,24.95415,000000006b44cce7,10.78
12466,2019-08-01T09:06:34Z,8cc6ddaa460aeae8cc9e8a33f91a01c8cd4c0c8bf8a943210a28c84d,60.1538,24.95595,0000000038bf9618,13.75
12467,2019-08-01T09:06:34Z,9843c6216661048343a0e49cf3d8aa2883cf77f452666a1c873a1052,60.16448,24.97323,0000000053c6c2be,8.38
12468,2019-08-01T09:06:34Z,987e83b8bf78f756fa09dbeb561bf778fd00003818fbe7a45de52b6c,60.16531,24.9442,00000000fdda10fe,41.64
12469,2019-08-01T09:06:34Z,9d03d14afa49576281aa26db60e517f7c1ec8aa36f7756959a860a8a,60.16629,24.95957,00000000fb7600be,18.79
12470,2019-08-01T09:06:34Z,a14995de8d7238548ad864b3af34ee5e2003a3e4df9d516744be66a9,60.16544,24.95398,0000000038d83d41,29.32
12471,2019-08-01T09:06:34Z,a9da1ee82e3b670e276c26b483dd50f4a6d0c6f77ef82245d3ae6086,60.18203,24.91341,00000000342570c2,17.4
12472,2019-08-01T09:06:34Z,ab0f67c0c0e1ba5eac9013f9c314feadf340ddf08543b91e70483594,60.16544,24.95398,0000000038d83d41,17.4
12473,2019-08-01T09:06:34Z,b4faf2d3c4d2b199afeab6ab63b583fe3a2e81e14abbef6917f25129,60.15432,24.9211,0000000019fb59c4,23.56
12474,2019-08-01T09:06:34Z,b5fd6b317890e5ab2d79e2cd1abe61626d45a753c7337d0d40728898,60.16762,24.95415,000000006b44cce7,10.78
12475,2019-08-01T09:06:34Z,c40c37def6bf11a63a2556519a7c6233fd417cdeea2cf14f28e7c42c,60.16531,24.9442,00000000fdda10fe,17.4
12476,2019-08-01T09:06:34Z,cf05623e4d87ce0906c0b0b7dbf53aacc1228016cd27c341228b6e76,60.18203,24.91341,00000000342570c2,17.4
12477,2019-08-01T09:06:34Z,d178749a24c32676d0da0f51ae6ff63c456499d4b1814af8fa75ca9e,60.16448,24.97323,0000000053c6c2be,5.41
12478,2019-08-01T09:06:34Z,dd2c9c82cf3737146294aff6f814a1349fb0bc4bedf518715dacbe8f,60.18203,24.91341,00000000342570c2,20.28
12479,2019-08-01T09:06:34Z,ddc67f72e5e8f9a7d6b2da1da84e1837810b48e399bfa77518b37226,60.16531,24.9442,00000000fdda10fe,25.36
12480,2019-08-01T09:06:34Z,ec72ef080c605e71978aed0d3b5f22c3c3133677a43c614b72eedc6d,60.14699,24.922,00000000a53ed894,33.81
12481,2019-08-01T09:06:34Z,ed70dda6b7faebd4340dacdb452ab224d9d3c308df417b7fa76f54e8,60.14951,24.92138,0000000006dd41f6,21.87
12482,2019-08-01T09:06:34Z,efd1806e1eee5eca948bc2537df8d816e2cce41009b41189c350ce74,60.16531,24.9442,00000000fdda10fe,23.56
12483,2019-08-01T09:06:34Z,f22981c21af00fc334b3d8bdd523e23a50384666e97815f0ec1dc0ac,60.16897,24.95222,00000000aa852af1,7.05
12484,2019-08-01T09:06:34Z,f70a43051a4f59f5002c4018a464b44781f7f527861efda6626a2de4,60.16829,24.94214,00000000afef4555,29.32
12485,2019-08-01T09:06:34Z,f7e45613ad966fea53fab73b435ba3a087c774e36596b3a5156a3487,60.16829,24.94214,00000000afef4555,5.41
12486,2019-08-01T09:06:34Z,f83d4b6b8ffbf8a674d212e32100b2360b80261b4e9207d77c0b0ed3,60.17918,24.95141,00000000675d5200,4.11
12487,2019-08-01T09:06:34Z,f99c5dd8cc08bd2353083d875ce8bc585fb2c2ff8427b90d92f571de,60.1538,24.95595,0000000038bf9618,29.32
12488,2019-08-01T09:06:34Z,fc4f3a44235f1cfc7b53f14ba2da599976a5a0a220d23b852688e485,60.17919,24.95181,000000007b5207b6,12.69
12489,2019-08-01T09:06:34Z,00787dad708490660b0b836fa415681cc57046fa521c0c0aaea14a9e,60.16762,24.95415,000000006b44cce7,3.09
12490,2019-08-01T09:06:34Z,0097b685a95e22fc898384590c0f5bf87d9831b8750326fbf9a740c3,60.16829,24.94214,00000000afef4555,23.56
12491,2019-08-01T09:06:34Z,02050a536056486b1bf139282f0d0a3af63def1d56ff0c73ac51bb19,60.14947,24.91438,000000004ef3150d,25.36
12492,2019-08-01T09:06:34Z,028149b8bfaf37d1f064cb0b4f23ae118f00d8eff41679fb8830396a,60.16531,24.9442,00000000fdda10fe,18.79
12493,2019-08-01T09:06:34Z,0362cc670dcfab795a3911957b6a177416bf9b99d0e2732716796c4d,60.15432,24.9211,0000000019fb59c4,16.1
12494,2019-08-01T09:06:34Z,03f427d436ba092925de462b11374bdbdab0443620037675621fbc11,60.17918,24.95141,00000000675d5200,23.56
12495,2019-08-01T09:06:34Z,063935180fff0e58de5d319ecb9320cf794423e3c6aeac0cca8f1a9f,60.16897,24.95222,00000000aa852af1,17.4
12496,2019-08-01T09:06:34Z,08f10568d1e90d000e41196f141e0c1a52bab88fcf08f4753a3c055e,60.16897,24.95222,00000000aa852af1,20.28
12497,2019-08-01T09:06:34Z,08f9fd60f852d3502bfa509c955e9963e73954f961d55ba8cd46cae9,60.16629,24.95957,00000000fb7600be,20.28
12498,2019-08-01T09:06:34Z,0951ec0c700dba7330b8e8181fc852becde054d0dc7474d1488db3cd,60.17065,24.93641,000000000f4919c9,23.56
12499,2019-08-01T09:06:34Z,0c1684b697a63d7f47ebaedcfa060b3b4af294fec1e62d613699291a,60.16897,24.95222,00000000aa852af1,9.92
12500,2019-08-01T09:06:34Z,0c2d3bdaf0e8a9d6efcf95298acb85805b31c1c6618f00dd4489dddb,60.16762,24.95415,000000006b44cce7,11.7
12501,2019-08-01T09:06:34Z,0ce136cd78d17c06d7c5673fecf75f44da717c2befaaea18c6bdf0b1,60.1538,24.95595,0000000038bf9618,14.89
12502,2019-08-01T09:06:34Z,0f8637c1e98f21a79714a4d84d3453ac1b96b2bf4ef2361119067e39,60.16629,24.95957,00000000fb7600be,20.28
12503,2019-08-01T09:06:34Z,1069967e3921871955b1b2b42e60f829c593a3e024401bfe61ae410e,60.16629,24.95957,00000000fb7600be,14.89
12504,2019-08-01T09:06:34Z,10cd81594fd56fa1f2c4799419a45b70833d3d8583b817324ee96da7,60.16897,24.95222,00000000aa852af1,12.69
12505,2019-08-01T09:06:34Z,10d0fed0f7d40b253b5fc5a53297dc9af8bb76fa6f34d5e71383cb62,60.17918,24.95141,00000000675d5200,13.75
12506,2019-08-01T09:06:34Z,1134a082e36fe03359bac74c814a0ed20468c45230115d4e25aa230d,60.16829,24.94214,00000000afef4555,20.28
12507,2019-08-01T09:06:34Z,11402877d08ee84d016ef8e86d3033bf6da0948f6e6bd2defce32338,60.16762,24.95415,000000006b44cce7,12.69
12508,2019-08-01T09:06:34Z,1271bcd33c0056265a5bdf6df4092a3c9e2209abee80570cb172031b,60.16897,24.95222,00000000aa852af1,12.69
12509,2019-08-01T09:06:34Z,141a580597619f20b14d71a17562763921dafbb27c8aaaa8700fd522,60.16829,24.94214,00000000afef4555,17.4
12510,2019-08-01T09:06:34Z,141ffc858c3ea6a2e69c954115114304736a35dc25ec947323090dc0,60.16762,24.95415,000000006b44cce7,4.94
12511,2019-08-01T09:06:34Z,164d8280dbb888033f64368dd641bcef597fc327148fcf74374894c5,60.16544,24.95398,0000000038d83d41,14.89
12512,2019-08-01T09:06:34Z,167a52adcdc4d9a7f697ffc5e058fcb79a22a32ba0b8ed45a36311f2,60.17002,24.94407,000000006b087f40,20.28
12513,2019-08-01T09:06:34Z,16e18d478be872d2a9801fa885d08edeb3f5ae1840b38478f9baf535,60.17918,24.95141,00000000675d5200,12.69
12514,2019-08-01T09:06:34Z,1880dcca5077d4ccd63084e82a411f0cb7abb12f9883625b046f2e24,60.16829,24.94214,00000000afef4555,17.4
12515,2019-08-01T09:06:34Z,190cdde22bc3e3a41cd0f9da7efb3a917bc09e8034b05ca6064ea8a8,60.17918,24.95141,00000000675d5200,10.78
12516,2019-08-01T09:06:34Z,1a057a74ec50ab7dac4f29547e82a9c7f37192d592a42f63379e1d8f,60.16448,24.97323,0000000053c6c2be,27.28
12517,2019-08-01T09:06:34Z,1b68a6bcf7b740e0c437e0976d4900f31368afcb2c757bba30e0a249,60.16829,24.94214,00000000afef4555,27.28
12518,2019-08-01T09:06:34Z,1ca38fda596b437fcaa63f5296adc43c90e729aa040f4b66265aff47,60.173,24.92524,0000000096918cfa,21.87
12519,2019-08-01T09:06:34Z,1cfafdaa3ff1975bcf6f699641431e88775ba2183074d825eeb81dd3,60.149,24.9843,00000000fffb8cf0,16.1
12520,2019-08-01T09:06:34Z,1d70ff49909e1d6fb653ae053aa78084daf385dbbd2ad22b05707309,60.16829,24.94214,00000000afef4555,18.79
12521,2019-08-01T09:06:34Z,1da40c618e0432bb037d08723b65821f6223509e8b4033a4b4190047,60.17065,24.93641,000000000f4919c9,23.56
12522,2019-08-01T09:06:34Z,1dacfb371d75dd4f90f447aac2a00faad98beb4188a6971c19eb2375,60.16629,24.95957,00000000fb7600be,20.28
12523,2019-08-01T09:06:34Z,1dbecade1f3540eb44c3d86cb1ffc73d5bf422ea0cf76927c2d5cd74,60.16829,24.94214,00000000afef4555,18.79
12524,2019-08-01T09:06:34Z,1dcff36b6f83b08b6ea87c1c1018c542c270299839908ca446dffb39,60.16762,24.95415,000000006b44cce7,11.7
12525,2019-08-01T09:06:34Z,1e3044c19f6913531b6dd4bccb88ad02c1b39192513ccffa05444edb,60.1538,24.95595,0000000038bf9618,21.87
12526,2019-08-01T09:06:34Z,1e3af5697f0a2ae45f261da79e4ba71c868dc4d78008bd1995fe6259,60.16448,24.97323,0000000053c6c2be,13.75
12527,2019-08-01T09:06:34Z,1eb71232cacfabc37966931f8112e59acabc361048ad25dc2468949f,60.16762,24.95415,000000006b44cce7,11.7
12528,2019-08-01T09:06:34Z,1ecbc7c6afe89033252e5510cbb893666af2b3bc29f555a3a6287fdb,60.14951,24.92138,0000000006dd41f6,3.4
12529,2019-08-01T09:06:34Z,1f813dc10021899138c12ca17c58ab3dc24db1750dcb1790f9c20e8f,60.15133,24.92329,00000000e8a064a4,17.4
12530,2019-08-01T09:06:34Z,20b37aa6c3ad0dfea9c182498905a450537b0efbbd8563b205e93afd,60.16897,24.95222,00000000aa852af1,12.69
12531,2019-08-01T09:06:34Z,22ac1ab1c590ea19b44c61c42f5e8da29a6acbabf56676527811507a,60.15432,24.9211,0000000019fb59c4,13.75
12532,2019-08-01T09:06:34Z,22e3b4715b6fdd6eff3c160b461af233bf475f8f7139c890fcebc429,60.16897,24.95222,00000000aa852af1,18.79
12533,2019-08-01T09:06:34Z,25479245e5a8b0fe47e2bd590cdd63256d84afd6c164781dc64e527d,60.149,24.9843,00000000fffb8cf0,13.75
12534,2019-08-01T09:06:34Z,25d340d14d855b8c18b2c6f2551ec98a1eb047d1fd3457ba881ddf28,60.17918,24.95141,00000000675d5200,3.4
12535,2019-08-01T09:06:34Z,277fcf3cc917a89b46a34e0cf5164a78f5bcc88d92bb45ded60f1a91,60.17065,24.93641,000000000f4919c9,10.78
12536,2019-08-01T09:06:34Z,27b591b33a56a542440b53031a24f42290b0ec1a194af27700b75a3a,60.17918,24.95141,00000000675d5200,7.69
12537,2019-08-01T09:06:34Z,2823bf6afde4a5cc05342c15e7417c9590ba52264be5793bb688faab,60.17065,24.93641,000000000f4919c9,20.28
12538,2019-08-01T09:06:34Z,28ce50ca84cdcd4c17a36ac666e7ac0267b6ab5b77f4bfb08b2573a1,60.16762,24.95415,000000006b44cce7,3.4
12539,2019-08-01T09:06:34Z,28d50861d92f962c7a49eabaa524431aebf52870e44b79f77d7167c6,60.17918,24.95141,00000000675d5200,11.7
12540,2019-08-01T09:06:34Z,29ae3c5c3aeac0c607bc816f7e74c232a40142b79a52c43c7b1ed42f,60.16829,24.94214,00000000afef4555,4.11
12541,2019-08-01T09:06:34Z,2afa9ac588b2c55e8edf99ee96ecaf63451a7ab1e51571b7e2d1d491,60.16762,24.95415,000000006b44cce7,7.05
12542,2019-08-01T09:06:34Z,2c1dcbe1930bbd0596b8dea9e2abc4e49a10db5a1fbd25f103aaf5a4,60.16762,24.95415,000000006b44cce7,18.79
12543,2019-08-01T09:06:34Z,2c6810efb2565383ca0a554f3c51f3f7905484357f5e00756dbf091a,60.17918,24.95141,00000000675d5200,2.3
12544,2019-08-01T09:06:34Z,2c6f6440161f9061a850e8db96383d5eb111f0d1d8f0b666b7c49f22,60.16897,24.95222,00000000aa852af1,14.89
12545,2019-08-01T09:06:34Z,2f09364857883d78a23aab14ac85e389ce786d0938e13cee655a7dbc,60.16762,24.95415,000000006b44cce7,11.7
12546,2019-08-01T09:06:34Z,2f43b7a683b0d365a46b6259a032813c293472eaedcdbcc3507adee5,60.17919,24.95181,000000007b5207b6,12.69
12547,2019-08-01T09:06:34Z,2f75d49f6325a29f2b6ecf5104e34dde25c866c1e3d48884314c5af5,60.16544,24.95398,0000000038d83d41,23.56
12548,2019-08-01T09:06:34Z,2f79108a454c0072885ad1447280ed5098d061b229eaae61a8bb67be,60.15432,24.9211,0000000019fb59c4,5.91
12549,2019-08-01T09:06:34Z,2f82b3546af2df53b58cddc668c9aa196554108cdf39120ea40b417c,60.16629,24.95957,00000000fb7600be,16.1
12550,2019-08-01T09:06:34Z,2ff189e5846383641192cafb595a7a8f77394239ee03aabd1bf3c49f,60.16829,24.94214,00000000afef4555,9.12
12551,2019-08-01T09:06:34Z,31b02b3b271f6feef9e49d9285929ff1c25a11e608fc5d70bc6a1fac,60.16897,24.95222,00000000aa852af1,21.87
12552,2019-08-01T09:06:34Z,3371cfaa0eed702110b1f5501d188c9e7424a2e018bb905af13896cc,60.16448,24.97323,0000000053c6c2be,23.56
12553,2019-08-01T09:06:34Z,33fa4cb82db5b44ffe6e7ae1039635187f90d1df328f8f139da0c693,60.17919,24.95181,000000007b5207b6,7.05
12554,2019-08-01T09:06:34Z,3480c16a6649952c388d8902596e332f018e609b9585f483353ae026,60.17065,24.93641,000000000f4919c9,3.09
12555,2019-08-01T09:06:34Z,34e96c7caa63e7ede8f428b18e8fb556ac235d61a50c9d6ac7ff268f,60.17919,24.95181,000000007b5207b6,4.94
12556,2019-08-01T09:06:34Z,3609f484ad7e56259f60a61aba44f22dfca5c8b2564fce7e802ad342,60.16829,24.94214,00000000afef4555,8.38
12557,2019-08-01T09:06:34Z,367b1989198ef11170dd9fcfa7e6ebb5ceb58aab87c613ee1bb86e8c,60.16531,24.9442,00000000fdda10fe,8.38
12558,2019-08-01T09:06:34Z,3685ee6d322dcb2ad0ae181f66c3c5427d4531d7896d2f5f7571bb6d,60.16762,24.95415,000000006b44cce7,6.46
12559,2019-08-01T09:06:34Z,38fb20c6d55b10dd10a39c0fb41ad61297453e25afda81cf32313ae3,60.16531,24.9442,00000000fdda10fe,29.32
12560,2019-08-01T09:06:34Z,39126ffb278f49e06180cc6abe5b31ab3acdce1534b5b6ffa0b6e567,60.18203,24.91341,00000000342570c2,36.27
12561,2019-08-01T09:06:34Z,39c6456ee66fe96eee3d97cee2a70923cedb3da760bb5d4d413adb9c,60.17918,24.95141,00000000675d5200,4.11
12562,2019-08-01T09:06:34Z,39e9fa7033887b7ab339887aa68753ff94d4771cda2bb8ff4ea7aa0a,60.17919,24.95181,000000007b5207b6,2.54
12563,2019-08-01T09:06:34Z,3a1afdcf7c2e5a52cdbcbbe29e8281c184037e8720920c6c75bee339,60.15133,24.92329,00000000e8a064a4,25.36
12564,2019-08-01T09:06:34Z,3a253f272d2781dc2001addfbddcac5f3dbf18610988531707b80b60,60.16829,24.94214,00000000afef4555,20.28
12565,2019-08-01T09:06:34Z,3a2f1a2c6c645bd161943b3f19c171d021512d7a8c4273ed3022f5df,60.16829,24.94214,00000000afef4555,21.87
12566,2019-08-01T09:06:34Z,3a38ba36c098f2741d6c5fb5a751fcd074d05d698ac592ca09ab443c,60.16448,24.97323,0000000053c6c2be,20.28
12567,2019-08-01T09:06:34Z,3a7b4023cee4b0d567a123a3d6aff0bc8f94663522bbdf0ea4306607,60.149,24.9843,00000000fffb8cf0,31.5
12568,2019-08-01T09:06:34Z,3b124e1851087531134d5e5d0a10b6afe3551982609a81a19dd969dd,60.16829,24.94214,00000000afef4555,18.79
12569,2019-08-01T09:06:34Z,3be40c84926a525adbd09eeeb3a12b73b24c633942b2e1fbe8151ac3,60.16448,24.97323,0000000053c6c2be,17.4
12570,2019-08-01T09:06:34Z,3c864716e211395e6a02802fbf80abb7b7c4519243bea4994fca7720,60.16762,24.95415,000000006b44cce7,12.69
12571,2019-08-01T09:06:34Z,3d0437a1d090cd3cad05629e69a61c519aa6218e1b7fb47811e5a4ae,60.16762,24.95415,000000006b44cce7,4.11
12572,2019-08-01T09:06:34Z,3eea43670f4f29a90ced59c1af122371340275fb61ff8f14c7120658,60.16762,24.95415,000000006b44cce7,8.38
12573,2019-08-01T09:06:34Z,40646914186edc6142b7fc3daf766121b55f5bb36ea38facff686ea5,60.16897,24.95222,00000000aa852af1,20.28
12574,2019-08-01T09:06:34Z,40825cb0d315c92e0e0a73cc8e86c3b763bbf7ce226f112913e05e0f,60.17065,24.93641,000000000f4919c9,17.4
12575,2019-08-01T09:06:34Z,41a0ca2955e0ae0324f6e14aeb77ebfaac5305e31d86c42a20277b94,60.15133,24.92329,00000000e8a064a4,31.5
12576,2019-08-01T09:06:34Z,41f455676c61a2d8e1658c60afd7984613a3bc84daac78079c0d8b0c,60.16829,24.94214,00000000afef4555,18.79
12577,2019-08-01T09:06:34Z,423f2aa3bc12010457ab29d0baccdc5f8e87032eeb9c37ef95429109,60.14951,24.92138,0000000006dd41f6,27.28
12578,2019-08-01T09:06:34Z,42844e90c7134ebb3ec325f57cd27cd24711c779548ebc8692a820d5,60.14951,24.92138,0000000006dd41f6,3.74
12579,2019-08-01T09:06:34Z,432417b4972b744ded3410777a6bbb583cf56172bf3436ddbe48a21d,60.16762,24.95415,000000006b44cce7,8.38
12580,2019-08-01T09:06:34Z,43e023a8726ec4c53a8cea6dcaa79e722da4677e37f3f6c9d3cc9873,60.16544,24.95398,0000000038d83d41,18.79
12581,2019-08-01T09:06:34Z,44334c68f3991fe858ac066726e0a884236a5d89fe94d917b48e857c,60.16829,24.94214,00000000afef4555,7.05
12582,2019-08-01T09:06:34Z,4470412c4b059a920f2699fbfb72b261e0847b3e1caa8c71d2edd5a2,60.16448,24.97323,0000000053c6c2be,20.28
12583,2019-08-01T09:06:34Z,44a120ac90dacb4d43fe4d38ee859a1015bcd226ff3d946a1e44c4ca,60.16531,24.9442,00000000fdda10fe,16.1
12584,2019-08-01T09:06:34Z,4642dfa1df839f11e64f68bca4e3dce7bde2ff6dd68c54959fcb4788,60.17918,24.95141,00000000675d5200,5.91
12585,2019-08-01T09:06:34Z,4682d95464cedcc021f38271a51bab9c000762b4acf802070e259ba2,60.16629,24.95957,00000000fb7600be,13.75
12586,2019-08-01T09:06:34Z,478830e26b1b9314c3f35b4ca62aba9828872733abbc7f32b78daac3,60.16531,24.9442,00000000fdda10fe,36.27
12587,2019-08-01T09:06:34Z,47bd1492244c444d45674eb48dd2e6f222cb109d820ba807c4e18c1a,60.16629,24.95957,00000000fb7600be,14.89
12588,2019-08-01T09:06:34Z,48004849b2f48b2314aa9175433d754db1641b949bb8cf050e2dd128,60.17918,24.95141,00000000675d5200,13.75
12589,2019-08-01T09:06:34Z,484bbaa5a9d6bdd2259f022b6ea4e3c290985c13a1286bd7142d878f,60.16762,24.95415,000000006b44cce7,9.92
12590,2019-08-01T09:06:34Z,48c0ea6615ac4c02fc9bc0e06f9ea9309f9bf7e73b4324d7a6b14610,60.16829,24.94214,00000000afef4555,9.12
12591,2019-08-01T09:06:34Z,49bbad87e4d6cd03bdb073bde7be91193d74d29943badce7fc536916,60.16448,24.97323,0000000053c6c2be,5.91
12592,2019-08-01T09:06:34Z,4ade4f0d92c6157a42d7fd8e353d1c93551324ba47cc134b840a6c63,60.16897,24.95222,00000000aa852af1,7.69
12593,2019-08-01T09:06:34Z,4ba529eeafb27285cbbade6e5ece0d4d04bd2d13c98b27a5d17abd22,60.16897,24.95222,00000000aa852af1,3.09
12594,2019-08-01T09:06:34Z,4c85a4a0756c1707ca2f02a74870d1e1d1a90f1793d229dc3a2bbb63,60.16531,24.9442,00000000fdda10fe,33.81
12595,2019-08-01T09:06:34Z,4e262a07e1ea47350f808684444d1d8b3f223288fb219cca9f12af23,60.1538,24.95595,0000000038bf9618,18.79
12596,2019-08-01T09:06:34Z,4f609afde0ba5cb017ba3c549bdd11ff322a2e0227a0f11a9d112220,60.16762,24.95415,000000006b44cce7,7.05
12597,2019-08-01T09:06:34Z,4f9125edf503fe3cb0ba1e1221fe6a67aafd99fcd89fd92d2bf20e97,60.16897,24.95222,00000000aa852af1,23.56
12598,2019-08-01T09:06:34Z,4f93c5c493e876fd65b50774e1c92d808bcddb72337905c0c6bb385b,60.16829,24.94214,00000000afef4555,23.56
12599,2019-08-01T09:06:34Z,4fb4a3650a2a28469dde9c537458d24411aa6075666e047dd756fba9,60.17918,24.95141,00000000675d5200,16.1
12600,2019-08-01T09:06:34Z,5001aabb6808b9fd96b705d1ebe8e7aca52713c2640100d81879dd86,60.17918,24.95141,00000000675d5200,13.75
12601,2019-08-01T09:06:34Z,5022acdb28a01d1a0b2077fc89c77bde277b7dd4f079b4fea30f75b9,60.16629,24.95957,00000000fb7600be,14.89
12602,2019-08-01T09:06:34Z,5143af775374504a931805df3b7bc0712b2401f6a3ea2c49fd69cf6f,60.16829,24.94214,00000000afef4555,20.28
12603,2019-08-01T09:06:34Z,51ec42fdd85671ae93876c3d875b24e56cb45699e9c3d2b623dca70d,60.16762,24.95415,000000006b44cce7,7.05
12604,2019-08-01T09:06:34Z,529623421e226c215bcca0b1388813e291d3d13ed1d8465f0ab69147,60.16629,24.95957,00000000fb7600be,11.7
12605,2019-08-01T09:06:34Z,52d04561c07e0aab4f89e343cff0691d714ec5284ffb9a71954c93d8,60.16762,24.95415,000000006b44cce7,11.7
12606,2019-08-01T09:06:34Z,5372348389197e6c4bc4c5e3dab047e7384d562220e6295904bbda1b,60.17065,24.93641,000000000f4919c9,4.94
12607,2019-08-01T09:06:34Z,5385ddf78e929052bb12c39651fb3ff99e3642aa079d49f687b4c73c,60.16762,24.95415,000000006b44cce7,13.75
12608,2019-08-01T09:06:34Z,53fb53be4440aecb1a1fa63a9da1db08182cc7e252da14685e63373d,60.16762,24.95415,000000006b44cce7,7.69
12609,2019-08-01T09:06:34Z,556cae6b2e2dec6fe691a835e8e08bd016b1a65797c0aca46879329f,60.17919,24.95181,000000007b5207b6,7.05
12610,2019-08-01T09:06:34Z,559429bba23762a872fc7b1e2219d42125ab101e4355d43fdb94ed7b,60.17919,24.95181,000000007b5207b6,7.69
12611,2019-08-01T09:06:34Z,559e6a5225ce35ab844c63ea0d0c1695dc490a3d9cfbafa5d35ac8d8,60.14947,24.91438,000000004ef3150d,9.12
12612,2019-08-01T09:06:34Z,57c17edc71bbce06ad692952a1e05eaa77181884e580c0848f3a23fc,60.14951,24.92138,0000000006dd41f6,12.69
12613,2019-08-01T09:06:34Z,5830a481876da00686f25b17dad06258a39212c0816ed04dda2df1bd,60.16531,24.9442,00000000fdda10fe,27.28
12614,2019-08-01T09:06:34Z,584cb0b0cdd14e608c8b57c8aecc9826f9b40027e365e2438a444ea2,60.16762,24.95415,000000006b44cce7,9.92
12615,2019-08-01T09:06:34Z,5865a27b5b56a60bca38e4a1403655e3e7fd0232a3ff2079965aff81,60.15432,24.9211,0000000019fb59c4,3.4
12616,2019-08-01T09:06:34Z,5978726eeef638856dafd3a8d199287f8daf9e90ddde750b402f8bb0,60.17065,24.93641,000000000f4919c9,1.25
12617,2019-08-01T09:06:34Z,5a3004325b5a058e02fb9f32ef4f7e9cc465240cbda7a7e4ec89d2de,60.16629,24.95957,00000000fb7600be,13.75
12618,2019-08-01T09:06:34Z,5a34b02faac3189217466888ef1d31cc80f721ac2f18638c5db88d53,60.14947,24.91438,000000004ef3150d,9.92
12619,2019-08-01T09:06:34Z,5b06617477af6dcee75a94ac347364b50f6f3b5b7d747e5413d9ad58,60.14947,24.91438,000000004ef3150d,8.38
12620,2019-08-01T09:06:34Z,5c1f71098d5d7258d2971061c791c94e0138c8e02225c5f60d6a0428,60.149,24.9843,00000000fffb8cf0,20.28
12621,2019-08-01T09:06:34Z,5daa76852f3e1be6c75fa2185d5787ab9010cf83d6671515769a8649,60.16531,24.9442,00000000fdda10fe,12.69
12622,2019-08-01T09:06:34Z,5e2c5c20c88ccf362ed8749d1ddc041b1cb1c38d8dbeac7870179322,60.16629,24.95957,00000000fb7600be,12.69
12623,2019-08-01T09:06:34Z,6005b5d7d3f38f9a40a095af97f48b2c6a877d7053f5cca321ba38c5,60.16829,24.94214,00000000afef4555,27.28
12624,2019-08-01T09:06:34Z,6051ed50496b74a6ff68c86205d23971fcaccd6c91edfe7d78fa71b0,60.16897,24.95222,00000000aa852af1,25.36
12625,2019-08-01T09:06:34Z,6072bfb496e2b8a999c9edbda5b76fbc0e783ff2a439c4e6c881fabf,60.16829,24.94214,00000000afef4555,16.1
12626,2019-08-01T09:06:34Z,619c5b31af2a28703a837cc7974ef0d2c5bb6584ba0fcc03076218ac,60.17002,24.94407,000000006b087f40,11.7
12627,2019-08-01T09:06:34Z,626bf35ce16dba1054cfd175d09475d3ee751bf70e56f984ff5c7ab6,60.15133,24.92329,00000000e8a064a4,20.28
12628,2019-08-01T09:06:34Z,63ff2439779051005c18876d20ed53ce060c1de9d7976821bd518fc6,60.15432,24.9211,0000000019fb59c4,10.78
12629,2019-08-01T09:06:34Z,6470ee836399c5610581ec9de09772d350282ecc4c5c57fa02a5ec68,60.16075,24.95883,00000000f1124bca,29.32
12630,2019-08-01T09:06:34Z,65b6b62b547e11e10f7f83ad497446bee2bb9653097d9d62e9b1b817,60.17065,24.93641,000000000f4919c9,11.7
12631,2019-08-01T09:06:34Z,673cc832b626feba4fd2b89c6da4fc24da9d4872367191c0a723d09b,60.16829,24.94214,00000000afef4555,21.87
12632,2019-08-01T09:06:34Z,67cf7d2881080aa59ed36a6d88ea1946d17e9d1d5e1ad9eee1851969,60.18203,24.91341,00000000342570c2,14.89
12633,2019-08-01T09:06:34Z,685af6b01bd180194d718801bb8b9c9de22050cc392d6c6441fe986b,60.18203,24.91341,00000000342570c2,7.05
12634,2019-08-01T09:06:34Z,69e2854c78a472b462941ef730aa9fa7a9dba9c1cc22996396d4c78a,60.17919,24.95181,000000007b5207b6,9.92
12635,2019-08-01T09:06:34Z,6adce4d05e58232a97635a2fd7918e4e49d9295afc0989d727f9c712,60.17002,24.94407,000000006b087f40,8.38
12636,2019-08-01T09:06:34Z,6d56491192fa27047948db939f9876a2ce68a0ea1413bd8ce174e0e0,60.16762,24.95415,000000006b44cce7,17.4
12637,2019-08-01T09:06:34Z,6d5a8ded89f26533ed851d1a0894f0d9045e9cd4baed439f7d9a922b,60.16629,24.95957,00000000fb7600be,18.79
12638,2019-08-01T09:06:34Z,6dca84ddf4be668487766d17c5d13961ed713d24032f709ae87a497f,60.16829,24.94214,00000000afef4555,11.7
12639,2019-08-01T09:06:34Z,6dd5463e670c352180c1e912300e21e59f5e2976266df8c3c92b0baf,60.16829,24.94214,00000000afef4555,9.12
12640,2019-08-01T09:06:34Z,6f616e6334d0ed70e5ea15408a51e9daf643369911d94d76830a7d65,60.16544,24.95398,0000000038d83d41,23.56
12641,2019-08-01T09:06:34Z,6fe2cf6737d40d71251dac8ebef5356a2b765621e97a346c00a6031c,60.15432,24.9211,0000000019fb59c4,3.09
12642,2019-08-01T09:06:34Z,7003a7f6a5523b645634f014e04bea36016953a8af9324e35602bc2e,60.14947,24.91438,000000004ef3150d,14.89
12643,2019-08-01T09:06:34Z,704c3f3075f13713c363014fa828e4a932e7a05676813b9963a1e554,60.17919,24.95181,000000007b5207b6,2.3
12644,2019-08-01T09:06:34Z,70d391038ec56b63a3737605c2c1db6ffbdca8e4490691776dc993f1,60.16829,24.94214,00000000afef4555,2.54
12645,2019-08-01T09:06:34Z,7176ddd6f2dc9be71319e3a2ea67061af7b5277adc890f23882c0afd,60.16829,24.94214,00000000afef4555,20.28
12646,2019-08-01T09:06:34Z,71b01bb8b8e877dc9ca40e756f441571d12ee3311a945417e8aaa116,60.16762,24.95415,000000006b44cce7,9.92
12647,2019-08-01T09:06:34Z,7226031f97fb041caef264f1911df0305fd803a368ddc488fd98a06b,60.16448,24.97323,0000000053c6c2be,25.36
12648,2019-08-01T09:06:34Z,72439a1f997fd347d46394f31f5789edc877fe61ca34fcd31f9150b1,60.18203,24.91341,00000000342570c2,11.7
12649,2019-08-01T09:06:34Z,728325161f4ed691db3460f87a25ed4713580e50a53fd36dd265957f,60.16531,24.9442,00000000fdda10fe,3.09
12650,2019-08-01T09:06:34Z,7292a4a47ed655e0ce0ead026bb0ae4b8093342f87a9aed5665c1456,60.16762,24.95415,000000006b44cce7,9.12
12651,2019-08-01T09:06:34Z,72f088587da3409c5a4bec360a52a230a7551c3671441baaaabc6357,60.16829,24.94214,00000000afef4555,12.69
12652,2019-08-01T09:06:34Z,74cb545f76f0bfc5498607247e26e814276a11ce91f77208054ecbc5,60.17002,24.94407,000000006b087f40,21.87
12653,2019-08-01T09:06:34Z,750297d0d8ff0ca837d9c2289c26302d62f38708617150431ab14509,60.16531,24.9442,00000000fdda10fe,25.36
12654,2019-08-01T09:06:34Z,7563b91d728fe470bc4d89aa18128a87b92c747336dd2c70cfbf9e84,60.1538,24.95595,0000000038bf9618,25.36
12655,2019-08-01T09:06:34Z,76c2f7b3773d4bebd4dabada1c2b98fe4ea9762e9c98b4a6371d7746,60.16762,24.95415,000000006b44cce7,9.92
12656,2019-08-01T09:06:34Z,7700297fec4982ad776529835e2ab46d4e5cbc889e26f368c19efeef,60.16829,24.94214,00000000afef4555,16.1
12657,2019-08-01T09:06:34Z,774131d73accbbb31ec3c43c3501b7969645eb65df1839ca8116526e,60.15432,24.9211,0000000019fb59c4,4.5
12658,2019-08-01T09:06:34Z,7803e2d46157a5482e745447d4c2c332fbd818d87a20b0f6187c628d,60.17065,24.93641,000000000f4919c9,18.79
12659,2019-08-01T09:06:34Z,78a9535148d256e36a93dcce58f6dac7864c3bcd43b255c37291aa30,60.17002,24.94407,000000006b087f40,13.75
12660,2019-08-01T09:06:34Z,7a6e7ba82e6b0c07f13302099a2ffb55e08a56850ee8c1c6c1bd65d3,60.17065,24.93641,000000000f4919c9,25.36
12661,2019-08-01T09:06:34Z,7a9e9c23e9d691adcd677be9ac9ca68f7e35915fbf5da7c6c8d270fa,60.17002,24.94407,000000006b087f40,33.81
12662,2019-08-01T09:06:34Z,7c1534082e86ff4387878d813207626d8f728aa26b97248e00a3b8d7,60.16629,24.95957,00000000fb7600be,16.1
12663,2019-08-01T09:06:34Z,7d12711d47425111a6dce413faa867542b9532f3b9c5a934b37a0bc8,60.17918,24.95141,00000000675d5200,16.1
12664,2019-08-01T09:06:34Z,7d415f4fd9093fb383b4ebb88961ad74e6a00d3ece39504712dad639,60.17918,24.95141,00000000675d5200,8.38
12665,2019-08-01T09:06:34Z,7e2e3d07c939e3e76e7ce87678faf64e056afe54215e00488839100f,60.14947,24.91438,000000004ef3150d,11.7
12666,2019-08-01T09:06:34Z,7eb4a715919b3eb4085270535ce4d7b57112591ad7242eb189bf652a,60.17065,24.93641,000000000f4919c9,11.7
12667,2019-08-01T09:06:34Z,7f59aaecea1eee6c703ec5d46d67b44289ddedf080defee495b73739,60.14947,24.91438,000000004ef3150d,4.94
12668,2019-08-01T09:06:34Z,7faf8705e89a761625aaed50b89538581e25d5950ec8f051d36ed829,60.14947,24.91438,000000004ef3150d,9.92
12669,2019-08-01T09:06:34Z,809bf2d7a0745ae512b934a578fd5fd47c13c5398b6d06ad350b9e7c,60.14947,24.91438,000000004ef3150d,21.87
12670,2019-08-01T09:06:34Z,814fca075a588ae71c130bafc9384a1c17e7bd8168994ae6fca55205,60.16829,24.94214,00000000afef4555,23.56
12671,2019-08-01T09:06:34Z,82b78c2220aee81a2744ddfaf7ed29663888987dba6b7cdda05731d9,60.14947,24.91438,000000004ef3150d,9.92
12672,2019-08-01T09:06:34Z,8524898e498c83bde4bc1848aa2b372da84e7b2266f36aabe128cc27,60.17919,24.95181,000000007b5207b6,18.79
12673,2019-08-01T09:06:34Z,85bdce5b262dbd94adcff03e6cad26a1152828b6ab27e6fdd56b2b13,60.16762,24.95415,000000006b44cce7,1.7
12674,2019-08-01T09:06:34Z,86e7584bf95733cef59d74bb4955881e99dc86b73a0d5b4e3ef58b50,60.18203,24.91341,00000000342570c2,23.56
12675,2019-08-01T09:06:34Z,87f1cc4c4a9de1ab81fe39cf7fde6cf0d4778e690f1665b62231ce46,60.149,24.9843,00000000fffb8cf0,23.56
12676,2019-08-01T09:06:34Z,880f9cbb91b9caf48ea9c5dd1a0c8e1db72922b6dfcb647b102fc469,60.16629,24.95957,00000000fb7600be,12.69
12677,2019-08-01T09:06:34Z,88c2bc6310f27465b9f08b28fb52075d7703ce7b097e5beb37c7437c,60.14947,24.91438,000000004ef3150d,10.78
12678,2019-08-01T09:06:34Z,893080d82bb28aa3ab91e41ddd4569086c8135ade7be10aa644fca95,60.17065,24.93641,000000000f4919c9,23.56
12679,2019-08-01T09:06:34Z,898cde3317c73907bb23b1b885828c4bf3187c3a757a18dc32abe970,60.16762,24.95415,000000006b44cce7,5.91
12680,2019-08-01T09:06:34Z,89aeff56a0700534bbf2dfd19fc298f5a890c95e1a45b6ca7ad3c33a,60.16829,24.94214,00000000afef4555,9.92
12681,2019-08-01T09:06:34Z,8a01e28fd327e5c56dcf2dc8b2b7762a96d77584c21990a073ceb11f,60.16829,24.94214,00000000afef4555,23.56
12682,2019-08-01T09:06:34Z,8c2c35fb6ebc0f07014a3291523f291bea82160dee13d091314cde65,60.16762,24.95415,000000006b44cce7,8.38
12683,2019-08-01T09:06:34Z,8c571538c285dba9d77edacfb1829b282d54b772b62209c6e4004237,60.17919,24.95181,000000007b5207b6,18.79
12684,2019-08-01T09:06:34Z,8d5e893f77b3d167ebefad4ecab181fea08513599a6f9450f0b9a827,60.17919,24.95181,000000007b5207b6,23.56
12685,2019-08-01T09:06:34Z,8e20d0d67339e3cf43e77c3a340d9dc6766de8d079197a08a1343ff0,60.17065,24.93641,000000000f4919c9,21.87
12686,2019-08-01T09:06:34Z,90a44cbd1a957cc59a6986cff9b6b7b8e151d379e17da645069428b8,60.173,24.92524,0000000096918cfa,9.92
12687,2019-08-01T09:06:34Z,939c459d913b0b38838071a0d13671e83e4a751f44624b21e84daa69,60.16762,24.95415,000000006b44cce7,9.92
12688,2019-08-01T09:06:34Z,93a13528693a5862c05b962a6681ea8c2bb319c6b0ed3b7ae2539723,60.16629,24.95957,00000000fb7600be,21.87
12689,2019-08-01T09:06:34Z,941e13893853105c86bfbc6d31d62274937602143ce3bb530c8c17ed,60.17918,24.95141,00000000675d5200,18.79
12690,2019-08-01T09:06:34Z,9609babe3114439a82f93f797f4a6e779b6bab625488b8ff5b63e674,60.16829,24.94214,00000000afef4555,23.56
12691,2019-08-01T09:06:34Z,9895eb1b16709e4d13b4f48b3370501a15b60673cd2eba7a2581113f,60.16762,24.95415,000000006b44cce7,20.28
12692,2019-08-01T09:06:34Z,9abbc86fb0fc1c0532042814af76a97e6a17121831d4394749a290a6,60.16762,24.95415,000000006b44cce7,10.78
12693,2019-08-01T09:06:34Z,9b3e6848d8b34e802134d6da0e5a594897ec3fafbbf08b6d0b84068e,60.17919,24.95181,000000007b5207b6,3.74
12694,2019-08-01T09:06:34Z,9bc129708b07f3c5bbf4195e83f0e5b9a663b6f371f416a8e3a605f0,60.16897,24.95222,00000000aa852af1,20.28
12695,2019-08-01T09:06:34Z,9bdb503344071eddd74d821f537246d8a6c19468b05d38d0170377f9,60.16897,24.95222,00000000aa852af1,13.75
12696,2019-08-01T09:06:34Z,9bef8b28ea93ecaee57d05b037edbfe7f80014aaf56343345fedd7be,60.17919,24.95181,000000007b5207b6,4.5
12697,2019-08-01T09:06:34Z,9ce214896068957a21bc57af08680d84debbd091b49ad5e6402c4cc8,60.16629,24.95957,00000000fb7600be,31.5
12698,2019-08-01T09:06:34Z,9dfecc3e26cb27e4b80721e355ef0d6cb182ac2eebf66b006e2d9f8e,60.149,24.9843,00000000fffb8cf0,16.1
12699,2019-08-01T09:06:34Z,9e343a150f07bb3dcce5ecab8ac061b84d65b347b1af5a232e00eeb6,60.16829,24.94214,00000000afef4555,9.12
12700,2019-08-01T09:06:34Z,9eee6d740f1d483c484d02f0995f35550c09e6a8cf01f02680db5efc,60.16448,24.97323,0000000053c6c2be,25.36
12701,2019-08-01T09:06:34Z,a04214b56cac7d70680703ee6a28fac742f3c3190b55b46a79c1f76d,60.149,24.9843,00000000fffb8cf0,18.79
12702,2019-08-01T09:06:34Z,a2333053951d093ef490bcc3b9455fa0ed512421b5b597602785ab28,60.16531,24.9442,00000000fdda10fe,16.1
12703,2019-08-01T09:06:34Z,a256ee4e61079f54581967787db25324859ef431207cb182cd468fbe,60.16829,24.94214,00000000afef4555,21.87
12704,2019-08-01T09:06:34Z,a2c53a9ecb3dab08bc3bf70db35ea02e6f15cedb137ce7817751f27c,60.16829,24.94214,00000000afef4555,13.75
12705,2019-08-01T09:06:34Z,a2e761fd97d8bdf78601300822b531e306b9ab7a1a43b6bfb07eba52,60.14947,24.91438,000000004ef3150d,14.89
12706,2019-08-01T09:06:34Z,a38c11c450b472b9dad2f076e2d9a63651292d3de806331d06af7f46,60.16531,24.9442,00000000fdda10fe,14.89
12707,2019-08-01T09:06:34Z,a3d8a00bf4a5d0ad6ea50d5408dff462b3190192fa4d3f8690d23219,60.14699,24.922,00000000a53ed894,17.4
12708,2019-08-01T09:06:34Z,a403dc1eebc5d130e12a4c3e4298737c9e00b25b1b6b2cc36a6979c9,60.16629,24.95957,00000000fb7600be,12.69
12709,2019-08-01T09:06:34Z,a47e8613674297dc49b26801b19d2110d009aaee57412f2127f3b093,60.16897,24.95222,00000000aa852af1,16.1
12710,2019-08-01T09:06:34Z,a6d010615b0732a971c180467cd17865327688c7e6c60628c3d452d3,60.16762,24.95415,000000006b44cce7,6.46
12711,2019-08-01T09:06:34Z,a6d0dd9de406b1201a4e438ec7c5f4a467f38c41e2dec42ff6c71d50,60.16897,24.95222,00000000aa852af1,12.69
12712,2019-08-01T09:06:34Z,a786eb3b8a25c58099a428799e99d0b86401f803ee38d3e5d20e59d3,60.15432,24.9211,0000000019fb59c4,16.1
12713,2019-08-01T09:06:34Z,a808962cb511e5ed2d23e6e33efe252b1be29dc1d2f7c6154817f04f,60.16448,24.97323,0000000053c6c2be,17.4
12714,2019-08-01T09:06:34Z,a83415babca8eac00f69a32371a230fdadda29bf40fd69f75cf2e8fb,60.17918,24.95141,00000000675d5200,25.36
12715,2019-08-01T09:06:34Z,a83703c80a4d58db87327a53b0d3664d23edf7350ff6b0afaa49c530,60.16629,24.95957,00000000fb7600be,17.4
12716,2019-08-01T09:06:34Z,a837f2314938b1510f3b4cc5900d5d67bc7212d234d9fed1c64f3861,60.16762,24.95415,000000006b44cce7,16.1
12717,2019-08-01T09:06:34Z,a838fe521ed943ab5d8f7c5d408246fb2370ea139b12544208826ea9,60.16897,24.95222,00000000aa852af1,31.5
12718,2019-08-01T09:06:34Z,a8a4e32d99eee174bb3145405320d1737e82dbd26dfdf096bc09ff37,60.16762,24.95415,000000006b44cce7,20.28
12719,2019-08-01T09:06:34Z,a8ca7fb815e707c04434a085c4f99e783d56372143afc92225eae622,60.15133,24.92329,00000000e8a064a4,18.79
12720,2019-08-01T09:06:34Z,aa05a7036c3586a79d23f426b78bf158357208bc82d7ddf9a1326dd2,60.16531,24.9442,00000000fdda10fe,9.92
12721,2019-08-01T09:06:34Z,ab615ee5bbf567aee3505fbb360d09fc6b851f93fb15aef778b57128,60.16531,24.9442,00000000fdda10fe,7.05
12722,2019-08-01T09:06:34Z,abf0be93e7a8aec9fa8284fdbcc2493f32084aa95f15660b23e149c6,60.16629,24.95957,00000000fb7600be,8.38
12723,2019-08-01T09:06:34Z,acb3f4b2a6b9fe720b98158caba37c1958df05919990f30368dbbd8b,60.16762,24.95415,000000006b44cce7,17.4
12724,2019-08-01T09:06:34Z,ad22512fd6a5ad9e19fdfad7e02b2793ecb01875be243f894c637ae2,60.16829,24.94214,00000000afef4555,1.54
12725,2019-08-01T09:06:34Z,af67ffa8b538058603b74f48e04ab914e8f6cd450f53c47f8c3d683d,60.15432,24.9211,0000000019fb59c4,16.1
12726,2019-08-01T09:06:34Z,afaed9946dbc1509500c6f80f87eed8fe44a74ba3e14328c6efe3971,60.16829,24.94214,00000000afef4555,9.92
12727,2019-08-01T09:06:34Z,b09e9bb62cc49c085c1aee3b752af1bec69dabc939323e5733f73933,60.17065,24.93641,000000000f4919c9,23.56
12728,2019-08-01T09:06:34Z,b25339bfcf356e1460eec7d6494ab8fa8fe2ee363afb6496ab1a1fb9,60.16829,24.94214,00000000afef4555,11.7
12729,2019-08-01T09:06:34Z,b28757d67868f9471f0d997a935e857fd0ff1095449820929597563b,60.16762,24.95415,000000006b44cce7,5.41
12730,2019-08-01T09:06:34Z,b32e57a6f5865a23d7a0e9fa346d5ec4e975f99c4df815fe8b1449b2,60.17918,24.95141,00000000675d5200,17.4
12731,2019-08-01T09:06:34Z,b474e34db18d21635ec9ea2654513e6759c326f3aaec96c25f9a204e,60.16897,24.95222,00000000aa852af1,20.28
12732,2019-08-01T09:06:34Z,b50a45ac0708e7b5cca42f3458430eb22ff70a81c575bafe99ffda23,60.17002,24.94407,000000006b087f40,7.05
12733,2019-08-01T09:06:34Z,b5603e758440226e490d1d7d7271a7b0d5c261eccbad198f81110136,60.15432,24.9211,0000000019fb59c4,3.09
12734,2019-08-01T09:06:34Z,b6c43126ca83e916a68e57d0178060c24fc61305836b6c8f188f7285,60.17918,24.95141,00000000675d5200,5.41
12735,2019-08-01T09:06:34Z,b6f0f4101a1a258dcb1d82d77ca91000694d4fed15bd882a8e3bfe66,60.149,24.9843,00000000fffb8cf0,29.32
12736,2019-08-01T09:06:34Z,b8fb70225ee0a2d655e2809da07a2f8cd2feb7295aa256f8b35fcf1e,60.16629,24.95957,00000000fb7600be,11.7
12737,2019-08-01T09:06:34Z,bb2187a4e20012ad694c768ef2c47c9a9055671024ebf4855d4e6243,60.16531,24.9442,00000000fdda10fe,1.7
12738,2019-08-01T09:06:34Z,bc436a99a8805080541bd9dc9743df4f0e34172e2c70b59f64c4260c,60.16762,24.95415,000000006b44cce7,14.89
12739,2019-08-01T09:06:34Z,bc82f76c979de19b559e9e3aa0cd6cbf5ac361e2d7b1ac9f81fe2f4f,60.17918,24.95141,00000000675d5200,5.41
12740,2019-08-01T09:06:34Z,bd17e41f002acd238070518ccfb611a42561023ceaefde667bf6fa55,60.17002,24.94407,000000006b087f40,7.69
12741,2019-08-01T09:06:34Z,bd23c66c4df0bd849266a4429a24f23f2c9503cf31eb0cd9780248e6,60.18203,24.91341,00000000342570c2,29.32
12742,2019-08-01T09:06:34Z,be12d6aaccf354197284a8c92b960bd6a4e1705f7d948823e7891fde,60.16762,24.95415,000000006b44cce7,3.09
12743,2019-08-01T09:06:34Z,beaae42e2432399a2fe1038d7d9bc164f369b4ad61458aaa4fd733b6,60.16762,24.95415,000000006b44cce7,9.92
12744,2019-08-01T09:06:34Z,bf546b1abc8eba5c7f399f527508a7304dea62586aa297896d71ea5c,60.18203,24.91341,00000000342570c2,25.36
12745,2019-08-01T09:06:34Z,c004fa64cb7de7e87d3b91639ae5f95304fb1a90b0a0e927cea958af,60.16762,24.95415,000000006b44cce7,17.4
12746,2019-08-01T09:06:34Z,c154451b1999baeaa84dce2322d29c7f31ff05824a433589f309596e,60.16762,24.95415,000000006b44cce7,21.87
12747,2019-08-01T09:06:34Z,c15da9ed244b57a27a083919c67d0edde078a31b18cb58f13581f173,60.1538,24.95595,0000000038bf9618,12.69
12748,2019-08-01T09:06:34Z,c1674c59c49d5bf74e6808239a91d18a04e47697d298bc61a7618af2,60.16448,24.97323,0000000053c6c2be,13.75
12749,2019-08-01T09:06:34Z,c19294a0a6dd80604d1435e92cecc363af55f32ef9d41af8b67687e2,60.16897,24.95222,00000000aa852af1,29.32
12750,2019-08-01T09:06:34Z,c375f2dac85f963c33b2daf76ffb0c32d2c8fd08172419336e308686,60.14947,24.91438,000000004ef3150d,27.28
12751,2019-08-01T09:06:34Z,c434f18b802a764aad7a2dfb46e93546acb1b0975cf9b93fd47363f6,60.15432,24.9211,0000000019fb59c4,7.05
12752,2019-08-01T09:06:34Z,c4c936ac80b0ae54c0c8423657bd882256a046f8cc9416db5a725204,60.15432,24.9211,0000000019fb59c4,25.36
12753,2019-08-01T09:06:34Z,c51beff15d228f2dab9416cadfcc60fe269ce3d9202a9cf2ec7e7647,60.16829,24.94214,00000000afef4555,21.87
12754,2019-08-01T09:06:34Z,c5375afd0fcf3a55b5ea619aa6fdefc1cae7382d7c5ac9269aba9dee,60.16829,24.94214,00000000afef4555,21.87
12755,2019-08-01T09:06:34Z,c55f651c108f569fe59364de834d31b122908186d2f95d20ed519564,60.16762,24.95415,000000006b44cce7,10.78
12756,2019-08-01T09:06:34Z,c65c11ee6e8b5894ead3ea9b007a39127edb65a67be253aca6f78ed0,60.16448,24.97323,0000000053c6c2be,27.28
12757,2019-08-01T09:06:34Z,c8f27660c2e8302459f9f42a38f8c1a1d42cb2de7ac7fb8995a36ed4,60.17919,24.95181,000000007b5207b6,12.69
12758,2019-08-01T09:06:34Z,c98bce1cc275ed0a1b833011f8cd251ac848fdc84501fe87eb8b5d54,60.17918,24.95141,00000000675d5200,16.1
12759,2019-08-01T09:06:34Z,cb9f54c377262ff9bcf2162f7376c879870c973cf6b356b45ad913e0,60.16762,24.95415,000000006b44cce7,9.92
12760,2019-08-01T09:06:34Z,cccf3ba2a9d11b9330c18af8064a20aca9995473495bf119162a1619,60.16897,24.95222,00000000aa852af1,13.75
12761,2019-08-01T09:06:34Z,ce7de55c7709396c70ce5930097e84449a4889700e605a0b062aaeae,60.16531,24.9442,00000000fdda10fe,21.87
12762,2019-08-01T09:06:34Z,cf061f5093c857b2efc346d3ad51fd17cca7eb360060ba7875630cf5,60.16897,24.95222,00000000aa852af1,11.7
12763,2019-08-01T09:06:34Z,cf7b2f756e0c8adf33962b67d654a77e3ce25f47b2c2b06678355017,60.14951,24.92138,0000000006dd41f6,27.28
12764,2019-08-01T09:06:34Z,cf823e18aa21de251222a9ab70c1b76b6218dea694752d56f6f84082,60.149,24.9843,00000000fffb8cf0,18.79
12765,2019-08-01T09:06:34Z,cf9455daa4877b79636eca3ae57056b08dfc0b42f107cedb6f5a3f16,60.16829,24.94214,00000000afef4555,13.75
12766,2019-08-01T09:06:34Z,d062562fed5ad0a61560e267310beb0b717d2a1e2a11d1d575507861,60.16897,24.95222,00000000aa852af1,18.79
12767,2019-08-01T09:06:34Z,d0ae4fabf429edbfdad59f8183cc6e5929f68633315448c9b83d4c16,60.16762,24.95415,000000006b44cce7,9.92
12768,2019-08-01T09:06:34Z,d16e16def718519430296afa23976c226aaf720722bce3d92a2aad43,60.14947,24.91438,000000004ef3150d,11.7
12769,2019-08-01T09:06:34Z,d29a5ebd00326d5dedb6c60cab75fd238bdaa9d7f703f6b5974edbc7,60.16762,24.95415,000000006b44cce7,6.46
12770,2019-08-01T09:06:34Z,d2d93d0b6dc6d3cb3b49b433e6a90dd25b2bbb136dfac11e920089d2,60.16829,24.94214,00000000afef4555,25.36
12771,2019-08-01T09:06:34Z,d31d6921eee92503b486a1b30f5330581c4744a82e6549f375544846,60.17918,24.95141,00000000675d5200,20.28
12772,2019-08-01T09:06:34Z,d48c8d6c9167c2eb6e1b8f9bd677138e52ac99b3f5bc81849215a6dd,60.16762,24.95415,000000006b44cce7,25.36
12773,2019-08-01T09:06:34Z,d562afdedae521be241c98441e436608a323fdb944dedc24c835e762,60.17065,24.93641,000000000f4919c9,5.91
12774,2019-08-01T09:06:34Z,d653ef8368d33df4fc7edeb5a381d5826be1471f1470aa9744d47901,60.173,24.92524,0000000096918cfa,3.4
12775,2019-08-01T09:06:34Z,d65b8625c1f24304ff0e3c4a4dce7aa5d434d36be87be41834a49420,60.16531,24.9442,00000000fdda10fe,3.4
12776,2019-08-01T09:06:34Z,d6e217c6592e449e2390b1a874e08cbc9126116901dbdbf84501c6b8,60.17065,24.93641,000000000f4919c9,20.28
12777,2019-08-01T09:06:34Z,d74ea3c9e0aaa523c791aa01f4f9a7c1c43f01f585dc4146b19edf83,60.17918,24.95141,00000000675d5200,7.05
12778,2019-08-01T09:06:34Z,d8778698d75313bf43f7255696e14eda9502d5d7a6e7315071181cc8,60.16629,24.95957,00000000fb7600be,18.79
12779,2019-08-01T09:06:34Z,d87c4d5dc2cd620de54fdd076d4f9b35245053d65b644d9e01f558b5,60.16762,24.95415,000000006b44cce7,5.41
12780,2019-08-01T09:06:34Z,d8e192aeb0216a9b0596cedcf42e1b5140d6cfbbc830edc10f50c3d1,60.16762,24.95415,000000006b44cce7,17.4
12781,2019-08-01T09:06:34Z,dbedd81db3d59ee0c6948187e396a34e2fa5dd6670cf8d862bf5e1ff,60.16762,24.95415,000000006b44cce7,9.12
12782,2019-08-01T09:06:34Z,ddae2128c72cf011df2a698a8254b8738fd07a971349ea8a5e8bfa9f,60.16829,24.94214,00000000afef4555,18.79
12783,2019-08-01T09:06:34Z,deb8a213e1b4930e676ee8fdb394161ec46adb785171fa37437b4d44,60.15133,24.92329,00000000e8a064a4,8.38
12784,2019-08-01T09:06:34Z,ded712413bfc7de58a469fab75498089b2c3c6b5e0c9cae260102284,60.16829,24.94214,00000000afef4555,16.1
12785,2019-08-01T09:06:34Z,dfe80baf219bd267a459c954a8e3027b3f1ed29fea2a5355456d5652,60.16897,24.95222,00000000aa852af1,29.32
12786,2019-08-01T09:06:34Z,e0cf7a6517d1ada0d8ef91433c515d7c771cb73905ec354546b9741f,60.16762,24.95415,000000006b44cce7,17.4
12787,2019-08-01T09:06:34Z,e0fe7fe5854899c0eb42b75b300339808143419404558ed4d00b0f17,60.17918,24.95141,00000000675d5200,9.92
12788,2019-08-01T09:06:34Z,e234769b1ce1634554f5fa4a290d11b2a30c3dfd009d4c39a2e9dd3d,60.17065,24.93641,000000000f4919c9,20.28
12789,2019-08-01T09:06:34Z,e294dde431d68c7b73efcf1f9b916e40bf408111c79228032c7830a4,60.16544,24.95398,0000000038d83d41,20.28
12790,2019-08-01T09:06:34Z,e2bb0ae74deee6cbc4f50c5f85da3f1779ca1db1ae7ff48ab4b33dbc,60.17919,24.95181,000000007b5207b6,5.91
12791,2019-08-01T09:06:34Z,e2f445c6711e0e7d48a6a045bec347587f9f398e8928a171cfa2ca38,60.16762,24.95415,000000006b44cce7,8.38
12792,2019-08-01T09:06:34Z,e528235be3e5cc4945024d50d1ed43061e2e2f2845f2b41e081e1721,60.17919,24.95181,000000007b5207b6,12.69
12793,2019-08-01T09:06:34Z,e5cad8bb9a6c8dcc067948d7f869033aca5bdd062da175c8734092e6,60.17919,24.95181,000000007b5207b6,5.41
12794,2019-08-01T09:06:34Z,e73dcccbc4dd6af49316f19a34c347cc94ff7ab079a93a2672d78a16,60.14947,24.91438,000000004ef3150d,25.36
12795,2019-08-01T09:06:34Z,e7c92f07271c58076a3543568856a6941512c32291b7e9ce8dbcece1,60.16762,24.95415,000000006b44cce7,16.1
12796,2019-08-01T09:06:34Z,e8add7e8346b99cd4b67924113f3763441a1899897c6d1ac3a1a40a6,60.17918,24.95141,00000000675d5200,9.12
12797,2019-08-01T09:06:34Z,e8ed8051f57ad9d9029a5e3b443c5e93e5059f8c487ba45e2583d35a,60.16829,24.94214,00000000afef4555,13.75
12798,2019-08-01T09:06:34Z,e8fe5d3b6aa0651dff5b4a9c6dcff3135e3bdcbb1cddc9b871e9d991,60.14947,24.91438,000000004ef3150d,20.28
12799,2019-08-01T09:06:34Z,e9275b4d525e0593374e00e9cf9885062a1699ecb3462c758a025ef1,60.16762,24.95415,000000006b44cce7,17.4
12800,2019-08-01T09:06:34Z,e979a153601f7520f54d4733fe91f75f154c8f1c08dc3408dbba5345,60.15432,24.9211,0000000019fb59c4,18.79
12801,2019-08-01T09:06:34Z,ea1b1a8ba1c01fdd1e098c585b133fc3d60f7c2458e7c2726e2df8ee,60.16629,24.95957,00000000fb7600be,18.79
12802,2019-08-01T09:06:34Z,ea3f8412ed9c4d92448688dd9cc7ff9e3eeb5fe4373d0953bf0349c1,60.16531,24.9442,00000000fdda10fe,14.89
12803,2019-08-01T09:06:34Z,eaf572301dc5c1eaff007bc1886cce8f0f5e92a233b8686ed2a1a9cc,60.17065,24.93641,000000000f4919c9,21.87
12804,2019-08-01T09:06:34Z,ec2dd83e04d225caca9f6b9d28bd3080ed37c5bf42e5f65123fa2394,60.17065,24.93641,000000000f4919c9,9.92
12805,2019-08-01T09:06:34Z,ec7121833f0e4b509d683b00a9c5e992e4b84882cb857145102e14f4,60.16531,24.9442,00000000fdda10fe,1.54
12806,2019-08-01T09:06:34Z,ec8c0160ac1ee5aeaf6204956c9db2ee4f98f55ae3fe1ec0af07fab8,60.16762,24.95415,000000006b44cce7,10.78
12807,2019-08-01T09:06:34Z,ed86f884272a5a400b55bfd4f22bc8cc5d6fca7fe26eee3c39cb3c52,60.15432,24.9211,0000000019fb59c4,9.12
12808,2019-08-01T09:06:34Z,eedbd720e471fc3c0653bce4eb38b2f3225c8ee78a75d6b9c94a0f86,60.16629,24.95957,00000000fb7600be,21.87
12809,2019-08-01T09:06:34Z,ef620c567fe4adc1160d75daa4075a87a75acb4a956b68eb60da0690,60.17065,24.93641,000000000f4919c9,27.28
12810,2019-08-01T09:06:34Z,ef67b9e4617f284b84167b4bdaff71108579a33ced0a2450ff25a1a1,60.16629,24.95957,00000000fb7600be,12.69
12811,2019-08-01T09:06:34Z,ef6e7d641ebef891165f5f8178b3195fbc6c86dc5f904ca2cca43e32,60.16897,24.95222,00000000aa852af1,23.56
12812,2019-08-01T09:06:34Z,efb0235d2d9cd06b8377959fc3e5e144c222db88b6578a8fa7a48475,60.16762,24.95415,000000006b44cce7,9.12
12813,2019-08-01T09:06:34Z,f1447725764ec0dca245fc67f2aa0a0c42e6b05808076aa74f0c1e7e,60.17918,24.95141,00000000675d5200,11.7
12814,2019-08-01T09:06:34Z,f18c0c32d067aecf5602d70693ac888cab1be6dbb0d154be5153dfcc,60.16829,24.94214,00000000afef4555,4.5
12815,2019-08-01T09:06:34Z,f1b28329fc91f4708ca34857c5582c0bf1b7d0ab06127746029cd72c,60.17918,24.95141,00000000675d5200,23.56
12816,2019-08-01T09:06:34Z,f20935810c1567a80c288016c4d4dd32fe86b3479f47ae7dd64d15cc,60.15432,24.9211,0000000019fb59c4,3.74
12817,2019-08-01T09:06:34Z,f45806c30db425e518d8d483a072900958e0411d9a33cca7c3cf99bb,60.16762,24.95415,000000006b44cce7,17.4
12818,2019-08-01T09:06:34Z,f4587b90aec9127805880f7c81fc03b9fb513fe363015399b895089f,60.16829,24.94214,00000000afef4555,16.1
12819,2019-08-01T09:06:34Z,f4bbc3077da0455d4340da2eed204915327b75a792080724548b4956,60.17919,24.95181,000000007b5207b6,6.46
12820,2019-08-01T09:06:34Z,f503a41d3e8b9b57628f4f061c1d8e0c53c62dd8a6fe38d212958ee6,60.16075,24.95883,00000000f1124bca,10.78
12821,2019-08-01T09:06:34Z,f587de6c8c03387c5e6a66cd7d20c45abad3668c8e2246611122547b,60.14947,24.91438,000000004ef3150d,27.28
12822,2019-08-01T09:06:34Z,f5c4e0083948ddd2cc19254413dec48f888a85bfe1f826a524e2a814,60.16075,24.95883,00000000f1124bca,27.28
12823,2019-08-01T09:06:34Z,f665079710528911e7b7844aa55433e09506580c7fed342e1febfaa5,60.16762,24.95415,000000006b44cce7,17.4
12824,2019-08-01T09:06:34Z,f741519cf6f519194bb45b9da0e69bda8edb903e3c24d4140f340467,60.16762,24.95415,000000006b44cce7,11.7
12825,2019-08-01T09:06:34Z,f9e527876f8dfe750fd29bc42664bbf572aed5d09d344a8934a83d90,60.17065,24.93641,000000000f4919c9,3.4
12826,2019-08-01T09:06:34Z,fa1a3814c680b20020a08346c37ee2853e895984574575312bf262e7,60.14947,24.91438,000000004ef3150d,14.89
12827,2019-08-01T09:06:34Z,fa63dbf5999ebbf46864d144ca4cde0c355b6bd369afa04c4b55ff0f,60.16762,24.95415,000000006b44cce7,20.28
12828,2019-08-01T09:06:34Z,fb2df85c8938d6a1bbd1ff0a1cd8aa23480ae08dc39d2b584ed35e14,60.16762,24.95415,000000006b44cce7,12.69
12829,2019-08-01T09:06:34Z,fba6e66dd09200012637e0b454c96fd7a5459b7e8b0ba01863cdbd77,60.16762,24.95415,000000006b44cce7,1.7
12830,2019-08-01T09:06:34Z,fc75e05a713e8733c512a31a3bebec0a122af3e7afb2c5059c3f1a3a,60.17002,24.94407,000000006b087f40,8.38
12831,2019-08-01T09:06:34Z,fe191b6937595e5cf2ac1491e9056f0f9fb5bf66c0cb900df00b4c64,60.16829,24.94214,00000000afef4555,7.05
12832,2019-08-01T09:06:34Z,fe88879502b9755093db192b4ea06a7b5b568f7e8b92970727636c68,60.16762,24.95415,000000006b44cce7,10.78
12833,2019-08-01T09:06:34Z,fea1453360073dfc1896bf1f005f51addb49661f953e16cffba3c63d,60.16531,24.9442,00000000fdda10fe,8.38
12834,2019-08-01T09:06:35Z,0fff89885f08417f20aadfdbf62a372277e9085bcd024374b772ecac,60.16531,24.9442,00000000fdda10fe,25.36
12835,2019-08-01T09:06:35Z,0ffffc922d45d8063a1ee9f51760d94aa7e3f957374f5a86b3a18d09,60.16897,24.95222,00000000aa852af1,31.5
12836,2019-08-01T09:06:35Z,144afc51fc2443c7031a2912566eff2ce60226a49d6d2bd7c2923700,60.16544,24.95398,0000000038d83d41,21.87
12837,2019-08-01T09:06:35Z,14c7e1511b70f4dd3359cbece1377aebb4d70531f5489eefe53d7c3c,60.16544,24.95398,0000000038d83d41,29.32
12838,2019-08-01T09:06:35Z,15918569de0a46a8eb56b43d8d39f7fc82619ff1006f00822c85745c,60.17919,24.95181,000000007b5207b6,5.41
12839,2019-08-01T09:06:35Z,171d0bf49a26400390df42bc1c9af98d9279bf8ccee92f39288845e1,60.16762,24.95415,000000006b44cce7,4.11
12840,2019-08-01T09:06:35Z,1f0f0628cdc688d76bde2b82bee5b9b4916bf0bbdfe76cf3213e1c65,60.15432,24.9211,0000000019fb59c4,18.79
12841,2019-08-01T09:06:35Z,35c6573a3fdd07d91dacb331df71f349703fbecb50875602452d3b83,60.16762,24.95415,000000006b44cce7,14.89
12842,2019-08-01T09:06:35Z,5d65719c4cbf045f068d084b72302f447d5fd034413d97d13be00d0e,60.18203,24.91341,00000000342570c2,18.79
12843,2019-08-01T09:06:35Z,5eed115a984d490b02b602d73787aee8dc8c4e9365b77fbff3818a76,60.16629,24.95957,00000000fb7600be,16.1
12844,2019-08-01T09:06:35Z,6a657079c1bdc8114c289be1ddd83e5846d4279a920d1697b8ff0033,60.18203,24.91341,00000000342570c2,17.4
12845,2019-08-01T09:06:35Z,6f06341f358e61699fe1e55e986dd0554bc8da28b91daf0c5ad99db6,60.16629,24.95957,00000000fb7600be,18.79
12846,2019-08-01T09:06:35Z,76c7f42283513d0e289bf786d89463b5025b2ae0f4e13519a4cf228b,60.15432,24.9211,0000000019fb59c4,21.87
12847,2019-08-01T09:06:35Z,78d5f60b36b59c06c3988b94e11744bb3aed5dcbc214f91f228bf892,60.16448,24.97323,0000000053c6c2be,18.79
12848,2019-08-01T09:06:35Z,84fdfd8881f633c5f0c71c1480053953ca4b05e848052d97c063ad38,60.1538,24.95595,0000000038bf9618,36.27
12849,2019-08-01T09:06:35Z,87dfaad29a9276ddddb1fa021d3bc23ad14824c1af16f7d87e713689,60.14951,24.92138,0000000006dd41f6,9.92
12850,2019-08-01T09:06:35Z,8cc6ddaa460aeae8cc9e8a33f91a01c8cd4c0c8bf8a943210a28c84d,60.1538,24.95595,0000000038bf9618,23.56
12851,2019-08-01T09:06:35Z,9843c6216661048343a0e49cf3d8aa2883cf77f452666a1c873a1052,60.16448,24.97323,0000000053c6c2be,9.92
12852,2019-08-01T09:06:35Z,9bc8068948a5b881e1bded553efe012fe129e3e4df62f64a6724917e,60.16829,24.94214,00000000afef4555,27.28
12853,2019-08-01T09:06:35Z,9d03d14afa49576281aa26db60e517f7c1ec8aa36f7756959a860a8a,60.16629,24.95957,00000000fb7600be,13.75
12854,2019-08-01T09:06:35Z,9ff35a7f150d05ef75c3777dbae4f91e5b1a4d0830a984c50f6da1bc,60.16897,24.95222,00000000aa852af1,29.32
12855,2019-08-01T09:06:35Z,a5302e72a58b038ac7633e65863bac48d8153d8837533ac7b5409f37,60.16629,24.95957,00000000fb7600be,9.12
12856,2019-08-01T09:06:35Z,a91d379a4b57c5df22db0d7a041ff69f657b4b31f28554b1011fc03c,60.16544,24.95398,0000000038d83d41,36.27
12857,2019-08-01T09:06:35Z,a9da1ee82e3b670e276c26b483dd50f4a6d0c6f77ef82245d3ae6086,60.18203,24.91341,00000000342570c2,13.75
12858,2019-08-01T09:06:35Z,ab0f67c0c0e1ba5eac9013f9c314feadf340ddf08543b91e70483594,60.16544,24.95398,0000000038d83d41,23.56
12859,2019-08-01T09:06:35Z,b1f358076ba79ef902a36ca8ae3f8ec7c93308a67c479345bfdbdecf,60.1538,24.95595,0000000038bf9618,36.27
12860,2019-08-01T09:06:35Z,b4faf2d3c4d2b199afeab6ab63b583fe3a2e81e14abbef6917f25129,60.15432,24.9211,0000000019fb59c4,20.28
12861,2019-08-01T09:06:35Z,b5fd6b317890e5ab2d79e2cd1abe61626d45a753c7337d0d40728898,60.16762,24.95415,000000006b44cce7,14.89
12862,2019-08-01T09:06:35Z,c40c37def6bf11a63a2556519a7c6233fd417cdeea2cf14f28e7c42c,60.16531,24.9442,00000000fdda10fe,14.89
12863,2019-08-01T09:06:35Z,ce783d3c1b06378e5c39c25687746a6f88fbb0ff2b36e3405fb61cf8,60.16762,24.95415,000000006b44cce7,21.87
12864,2019-08-01T09:06:35Z,cf05623e4d87ce0906c0b0b7dbf53aacc1228016cd27c341228b6e76,60.18203,24.91341,00000000342570c2,18.79
12865,2019-08-01T09:06:35Z,d127ead865385b64ae537a703a26be15fae4b5332ce0fbf03d5e0c23,60.1538,24.95595,0000000038bf9618,31.5
12866,2019-08-01T09:06:35Z,d178749a24c32676d0da0f51ae6ff63c456499d4b1814af8fa75ca9e,60.16448,24.97323,0000000053c6c2be,4.5
12867,2019-08-01T09:06:35Z,dd2c9c82cf3737146294aff6f814a1349fb0bc4bedf518715dacbe8f,60.18203,24.91341,00000000342570c2,25.36
12868,2019-08-01T09:06:35Z,ddc67f72e5e8f9a7d6b2da1da84e1837810b48e399bfa77518b37226,60.16531,24.9442,00000000fdda10fe,31.5
12869,2019-08-01T09:06:35Z,ec72ef080c605e71978aed0d3b5f22c3c3133677a43c614b72eedc6d,60.14699,24.922,00000000a53ed894,29.32
12870,2019-08-01T09:06:35Z,ed70dda6b7faebd4340dacdb452ab224d9d3c308df417b7fa76f54e8,60.14951,24.92138,0000000006dd41f6,23.56
12871,2019-08-01T09:06:35Z,f088630d7476dae7d4b7e2bb1f10575f2c89acb4b6e061f3d57c2b40,60.16531,24.9442,00000000fdda10fe,25.36
12872,2019-08-01T09:06:35Z,f22981c21af00fc334b3d8bdd523e23a50384666e97815f0ec1dc0ac,60.16897,24.95222,00000000aa852af1,7.05
12873,2019-08-01T09:06:35Z,f70a43051a4f59f5002c4018a464b44781f7f527861efda6626a2de4,60.16829,24.94214,00000000afef4555,12.69
12874,2019-08-01T09:06:35Z,f7e45613ad966fea53fab73b435ba3a087c774e36596b3a5156a3487,60.16829,24.94214,00000000afef4555,3.09
12875,2019-08-01T09:06:35Z,f99c5dd8cc08bd2353083d875ce8bc585fb2c2ff8427b90d92f571de,60.1538,24.95595,0000000038bf9618,29.32
12876,2019-08-01T09:06:35Z,fc4f3a44235f1cfc7b53f14ba2da599976a5a0a220d23b852688e485,60.17919,24.95181,000000007b5207b6,9.92
12877,2019-08-01T09:06:35Z,00787dad708490660b0b836fa415681cc57046fa521c0c0aaea14a9e,60.16762,24.95415,000000006b44cce7,5.41
12878,2019-08-01T09:06:35Z,00cf880933075f70a32ca748c0299b5dee3089d042185bd2787eed56,60.16762,24.95415,000000006b44cce7,17.4
12879,2019-08-01T09:06:35Z,02050a536056486b1bf139282f0d0a3af63def1d56ff0c73ac51bb19,60.14947,24.91438,000000004ef3150d,9.92
12880,2019-08-01T09:06:35Z,023083c44c772667f1727e01c74518889b2a82d78ceb28c08b6f8a20,60.16531,24.9442,00000000fdda10fe,14.89
12881,2019-08-01T09:06:35Z,0362cc670dcfab795a3911957b6a177416bf9b99d0e2732716796c4d,60.15432,24.9211,0000000019fb59c4,5.91
12882,2019-08-01T09:06:35Z,03f427d436ba092925de462b11374bdbdab0443620037675621fbc11,60.17919,24.95181,000000007b5207b6,9.92
12883,2019-08-01T09:06:35Z,063935180fff0e58de5d319ecb9320cf794423e3c6aeac0cca8f1a9f,60.16897,24.95222,00000000aa852af1,21.87
12884,2019-08-01T09:06:35Z,0734aa9d45f98eb8e1cc23fdf3a04a296b23370cc5bef016a0c76053,60.16829,24.94214,00000000afef4555,20.28
12885,2019-08-01T09:06:35Z,08f10568d1e90d000e41196f141e0c1a52bab88fcf08f4753a3c055e,60.16897,24.95222,00000000aa852af1,20.28
12886,2019-08-01T09:06:35Z,08f9fd60f852d3502bfa509c955e9963e73954f961d55ba8cd46cae9,60.16629,24.95957,00000000fb7600be,16.1
12887,2019-08-01T09:06:35Z,0951ec0c700dba7330b8e8181fc852becde054d0dc7474d1488db3cd,60.17065,24.93641,000000000f4919c9,27.28
12888,2019-08-01T09:06:35Z,0a4545064081fa300763c6773f1d0bc94f50886af099201d626346bb,60.16762,24.95415,000000006b44cce7,21.87
12889,2019-08-01T09:06:35Z,0c1684b697a63d7f47ebaedcfa060b3b4af294fec1e62d613699291a,60.16897,24.95222,00000000aa852af1,10.78
12890,2019-08-01T09:06:35Z,0c2d3bdaf0e8a9d6efcf95298acb85805b31c1c6618f00dd4489dddb,60.16762,24.95415,000000006b44cce7,10.78
12891,2019-08-01T09:06:35Z,0ce136cd78d17c06d7c5673fecf75f44da717c2befaaea18c6bdf0b1,60.1538,24.95595,0000000038bf9618,20.28
12892,2019-08-01T09:06:35Z,0d2a30f4e69ed2b7c428129d550b561c93cfe41bbf290ae41a4343bc,60.16762,24.95415,000000006b44cce7,14.89
12893,2019-08-01T09:06:35Z,0f0a47457083121cf6392eb1d6d9a764f269d3c0e33d76403c446678,60.16829,24.94214,00000000afef4555,20.28
12894,2019-08-01T09:06:35Z,0f8e18e52422d7fb71594f8dbfc8bb5ae986eb9f664407f954e275b4,60.16762,24.95415,000000006b44cce7,14.89
12895,2019-08-01T09:06:35Z,0feb7de3b58597dd266ed606e8d3b6e2e4e0be942b17c15be984f51c,60.14951,24.92138,0000000006dd41f6,21.87
12896,2019-08-01T09:06:35Z,1069967e3921871955b1b2b42e60f829c593a3e024401bfe61ae410e,60.16629,24.95957,00000000fb7600be,16.1
12897,2019-08-01T09:06:35Z,10cd81594fd56fa1f2c4799419a45b70833d3d8583b817324ee96da7,60.16897,24.95222,00000000aa852af1,14.89
12898,2019-08-01T09:06:35Z,10d0fed0f7d40b253b5fc5a53297dc9af8bb76fa6f34d5e71383cb62,60.17919,24.95181,000000007b5207b6,25.36
12899,2019-08-01T09:06:35Z,1134a082e36fe03359bac74c814a0ed20468c45230115d4e25aa230d,60.16829,24.94214,00000000afef4555,14.89
12900,2019-08-01T09:06:35Z,1271bcd33c0056265a5bdf6df4092a3c9e2209abee80570cb172031b,60.16897,24.95222,00000000aa852af1,17.4
12901,2019-08-01T09:06:35Z,12b9b313e577dbbb9619247e0a5ded14c2b56bede5b421cac44f9597,60.16448,24.97323,0000000053c6c2be,25.36
12902,2019-08-01T09:06:35Z,13a759fd293cbde0d55db753d853768b718e59036c4007d2e3a8757a,60.16762,24.95415,000000006b44cce7,8.38
12903,2019-08-01T09:06:35Z,141a580597619f20b14d71a17562763921dafbb27c8aaaa8700fd522,60.16829,24.94214,00000000afef4555,23.56
12904,2019-08-01T09:06:35Z,141ffc858c3ea6a2e69c954115114304736a35dc25ec947323090dc0,60.16762,24.95415,000000006b44cce7,7.05
12905,2019-08-01T09:06:35Z,1564db6ab71666bfe0865d19fd134f7018f49bc12ff1969853697784,60.16531,24.9442,00000000fdda10fe,21.87
12906,2019-08-01T09:06:35Z,164d8280dbb888033f64368dd641bcef597fc327148fcf74374894c5,60.16544,24.95398,0000000038d83d41,12.69
12907,2019-08-01T09:06:35Z,167a52adcdc4d9a7f697ffc5e058fcb79a22a32ba0b8ed45a36311f2,60.17002,24.94407,000000006b087f40,14.89
12908,2019-08-01T09:06:35Z,16e18d478be872d2a9801fa885d08edeb3f5ae1840b38478f9baf535,60.17919,24.95181,000000007b5207b6,20.28
12909,2019-08-01T09:06:35Z,190cdde22bc3e3a41cd0f9da7efb3a917bc09e8034b05ca6064ea8a8,60.17918,24.95141,00000000675d5200,16.1
12910,2019-08-01T09:06:35Z,1a057a74ec50ab7dac4f29547e82a9c7f37192d592a42f63379e1d8f,60.16448,24.97323,0000000053c6c2be,23.56
12911,2019-08-01T09:06:35Z,1b68a6bcf7b740e0c437e0976d4900f31368afcb2c757bba30e0a249,60.16829,24.94214,00000000afef4555,20.28
12912,2019-08-01T09:06:35Z,1cfafdaa3ff1975bcf6f699641431e88775ba2183074d825eeb81dd3,60.149,24.9843,00000000fffb8cf0,11.7
12913,2019-08-01T09:06:35Z,1d70ff49909e1d6fb653ae053aa78084daf385dbbd2ad22b05707309,60.16829,24.94214,00000000afef4555,9.92
12914,2019-08-01T09:06:35Z,1da40c618e0432bb037d08723b65821f6223509e8b4033a4b4190047,60.17065,24.93641,000000000f4919c9,23.56
12915,2019-08-01T09:06:35Z,1dacfb371d75dd4f90f447aac2a00faad98beb4188a6971c19eb2375,60.16629,24.95957,00000000fb7600be,18.79
12916,2019-08-01T09:06:35Z,1dcff36b6f83b08b6ea87c1c1018c542c270299839908ca446dffb39,60.16762,24.95415,000000006b44cce7,11.7
12917,2019-08-01T09:06:35Z,1e3044c19f6913531b6dd4bccb88ad02c1b39192513ccffa05444edb,60.1538,24.95595,0000000038bf9618,20.28
12918,2019-08-01T09:06:35Z,1e3af5697f0a2ae45f261da79e4ba71c868dc4d78008bd1995fe6259,60.16448,24.97323,0000000053c6c2be,18.79
12919,2019-08-01T09:06:35Z,1eadb2c1984aa73c3c2f13eab0a2e793331443c617681e36887f0bcc,60.16629,24.95957,00000000fb7600be,17.4
12920,2019-08-01T09:06:35Z,1ecbc7c6afe89033252e5510cbb893666af2b3bc29f555a3a6287fdb,60.14951,24.92138,0000000006dd41f6,4.94
12921,2019-08-01T09:06:35Z,1f813dc10021899138c12ca17c58ab3dc24db1750dcb1790f9c20e8f,60.15133,24.92329,00000000e8a064a4,18.79
12922,2019-08-01T09:06:35Z,20b37aa6c3ad0dfea9c182498905a450537b0efbbd8563b205e93afd,60.16897,24.95222,00000000aa852af1,9.92
12923,2019-08-01T09:06:35Z,2283762fe3af8329ae65aec44de728da8f383810e9f2a3d3b84fa031,60.16897,24.95222,00000000aa852af1,20.28
12924,2019-08-01T09:06:35Z,22ac1ab1c590ea19b44c61c42f5e8da29a6acbabf56676527811507a,60.15432,24.9211,0000000019fb59c4,21.87
12925,2019-08-01T09:06:35Z,22b68b1dc6e6d815ca8e6afbd434ae0e229670798c443052e7444648,60.16762,24.95415,000000006b44cce7,8.38
12926,2019-08-01T09:06:35Z,25479245e5a8b0fe47e2bd590cdd63256d84afd6c164781dc64e527d,60.149,24.9843,00000000fffb8cf0,14.89
12927,2019-08-01T09:06:35Z,2552cb43d7990bde838673115a742078e343ce93f96257728311655d,60.16897,24.95222,00000000aa852af1,20.28
12928,2019-08-01T09:06:35Z,25d340d14d855b8c18b2c6f2551ec98a1eb047d1fd3457ba881ddf28,60.17919,24.95181,000000007b5207b6,9.92
12929,2019-08-01T09:06:35Z,277fcf3cc917a89b46a34e0cf5164a78f5bcc88d92bb45ded60f1a91,60.17065,24.93641,000000000f4919c9,9.12
12930,2019-08-01T09:06:35Z,27b591b33a56a542440b53031a24f42290b0ec1a194af27700b75a3a,60.17919,24.95181,000000007b5207b6,16.1
12931,2019-08-01T09:06:35Z,2823bf6afde4a5cc05342c15e7417c9590ba52264be5793bb688faab,60.17065,24.93641,000000000f4919c9,21.87
12932,2019-08-01T09:06:35Z,28296ae2b460df2f6807f8a84b81e5ebd24677a05bded29111dc33a4,60.17002,24.94407,000000006b087f40,29.32
12933,2019-08-01T09:06:35Z,28ce50ca84cdcd4c17a36ac666e7ac0267b6ab5b77f4bfb08b2573a1,60.16762,24.95415,000000006b44cce7,4.5
12934,2019-08-01T09:06:35Z,28d50861d92f962c7a49eabaa524431aebf52870e44b79f77d7167c6,60.17919,24.95181,000000007b5207b6,2.54
12935,2019-08-01T09:06:35Z,29ae3c5c3aeac0c607bc816f7e74c232a40142b79a52c43c7b1ed42f,60.16829,24.94214,00000000afef4555,3.4
12936,2019-08-01T09:06:35Z,29b2500334259b9de01e92f8ae8d2695505434b59a61c735651d826c,60.16762,24.95415,000000006b44cce7,29.32
12937,2019-08-01T09:06:35Z,2afa9ac588b2c55e8edf99ee96ecaf63451a7ab1e51571b7e2d1d491,60.16762,24.95415,000000006b44cce7,8.38
12938,2019-08-01T09:06:35Z,2c6810efb2565383ca0a554f3c51f3f7905484357f5e00756dbf091a,60.17919,24.95181,000000007b5207b6,13.75
12939,2019-08-01T09:06:35Z,2f09364857883d78a23aab14ac85e389ce786d0938e13cee655a7dbc,60.16762,24.95415,000000006b44cce7,11.7
12940,2019-08-01T09:06:35Z,2f43b7a683b0d365a46b6259a032813c293472eaedcdbcc3507adee5,60.17919,24.95181,000000007b5207b6,9.92
12941,2019-08-01T09:06:35Z,2f5bd339f1aa466a7eab54348ecb6614ab41fd76d300d0defda67505,60.1538,24.95595,0000000038bf9618,29.32
12942,2019-08-01T09:06:35Z,2f79108a454c0072885ad1447280ed5098d061b229eaae61a8bb67be,60.15432,24.9211,0000000019fb59c4,11.7
12943,2019-08-01T09:06:35Z,2f82b3546af2df53b58cddc668c9aa196554108cdf39120ea40b417c,60.16629,24.95957,00000000fb7600be,7.69
12944,2019-08-01T09:06:35Z,2fb39eae730ec6f291700f841a64aaf680d52a8346399aec6ccb1dbb,60.17065,24.93641,000000000f4919c9,23.56
12945,2019-08-01T09:06:35Z,2ff189e5846383641192cafb595a7a8f77394239ee03aabd1bf3c49f,60.16829,24.94214,00000000afef4555,7.69
12946,2019-08-01T09:06:35Z,31b02b3b271f6feef9e49d9285929ff1c25a11e608fc5d70bc6a1fac,60.16897,24.95222,00000000aa852af1,20.28
12947,2019-08-01T09:06:35Z,32fcb1ab3a9fde533916ca28a0d5b56bbb45fd171dd5bae91f66ec6c,60.16897,24.95222,00000000aa852af1,23.56
12948,2019-08-01T09:06:35Z,33fa4cb82db5b44ffe6e7ae1039635187f90d1df328f8f139da0c693,60.17919,24.95181,000000007b5207b6,5.41
12949,2019-08-01T09:06:35Z,3480c16a6649952c388d8902596e332f018e609b9585f483353ae026,60.17065,24.93641,000000000f4919c9,3.09
12950,2019-08-01T09:06:35Z,34e96c7caa63e7ede8f428b18e8fb556ac235d61a50c9d6ac7ff268f,60.17919,24.95181,000000007b5207b6,6.46
12951,2019-08-01T09:06:35Z,3609f484ad7e56259f60a61aba44f22dfca5c8b2564fce7e802ad342,60.16829,24.94214,00000000afef4555,17.4
12952,2019-08-01T09:06:35Z,367b1989198ef11170dd9fcfa7e6ebb5ceb58aab87c613ee1bb86e8c,60.16531,24.9442,00000000fdda10fe,7.69
12953,2019-08-01T09:06:35Z,3685ee6d322dcb2ad0ae181f66c3c5427d4531d7896d2f5f7571bb6d,60.16762,24.95415,000000006b44cce7,9.92
12954,2019-08-01T09:06:35Z,36fe97cd2ec69118778c771a87593630f8a6a2cb77d9ce72f845cd3c,60.16762,24.95415,000000006b44cce7,4.94
12955,2019-08-01T09:06:35Z,38fb20c6d55b10dd10a39c0fb41ad61297453e25afda81cf32313ae3,60.16531,24.9442,00000000fdda10fe,16.1
12956,2019-08-01T09:06:35Z,39c6456ee66fe96eee3d97cee2a70923cedb3da760bb5d4d413adb9c,60.17919,24.95181,000000007b5207b6,13.75
12957,2019-08-01T09:06:35Z,39e9fa7033887b7ab339887aa68753ff94d4771cda2bb8ff4ea7aa0a,60.17919,24.95181,000000007b5207b6,2.3
12958,2019-08-01T09:06:35Z,3a1afdcf7c2e5a52cdbcbbe29e8281c184037e8720920c6c75bee339,60.15133,24.92329,00000000e8a064a4,7.05
12959,2019-08-01T09:06:35Z,3a38ba36c098f2741d6c5fb5a751fcd074d05d698ac592ca09ab443c,60.16448,24.97323,0000000053c6c2be,25.36
12960,2019-08-01T09:06:35Z,3a97ae4dcab31eb5e15e5d036d286e9764e25bcf0ad8afcfba854c90,60.16762,24.95415,000000006b44cce7,5.41
12961,2019-08-01T09:06:35Z,3be40c84926a525adbd09eeeb3a12b73b24c633942b2e1fbe8151ac3,60.16448,24.97323,0000000053c6c2be,20.28
12962,2019-08-01T09:06:35Z,3d0437a1d090cd3cad05629e69a61c519aa6218e1b7fb47811e5a4ae,60.16762,24.95415,000000006b44cce7,4.5
12963,2019-08-01T09:06:35Z,3e38f81e326b0b05865281c970ada8f17e15292f3591242542bfb73e,60.16531,24.9442,00000000fdda10fe,25.36
12964,2019-08-01T09:06:35Z,3eea43670f4f29a90ced59c1af122371340275fb61ff8f14c7120658,60.16762,24.95415,000000006b44cce7,7.05
12965,2019-08-01T09:06:35Z,40646914186edc6142b7fc3daf766121b55f5bb36ea38facff686ea5,60.16897,24.95222,00000000aa852af1,23.56
12966,2019-08-01T09:06:35Z,41a0ca2955e0ae0324f6e14aeb77ebfaac5305e31d86c42a20277b94,60.15133,24.92329,00000000e8a064a4,29.32
12967,2019-08-01T09:06:35Z,42844e90c7134ebb3ec325f57cd27cd24711c779548ebc8692a820d5,60.14951,24.92138,0000000006dd41f6,3.09
12968,2019-08-01T09:06:35Z,432417b4972b744ded3410777a6bbb583cf56172bf3436ddbe48a21d,60.16762,24.95415,000000006b44cce7,7.05
12969,2019-08-01T09:06:35Z,4393fccdbc9fb22fab14f03ea52183ad558bcd436202e69f56a7b77a,60.16762,24.95415,000000006b44cce7,10.78
12970,2019-08-01T09:06:35Z,44334c68f3991fe858ac066726e0a884236a5d89fe94d917b48e857c,60.16829,24.94214,00000000afef4555,17.4
12971,2019-08-01T09:06:35Z,4470412c4b059a920f2699fbfb72b261e0847b3e1caa8c71d2edd5a2,60.16448,24.97323,0000000053c6c2be,21.87
12972,2019-08-01T09:06:35Z,4642dfa1df839f11e64f68bca4e3dce7bde2ff6dd68c54959fcb4788,60.17918,24.95141,00000000675d5200,12.69
12973,2019-08-01T09:06:35Z,4682d95464cedcc021f38271a51bab9c000762b4acf802070e259ba2,60.16629,24.95957,00000000fb7600be,13.75
12974,2019-08-01T09:06:35Z,47bd1492244c444d45674eb48dd2e6f222cb109d820ba807c4e18c1a,60.16629,24.95957,00000000fb7600be,12.69
12975,2019-08-01T09:06:35Z,48004849b2f48b2314aa9175433d754db1641b949bb8cf050e2dd128,60.17918,24.95141,00000000675d5200,9.92
12976,2019-08-01T09:06:35Z,484bbaa5a9d6bdd2259f022b6ea4e3c290985c13a1286bd7142d878f,60.16762,24.95415,000000006b44cce7,10.78
12977,2019-08-01T09:06:35Z,48c0ea6615ac4c02fc9bc0e06f9ea9309f9bf7e73b4324d7a6b14610,60.16829,24.94214,00000000afef4555,16.1
12978,2019-08-01T09:06:35Z,49bbad87e4d6cd03bdb073bde7be91193d74d29943badce7fc536916,60.16448,24.97323,0000000053c6c2be,4.94
12979,2019-08-01T09:06:35Z,49df780a7f20a99ad2810fa4bbb46b5fac9bc5cbe3fc800cd572f63a,60.14947,24.91438,000000004ef3150d,14.89
12980,2019-08-01T09:06:35Z,4ade4f0d92c6157a42d7fd8e353d1c93551324ba47cc134b840a6c63,60.16897,24.95222,00000000aa852af1,4.94
12981,2019-08-01T09:06:35Z,4afcc27c652d3d50a44d060f84e33dd4b17529d982928dae936cf10f,60.16448,24.97323,0000000053c6c2be,29.32
12982,2019-08-01T09:06:35Z,4ba529eeafb27285cbbade6e5ece0d4d04bd2d13c98b27a5d17abd22,60.16897,24.95222,00000000aa852af1,4.94
12983,2019-08-01T09:06:35Z,4ce9d10364ef7149fc7632a4fa56ef2855367d1b5c748aa5f7dd5224,60.16762,24.95415,000000006b44cce7,14.89
12984,2019-08-01T09:06:35Z,4e262a07e1ea47350f808684444d1d8b3f223288fb219cca9f12af23,60.1538,24.95595,0000000038bf9618,27.28
12985,2019-08-01T09:06:35Z,4f609afde0ba5cb017ba3c549bdd11ff322a2e0227a0f11a9d112220,60.16762,24.95415,000000006b44cce7,8.38
12986,2019-08-01T09:06:35Z,4f9125edf503fe3cb0ba1e1221fe6a67aafd99fcd89fd92d2bf20e97,60.16897,24.95222,00000000aa852af1,21.87
12987,2019-08-01T09:06:35Z,4f93c5c493e876fd65b50774e1c92d808bcddb72337905c0c6bb385b,60.16829,24.94214,00000000afef4555,21.87
12988,2019-08-01T09:06:35Z,4fb4a3650a2a28469dde9c537458d24411aa6075666e047dd756fba9,60.17919,24.95181,000000007b5207b6,9.92
12989,2019-08-01T09:06:35Z,5001aabb6808b9fd96b705d1ebe8e7aca52713c2640100d81879dd86,60.17919,24.95181,000000007b5207b6,3.4
12990,2019-08-01T09:06:35Z,5022acdb28a01d1a0b2077fc89c77bde277b7dd4f079b4fea30f75b9,60.16629,24.95957,00000000fb7600be,14.89
12991,2019-08-01T09:06:35Z,504f910a0bd104a130b85d0c50467a15e74dc950bcc9eac3ebecc43e,60.16531,24.9442,00000000fdda10fe,17.4
12992,2019-08-01T09:06:35Z,5143af775374504a931805df3b7bc0712b2401f6a3ea2c49fd69cf6f,60.16829,24.94214,00000000afef4555,17.4
12993,2019-08-01T09:06:35Z,529623421e226c215bcca0b1388813e291d3d13ed1d8465f0ab69147,60.16629,24.95957,00000000fb7600be,9.92
12994,2019-08-01T09:06:35Z,5372348389197e6c4bc4c5e3dab047e7384d562220e6295904bbda1b,60.17065,24.93641,000000000f4919c9,6.46
12995,2019-08-01T09:06:35Z,54b89ed12e25892c9160e029a0379d61425b88db1aa30b06f9ea2d8b,60.17002,24.94407,000000006b087f40,18.79
12996,2019-08-01T09:06:35Z,54bd709173219e8017f317b63ecc83d0a48f64542e6fa1b83c86a56c,60.17919,24.95181,000000007b5207b6,23.56
12997,2019-08-01T09:06:35Z,556cae6b2e2dec6fe691a835e8e08bd016b1a65797c0aca46879329f,60.17919,24.95181,000000007b5207b6,11.7
12998,2019-08-01T09:06:35Z,559429bba23762a872fc7b1e2219d42125ab101e4355d43fdb94ed7b,60.17919,24.95181,000000007b5207b6,8.38
12999,2019-08-01T09:06:35Z,559e6a5225ce35ab844c63ea0d0c1695dc490a3d9cfbafa5d35ac8d8,60.14947,24.91438,000000004ef3150d,9.92
13000,2019-08-01T09:06:35Z,560816066eb4d44c34d0d56c57c994c0cccbd36fef545059b8e4d9d7,60.14947,24.91438,000000004ef3150d,11.7
13001,2019-08-01T09:06:35Z,57c17edc71bbce06ad692952a1e05eaa77181884e580c0848f3a23fc,60.14951,24.92138,0000000006dd41f6,21.87
13002,2019-08-01T09:06:35Z,5865a27b5b56a60bca38e4a1403655e3e7fd0232a3ff2079965aff81,60.15432,24.9211,0000000019fb59c4,8.38
13003,2019-08-01T09:06:35Z,5978726eeef638856dafd3a8d199287f8daf9e90ddde750b402f8bb0,60.17065,24.93641,000000000f4919c9,4.11
13004,2019-08-01T09:06:35Z,5a34b02faac3189217466888ef1d31cc80f721ac2f18638c5db88d53,60.14947,24.91438,000000004ef3150d,10.78
13005,2019-08-01T09:06:35Z,5a857d46d2710076dd9ff377dc9ae0c17e4db2a46db79f1e8d158cfa,60.16829,24.94214,00000000afef4555,17.4
13006,2019-08-01T09:06:35Z,5a8d671a78b976d212d9746d88b9a754a2d9c8341c529e88b7c6b8f4,60.17065,24.93641,000000000f4919c9,29.32
13007,2019-08-01T09:06:35Z,5b06617477af6dcee75a94ac347364b50f6f3b5b7d747e5413d9ad58,60.14947,24.91438,000000004ef3150d,16.1
13008,2019-08-01T09:06:35Z,5c1f71098d5d7258d2971061c791c94e0138c8e02225c5f60d6a0428,60.149,24.9843,00000000fffb8cf0,27.28
13009,2019-08-01T09:06:35Z,5daa76852f3e1be6c75fa2185d5787ab9010cf83d6671515769a8649,60.16531,24.9442,00000000fdda10fe,14.89
13010,2019-08-01T09:06:35Z,5e2c5c20c88ccf362ed8749d1ddc041b1cb1c38d8dbeac7870179322,60.16629,24.95957,00000000fb7600be,3.09
13011,2019-08-01T09:06:35Z,5fe0284ec0eb11405b1a7060df33e93f8a659e348c4e7a21b3559267,60.16762,24.95415,000000006b44cce7,27.28
13012,2019-08-01T09:06:35Z,6072bfb496e2b8a999c9edbda5b76fbc0e783ff2a439c4e6c881fabf,60.16829,24.94214,00000000afef4555,13.75
13013,2019-08-01T09:06:35Z,619c5b31af2a28703a837cc7974ef0d2c5bb6584ba0fcc03076218ac,60.17002,24.94407,000000006b087f40,11.7
13014,2019-08-01T09:06:35Z,626bf35ce16dba1054cfd175d09475d3ee751bf70e56f984ff5c7ab6,60.15133,24.92329,00000000e8a064a4,21.87
13015,2019-08-01T09:06:35Z,63772dde2b965499d69051c0e72aa8a027619a55f9a6d6043886bedd,60.16762,24.95415,000000006b44cce7,14.89
13016,2019-08-01T09:06:35Z,63ff2439779051005c18876d20ed53ce060c1de9d7976821bd518fc6,60.15432,24.9211,0000000019fb59c4,9.92
13017,2019-08-01T09:06:35Z,65b6b62b547e11e10f7f83ad497446bee2bb9653097d9d62e9b1b817,60.17065,24.93641,000000000f4919c9,16.1
13018,2019-08-01T09:06:35Z,674355e17da9460e58566497be518f2eb537880c67c788fedb5067db,60.16629,24.95957,00000000fb7600be,8.38
13019,2019-08-01T09:06:35Z,67cf7d2881080aa59ed36a6d88ea1946d17e9d1d5e1ad9eee1851969,60.18203,24.91341,00000000342570c2,12.69
13020,2019-08-01T09:06:35Z,685af6b01bd180194d718801bb8b9c9de22050cc392d6c6441fe986b,60.18203,24.91341,00000000342570c2,8.38
13021,2019-08-01T09:06:35Z,68d7ad8fab31b3c5967a814376d0ddc6cf42e1db0d9e09dfbba169bd,60.16762,24.95415,000000006b44cce7,23.56
13022,2019-08-01T09:06:35Z,69e2854c78a472b462941ef730aa9fa7a9dba9c1cc22996396d4c78a,60.17919,24.95181,000000007b5207b6,16.1
13023,2019-08-01T09:06:35Z,6adce4d05e58232a97635a2fd7918e4e49d9295afc0989d727f9c712,60.17002,24.94407,000000006b087f40,7.05
13024,2019-08-01T09:06:35Z,6dca84ddf4be668487766d17c5d13961ed713d24032f709ae87a497f,60.16829,24.94214,00000000afef4555,8.38
13025,2019-08-01T09:06:35Z,6dd5463e670c352180c1e912300e21e59f5e2976266df8c3c92b0baf,60.16829,24.94214,00000000afef4555,9.92
13026,2019-08-01T09:06:35Z,6f616e6334d0ed70e5ea15408a51e9daf643369911d94d76830a7d65,60.16544,24.95398,0000000038d83d41,36.27
13027,2019-08-01T09:06:35Z,6fe2cf6737d40d71251dac8ebef5356a2b765621e97a346c00a6031c,60.15432,24.9211,0000000019fb59c4,3.74
13028,2019-08-01T09:06:35Z,7003a7f6a5523b645634f014e04bea36016953a8af9324e35602bc2e,60.14947,24.91438,000000004ef3150d,18.79
13029,2019-08-01T09:06:35Z,701dc50417b28dba15ad9ff809844f1766b6579389a2e5ebb0562635,60.16629,24.95957,00000000fb7600be,25.36
13030,2019-08-01T09:06:35Z,704c3f3075f13713c363014fa828e4a932e7a05676813b9963a1e554,60.17919,24.95181,000000007b5207b6,2.08
13031,2019-08-01T09:06:35Z,70d391038ec56b63a3737605c2c1db6ffbdca8e4490691776dc993f1,60.16829,24.94214,00000000afef4555,1.12
13032,2019-08-01T09:06:35Z,72439a1f997fd347d46394f31f5789edc877fe61ca34fcd31f9150b1,60.18203,24.91341,00000000342570c2,25.36
13033,2019-08-01T09:06:35Z,728325161f4ed691db3460f87a25ed4713580e50a53fd36dd265957f,60.16531,24.9442,00000000fdda10fe,13.75
13034,2019-08-01T09:06:35Z,72f088587da3409c5a4bec360a52a230a7551c3671441baaaabc6357,60.16829,24.94214,00000000afef4555,12.69
13035,2019-08-01T09:06:35Z,750297d0d8ff0ca837d9c2289c26302d62f38708617150431ab14509,60.16531,24.9442,00000000fdda10fe,16.1
13036,2019-08-01T09:06:35Z,7563b91d728fe470bc4d89aa18128a87b92c747336dd2c70cfbf9e84,60.1538,24.95595,0000000038bf9618,27.28
13037,2019-08-01T09:06:35Z,76ef1048176afbfc84022d38450e09d0aea6a7fec1abc3722756dfb8,60.14951,24.92138,0000000006dd41f6,29.32
13038,2019-08-01T09:06:35Z,774131d73accbbb31ec3c43c3501b7969645eb65df1839ca8116526e,60.15432,24.9211,0000000019fb59c4,2.54
13039,2019-08-01T09:06:35Z,7803e2d46157a5482e745447d4c2c332fbd818d87a20b0f6187c628d,60.17065,24.93641,000000000f4919c9,18.79
13040,2019-08-01T09:06:35Z,7a6e7ba82e6b0c07f13302099a2ffb55e08a56850ee8c1c6c1bd65d3,60.17065,24.93641,000000000f4919c9,21.87
13041,2019-08-01T09:06:35Z,7c1534082e86ff4387878d813207626d8f728aa26b97248e00a3b8d7,60.16629,24.95957,00000000fb7600be,13.75
13042,2019-08-01T09:06:35Z,7cd51189de07d01882cf0a9346f0830a9b21764875334d45e143fbd5,60.17002,24.94407,000000006b087f40,13.75
13043,2019-08-01T09:06:35Z,7d415f4fd9093fb383b4ebb88961ad74e6a00d3ece39504712dad639,60.17919,24.95181,000000007b5207b6,17.4
13044,2019-08-01T09:06:35Z,7e2e3d07c939e3e76e7ce87678faf64e056afe54215e00488839100f,60.14947,24.91438,000000004ef3150d,20.28
13045,2019-08-01T09:06:35Z,7eb4a715919b3eb4085270535ce4d7b57112591ad7242eb189bf652a,60.17065,24.93641,000000000f4919c9,29.32
13046,2019-08-01T09:06:35Z,7f534fc0885ddf5a5c3814e4232de3356affd42f6c3560055079dc1c,60.16829,24.94214,00000000afef4555,17.4
13047,2019-08-01T09:06:35Z,7f59aaecea1eee6c703ec5d46d67b44289ddedf080defee495b73739,60.14947,24.91438,000000004ef3150d,6.46
13048,2019-08-01T09:06:35Z,7faf8705e89a761625aaed50b89538581e25d5950ec8f051d36ed829,60.14947,24.91438,000000004ef3150d,9.12
13049,2019-08-01T09:06:35Z,809bf2d7a0745ae512b934a578fd5fd47c13c5398b6d06ad350b9e7c,60.14947,24.91438,000000004ef3150d,18.79
13050,2019-08-01T09:06:35Z,814fca075a588ae71c130bafc9384a1c17e7bd8168994ae6fca55205,60.16829,24.94214,00000000afef4555,14.89
13051,2019-08-01T09:06:35Z,8165c5f8d06298ffd56f071c0ad1cc9f1d4f08084936937d712d0b61,60.15133,24.92329,00000000e8a064a4,25.36
13052,2019-08-01T09:06:35Z,828afe5ee1f94b9afbfd61b9673b7c8b21457d11dafb1d2ad98dbd23,60.149,24.9843,00000000fffb8cf0,25.36
13053,2019-08-01T09:06:35Z,82b78c2220aee81a2744ddfaf7ed29663888987dba6b7cdda05731d9,60.14947,24.91438,000000004ef3150d,21.87
13054,2019-08-01T09:06:35Z,82bab0a1bfd11576cf62159546b756e1da44125c76909e270ced391b,60.16897,24.95222,00000000aa852af1,13.75
13055,2019-08-01T09:06:35Z,85bdce5b262dbd94adcff03e6cad26a1152828b6ab27e6fdd56b2b13,60.16762,24.95415,000000006b44cce7,7.05
13056,2019-08-01T09:06:35Z,86e7584bf95733cef59d74bb4955881e99dc86b73a0d5b4e3ef58b50,60.18203,24.91341,00000000342570c2,41.64
13057,2019-08-01T09:06:35Z,880f9cbb91b9caf48ea9c5dd1a0c8e1db72922b6dfcb647b102fc469,60.16629,24.95957,00000000fb7600be,3.74
13058,2019-08-01T09:06:35Z,882b4e8c11d5289859a9b04eee03db7d8d641b175ed0315b25d4ed76,60.16531,24.9442,00000000fdda10fe,25.36
13059,2019-08-01T09:06:35Z,88c2bc6310f27465b9f08b28fb52075d7703ce7b097e5beb37c7437c,60.14947,24.91438,000000004ef3150d,12.69
13060,2019-08-01T09:06:35Z,898cde3317c73907bb23b1b885828c4bf3187c3a757a18dc32abe970,60.16762,24.95415,000000006b44cce7,7.69
13061,2019-08-01T09:06:35Z,8996f41485515f4fe2b7f60962df36a3421c9a14cdb3f381b1ce7052,60.16829,24.94214,00000000afef4555,23.56
13062,2019-08-01T09:06:35Z,89aeff56a0700534bbf2dfd19fc298f5a890c95e1a45b6ca7ad3c33a,60.16829,24.94214,00000000afef4555,10.78
13063,2019-08-01T09:06:35Z,8a01e28fd327e5c56dcf2dc8b2b7762a96d77584c21990a073ceb11f,60.16829,24.94214,00000000afef4555,16.1
13064,2019-08-01T09:06:35Z,8a70673a694137689441a8a18cff0044d959d5d1991c92c7b5fb8f0c,60.16829,24.94214,00000000afef4555,21.87
13065,2019-08-01T09:06:35Z,8c2c35fb6ebc0f07014a3291523f291bea82160dee13d091314cde65,60.16762,24.95415,000000006b44cce7,5.91
13066,2019-08-01T09:06:35Z,8c571538c285dba9d77edacfb1829b282d54b772b62209c6e4004237,60.17919,24.95181,000000007b5207b6,7.69
13067,2019-08-01T09:06:35Z,8d5e893f77b3d167ebefad4ecab181fea08513599a6f9450f0b9a827,60.17919,24.95181,000000007b5207b6,20.28
13068,2019-08-01T09:06:35Z,8e20d0d67339e3cf43e77c3a340d9dc6766de8d079197a08a1343ff0,60.17065,24.93641,000000000f4919c9,23.56
13069,2019-08-01T09:06:35Z,8e6caf283696ed75a4aff0c3f528dad5878f6f4b82cbd3eae1164484,60.16897,24.95222,00000000aa852af1,14.89
13070,2019-08-01T09:06:35Z,90a44cbd1a957cc59a6986cff9b6b7b8e151d379e17da645069428b8,60.173,24.92524,0000000096918cfa,18.79
13071,2019-08-01T09:06:35Z,90e21430874f84b949ab67b7487f5f566f99768f7f999a356bce1279,60.17002,24.94407,000000006b087f40,23.56
13072,2019-08-01T09:06:35Z,939c459d913b0b38838071a0d13671e83e4a751f44624b21e84daa69,60.16762,24.95415,000000006b44cce7,13.75
13073,2019-08-01T09:06:35Z,941ae9ee7e3b81b7cee350c534d24d49294910aaccfec7cf9a38fb2d,60.16629,24.95957,00000000fb7600be,27.28
13074,2019-08-01T09:06:35Z,941e13893853105c86bfbc6d31d62274937602143ce3bb530c8c17ed,60.17919,24.95181,000000007b5207b6,4.11
13075,2019-08-01T09:06:35Z,9609babe3114439a82f93f797f4a6e779b6bab625488b8ff5b63e674,60.16829,24.94214,00000000afef4555,18.79
13076,2019-08-01T09:06:35Z,9998e64e3b5162fd8890fc4e2dfe41a3e875f08500f1cef0c4820855,60.16829,24.94214,00000000afef4555,21.87
13077,2019-08-01T09:06:35Z,99a026b5100e23129fa529e9a57a3dbc8490dc03b58f2193f03e2dcf,60.14951,24.92138,0000000006dd41f6,6.46
13078,2019-08-01T09:06:35Z,99f242a3c3e8ef2df75069f2ee802ecf75bc01317cde7e909ac73f66,60.16531,24.9442,00000000fdda10fe,17.4
13079,2019-08-01T09:06:35Z,9abbc86fb0fc1c0532042814af76a97e6a17121831d4394749a290a6,60.16762,24.95415,000000006b44cce7,8.38
13080,2019-08-01T09:06:35Z,9b3e6848d8b34e802134d6da0e5a594897ec3fafbbf08b6d0b84068e,60.17919,24.95181,000000007b5207b6,10.78
13081,2019-08-01T09:06:35Z,9bc129708b07f3c5bbf4195e83f0e5b9a663b6f371f416a8e3a605f0,60.16897,24.95222,00000000aa852af1,29.32
13082,2019-08-01T09:06:35Z,9bdb503344071eddd74d821f537246d8a6c19468b05d38d0170377f9,60.16897,24.95222,00000000aa852af1,13.75
13083,2019-08-01T09:06:35Z,9bef8b28ea93ecaee57d05b037edbfe7f80014aaf56343345fedd7be,60.17919,24.95181,000000007b5207b6,4.11
13084,2019-08-01T09:06:35Z,9dfecc3e26cb27e4b80721e355ef0d6cb182ac2eebf66b006e2d9f8e,60.149,24.9843,00000000fffb8cf0,21.87
13085,2019-08-01T09:06:35Z,9fe150ec915809e658e73e8d7076541dd0ae11c3374241f41adbb90b,60.16629,24.95957,00000000fb7600be,18.79
13086,2019-08-01T09:06:35Z,a04214b56cac7d70680703ee6a28fac742f3c3190b55b46a79c1f76d,60.149,24.9843,00000000fffb8cf0,14.89
13087,2019-08-01T09:06:35Z,a09607edc17117a3069b79434e751f93a2a00d0d6f9aceb043e32074,60.16762,24.95415,000000006b44cce7,17.4
13088,2019-08-01T09:06:35Z,a2333053951d093ef490bcc3b9455fa0ed512421b5b597602785ab28,60.16531,24.9442,00000000fdda10fe,18.79
13089,2019-08-01T09:06:35Z,a2e761fd97d8bdf78601300822b531e306b9ab7a1a43b6bfb07eba52,60.14947,24.91438,000000004ef3150d,11.7
13090,2019-08-01T09:06:35Z,a38c11c450b472b9dad2f076e2d9a63651292d3de806331d06af7f46,60.16531,24.9442,00000000fdda10fe,14.89
13091,2019-08-01T09:06:35Z,a3d8a00bf4a5d0ad6ea50d5408dff462b3190192fa4d3f8690d23219,60.14699,24.922,00000000a53ed894,23.56
13092,2019-08-01T09:06:35Z,a403dc1eebc5d130e12a4c3e4298737c9e00b25b1b6b2cc36a6979c9,60.16629,24.95957,00000000fb7600be,14.89
13093,2019-08-01T09:06:35Z,a47e8613674297dc49b26801b19d2110d009aaee57412f2127f3b093,60.16897,24.95222,00000000aa852af1,12.69
13094,2019-08-01T09:06:35Z,a4b9f871dcc986c95f1e84fe203bb392ba0fe13164d89119bda2c94a,60.16762,24.95415,000000006b44cce7,4.11
13095,2019-08-01T09:06:35Z,a61a6156cbe24f1f3fc8708456044502186478f34ecccb0620788ac3,60.16762,24.95415,000000006b44cce7,18.79
13096,2019-08-01T09:06:35Z,a66eb6150c36b53f6240acfe16dd98ceb16c43b8e02d0b56993bac73,60.16897,24.95222,00000000aa852af1,20.28
13097,2019-08-01T09:06:35Z,a6d010615b0732a971c180467cd17865327688c7e6c60628c3d452d3,60.16762,24.95415,000000006b44cce7,21.87
13098,2019-08-01T09:06:35Z,a6d0dd9de406b1201a4e438ec7c5f4a467f38c41e2dec42ff6c71d50,60.16897,24.95222,00000000aa852af1,9.92
13099,2019-08-01T09:06:35Z,a786eb3b8a25c58099a428799e99d0b86401f803ee38d3e5d20e59d3,60.15432,24.9211,0000000019fb59c4,20.28
13100,2019-08-01T09:06:35Z,a808962cb511e5ed2d23e6e33efe252b1be29dc1d2f7c6154817f04f,60.16448,24.97323,0000000053c6c2be,18.79
13101,2019-08-01T09:06:35Z,a83415babca8eac00f69a32371a230fdadda29bf40fd69f75cf2e8fb,60.17919,24.95181,000000007b5207b6,11.7
13102,2019-08-01T09:06:35Z,a83703c80a4d58db87327a53b0d3664d23edf7350ff6b0afaa49c530,60.16629,24.95957,00000000fb7600be,13.75
13103,2019-08-01T09:06:35Z,a837f2314938b1510f3b4cc5900d5d67bc7212d234d9fed1c64f3861,60.16762,24.95415,000000006b44cce7,13.75
13104,2019-08-01T09:06:35Z,a8a4e32d99eee174bb3145405320d1737e82dbd26dfdf096bc09ff37,60.16762,24.95415,000000006b44cce7,18.79
13105,2019-08-01T09:06:35Z,a8ca7fb815e707c04434a085c4f99e783d56372143afc92225eae622,60.15133,24.92329,00000000e8a064a4,6.46
13106,2019-08-01T09:06:35Z,a982f65ed2c57aff3f744dba9f5e9ca929c81c14883516889898f207,60.16762,24.95415,000000006b44cce7,12.69
13107,2019-08-01T09:06:35Z,a9ee2aabbd32919adf0325ca2f2c5f8e0ba801bc168e8756cda957da,60.16629,24.95957,00000000fb7600be,16.1
13108,2019-08-01T09:06:35Z,aa05a7036c3586a79d23f426b78bf158357208bc82d7ddf9a1326dd2,60.16531,24.9442,00000000fdda10fe,14.89
13109,2019-08-01T09:06:35Z,aa5281244780ac8f283c3452639d477cd76e31fc6f0b95b99c51a9b0,60.16762,24.95415,000000006b44cce7,2.3
13110,2019-08-01T09:06:35Z,ab615ee5bbf567aee3505fbb360d09fc6b851f93fb15aef778b57128,60.16531,24.9442,00000000fdda10fe,10.78
13111,2019-08-01T09:06:35Z,abf0be93e7a8aec9fa8284fdbcc2493f32084aa95f15660b23e149c6,60.16629,24.95957,00000000fb7600be,16.1
13112,2019-08-01T09:06:35Z,ad22512fd6a5ad9e19fdfad7e02b2793ecb01875be243f894c637ae2,60.16829,24.94214,00000000afef4555,0.34
13113,2019-08-01T09:06:35Z,af67ffa8b538058603b74f48e04ab914e8f6cd450f53c47f8c3d683d,60.15432,24.9211,0000000019fb59c4,12.69
13114,2019-08-01T09:06:35Z,afaed9946dbc1509500c6f80f87eed8fe44a74ba3e14328c6efe3971,60.16829,24.94214,00000000afef4555,16.1
13115,2019-08-01T09:06:35Z,afcc3720f8c98df4f2a9a98a4b24385ec6de691881944678a5142c2d,60.15133,24.92329,00000000e8a064a4,29.32
13116,2019-08-01T09:06:35Z,b09e9bb62cc49c085c1aee3b752af1bec69dabc939323e5733f73933,60.17065,24.93641,000000000f4919c9,20.28
13117,2019-08-01T09:06:35Z,b25339bfcf356e1460eec7d6494ab8fa8fe2ee363afb6496ab1a1fb9,60.16829,24.94214,00000000afef4555,9.92
13118,2019-08-01T09:06:35Z,b28757d67868f9471f0d997a935e857fd0ff1095449820929597563b,60.16762,24.95415,000000006b44cce7,8.38
13119,2019-08-01T09:06:35Z,b2fb1122e95099adfb79fb9d06f717d0210c5214a7796b4ddd557040,60.16829,24.94214,00000000afef4555,29.32
13120,2019-08-01T09:06:35Z,b32e57a6f5865a23d7a0e9fa346d5ec4e975f99c4df815fe8b1449b2,60.17919,24.95181,000000007b5207b6,9.12
13121,2019-08-01T09:06:35Z,b3d94dfd4a1393ebe6b450d53a8c1c172707ab9ae1ab42b50b5b31df,60.16829,24.94214,00000000afef4555,16.1
13122,2019-08-01T09:06:35Z,b474e34db18d21635ec9ea2654513e6759c326f3aaec96c25f9a204e,60.16897,24.95222,00000000aa852af1,10.78
13123,2019-08-01T09:06:35Z,b50a45ac0708e7b5cca42f3458430eb22ff70a81c575bafe99ffda23,60.17002,24.94407,000000006b087f40,4.5
13124,2019-08-01T09:06:35Z,b5603e758440226e490d1d7d7271a7b0d5c261eccbad198f81110136,60.15432,24.9211,0000000019fb59c4,3.74
13125,2019-08-01T09:06:35Z,b69604356a52f2b1b9c5de09a350f42d87f5b969e3e824d8b6b2368f,60.16829,24.94214,00000000afef4555,27.28
13126,2019-08-01T09:06:35Z,b6c43126ca83e916a68e57d0178060c24fc61305836b6c8f188f7285,60.17919,24.95181,000000007b5207b6,23.56
13127,2019-08-01T09:06:35Z,b7c3b37b32d534f6824ac8d99b4c79d0cb915cab104fdb745550ea22,60.16762,24.95415,000000006b44cce7,11.7
13128,2019-08-01T09:06:35Z,b8fb70225ee0a2d655e2809da07a2f8cd2feb7295aa256f8b35fcf1e,60.16629,24.95957,00000000fb7600be,5.41
13129,2019-08-01T09:06:35Z,bc6d5082ca52e6dae7a1689a835434f3f6341e90afea565480eb9674,60.16829,24.94214,00000000afef4555,18.79
13130,2019-08-01T09:06:35Z,bc82f76c979de19b559e9e3aa0cd6cbf5ac361e2d7b1ac9f81fe2f4f,60.17919,24.95181,000000007b5207b6,7.05
13131,2019-08-01T09:06:35Z,bd17e41f002acd238070518ccfb611a42561023ceaefde667bf6fa55,60.17002,24.94407,000000006b087f40,12.69
13132,2019-08-01T09:06:35Z,be12d6aaccf354197284a8c92b960bd6a4e1705f7d948823e7891fde,60.16762,24.95415,000000006b44cce7,2.08
13133,2019-08-01T09:06:35Z,bee144e090a471427ec7878609f2446cb79f4c8d7e3c3bf0f67cf8d2,60.16762,24.95415,000000006b44cce7,13.75
13134,2019-08-01T09:06:35Z,bf546b1abc8eba5c7f399f527508a7304dea62586aa297896d71ea5c,60.18203,24.91341,00000000342570c2,31.5
13135,2019-08-01T09:06:35Z,c15ca5682079316240c71f5524ecd6dc66eef915004debe342627daa,60.18203,24.91341,00000000342570c2,31.5
13136,2019-08-01T09:06:35Z,c15da9ed244b57a27a083919c67d0edde078a31b18cb58f13581f173,60.1538,24.95595,0000000038bf9618,9.92
13137,2019-08-01T09:06:35Z,c1674c59c49d5bf74e6808239a91d18a04e47697d298bc61a7618af2,60.16448,24.97323,0000000053c6c2be,12.69
13138,2019-08-01T09:06:35Z,c1bf1bf699e9bc78ca15c9490d1ef02e3323f0c2c76bf0fca7955a69,60.14947,24.91438,000000004ef3150d,18.79
13139,2019-08-01T09:06:35Z,c36568f7893e68ba3e3ca3169783c9e29a8a5f8cee16c1928c903ebc,60.16829,24.94214,00000000afef4555,23.56
13140,2019-08-01T09:06:35Z,c434f18b802a764aad7a2dfb46e93546acb1b0975cf9b93fd47363f6,60.15432,24.9211,0000000019fb59c4,7.05
13141,2019-08-01T09:06:35Z,c4c936ac80b0ae54c0c8423657bd882256a046f8cc9416db5a725204,60.15432,24.9211,0000000019fb59c4,27.28
13142,2019-08-01T09:06:35Z,c51beff15d228f2dab9416cadfcc60fe269ce3d9202a9cf2ec7e7647,60.16829,24.94214,00000000afef4555,18.79
13143,2019-08-01T09:06:35Z,c5375afd0fcf3a55b5ea619aa6fdefc1cae7382d7c5ac9269aba9dee,60.16829,24.94214,00000000afef4555,25.36
13144,2019-08-01T09:06:35Z,c65c11ee6e8b5894ead3ea9b007a39127edb65a67be253aca6f78ed0,60.16448,24.97323,0000000053c6c2be,23.56
13145,2019-08-01T09:06:35Z,c872af9997af535c4615ee0b4194c7c8d644b7962afb3ca321eb386f,60.15133,24.92329,00000000e8a064a4,27.28
13146,2019-08-01T09:06:35Z,c8aef405537103b9d31a7e2dda43949f5844b9a36494f8defaf0d803,60.17002,24.94407,000000006b087f40,29.32
13147,2019-08-01T09:06:35Z,c8be2c26d4f0c9d399f32e84d95487a2644ffcb62681165be3d36a02,60.16762,24.95415,000000006b44cce7,13.75
13148,2019-08-01T09:06:35Z,c98bce1cc275ed0a1b833011f8cd251ac848fdc84501fe87eb8b5d54,60.17918,24.95141,00000000675d5200,21.87
13149,2019-08-01T09:06:35Z,c9a8056db9219e3b8d153b1063e67e81b23ffcb104c6cc03b4c7bbe2,60.15133,24.92329,00000000e8a064a4,38.87
13150,2019-08-01T09:06:35Z,ca7719c7cd8d4496b666f608fc07ba9930e362a0b2d96890b0778618,60.16629,24.95957,00000000fb7600be,9.12
13151,2019-08-01T09:06:35Z,cccf3ba2a9d11b9330c18af8064a20aca9995473495bf119162a1619,60.16897,24.95222,00000000aa852af1,10.78
13152,2019-08-01T09:06:35Z,cd24d4831d3c3e8dad5e555b47528aa6b11e307b2882be4f65dd4076,60.17002,24.94407,000000006b087f40,25.36
13153,2019-08-01T09:06:35Z,cf061f5093c857b2efc346d3ad51fd17cca7eb360060ba7875630cf5,60.16897,24.95222,00000000aa852af1,9.12
13154,2019-08-01T09:06:35Z,cf9455daa4877b79636eca3ae57056b08dfc0b42f107cedb6f5a3f16,60.16829,24.94214,00000000afef4555,8.38
13155,2019-08-01T09:06:35Z,d01ab2b99ca2d6e373c630bc0666c220aa0753785f57eba65dfab024,60.16544,24.95398,0000000038d83d41,44.58
13156,2019-08-01T09:06:35Z,d062562fed5ad0a61560e267310beb0b717d2a1e2a11d1d575507861,60.16897,24.95222,00000000aa852af1,14.89
13157,2019-08-01T09:06:35Z,d0ae4fabf429edbfdad59f8183cc6e5929f68633315448c9b83d4c16,60.16762,24.95415,000000006b44cce7,11.7
13158,2019-08-01T09:06:35Z,d16e16def718519430296afa23976c226aaf720722bce3d92a2aad43,60.14947,24.91438,000000004ef3150d,11.7
13159,2019-08-01T09:06:35Z,d29a5ebd00326d5dedb6c60cab75fd238bdaa9d7f703f6b5974edbc7,60.16762,24.95415,000000006b44cce7,6.46
13160,2019-08-01T09:06:35Z,d31d6921eee92503b486a1b30f5330581c4744a82e6549f375544846,60.17919,24.95181,000000007b5207b6,14.89
13161,2019-08-01T09:06:35Z,d46eba1dcdfdf95ab54f2b280201efc7e0a8644764496af99a3b64e7,60.16762,24.95415,000000006b44cce7,17.4
13162,2019-08-01T09:06:35Z,d4b7d574f4fc12b53150c81695a799ad8a8881b332381309ba39b489,60.16829,24.94214,00000000afef4555,25.36
13163,2019-08-01T09:06:35Z,d562afdedae521be241c98441e436608a323fdb944dedc24c835e762,60.17065,24.93641,000000000f4919c9,4.11
13164,2019-08-01T09:06:35Z,d653ef8368d33df4fc7edeb5a381d5826be1471f1470aa9744d47901,60.173,24.92524,0000000096918cfa,3.4
13165,2019-08-01T09:06:35Z,d65b8625c1f24304ff0e3c4a4dce7aa5d434d36be87be41834a49420,60.16531,24.9442,00000000fdda10fe,7.05
13166,2019-08-01T09:06:35Z,d6e217c6592e449e2390b1a874e08cbc9126116901dbdbf84501c6b8,60.17065,24.93641,000000000f4919c9,9.12
13167,2019-08-01T09:06:35Z,d74ea3c9e0aaa523c791aa01f4f9a7c1c43f01f585dc4146b19edf83,60.17919,24.95181,000000007b5207b6,12.69
13168,2019-08-01T09:06:35Z,d7734ef0345fcffc0f4bd7579275af62987490aba012209832e92059,60.16629,24.95957,00000000fb7600be,13.75
13169,2019-08-01T09:06:35Z,d8778698d75313bf43f7255696e14eda9502d5d7a6e7315071181cc8,60.16629,24.95957,00000000fb7600be,21.87
13170,2019-08-01T09:06:35Z,d87c4d5dc2cd620de54fdd076d4f9b35245053d65b644d9e01f558b5,60.16762,24.95415,000000006b44cce7,10.78
13171,2019-08-01T09:06:35Z,d983db67d9cd171123ba12eeb19c11f34a3ad1d75fc9214ac3ae8a26,60.17002,24.94407,000000006b087f40,25.36
13172,2019-08-01T09:06:35Z,dad9f0b8c733353e175a84c9ba4668db5e0974fe1e87754e1fee9084,60.16829,24.94214,00000000afef4555,21.87
13173,2019-08-01T09:06:35Z,de97d4b1b05003191faf8bb5c1bed80b82fffa5d137f8921eec195e5,60.16897,24.95222,00000000aa852af1,27.28
13174,2019-08-01T09:06:35Z,deb8a213e1b4930e676ee8fdb394161ec46adb785171fa37437b4d44,60.15133,24.92329,00000000e8a064a4,11.7
13175,2019-08-01T09:06:35Z,ded712413bfc7de58a469fab75498089b2c3c6b5e0c9cae260102284,60.16829,24.94214,00000000afef4555,11.7
13176,2019-08-01T09:06:35Z,dfe80baf219bd267a459c954a8e3027b3f1ed29fea2a5355456d5652,60.16897,24.95222,00000000aa852af1,21.87
13177,2019-08-01T09:06:35Z,e0fe7fe5854899c0eb42b75b300339808143419404558ed4d00b0f17,60.17918,24.95141,00000000675d5200,7.69
13178,2019-08-01T09:06:35Z,e234769b1ce1634554f5fa4a290d11b2a30c3dfd009d4c39a2e9dd3d,60.17065,24.93641,000000000f4919c9,16.1
13179,2019-08-01T09:06:35Z,e294dde431d68c7b73efcf1f9b916e40bf408111c79228032c7830a4,60.16544,24.95398,0000000038d83d41,20.28
13180,2019-08-01T09:06:35Z,e2bb0ae74deee6cbc4f50c5f85da3f1779ca1db1ae7ff48ab4b33dbc,60.17919,24.95181,000000007b5207b6,12.69
13181,2019-08-01T09:06:35Z,e2f445c6711e0e7d48a6a045bec347587f9f398e8928a171cfa2ca38,60.16762,24.95415,000000006b44cce7,8.38
13182,2019-08-01T09:06:35Z,e3f844c56875bd572c3b57a835b884f1060b467d3bbd25c50dcc7e28,60.16762,24.95415,000000006b44cce7,16.1
13183,2019-08-01T09:06:35Z,e508e239ba2ca68b34ad5074f3d7b013e72f6f7df36eb6cdf545be78,60.16762,24.95415,000000006b44cce7,11.7
13184,2019-08-01T09:06:35Z,e528235be3e5cc4945024d50d1ed43061e2e2f2845f2b41e081e1721,60.17919,24.95181,000000007b5207b6,6.46
13185,2019-08-01T09:06:35Z,e5cad8bb9a6c8dcc067948d7f869033aca5bdd062da175c8734092e6,60.17919,24.95181,000000007b5207b6,9.92
13186,2019-08-01T09:06:35Z,e7c92f07271c58076a3543568856a6941512c32291b7e9ce8dbcece1,60.16762,24.95415,000000006b44cce7,9.12
13187,2019-08-01T09:06:35Z,e8add7e8346b99cd4b67924113f3763441a1899897c6d1ac3a1a40a6,60.17919,24.95181,000000007b5207b6,18.79
13188,2019-08-01T09:06:35Z,e979a153601f7520f54d4733fe91f75f154c8f1c08dc3408dbba5345,60.15432,24.9211,0000000019fb59c4,18.79
13189,2019-08-01T09:06:35Z,e9e1a66ce9f699fc1713bb44cd67a332f584f0c51d18774fc72b8eea,60.16762,24.95415,000000006b44cce7,14.89
13190,2019-08-01T09:06:35Z,ea3f8412ed9c4d92448688dd9cc7ff9e3eeb5fe4373d0953bf0349c1,60.16531,24.9442,00000000fdda10fe,13.75
13191,2019-08-01T09:06:35Z,ea94130fbb3464dc656765cfddbad802ddfafb1af8007cb5f42cd41f,60.16829,24.94214,00000000afef4555,12.69
13192,2019-08-01T09:06:35Z,eaf572301dc5c1eaff007bc1886cce8f0f5e92a233b8686ed2a1a9cc,60.17065,24.93641,000000000f4919c9,18.79
13193,2019-08-01T09:06:35Z,ec2dd83e04d225caca9f6b9d28bd3080ed37c5bf42e5f65123fa2394,60.17065,24.93641,000000000f4919c9,8.38
13194,2019-08-01T09:06:35Z,ec7121833f0e4b509d683b00a9c5e992e4b84882cb857145102e14f4,60.16531,24.9442,00000000fdda10fe,1.7
13195,2019-08-01T09:06:35Z,ed86f884272a5a400b55bfd4f22bc8cc5d6fca7fe26eee3c39cb3c52,60.15432,24.9211,0000000019fb59c4,9.12
13196,2019-08-01T09:06:35Z,eedbd720e471fc3c0653bce4eb38b2f3225c8ee78a75d6b9c94a0f86,60.16629,24.95957,00000000fb7600be,25.36
13197,2019-08-01T09:06:35Z,eef621895ee74145a6d76c5f5493a93d7c728c80abe45a2e1933ae9f,60.16897,24.95222,00000000aa852af1,23.56
13198,2019-08-01T09:06:35Z,ef67b9e4617f284b84167b4bdaff71108579a33ced0a2450ff25a1a1,60.16629,24.95957,00000000fb7600be,6.46
13199,2019-08-01T09:06:35Z,efc51406db4c66b8a573ec325afe8a9258a04a71b46ff3aae1cfa696,60.16762,24.95415,000000006b44cce7,7.69
13200,2019-08-01T09:06:35Z,f1447725764ec0dca245fc67f2aa0a0c42e6b05808076aa74f0c1e7e,60.17919,24.95181,000000007b5207b6,12.69
13201,2019-08-01T09:06:35Z,f18c0c32d067aecf5602d70693ac888cab1be6dbb0d154be5153dfcc,60.16829,24.94214,00000000afef4555,3.74
13202,2019-08-01T09:06:35Z,f1b28329fc91f4708ca34857c5582c0bf1b7d0ab06127746029cd72c,60.17919,24.95181,000000007b5207b6,4.94
13203,2019-08-01T09:06:35Z,f20935810c1567a80c288016c4d4dd32fe86b3479f47ae7dd64d15cc,60.15432,24.9211,0000000019fb59c4,4.11
13204,2019-08-01T09:06:35Z,f376931d30600593688b7c2ce04192384f25b8f18b5c7c4317504c28,60.16897,24.95222,00000000aa852af1,29.32
13205,2019-08-01T09:06:35Z,f4587b90aec9127805880f7c81fc03b9fb513fe363015399b895089f,60.16829,24.94214,00000000afef4555,18.79
13206,2019-08-01T09:06:35Z,f4bbc3077da0455d4340da2eed204915327b75a792080724548b4956,60.17919,24.95181,000000007b5207b6,4.94
13207,2019-08-01T09:06:35Z,f503a41d3e8b9b57628f4f061c1d8e0c53c62dd8a6fe38d212958ee6,60.16075,24.95883,00000000f1124bca,9.92
13208,2019-08-01T09:06:35Z,f50fd3b1715a94dff67461f4b8f252ecaa6acc16459b3d021f34f15e,60.1538,24.95595,0000000038bf9618,18.79
13209,2019-08-01T09:06:35Z,f587de6c8c03387c5e6a66cd7d20c45abad3668c8e2246611122547b,60.14947,24.91438,000000004ef3150d,20.28
13210,2019-08-01T09:06:35Z,f5c4e0083948ddd2cc19254413dec48f888a85bfe1f826a524e2a814,60.16075,24.95883,00000000f1124bca,36.27
13211,2019-08-01T09:06:35Z,f741519cf6f519194bb45b9da0e69bda8edb903e3c24d4140f340467,60.16762,24.95415,000000006b44cce7,5.91
13212,2019-08-01T09:06:35Z,f77f8836e641389801309c311e926c1662264ab16efd01cd5bf27baf,60.16762,24.95415,000000006b44cce7,7.05
13213,2019-08-01T09:06:35Z,f803aeb1f00a057ed31451d0f3d132f27fec17305dc699176ac5339a,60.16897,24.95222,00000000aa852af1,25.36
13214,2019-08-01T09:06:35Z,f89f3f49955c3ffb4955d445baac3d3d9190446e1e3a7f9abda1df2a,60.16629,24.95957,00000000fb7600be,20.28
13215,2019-08-01T09:06:35Z,f9e527876f8dfe750fd29bc42664bbf572aed5d09d344a8934a83d90,60.17065,24.93641,000000000f4919c9,5.91
13216,2019-08-01T09:06:35Z,fa1a3814c680b20020a08346c37ee2853e895984574575312bf262e7,60.14947,24.91438,000000004ef3150d,12.69
13217,2019-08-01T09:06:35Z,fa9f19c58a086fde9429d732b1eec80eacf5fc1b2c0124d17243d008,60.17919,24.95181,000000007b5207b6,11.7
13218,2019-08-01T09:06:35Z,fba6e66dd09200012637e0b454c96fd7a5459b7e8b0ba01863cdbd77,60.16762,24.95415,000000006b44cce7,2.54
13219,2019-08-01T09:06:35Z,fc75e05a713e8733c512a31a3bebec0a122af3e7afb2c5059c3f1a3a,60.17002,24.94407,000000006b087f40,6.46
13220,2019-08-01T09:06:35Z,fdb3239bb0017def73005dc66a8d674c713493499c8feff7a6c01018,60.16762,24.95415,000000006b44cce7,11.7
13221,2019-08-01T09:06:35Z,fe191b6937595e5cf2ac1491e9056f0f9fb5bf66c0cb900df00b4c64,60.16829,24.94214,00000000afef4555,4.5
13222,2019-08-01T09:06:35Z,fe88879502b9755093db192b4ea06a7b5b568f7e8b92970727636c68,60.16762,24.95415,000000006b44cce7,11.7
13223,2019-08-01T09:06:35Z,fea1453360073dfc1896bf1f005f51addb49661f953e16cffba3c63d,60.16531,24.9442,00000000fdda10fe,9.12
13224,2019-08-01T09:06:36Z,0fff89885f08417f20aadfdbf62a372277e9085bcd024374b772ecac,60.16531,24.9442,00000000fdda10fe,25.36
13225,2019-08-01T09:06:36Z,144afc51fc2443c7031a2912566eff2ce60226a49d6d2bd7c2923700,60.16544,24.95398,0000000038d83d41,18.79
13226,2019-08-01T09:06:36Z,14c7e1511b70f4dd3359cbece1377aebb4d70531f5489eefe53d7c3c,60.16544,24.95398,0000000038d83d41,23.56
13227,2019-08-01T09:06:36Z,15918569de0a46a8eb56b43d8d39f7fc82619ff1006f00822c85745c,60.17919,24.95181,000000007b5207b6,9.92
13228,2019-08-01T09:06:36Z,165ebbb4090d47319ae370f0d0854fdc1f6b79499f8b2e4d3c3533c0,60.16544,24.95398,0000000038d83d41,21.87
13229,2019-08-01T09:06:36Z,171d0bf49a26400390df42bc1c9af98d9279bf8ccee92f39288845e1,60.16762,24.95415,000000006b44cce7,3.74
13230,2019-08-01T09:06:36Z,1951291ca064d0fb480d958037c1477427d2ca8db455fef0b741bf9f,60.16448,24.97323,0000000053c6c2be,18.79
13231,2019-08-01T09:06:36Z,1f0f0628cdc688d76bde2b82bee5b9b4916bf0bbdfe76cf3213e1c65,60.15432,24.9211,0000000019fb59c4,16.1
13232,2019-08-01T09:06:36Z,35c6573a3fdd07d91dacb331df71f349703fbecb50875602452d3b83,60.16762,24.95415,000000006b44cce7,9.92
13233,2019-08-01T09:06:36Z,5d65719c4cbf045f068d084b72302f447d5fd034413d97d13be00d0e,60.18203,24.91341,00000000342570c2,21.87
13234,2019-08-01T09:06:36Z,5eed115a984d490b02b602d73787aee8dc8c4e9365b77fbff3818a76,60.16629,24.95957,00000000fb7600be,16.1
13235,2019-08-01T09:06:36Z,635393156be44881800d91a73e6f5672374df9d8016a635a0904bb92,60.16762,24.95415,000000006b44cce7,23.56
13236,2019-08-01T09:06:36Z,6a657079c1bdc8114c289be1ddd83e5846d4279a920d1697b8ff0033,60.18203,24.91341,00000000342570c2,31.5
13237,2019-08-01T09:06:36Z,6d22b751ff5173035dc85c52c3dff0780126adae67fe33dc62dd45ef,60.16531,24.9442,00000000fdda10fe,21.87
13238,2019-08-01T09:06:36Z,6ff437688c444238352c28f64f9d2a7d0f14d19c9ea42c225380501e,60.16762,24.95415,000000006b44cce7,10.78
13239,2019-08-01T09:06:36Z,76c7f42283513d0e289bf786d89463b5025b2ae0f4e13519a4cf228b,60.15432,24.9211,0000000019fb59c4,17.4
13240,2019-08-01T09:06:36Z,84fdfd8881f633c5f0c71c1480053953ca4b05e848052d97c063ad38,60.1538,24.95595,0000000038bf9618,27.28
13241,2019-08-01T09:06:36Z,87dfaad29a9276ddddb1fa021d3bc23ad14824c1af16f7d87e713689,60.14951,24.92138,0000000006dd41f6,10.78
13242,2019-08-01T09:06:36Z,8c75c3289c84fe4493e1e272a77b615fe1985880c5dc68a7c1a17b53,60.16762,24.95415,000000006b44cce7,16.1
13243,2019-08-01T09:06:36Z,8cc6ddaa460aeae8cc9e8a33f91a01c8cd4c0c8bf8a943210a28c84d,60.1538,24.95595,0000000038bf9618,12.69
13244,2019-08-01T09:06:36Z,9843c6216661048343a0e49cf3d8aa2883cf77f452666a1c873a1052,60.16448,24.97323,0000000053c6c2be,9.12
13245,2019-08-01T09:06:36Z,9d03d14afa49576281aa26db60e517f7c1ec8aa36f7756959a860a8a,60.16629,24.95957,00000000fb7600be,12.69
13246,2019-08-01T09:06:36Z,a14995de8d7238548ad864b3af34ee5e2003a3e4df9d516744be66a9,60.16544,24.95398,0000000038d83d41,33.81
13247,2019-08-01T09:06:36Z,a9da1ee82e3b670e276c26b483dd50f4a6d0c6f77ef82245d3ae6086,60.18203,24.91341,00000000342570c2,17.4
13248,2019-08-01T09:06:36Z,ab0f67c0c0e1ba5eac9013f9c314feadf340ddf08543b91e70483594,60.16544,24.95398,0000000038d83d41,13.75
13249,2019-08-01T09:06:36Z,b1f358076ba79ef902a36ca8ae3f8ec7c93308a67c479345bfdbdecf,60.1538,24.95595,0000000038bf9618,33.81
13250,2019-08-01T09:06:36Z,b4faf2d3c4d2b199afeab6ab63b583fe3a2e81e14abbef6917f25129,60.15432,24.9211,0000000019fb59c4,17.4
13251,2019-08-01T09:06:36Z,b5fd6b317890e5ab2d79e2cd1abe61626d45a753c7337d0d40728898,60.16762,24.95415,000000006b44cce7,9.92
13252,2019-08-01T09:06:36Z,ce783d3c1b06378e5c39c25687746a6f88fbb0ff2b36e3405fb61cf8,60.16762,24.95415,000000006b44cce7,18.79
13253,2019-08-01T09:06:36Z,cf05623e4d87ce0906c0b0b7dbf53aacc1228016cd27c341228b6e76,60.18203,24.91341,00000000342570c2,21.87
13254,2019-08-01T09:06:36Z,d127ead865385b64ae537a703a26be15fae4b5332ce0fbf03d5e0c23,60.1538,24.95595,0000000038bf9618,33.81
13255,2019-08-01T09:06:36Z,d178749a24c32676d0da0f51ae6ff63c456499d4b1814af8fa75ca9e,60.16448,24.97323,0000000053c6c2be,4.94
13256,2019-08-01T09:06:36Z,dd2c9c82cf3737146294aff6f814a1349fb0bc4bedf518715dacbe8f,60.18203,24.91341,00000000342570c2,13.75
13257,2019-08-01T09:06:36Z,ec72ef080c605e71978aed0d3b5f22c3c3133677a43c614b72eedc6d,60.14699,24.922,00000000a53ed894,29.32
13258,2019-08-01T09:06:36Z,ed70dda6b7faebd4340dacdb452ab224d9d3c308df417b7fa76f54e8,60.14951,24.92138,0000000006dd41f6,21.87
13259,2019-08-01T09:06:36Z,f70a43051a4f59f5002c4018a464b44781f7f527861efda6626a2de4,60.16829,24.94214,00000000afef4555,17.4
13260,2019-08-01T09:06:36Z,f7e45613ad966fea53fab73b435ba3a087c774e36596b3a5156a3487,60.16829,24.94214,00000000afef4555,2.54
13261,2019-08-01T09:06:36Z,f83d4b6b8ffbf8a674d212e32100b2360b80261b4e9207d77c0b0ed3,60.17919,24.95181,000000007b5207b6,12.69
13262,2019-08-01T09:06:36Z,f99c5dd8cc08bd2353083d875ce8bc585fb2c2ff8427b90d92f571de,60.1538,24.95595,0000000038bf9618,31.5
13263,2019-08-01T09:06:36Z,fc4f3a44235f1cfc7b53f14ba2da599976a5a0a220d23b852688e485,60.17919,24.95181,000000007b5207b6,9.92
13264,2019-08-01T09:06:36Z,003df90ad3d2a718b8afbb46befc7b616ad6b8a25b63fcc99e515eed,60.16629,24.95957,00000000fb7600be,17.4
13265,2019-08-01T09:06:36Z,00787dad708490660b0b836fa415681cc57046fa521c0c0aaea14a9e,60.16762,24.95415,000000006b44cce7,2.8
13266,2019-08-01T09:06:36Z,011372b726688a0c953368b50bc5a1cb0212c17dbecc587d9f9d75ce,60.16629,24.95957,00000000fb7600be,13.75
13267,2019-08-01T09:06:36Z,02050a536056486b1bf139282f0d0a3af63def1d56ff0c73ac51bb19,60.14947,24.91438,000000004ef3150d,12.69
13268,2019-08-01T09:06:36Z,023083c44c772667f1727e01c74518889b2a82d78ceb28c08b6f8a20,60.16531,24.9442,00000000fdda10fe,14.89
13269,2019-08-01T09:06:36Z,026f61905925674212a1c7d1e14b2ee5d1039bb4ecb5159f7d522150,60.16762,24.95415,000000006b44cce7,9.92
13270,2019-08-01T09:06:36Z,028149b8bfaf37d1f064cb0b4f23ae118f00d8eff41679fb8830396a,60.16531,24.9442,00000000fdda10fe,21.87
13271,2019-08-01T09:06:36Z,0362cc670dcfab795a3911957b6a177416bf9b99d0e2732716796c4d,60.15432,24.9211,0000000019fb59c4,5.91
13272,2019-08-01T09:06:36Z,03f427d436ba092925de462b11374bdbdab0443620037675621fbc11,60.17919,24.95181,000000007b5207b6,12.69
13273,2019-08-01T09:06:36Z,0483eb7342f4e704caa76b9bc3d6a7bd836282960dafc2c756247134,60.16762,24.95415,000000006b44cce7,9.92
13274,2019-08-01T09:06:36Z,05ea86e2217eb99bcf8140350112cb56bbca3592d62c5a39efe28768,60.16762,24.95415,000000006b44cce7,18.79
13275,2019-08-01T09:06:36Z,0734aa9d45f98eb8e1cc23fdf3a04a296b23370cc5bef016a0c76053,60.16829,24.94214,00000000afef4555,20.28
13276,2019-08-01T09:06:36Z,08f9fd60f852d3502bfa509c955e9963e73954f961d55ba8cd46cae9,60.16629,24.95957,00000000fb7600be,11.7
13277,2019-08-01T09:06:36Z,0951ec0c700dba7330b8e8181fc852becde054d0dc7474d1488db3cd,60.17065,24.93641,000000000f4919c9,20.28
13278,2019-08-01T09:06:36Z,0bbf3e8a8b496959ba413e4ebbe23719511fa4c9dd914960054d7c7f,60.16762,24.95415,000000006b44cce7,10.78
13279,2019-08-01T09:06:36Z,0c1684b697a63d7f47ebaedcfa060b3b4af294fec1e62d613699291a,60.16897,24.95222,00000000aa852af1,4.94
13280,2019-08-01T09:06:36Z,0ce136cd78d17c06d7c5673fecf75f44da717c2befaaea18c6bdf0b1,60.1538,24.95595,0000000038bf9618,16.1
13281,2019-08-01T09:06:36Z,0f8637c1e98f21a79714a4d84d3453ac1b96b2bf4ef2361119067e39,60.16629,24.95957,00000000fb7600be,21.87
13282,2019-08-01T09:06:36Z,0f939ec5675298027c278d30bc705908645ba8b66cec8026882437ee,60.16629,24.95957,00000000fb7600be,14.89
13283,2019-08-01T09:06:36Z,10d0fed0f7d40b253b5fc5a53297dc9af8bb76fa6f34d5e71383cb62,60.17918,24.95141,00000000675d5200,18.79
13284,2019-08-01T09:06:36Z,1134a082e36fe03359bac74c814a0ed20468c45230115d4e25aa230d,60.16829,24.94214,00000000afef4555,7.69
13285,2019-08-01T09:06:36Z,11402877d08ee84d016ef8e86d3033bf6da0948f6e6bd2defce32338,60.16762,24.95415,000000006b44cce7,14.89
13286,2019-08-01T09:06:36Z,1190156a73bf59a847cf2ffe8e6c4216b8658b3898324d94a582c787,60.16762,24.95415,000000006b44cce7,12.69
13287,2019-08-01T09:06:36Z,1271bcd33c0056265a5bdf6df4092a3c9e2209abee80570cb172031b,60.16897,24.95222,00000000aa852af1,17.4
13288,2019-08-01T09:06:36Z,13a759fd293cbde0d55db753d853768b718e59036c4007d2e3a8757a,60.16762,24.95415,000000006b44cce7,13.75
13289,2019-08-01T09:06:36Z,141a580597619f20b14d71a17562763921dafbb27c8aaaa8700fd522,60.16829,24.94214,00000000afef4555,14.89
13290,2019-08-01T09:06:36Z,141ffc858c3ea6a2e69c954115114304736a35dc25ec947323090dc0,60.16762,24.95415,000000006b44cce7,9.92
13291,2019-08-01T09:06:36Z,14b431f72fc7a1705dec55f60900c3104cc3eab2bed0b01ad6745910,60.173,24.92524,0000000096918cfa,20.28
13292,2019-08-01T09:06:36Z,1564db6ab71666bfe0865d19fd134f7018f49bc12ff1969853697784,60.16531,24.9442,00000000fdda10fe,16.1
13293,2019-08-01T09:06:36Z,15a3cdd20e3ce88c179a07d78a2d5fdda854b0fef8441d8cb3aebde8,60.17065,24.93641,000000000f4919c9,23.56
13294,2019-08-01T09:06:36Z,160e77433af9ad22911458abcb358d35b410e2640131e6fabe54c071,60.17002,24.94407,000000006b087f40,25.36
13295,2019-08-01T09:06:36Z,164d8280dbb888033f64368dd641bcef597fc327148fcf74374894c5,60.16544,24.95398,0000000038d83d41,10.78
13296,2019-08-01T09:06:36Z,167a52adcdc4d9a7f697ffc5e058fcb79a22a32ba0b8ed45a36311f2,60.17002,24.94407,000000006b087f40,21.87
13297,2019-08-01T09:06:36Z,16e18d478be872d2a9801fa885d08edeb3f5ae1840b38478f9baf535,60.17918,24.95141,00000000675d5200,13.75
13298,2019-08-01T09:06:36Z,190cdde22bc3e3a41cd0f9da7efb3a917bc09e8034b05ca6064ea8a8,60.17918,24.95141,00000000675d5200,27.28
13299,2019-08-01T09:06:36Z,1cfafdaa3ff1975bcf6f699641431e88775ba2183074d825eeb81dd3,60.149,24.9843,00000000fffb8cf0,20.28
13300,2019-08-01T09:06:36Z,1d70ff49909e1d6fb653ae053aa78084daf385dbbd2ad22b05707309,60.16829,24.94214,00000000afef4555,13.75
13301,2019-08-01T09:06:36Z,1da40c618e0432bb037d08723b65821f6223509e8b4033a4b4190047,60.17065,24.93641,000000000f4919c9,29.32
13302,2019-08-01T09:06:36Z,1dcff36b6f83b08b6ea87c1c1018c542c270299839908ca446dffb39,60.16762,24.95415,000000006b44cce7,14.89
13303,2019-08-01T09:06:36Z,1e3044c19f6913531b6dd4bccb88ad02c1b39192513ccffa05444edb,60.1538,24.95595,0000000038bf9618,18.79
13304,2019-08-01T09:06:36Z,1e3af5697f0a2ae45f261da79e4ba71c868dc4d78008bd1995fe6259,60.16448,24.97323,0000000053c6c2be,16.1
13305,2019-08-01T09:06:36Z,1e6029f749dce72746f03dcc61a1986b14438610b7ff6a19c8165e6f,60.16829,24.94214,00000000afef4555,17.4
13306,2019-08-01T09:06:36Z,1eadb2c1984aa73c3c2f13eab0a2e793331443c617681e36887f0bcc,60.16629,24.95957,00000000fb7600be,18.79
13307,2019-08-01T09:06:36Z,1ecbc7c6afe89033252e5510cbb893666af2b3bc29f555a3a6287fdb,60.14951,24.92138,0000000006dd41f6,3.09
13308,2019-08-01T09:06:36Z,1f813dc10021899138c12ca17c58ab3dc24db1750dcb1790f9c20e8f,60.15133,24.92329,00000000e8a064a4,25.36
13309,2019-08-01T09:06:36Z,20b37aa6c3ad0dfea9c182498905a450537b0efbbd8563b205e93afd,60.16897,24.95222,00000000aa852af1,11.7
13310,2019-08-01T09:06:36Z,20ecc60ba6748bb4a65d10d3f27a3b928bcbc43ea0eab6ff9121c1bd,60.16829,24.94214,00000000afef4555,25.36
13311,2019-08-01T09:06:36Z,2283762fe3af8329ae65aec44de728da8f383810e9f2a3d3b84fa031,60.16897,24.95222,00000000aa852af1,20.28
13312,2019-08-01T09:06:36Z,22ac1ab1c590ea19b44c61c42f5e8da29a6acbabf56676527811507a,60.15432,24.9211,0000000019fb59c4,17.4
13313,2019-08-01T09:06:36Z,22b68b1dc6e6d815ca8e6afbd434ae0e229670798c443052e7444648,60.16762,24.95415,000000006b44cce7,17.4
13314,2019-08-01T09:06:36Z,25479245e5a8b0fe47e2bd590cdd63256d84afd6c164781dc64e527d,60.149,24.9843,00000000fffb8cf0,10.78
13315,2019-08-01T09:06:36Z,2552cb43d7990bde838673115a742078e343ce93f96257728311655d,60.16897,24.95222,00000000aa852af1,23.56
13316,2019-08-01T09:06:36Z,25cb2083e37b94c494721a209c618536fa197160b36f5c57394e1077,60.16762,24.95415,000000006b44cce7,25.36
13317,2019-08-01T09:06:36Z,25d340d14d855b8c18b2c6f2551ec98a1eb047d1fd3457ba881ddf28,60.17919,24.95181,000000007b5207b6,11.7
13318,2019-08-01T09:06:36Z,277fcf3cc917a89b46a34e0cf5164a78f5bcc88d92bb45ded60f1a91,60.17065,24.93641,000000000f4919c9,7.69
13319,2019-08-01T09:06:36Z,27b591b33a56a542440b53031a24f42290b0ec1a194af27700b75a3a,60.17919,24.95181,000000007b5207b6,13.75
13320,2019-08-01T09:06:36Z,2823bf6afde4a5cc05342c15e7417c9590ba52264be5793bb688faab,60.17065,24.93641,000000000f4919c9,31.5
13321,2019-08-01T09:06:36Z,28296ae2b460df2f6807f8a84b81e5ebd24677a05bded29111dc33a4,60.17002,24.94407,000000006b087f40,23.56
13322,2019-08-01T09:06:36Z,28ce50ca84cdcd4c17a36ac666e7ac0267b6ab5b77f4bfb08b2573a1,60.16762,24.95415,000000006b44cce7,2.3
13323,2019-08-01T09:06:36Z,28d50861d92f962c7a49eabaa524431aebf52870e44b79f77d7167c6,60.17919,24.95181,000000007b5207b6,18.79
13324,2019-08-01T09:06:36Z,2afa9ac588b2c55e8edf99ee96ecaf63451a7ab1e51571b7e2d1d491,60.16762,24.95415,000000006b44cce7,5.91
13325,2019-08-01T09:06:36Z,2c6810efb2565383ca0a554f3c51f3f7905484357f5e00756dbf091a,60.17919,24.95181,000000007b5207b6,14.89
13326,2019-08-01T09:06:36Z,2f43b7a683b0d365a46b6259a032813c293472eaedcdbcc3507adee5,60.17919,24.95181,000000007b5207b6,7.05
13327,2019-08-01T09:06:36Z,2f5bd339f1aa466a7eab54348ecb6614ab41fd76d300d0defda67505,60.1538,24.95595,0000000038bf9618,36.27
13328,2019-08-01T09:06:36Z,2f7636d34066fc720664bb0b85ba6e0a9db63eadebf93248bdf9e941,60.16762,24.95415,000000006b44cce7,18.79
13329,2019-08-01T09:06:36Z,2f82b3546af2df53b58cddc668c9aa196554108cdf39120ea40b417c,60.16629,24.95957,00000000fb7600be,8.38
13330,2019-08-01T09:06:36Z,2fb39eae730ec6f291700f841a64aaf680d52a8346399aec6ccb1dbb,60.17065,24.93641,000000000f4919c9,21.87
13331,2019-08-01T09:06:36Z,312e78d3624e87e1645e7d54f96facd8a2321d6e65a3ef0620fb1d42,60.16531,24.9442,00000000fdda10fe,29.32
13332,2019-08-01T09:06:36Z,31b02b3b271f6feef9e49d9285929ff1c25a11e608fc5d70bc6a1fac,60.16897,24.95222,00000000aa852af1,21.87
13333,2019-08-01T09:06:36Z,32fcb1ab3a9fde533916ca28a0d5b56bbb45fd171dd5bae91f66ec6c,60.16897,24.95222,00000000aa852af1,18.79
13334,2019-08-01T09:06:36Z,33fa4cb82db5b44ffe6e7ae1039635187f90d1df328f8f139da0c693,60.17919,24.95181,000000007b5207b6,7.05
13335,2019-08-01T09:06:36Z,3480c16a6649952c388d8902596e332f018e609b9585f483353ae026,60.17065,24.93641,000000000f4919c9,3.4
13336,2019-08-01T09:06:36Z,34e96c7caa63e7ede8f428b18e8fb556ac235d61a50c9d6ac7ff268f,60.17919,24.95181,000000007b5207b6,3.74
13337,2019-08-01T09:06:36Z,3609f484ad7e56259f60a61aba44f22dfca5c8b2564fce7e802ad342,60.16829,24.94214,00000000afef4555,18.79
13338,2019-08-01T09:06:36Z,367b1989198ef11170dd9fcfa7e6ebb5ceb58aab87c613ee1bb86e8c,60.16531,24.9442,00000000fdda10fe,13.75
13339,2019-08-01T09:06:36Z,36fe97cd2ec69118778c771a87593630f8a6a2cb77d9ce72f845cd3c,60.16762,24.95415,000000006b44cce7,5.41
13340,2019-08-01T09:06:36Z,38fb20c6d55b10dd10a39c0fb41ad61297453e25afda81cf32313ae3,60.16531,24.9442,00000000fdda10fe,20.28
13341,2019-08-01T09:06:36Z,39c6456ee66fe96eee3d97cee2a70923cedb3da760bb5d4d413adb9c,60.17919,24.95181,000000007b5207b6,7.69
13342,2019-08-01T09:06:36Z,39e9fa7033887b7ab339887aa68753ff94d4771cda2bb8ff4ea7aa0a,60.17919,24.95181,000000007b5207b6,2.3
13343,2019-08-01T09:06:36Z,3a1afdcf7c2e5a52cdbcbbe29e8281c184037e8720920c6c75bee339,60.15133,24.92329,00000000e8a064a4,18.79
13344,2019-08-01T09:06:36Z,3a253f272d2781dc2001addfbddcac5f3dbf18610988531707b80b60,60.16829,24.94214,00000000afef4555,9.92
13345,2019-08-01T09:06:36Z,3a2f1a2c6c645bd161943b3f19c171d021512d7a8c4273ed3022f5df,60.16829,24.94214,00000000afef4555,21.87
13346,2019-08-01T09:06:36Z,3a38ba36c098f2741d6c5fb5a751fcd074d05d698ac592ca09ab443c,60.16448,24.97323,0000000053c6c2be,23.56
13347,2019-08-01T09:06:36Z,3a7b4023cee4b0d567a123a3d6aff0bc8f94663522bbdf0ea4306607,60.149,24.9843,00000000fffb8cf0,31.5
13348,2019-08-01T09:06:36Z,3be40c84926a525adbd09eeeb3a12b73b24c633942b2e1fbe8151ac3,60.16448,24.97323,0000000053c6c2be,16.1
13349,2019-08-01T09:06:36Z,3c864716e211395e6a02802fbf80abb7b7c4519243bea4994fca7720,60.16762,24.95415,000000006b44cce7,9.92
13350,2019-08-01T09:06:36Z,3d0437a1d090cd3cad05629e69a61c519aa6218e1b7fb47811e5a4ae,60.16762,24.95415,000000006b44cce7,12.69
13351,2019-08-01T09:06:36Z,3eea43670f4f29a90ced59c1af122371340275fb61ff8f14c7120658,60.16762,24.95415,000000006b44cce7,7.69
13352,2019-08-01T09:06:36Z,40646914186edc6142b7fc3daf766121b55f5bb36ea38facff686ea5,60.16897,24.95222,00000000aa852af1,20.28
13353,2019-08-01T09:06:36Z,40825cb0d315c92e0e0a73cc8e86c3b763bbf7ce226f112913e05e0f,60.17065,24.93641,000000000f4919c9,17.4
13354,2019-08-01T09:06:36Z,40dc9402556d3dbb11c7f8919225178116092f92d29166bb853a14a9,60.16762,24.95415,000000006b44cce7,16.1
13355,2019-08-01T09:06:36Z,4256b81faf420b0636e1bfcf21e8b61482045aed964aae9089c67296,60.16829,24.94214,00000000afef4555,23.56
13356,2019-08-01T09:06:36Z,42844e90c7134ebb3ec325f57cd27cd24711c779548ebc8692a820d5,60.14951,24.92138,0000000006dd41f6,3.74
13357,2019-08-01T09:06:36Z,432417b4972b744ded3410777a6bbb583cf56172bf3436ddbe48a21d,60.16762,24.95415,000000006b44cce7,12.69
13358,2019-08-01T09:06:36Z,4393fccdbc9fb22fab14f03ea52183ad558bcd436202e69f56a7b77a,60.16762,24.95415,000000006b44cce7,17.4
13359,2019-08-01T09:06:36Z,43e023a8726ec4c53a8cea6dcaa79e722da4677e37f3f6c9d3cc9873,60.16544,24.95398,0000000038d83d41,31.5
13360,2019-08-01T09:06:36Z,44334c68f3991fe858ac066726e0a884236a5d89fe94d917b48e857c,60.16829,24.94214,00000000afef4555,14.89
13361,2019-08-01T09:06:36Z,4470412c4b059a920f2699fbfb72b261e0847b3e1caa8c71d2edd5a2,60.16448,24.97323,0000000053c6c2be,17.4
13362,2019-08-01T09:06:36Z,44e086520907fc0314474823b382bd86a08a7dffc64e851ddd993a56,60.16762,24.95415,000000006b44cce7,7.05
13363,2019-08-01T09:06:36Z,4642dfa1df839f11e64f68bca4e3dce7bde2ff6dd68c54959fcb4788,60.17918,24.95141,00000000675d5200,2.08
13364,2019-08-01T09:06:36Z,4682d95464cedcc021f38271a51bab9c000762b4acf802070e259ba2,60.16629,24.95957,00000000fb7600be,10.78
13365,2019-08-01T09:06:36Z,478830e26b1b9314c3f35b4ca62aba9828872733abbc7f32b78daac3,60.16531,24.9442,00000000fdda10fe,29.32
13366,2019-08-01T09:06:36Z,47bd1492244c444d45674eb48dd2e6f222cb109d820ba807c4e18c1a,60.16629,24.95957,00000000fb7600be,8.38
13367,2019-08-01T09:06:36Z,48004849b2f48b2314aa9175433d754db1641b949bb8cf050e2dd128,60.17919,24.95181,000000007b5207b6,31.5
13368,2019-08-01T09:06:36Z,484bbaa5a9d6bdd2259f022b6ea4e3c290985c13a1286bd7142d878f,60.16762,24.95415,000000006b44cce7,5.41
13369,2019-08-01T09:06:36Z,49bbad87e4d6cd03bdb073bde7be91193d74d29943badce7fc536916,60.16448,24.97323,0000000053c6c2be,11.7
13370,2019-08-01T09:06:36Z,49df780a7f20a99ad2810fa4bbb46b5fac9bc5cbe3fc800cd572f63a,60.14947,24.91438,000000004ef3150d,16.1
13371,2019-08-01T09:06:36Z,4ade4f0d92c6157a42d7fd8e353d1c93551324ba47cc134b840a6c63,60.16897,24.95222,00000000aa852af1,7.69
13372,2019-08-01T09:06:36Z,4afcc27c652d3d50a44d060f84e33dd4b17529d982928dae936cf10f,60.16448,24.97323,0000000053c6c2be,18.79
13373,2019-08-01T09:06:36Z,4ba529eeafb27285cbbade6e5ece0d4d04bd2d13c98b27a5d17abd22,60.16897,24.95222,00000000aa852af1,4.94
13374,2019-08-01T09:06:36Z,4f609afde0ba5cb017ba3c549bdd11ff322a2e0227a0f11a9d112220,60.16762,24.95415,000000006b44cce7,7.05
13375,2019-08-01T09:06:36Z,4f9125edf503fe3cb0ba1e1221fe6a67aafd99fcd89fd92d2bf20e97,60.16897,24.95222,00000000aa852af1,12.69
13376,2019-08-01T09:06:36Z,4f93c5c493e876fd65b50774e1c92d808bcddb72337905c0c6bb385b,60.16829,24.94214,00000000afef4555,20.28
13377,2019-08-01T09:06:36Z,4fb4a3650a2a28469dde9c537458d24411aa6075666e047dd756fba9,60.17919,24.95181,000000007b5207b6,29.32
13378,2019-08-01T09:06:36Z,5001aabb6808b9fd96b705d1ebe8e7aca52713c2640100d81879dd86,60.17919,24.95181,000000007b5207b6,14.89
13379,2019-08-01T09:06:36Z,5143af775374504a931805df3b7bc0712b2401f6a3ea2c49fd69cf6f,60.16829,24.94214,00000000afef4555,21.87
13380,2019-08-01T09:06:36Z,51ec42fdd85671ae93876c3d875b24e56cb45699e9c3d2b623dca70d,60.16762,24.95415,000000006b44cce7,7.05
13381,2019-08-01T09:06:36Z,5372348389197e6c4bc4c5e3dab047e7384d562220e6295904bbda1b,60.17065,24.93641,000000000f4919c9,18.79
13382,2019-08-01T09:06:36Z,54b89ed12e25892c9160e029a0379d61425b88db1aa30b06f9ea2d8b,60.17002,24.94407,000000006b087f40,25.36
13383,2019-08-01T09:06:36Z,54bd709173219e8017f317b63ecc83d0a48f64542e6fa1b83c86a56c,60.17919,24.95181,000000007b5207b6,7.69
13384,2019-08-01T09:06:36Z,559429bba23762a872fc7b1e2219d42125ab101e4355d43fdb94ed7b,60.17919,24.95181,000000007b5207b6,8.38
13385,2019-08-01T09:06:36Z,559e6a5225ce35ab844c63ea0d0c1695dc490a3d9cfbafa5d35ac8d8,60.14947,24.91438,000000004ef3150d,17.4
13386,2019-08-01T09:06:36Z,5830a481876da00686f25b17dad06258a39212c0816ed04dda2df1bd,60.16531,24.9442,00000000fdda10fe,18.79
13387,2019-08-01T09:06:36Z,584cb0b0cdd14e608c8b57c8aecc9826f9b40027e365e2438a444ea2,60.16762,24.95415,000000006b44cce7,12.69
13388,2019-08-01T09:06:36Z,5865a27b5b56a60bca38e4a1403655e3e7fd0232a3ff2079965aff81,60.15432,24.9211,0000000019fb59c4,9.12
13389,2019-08-01T09:06:36Z,58754229cd3381042c5ffda79c0108c5f77aa1f0f6d1468b9cb42b4c,60.16829,24.94214,00000000afef4555,27.28
13390,2019-08-01T09:06:36Z,5978726eeef638856dafd3a8d199287f8daf9e90ddde750b402f8bb0,60.17065,24.93641,000000000f4919c9,2.3
13391,2019-08-01T09:06:36Z,5a34b02faac3189217466888ef1d31cc80f721ac2f18638c5db88d53,60.14947,24.91438,000000004ef3150d,13.75
13392,2019-08-01T09:06:36Z,5a8d671a78b976d212d9746d88b9a754a2d9c8341c529e88b7c6b8f4,60.17065,24.93641,000000000f4919c9,23.56
13393,2019-08-01T09:06:36Z,5abbc374c476b2780a817d778a7b19406b91f074eb187983199b0199,60.16448,24.97323,0000000053c6c2be,33.81
13394,2019-08-01T09:06:36Z,5b06617477af6dcee75a94ac347364b50f6f3b5b7d747e5413d9ad58,60.14947,24.91438,000000004ef3150d,11.7
13395,2019-08-01T09:06:36Z,5c1f71098d5d7258d2971061c791c94e0138c8e02225c5f60d6a0428,60.149,24.9843,00000000fffb8cf0,23.56
13396,2019-08-01T09:06:36Z,5daa76852f3e1be6c75fa2185d5787ab9010cf83d6671515769a8649,60.16531,24.9442,00000000fdda10fe,23.56
13397,2019-08-01T09:06:36Z,5e2c5c20c88ccf362ed8749d1ddc041b1cb1c38d8dbeac7870179322,60.16629,24.95957,00000000fb7600be,4.5
13398,2019-08-01T09:06:36Z,6051ed50496b74a6ff68c86205d23971fcaccd6c91edfe7d78fa71b0,60.16897,24.95222,00000000aa852af1,25.36
13399,2019-08-01T09:06:36Z,619c5b31af2a28703a837cc7974ef0d2c5bb6584ba0fcc03076218ac,60.17002,24.94407,000000006b087f40,17.4
13400,2019-08-01T09:06:36Z,626bf35ce16dba1054cfd175d09475d3ee751bf70e56f984ff5c7ab6,60.15133,24.92329,00000000e8a064a4,20.28
13401,2019-08-01T09:06:36Z,63772dde2b965499d69051c0e72aa8a027619a55f9a6d6043886bedd,60.16762,24.95415,000000006b44cce7,10.78
13402,2019-08-01T09:06:36Z,63ff2439779051005c18876d20ed53ce060c1de9d7976821bd518fc6,60.15432,24.9211,0000000019fb59c4,9.92
13403,2019-08-01T09:06:36Z,65b6b62b547e11e10f7f83ad497446bee2bb9653097d9d62e9b1b817,60.17065,24.93641,000000000f4919c9,14.89
13404,2019-08-01T09:06:36Z,67cf7d2881080aa59ed36a6d88ea1946d17e9d1d5e1ad9eee1851969,60.18203,24.91341,00000000342570c2,16.1
13405,2019-08-01T09:06:36Z,685af6b01bd180194d718801bb8b9c9de22050cc392d6c6441fe986b,60.18203,24.91341,00000000342570c2,7.05
13406,2019-08-01T09:06:36Z,69e2854c78a472b462941ef730aa9fa7a9dba9c1cc22996396d4c78a,60.17918,24.95141,00000000675d5200,4.11
13407,2019-08-01T09:06:36Z,6adce4d05e58232a97635a2fd7918e4e49d9295afc0989d727f9c712,60.17002,24.94407,000000006b087f40,2.54
13408,2019-08-01T09:06:36Z,6c48841a532bcffd2ea10ab292e6f543fd8b434a08dacf740a7d85af,60.16762,24.95415,000000006b44cce7,11.7
13409,2019-08-01T09:06:36Z,6d56491192fa27047948db939f9876a2ce68a0ea1413bd8ce174e0e0,60.16762,24.95415,000000006b44cce7,14.89
13410,2019-08-01T09:06:36Z,6d98ac1fea7056e5b96d6095caf0e3677a4ec30e9fbcc2e50ae1cf65,60.16629,24.95957,00000000fb7600be,10.78
13411,2019-08-01T09:06:36Z,6dca84ddf4be668487766d17c5d13961ed713d24032f709ae87a497f,60.16829,24.94214,00000000afef4555,18.79
13412,2019-08-01T09:06:36Z,6dd5463e670c352180c1e912300e21e59f5e2976266df8c3c92b0baf,60.16829,24.94214,00000000afef4555,6.46
13413,2019-08-01T09:06:36Z,6e80fcea10d21e1d5e672b554c0f3fe686dc58934f38c3391fd5c262,60.17002,24.94407,000000006b087f40,16.1
13414,2019-08-01T09:06:36Z,6eb390f743af2f8f87ce6c2ab53228450ccce1d21de54f8abba160df,60.16829,24.94214,00000000afef4555,23.56
13415,2019-08-01T09:06:36Z,6fe2cf6737d40d71251dac8ebef5356a2b765621e97a346c00a6031c,60.15432,24.9211,0000000019fb59c4,3.74
13416,2019-08-01T09:06:36Z,7003a7f6a5523b645634f014e04bea36016953a8af9324e35602bc2e,60.14947,24.91438,000000004ef3150d,38.87
13417,2019-08-01T09:06:36Z,704c3f3075f13713c363014fa828e4a932e7a05676813b9963a1e554,60.17919,24.95181,000000007b5207b6,2.3
13418,2019-08-01T09:06:36Z,70d391038ec56b63a3737605c2c1db6ffbdca8e4490691776dc993f1,60.16829,24.94214,00000000afef4555,2.08
13419,2019-08-01T09:06:36Z,7226031f97fb041caef264f1911df0305fd803a368ddc488fd98a06b,60.16448,24.97323,0000000053c6c2be,20.28
13420,2019-08-01T09:06:36Z,72439a1f997fd347d46394f31f5789edc877fe61ca34fcd31f9150b1,60.18203,24.91341,00000000342570c2,18.79
13421,2019-08-01T09:06:36Z,728325161f4ed691db3460f87a25ed4713580e50a53fd36dd265957f,60.16531,24.9442,00000000fdda10fe,5.41
13422,2019-08-01T09:06:36Z,7292a4a47ed655e0ce0ead026bb0ae4b8093342f87a9aed5665c1456,60.16762,24.95415,000000006b44cce7,11.7
13423,2019-08-01T09:06:36Z,74ba75dad2ea927fc314c0fbb84543052db70630f09f9447902fbd58,60.16762,24.95415,000000006b44cce7,17.4
13424,2019-08-01T09:06:36Z,7563b91d728fe470bc4d89aa18128a87b92c747336dd2c70cfbf9e84,60.1538,24.95595,0000000038bf9618,31.5
13425,2019-08-01T09:06:36Z,76c2f7b3773d4bebd4dabada1c2b98fe4ea9762e9c98b4a6371d7746,60.16762,24.95415,000000006b44cce7,9.92
13426,2019-08-01T09:06:36Z,7700297fec4982ad776529835e2ab46d4e5cbc889e26f368c19efeef,60.16829,24.94214,00000000afef4555,7.05
13427,2019-08-01T09:06:36Z,774131d73accbbb31ec3c43c3501b7969645eb65df1839ca8116526e,60.15432,24.9211,0000000019fb59c4,9.12
13428,2019-08-01T09:06:36Z,7803e2d46157a5482e745447d4c2c332fbd818d87a20b0f6187c628d,60.17065,24.93641,000000000f4919c9,25.36
13429,2019-08-01T09:06:36Z,78a9535148d256e36a93dcce58f6dac7864c3bcd43b255c37291aa30,60.17002,24.94407,000000006b087f40,16.1
13430,2019-08-01T09:06:36Z,7a6e7ba82e6b0c07f13302099a2ffb55e08a56850ee8c1c6c1bd65d3,60.17065,24.93641,000000000f4919c9,25.36
13431,2019-08-01T09:06:36Z,7a9e9c23e9d691adcd677be9ac9ca68f7e35915fbf5da7c6c8d270fa,60.17002,24.94407,000000006b087f40,20.28
13432,2019-08-01T09:06:36Z,7c1534082e86ff4387878d813207626d8f728aa26b97248e00a3b8d7,60.16629,24.95957,00000000fb7600be,14.89
13433,2019-08-01T09:06:36Z,7d12711d47425111a6dce413faa867542b9532f3b9c5a934b37a0bc8,60.17918,24.95141,00000000675d5200,18.79
13434,2019-08-01T09:06:36Z,7d415f4fd9093fb383b4ebb88961ad74e6a00d3ece39504712dad639,60.17919,24.95181,000000007b5207b6,16.1
13435,2019-08-01T09:06:36Z,7e2e3d07c939e3e76e7ce87678faf64e056afe54215e00488839100f,60.14947,24.91438,000000004ef3150d,17.4
13436,2019-08-01T09:06:36Z,7eb4a715919b3eb4085270535ce4d7b57112591ad7242eb189bf652a,60.17065,24.93641,000000000f4919c9,17.4
13437,2019-08-01T09:06:36Z,7efa1cf3118062946e8958e89ffe767322a7bbf0d35d9d76b711e3b5,60.16762,24.95415,000000006b44cce7,23.56
13438,2019-08-01T09:06:36Z,7f59aaecea1eee6c703ec5d46d67b44289ddedf080defee495b73739,60.14947,24.91438,000000004ef3150d,8.38
13439,2019-08-01T09:06:36Z,7faf8705e89a761625aaed50b89538581e25d5950ec8f051d36ed829,60.14947,24.91438,000000004ef3150d,13.75
13440,2019-08-01T09:06:36Z,814fca075a588ae71c130bafc9384a1c17e7bd8168994ae6fca55205,60.16829,24.94214,00000000afef4555,18.79
13441,2019-08-01T09:06:36Z,828afe5ee1f94b9afbfd61b9673b7c8b21457d11dafb1d2ad98dbd23,60.149,24.9843,00000000fffb8cf0,33.81
13442,2019-08-01T09:06:36Z,82b78c2220aee81a2744ddfaf7ed29663888987dba6b7cdda05731d9,60.14947,24.91438,000000004ef3150d,11.7
13443,2019-08-01T09:06:36Z,82bab0a1bfd11576cf62159546b756e1da44125c76909e270ced391b,60.16897,24.95222,00000000aa852af1,14.89
13444,2019-08-01T09:06:36Z,8524898e498c83bde4bc1848aa2b372da84e7b2266f36aabe128cc27,60.17919,24.95181,000000007b5207b6,16.1
13445,2019-08-01T09:06:36Z,85bdce5b262dbd94adcff03e6cad26a1152828b6ab27e6fdd56b2b13,60.16762,24.95415,000000006b44cce7,4.5
13446,2019-08-01T09:06:36Z,87f1cc4c4a9de1ab81fe39cf7fde6cf0d4778e690f1665b62231ce46,60.149,24.9843,00000000fffb8cf0,25.36
13447,2019-08-01T09:06:36Z,880f9cbb91b9caf48ea9c5dd1a0c8e1db72922b6dfcb647b102fc469,60.16629,24.95957,00000000fb7600be,3.4
13448,2019-08-01T09:06:36Z,893080d82bb28aa3ab91e41ddd4569086c8135ade7be10aa644fca95,60.17065,24.93641,000000000f4919c9,20.28
13449,2019-08-01T09:06:36Z,898cde3317c73907bb23b1b885828c4bf3187c3a757a18dc32abe970,60.16762,24.95415,000000006b44cce7,9.92
13450,2019-08-01T09:06:36Z,89aeff56a0700534bbf2dfd19fc298f5a890c95e1a45b6ca7ad3c33a,60.16829,24.94214,00000000afef4555,12.69
13451,2019-08-01T09:06:36Z,8a01e28fd327e5c56dcf2dc8b2b7762a96d77584c21990a073ceb11f,60.16829,24.94214,00000000afef4555,7.05
13452,2019-08-01T09:06:36Z,8b789024cc2e6b2143ce205690fe87cbdb761aa292e434010176906d,60.16629,24.95957,00000000fb7600be,29.32
13453,2019-08-01T09:06:36Z,8c2c35fb6ebc0f07014a3291523f291bea82160dee13d091314cde65,60.16762,24.95415,000000006b44cce7,8.38
13454,2019-08-01T09:06:36Z,8c571538c285dba9d77edacfb1829b282d54b772b62209c6e4004237,60.17919,24.95181,000000007b5207b6,8.38
13455,2019-08-01T09:06:36Z,8e20d0d67339e3cf43e77c3a340d9dc6766de8d079197a08a1343ff0,60.17065,24.93641,000000000f4919c9,16.1
13456,2019-08-01T09:06:36Z,90a44cbd1a957cc59a6986cff9b6b7b8e151d379e17da645069428b8,60.173,24.92524,0000000096918cfa,12.69
13457,2019-08-01T09:06:36Z,92d558faaf274f5fac1ccabea7bd30042fdd6fee95770c60123653a3,60.16762,24.95415,000000006b44cce7,9.92
13458,2019-08-01T09:06:36Z,941e13893853105c86bfbc6d31d62274937602143ce3bb530c8c17ed,60.17919,24.95181,000000007b5207b6,2.8
13459,2019-08-01T09:06:36Z,9609babe3114439a82f93f797f4a6e779b6bab625488b8ff5b63e674,60.16829,24.94214,00000000afef4555,21.87
13460,2019-08-01T09:06:36Z,9998e64e3b5162fd8890fc4e2dfe41a3e875f08500f1cef0c4820855,60.16829,24.94214,00000000afef4555,20.28
13461,2019-08-01T09:06:36Z,99f242a3c3e8ef2df75069f2ee802ecf75bc01317cde7e909ac73f66,60.16531,24.9442,00000000fdda10fe,23.56
13462,2019-08-01T09:06:36Z,9a2f475e8dc18183010cf96fa6d49dc28d6be88fa7e66ce3f046973c,60.16762,24.95415,000000006b44cce7,16.1
13463,2019-08-01T09:06:36Z,9abbc86fb0fc1c0532042814af76a97e6a17121831d4394749a290a6,60.16762,24.95415,000000006b44cce7,9.92
13464,2019-08-01T09:06:36Z,9b3e6848d8b34e802134d6da0e5a594897ec3fafbbf08b6d0b84068e,60.17919,24.95181,000000007b5207b6,2.54
13465,2019-08-01T09:06:36Z,9bc129708b07f3c5bbf4195e83f0e5b9a663b6f371f416a8e3a605f0,60.16897,24.95222,00000000aa852af1,16.1
13466,2019-08-01T09:06:36Z,9bdb503344071eddd74d821f537246d8a6c19468b05d38d0170377f9,60.16897,24.95222,00000000aa852af1,13.75
13467,2019-08-01T09:06:36Z,9bef8b28ea93ecaee57d05b037edbfe7f80014aaf56343345fedd7be,60.17919,24.95181,000000007b5207b6,4.11
13468,2019-08-01T09:06:36Z,9d713c9ce415e473048b45bbb35d6dcdef35cabaca39aa54f2e781a3,60.16531,24.9442,00000000fdda10fe,31.5
13469,2019-08-01T09:06:36Z,9dfecc3e26cb27e4b80721e355ef0d6cb182ac2eebf66b006e2d9f8e,60.149,24.9843,00000000fffb8cf0,20.28
13470,2019-08-01T09:06:36Z,9e343a150f07bb3dcce5ecab8ac061b84d65b347b1af5a232e00eeb6,60.16829,24.94214,00000000afef4555,9.12
13471,2019-08-01T09:06:36Z,9eee6d740f1d483c484d02f0995f35550c09e6a8cf01f02680db5efc,60.16448,24.97323,0000000053c6c2be,25.36
13472,2019-08-01T09:06:36Z,9fe150ec915809e658e73e8d7076541dd0ae11c3374241f41adbb90b,60.16629,24.95957,00000000fb7600be,12.69
13473,2019-08-01T09:06:36Z,a04214b56cac7d70680703ee6a28fac742f3c3190b55b46a79c1f76d,60.149,24.9843,00000000fffb8cf0,10.78
13474,2019-08-01T09:06:36Z,a09607edc17117a3069b79434e751f93a2a00d0d6f9aceb043e32074,60.16762,24.95415,000000006b44cce7,16.1
13475,2019-08-01T09:06:36Z,a0af15cb8910790ac8af904ddf7b0dbf5ef778ba6dd3b3e690926089,60.16762,24.95415,000000006b44cce7,18.79
13476,2019-08-01T09:06:36Z,a2e761fd97d8bdf78601300822b531e306b9ab7a1a43b6bfb07eba52,60.14947,24.91438,000000004ef3150d,8.38
13477,2019-08-01T09:06:36Z,a38c11c450b472b9dad2f076e2d9a63651292d3de806331d06af7f46,60.16531,24.9442,00000000fdda10fe,16.1
13478,2019-08-01T09:06:36Z,a403dc1eebc5d130e12a4c3e4298737c9e00b25b1b6b2cc36a6979c9,60.16629,24.95957,00000000fb7600be,20.28
13479,2019-08-01T09:06:36Z,a47e8613674297dc49b26801b19d2110d009aaee57412f2127f3b093,60.16897,24.95222,00000000aa852af1,31.5
13480,2019-08-01T09:06:36Z,a66eb6150c36b53f6240acfe16dd98ceb16c43b8e02d0b56993bac73,60.16897,24.95222,00000000aa852af1,27.28
13481,2019-08-01T09:06:36Z,a6d010615b0732a971c180467cd17865327688c7e6c60628c3d452d3,60.16762,24.95415,000000006b44cce7,10.78
13482,2019-08-01T09:06:36Z,a6d0dd9de406b1201a4e438ec7c5f4a467f38c41e2dec42ff6c71d50,60.16897,24.95222,00000000aa852af1,12.69
13483,2019-08-01T09:06:36Z,a786eb3b8a25c58099a428799e99d0b86401f803ee38d3e5d20e59d3,60.15432,24.9211,0000000019fb59c4,17.4
13484,2019-08-01T09:06:36Z,a83415babca8eac00f69a32371a230fdadda29bf40fd69f75cf2e8fb,60.17919,24.95181,000000007b5207b6,12.69
13485,2019-08-01T09:06:36Z,a837f2314938b1510f3b4cc5900d5d67bc7212d234d9fed1c64f3861,60.16762,24.95415,000000006b44cce7,17.4
13486,2019-08-01T09:06:36Z,a9ee2aabbd32919adf0325ca2f2c5f8e0ba801bc168e8756cda957da,60.16629,24.95957,00000000fb7600be,14.89
13487,2019-08-01T09:06:36Z,aa05a7036c3586a79d23f426b78bf158357208bc82d7ddf9a1326dd2,60.16531,24.9442,00000000fdda10fe,14.89
13488,2019-08-01T09:06:36Z,aa5281244780ac8f283c3452639d477cd76e31fc6f0b95b99c51a9b0,60.16762,24.95415,000000006b44cce7,2.8
13489,2019-08-01T09:06:36Z,ab615ee5bbf567aee3505fbb360d09fc6b851f93fb15aef778b57128,60.16531,24.9442,00000000fdda10fe,13.75
13490,2019-08-01T09:06:36Z,abf0be93e7a8aec9fa8284fdbcc2493f32084aa95f15660b23e149c6,60.16629,24.95957,00000000fb7600be,16.1
13491,2019-08-01T09:06:36Z,acbbe4765d72f36b0323407c7dbe43db7b4ad5e2da0a6a9e5966db0b,60.16897,24.95222,00000000aa852af1,6.46
13492,2019-08-01T09:06:36Z,ad22512fd6a5ad9e19fdfad7e02b2793ecb01875be243f894c637ae2,60.16829,24.94214,00000000afef4555,0.71
13493,2019-08-01T09:06:36Z,af67ffa8b538058603b74f48e04ab914e8f6cd450f53c47f8c3d683d,60.15432,24.9211,0000000019fb59c4,8.38
13494,2019-08-01T09:06:36Z,afaed9946dbc1509500c6f80f87eed8fe44a74ba3e14328c6efe3971,60.16829,24.94214,00000000afef4555,17.4
13495,2019-08-01T09:06:36Z,b09e9bb62cc49c085c1aee3b752af1bec69dabc939323e5733f73933,60.17065,24.93641,000000000f4919c9,33.81
13496,2019-08-01T09:06:36Z,b25339bfcf356e1460eec7d6494ab8fa8fe2ee363afb6496ab1a1fb9,60.16829,24.94214,00000000afef4555,17.4
13497,2019-08-01T09:06:36Z,b28757d67868f9471f0d997a935e857fd0ff1095449820929597563b,60.16762,24.95415,000000006b44cce7,16.1
13498,2019-08-01T09:06:36Z,b32e57a6f5865a23d7a0e9fa346d5ec4e975f99c4df815fe8b1449b2,60.17919,24.95181,000000007b5207b6,9.92
13499,2019-08-01T09:06:36Z,b3d94dfd4a1393ebe6b450d53a8c1c172707ab9ae1ab42b50b5b31df,60.16829,24.94214,00000000afef4555,20.28
13500,2019-08-01T09:06:36Z,b474e34db18d21635ec9ea2654513e6759c326f3aaec96c25f9a204e,60.16897,24.95222,00000000aa852af1,10.78
13501,2019-08-01T09:06:36Z,b50a45ac0708e7b5cca42f3458430eb22ff70a81c575bafe99ffda23,60.17002,24.94407,000000006b087f40,4.94
13502,2019-08-01T09:06:36Z,b5603e758440226e490d1d7d7271a7b0d5c261eccbad198f81110136,60.15432,24.9211,0000000019fb59c4,2.8
13503,2019-08-01T09:06:36Z,b69604356a52f2b1b9c5de09a350f42d87f5b969e3e824d8b6b2368f,60.16829,24.94214,00000000afef4555,21.87
13504,2019-08-01T09:06:36Z,b6c43126ca83e916a68e57d0178060c24fc61305836b6c8f188f7285,60.17919,24.95181,000000007b5207b6,9.92
13505,2019-08-01T09:06:36Z,b8fb70225ee0a2d655e2809da07a2f8cd2feb7295aa256f8b35fcf1e,60.16629,24.95957,00000000fb7600be,4.5
13506,2019-08-01T09:06:36Z,b94ef32efa424bc73beb89231b883d7d4e232e3a302959edd22d542a,60.16762,24.95415,000000006b44cce7,23.56
13507,2019-08-01T09:06:36Z,bb2187a4e20012ad694c768ef2c47c9a9055671024ebf4855d4e6243,60.16531,24.9442,00000000fdda10fe,1.38
13508,2019-08-01T09:06:36Z,bc436a99a8805080541bd9dc9743df4f0e34172e2c70b59f64c4260c,60.16762,24.95415,000000006b44cce7,18.79
13509,2019-08-01T09:06:36Z,bc82f76c979de19b559e9e3aa0cd6cbf5ac361e2d7b1ac9f81fe2f4f,60.17919,24.95181,000000007b5207b6,8.38
13510,2019-08-01T09:06:36Z,bd17e41f002acd238070518ccfb611a42561023ceaefde667bf6fa55,60.17002,24.94407,000000006b087f40,16.1
13511,2019-08-01T09:06:36Z,be12d6aaccf354197284a8c92b960bd6a4e1705f7d948823e7891fde,60.16762,24.95415,000000006b44cce7,2.3
13512,2019-08-01T09:06:36Z,c004fa64cb7de7e87d3b91639ae5f95304fb1a90b0a0e927cea958af,60.16762,24.95415,000000006b44cce7,17.4
13513,2019-08-01T09:06:36Z,c0a0ca3433586ed2ae0e448f2406fabac7292ac79d49562e0bd5cef8,60.16762,24.95415,000000006b44cce7,14.89
13514,2019-08-01T09:06:36Z,c15da9ed244b57a27a083919c67d0edde078a31b18cb58f13581f173,60.1538,24.95595,0000000038bf9618,13.75
13515,2019-08-01T09:06:36Z,c1674c59c49d5bf74e6808239a91d18a04e47697d298bc61a7618af2,60.16448,24.97323,0000000053c6c2be,14.89
13516,2019-08-01T09:06:36Z,c19294a0a6dd80604d1435e92cecc363af55f32ef9d41af8b67687e2,60.16897,24.95222,00000000aa852af1,23.56
13517,2019-08-01T09:06:36Z,c1bf1bf699e9bc78ca15c9490d1ef02e3323f0c2c76bf0fca7955a69,60.14947,24.91438,000000004ef3150d,21.87
13518,2019-08-01T09:06:36Z,c434f18b802a764aad7a2dfb46e93546acb1b0975cf9b93fd47363f6,60.15432,24.9211,0000000019fb59c4,4.94
13519,2019-08-01T09:06:36Z,c46895857ca53c3362932d446a58c13b60d297f99ca237d4546589e8,60.16897,24.95222,00000000aa852af1,25.36
13520,2019-08-01T09:06:36Z,c51beff15d228f2dab9416cadfcc60fe269ce3d9202a9cf2ec7e7647,60.16829,24.94214,00000000afef4555,16.1
13521,2019-08-01T09:06:36Z,c55f651c108f569fe59364de834d31b122908186d2f95d20ed519564,60.16762,24.95415,000000006b44cce7,16.1
13522,2019-08-01T09:06:36Z,c5a6d2d62bc00c29fba5a97a29835008abdcf800f70540e4ccf71683,60.17919,24.95181,000000007b5207b6,33.81
13523,2019-08-01T09:06:36Z,c65c11ee6e8b5894ead3ea9b007a39127edb65a67be253aca6f78ed0,60.16448,24.97323,0000000053c6c2be,20.28
13524,2019-08-01T09:06:36Z,c872af9997af535c4615ee0b4194c7c8d644b7962afb3ca321eb386f,60.15133,24.92329,00000000e8a064a4,21.87
13525,2019-08-01T09:06:36Z,c8df45d222b573af5441c1ec32616df82891a813c9217002a9d60846,60.16829,24.94214,00000000afef4555,13.75
13526,2019-08-01T09:06:36Z,c98bce1cc275ed0a1b833011f8cd251ac848fdc84501fe87eb8b5d54,60.17918,24.95141,00000000675d5200,17.4
13527,2019-08-01T09:06:36Z,ca7719c7cd8d4496b666f608fc07ba9930e362a0b2d96890b0778618,60.16629,24.95957,00000000fb7600be,9.92
13528,2019-08-01T09:06:36Z,cc1fcf6550ac1eee3eceef1f35de652b641407007a7c0464ac54fdbd,60.16897,24.95222,00000000aa852af1,27.28
13529,2019-08-01T09:06:36Z,cccf3ba2a9d11b9330c18af8064a20aca9995473495bf119162a1619,60.16897,24.95222,00000000aa852af1,16.1
13530,2019-08-01T09:06:36Z,ccf4611f19a0b20cfaaf5bdba7523f62b2b1c37d3169f7fcd9735d22,60.17918,24.95141,00000000675d5200,16.1
13531,2019-08-01T09:06:36Z,ce7de55c7709396c70ce5930097e84449a4889700e605a0b062aaeae,60.16531,24.9442,00000000fdda10fe,11.7
13532,2019-08-01T09:06:36Z,cf061f5093c857b2efc346d3ad51fd17cca7eb360060ba7875630cf5,60.16897,24.95222,00000000aa852af1,23.56
13533,2019-08-01T09:06:36Z,cf823e18aa21de251222a9ab70c1b76b6218dea694752d56f6f84082,60.149,24.9843,00000000fffb8cf0,20.28
13534,2019-08-01T09:06:36Z,d062562fed5ad0a61560e267310beb0b717d2a1e2a11d1d575507861,60.16897,24.95222,00000000aa852af1,16.1
13535,2019-08-01T09:06:36Z,d0ae4fabf429edbfdad59f8183cc6e5929f68633315448c9b83d4c16,60.16762,24.95415,000000006b44cce7,9.92
13536,2019-08-01T09:06:36Z,d2565986030ddea596554d64d126e84d618ce72222ab6888c3debf59,60.16448,24.97323,0000000053c6c2be,18.79
13537,2019-08-01T09:06:36Z,d31d6921eee92503b486a1b30f5330581c4744a82e6549f375544846,60.17919,24.95181,000000007b5207b6,14.89
13538,2019-08-01T09:06:36Z,d562afdedae521be241c98441e436608a323fdb944dedc24c835e762,60.17065,24.93641,000000000f4919c9,4.94
13539,2019-08-01T09:06:36Z,d653ef8368d33df4fc7edeb5a381d5826be1471f1470aa9744d47901,60.173,24.92524,0000000096918cfa,3.74
13540,2019-08-01T09:06:36Z,d65b8625c1f24304ff0e3c4a4dce7aa5d434d36be87be41834a49420,60.16531,24.9442,00000000fdda10fe,6.46
13541,2019-08-01T09:06:36Z,d6e217c6592e449e2390b1a874e08cbc9126116901dbdbf84501c6b8,60.17065,24.93641,000000000f4919c9,23.56
13542,2019-08-01T09:06:36Z,d74ea3c9e0aaa523c791aa01f4f9a7c1c43f01f585dc4146b19edf83,60.17919,24.95181,000000007b5207b6,5.91
13543,2019-08-01T09:06:36Z,d7734ef0345fcffc0f4bd7579275af62987490aba012209832e92059,60.16629,24.95957,00000000fb7600be,9.92
13544,2019-08-01T09:06:36Z,d87c4d5dc2cd620de54fdd076d4f9b35245053d65b644d9e01f558b5,60.16762,24.95415,000000006b44cce7,7.05
13545,2019-08-01T09:06:36Z,d9f8ff1809ebe23c7e68bb1cbb1aa6fdfaf22375abf2962da2d7cfab,60.16531,24.9442,00000000fdda10fe,29.32
13546,2019-08-01T09:06:36Z,da78c33b53b0b3a551adb83bc2953f20006ca37faff42dbdd687045c,60.17065,24.93641,000000000f4919c9,21.87
13547,2019-08-01T09:06:36Z,de97d4b1b05003191faf8bb5c1bed80b82fffa5d137f8921eec195e5,60.16897,24.95222,00000000aa852af1,31.5
13548,2019-08-01T09:06:36Z,deb8a213e1b4930e676ee8fdb394161ec46adb785171fa37437b4d44,60.15133,24.92329,00000000e8a064a4,11.7
13549,2019-08-01T09:06:36Z,ded712413bfc7de58a469fab75498089b2c3c6b5e0c9cae260102284,60.16829,24.94214,00000000afef4555,18.79
13550,2019-08-01T09:06:36Z,dfe80baf219bd267a459c954a8e3027b3f1ed29fea2a5355456d5652,60.16897,24.95222,00000000aa852af1,36.27
13551,2019-08-01T09:06:36Z,e09515dbe1e90af07cb756a83c222c60f5f0566f94590848e72f6401,60.16762,24.95415,000000006b44cce7,10.78
13552,2019-08-01T09:06:36Z,e0fe7fe5854899c0eb42b75b300339808143419404558ed4d00b0f17,60.17918,24.95141,00000000675d5200,5.91
13553,2019-08-01T09:06:36Z,e234769b1ce1634554f5fa4a290d11b2a30c3dfd009d4c39a2e9dd3d,60.17065,24.93641,000000000f4919c9,16.1
13554,2019-08-01T09:06:36Z,e294dde431d68c7b73efcf1f9b916e40bf408111c79228032c7830a4,60.16544,24.95398,0000000038d83d41,23.56
13555,2019-08-01T09:06:36Z,e2bb0ae74deee6cbc4f50c5f85da3f1779ca1db1ae7ff48ab4b33dbc,60.17919,24.95181,000000007b5207b6,9.92
13556,2019-08-01T09:06:36Z,e2f445c6711e0e7d48a6a045bec347587f9f398e8928a171cfa2ca38,60.16762,24.95415,000000006b44cce7,9.92
13557,2019-08-01T09:06:36Z,e3f844c56875bd572c3b57a835b884f1060b467d3bbd25c50dcc7e28,60.16762,24.95415,000000006b44cce7,17.4
13558,2019-08-01T09:06:36Z,e4439e4ec150b88dd1bd9bffffabcc529c31fb945e517ed5b97a43cc,60.17002,24.94407,000000006b087f40,25.36
13559,2019-08-01T09:06:36Z,e508e239ba2ca68b34ad5074f3d7b013e72f6f7df36eb6cdf545be78,60.16762,24.95415,000000006b44cce7,7.69
13560,2019-08-01T09:06:36Z,e5cad8bb9a6c8dcc067948d7f869033aca5bdd062da175c8734092e6,60.17919,24.95181,000000007b5207b6,4.5
13561,2019-08-01T09:06:36Z,e60dfd6fdae0694da3bbaca41506bcb6ca5f3ac39a1801d84a65751e,60.16762,24.95415,000000006b44cce7,20.28
13562,2019-08-01T09:06:36Z,e73dcccbc4dd6af49316f19a34c347cc94ff7ab079a93a2672d78a16,60.14947,24.91438,000000004ef3150d,23.56
13563,2019-08-01T09:06:36Z,e7c92f07271c58076a3543568856a6941512c32291b7e9ce8dbcece1,60.16762,24.95415,000000006b44cce7,11.7
13564,2019-08-01T09:06:36Z,e8add7e8346b99cd4b67924113f3763441a1899897c6d1ac3a1a40a6,60.17919,24.95181,000000007b5207b6,12.69
13565,2019-08-01T09:06:36Z,e8ed8051f57ad9d9029a5e3b443c5e93e5059f8c487ba45e2583d35a,60.16829,24.94214,00000000afef4555,14.89
13566,2019-08-01T09:06:36Z,e8fe5d3b6aa0651dff5b4a9c6dcff3135e3bdcbb1cddc9b871e9d991,60.14947,24.91438,000000004ef3150d,21.87
13567,2019-08-01T09:06:36Z,e979a153601f7520f54d4733fe91f75f154c8f1c08dc3408dbba5345,60.15432,24.9211,0000000019fb59c4,9.92
13568,2019-08-01T09:06:36Z,e9e1a66ce9f699fc1713bb44cd67a332f584f0c51d18774fc72b8eea,60.16762,24.95415,000000006b44cce7,11.7
13569,2019-08-01T09:06:36Z,ea1b1a8ba1c01fdd1e098c585b133fc3d60f7c2458e7c2726e2df8ee,60.16629,24.95957,00000000fb7600be,12.69
13570,2019-08-01T09:06:36Z,ea3f8412ed9c4d92448688dd9cc7ff9e3eeb5fe4373d0953bf0349c1,60.16531,24.9442,00000000fdda10fe,25.36
13571,2019-08-01T09:06:36Z,ea94130fbb3464dc656765cfddbad802ddfafb1af8007cb5f42cd41f,60.16829,24.94214,00000000afef4555,14.89
13572,2019-08-01T09:06:36Z,eaf572301dc5c1eaff007bc1886cce8f0f5e92a233b8686ed2a1a9cc,60.17065,24.93641,000000000f4919c9,10.78
13573,2019-08-01T09:06:36Z,ec2dd83e04d225caca9f6b9d28bd3080ed37c5bf42e5f65123fa2394,60.17065,24.93641,000000000f4919c9,11.7
13574,2019-08-01T09:06:36Z,ec7121833f0e4b509d683b00a9c5e992e4b84882cb857145102e14f4,60.16531,24.9442,00000000fdda10fe,1.54
13575,2019-08-01T09:06:36Z,ec8c0160ac1ee5aeaf6204956c9db2ee4f98f55ae3fe1ec0af07fab8,60.16762,24.95415,000000006b44cce7,13.75
13576,2019-08-01T09:06:36Z,ed86f884272a5a400b55bfd4f22bc8cc5d6fca7fe26eee3c39cb3c52,60.15432,24.9211,0000000019fb59c4,9.92
13577,2019-08-01T09:06:36Z,eedbd720e471fc3c0653bce4eb38b2f3225c8ee78a75d6b9c94a0f86,60.16629,24.95957,00000000fb7600be,21.87
13578,2019-08-01T09:06:36Z,eef621895ee74145a6d76c5f5493a93d7c728c80abe45a2e1933ae9f,60.16897,24.95222,00000000aa852af1,16.1
13579,2019-08-01T09:06:36Z,ef620c567fe4adc1160d75daa4075a87a75acb4a956b68eb60da0690,60.17065,24.93641,000000000f4919c9,23.56
13580,2019-08-01T09:06:36Z,ef67b9e4617f284b84167b4bdaff71108579a33ced0a2450ff25a1a1,60.16629,24.95957,00000000fb7600be,5.41
13581,2019-08-01T09:06:36Z,efc51406db4c66b8a573ec325afe8a9258a04a71b46ff3aae1cfa696,60.16762,24.95415,000000006b44cce7,10.78
13582,2019-08-01T09:06:36Z,f1447725764ec0dca245fc67f2aa0a0c42e6b05808076aa74f0c1e7e,60.17919,24.95181,000000007b5207b6,18.79
13583,2019-08-01T09:06:36Z,f18c0c32d067aecf5602d70693ac888cab1be6dbb0d154be5153dfcc,60.16829,24.94214,00000000afef4555,4.5
13584,2019-08-01T09:06:36Z,f1b28329fc91f4708ca34857c5582c0bf1b7d0ab06127746029cd72c,60.17919,24.95181,000000007b5207b6,4.5
13585,2019-08-01T09:06:36Z,f20935810c1567a80c288016c4d4dd32fe86b3479f47ae7dd64d15cc,60.15432,24.9211,0000000019fb59c4,3.74
13586,2019-08-01T09:06:36Z,f4bbc3077da0455d4340da2eed204915327b75a792080724548b4956,60.17919,24.95181,000000007b5207b6,4.94
13587,2019-08-01T09:06:36Z,f503a41d3e8b9b57628f4f061c1d8e0c53c62dd8a6fe38d212958ee6,60.16075,24.95883,00000000f1124bca,10.78
13588,2019-08-01T09:06:36Z,f52cde4e27717d6fcbbb45f656803df20a2692a8067620706a521dd7,60.16897,24.95222,00000000aa852af1,10.78
13589,2019-08-01T09:06:36Z,f587de6c8c03387c5e6a66cd7d20c45abad3668c8e2246611122547b,60.14947,24.91438,000000004ef3150d,14.89
13590,2019-08-01T09:06:36Z,f741519cf6f519194bb45b9da0e69bda8edb903e3c24d4140f340467,60.16762,24.95415,000000006b44cce7,9.12
13591,2019-08-01T09:06:36Z,f803aeb1f00a057ed31451d0f3d132f27fec17305dc699176ac5339a,60.16897,24.95222,00000000aa852af1,47.69
13592,2019-08-01T09:06:36Z,f9e527876f8dfe750fd29bc42664bbf572aed5d09d344a8934a83d90,60.17065,24.93641,000000000f4919c9,4.94
13593,2019-08-01T09:06:36Z,fa1a3814c680b20020a08346c37ee2853e895984574575312bf262e7,60.14947,24.91438,000000004ef3150d,20.28
13594,2019-08-01T09:06:36Z,fa9f19c58a086fde9429d732b1eec80eacf5fc1b2c0124d17243d008,60.17919,24.95181,000000007b5207b6,10.78
13595,2019-08-01T09:06:36Z,fb2df85c8938d6a1bbd1ff0a1cd8aa23480ae08dc39d2b584ed35e14,60.16762,24.95415,000000006b44cce7,7.69
13596,2019-08-01T09:06:36Z,fba6e66dd09200012637e0b454c96fd7a5459b7e8b0ba01863cdbd77,60.16762,24.95415,000000006b44cce7,2.08
13597,2019-08-01T09:06:36Z,fc75e05a713e8733c512a31a3bebec0a122af3e7afb2c5059c3f1a3a,60.17002,24.94407,000000006b087f40,3.74
13598,2019-08-01T09:06:36Z,fe191b6937595e5cf2ac1491e9056f0f9fb5bf66c0cb900df00b4c64,60.16829,24.94214,00000000afef4555,4.11
13599,2019-08-01T09:06:36Z,fea1453360073dfc1896bf1f005f51addb49661f953e16cffba3c63d,60.16531,24.9442,00000000fdda10fe,9.92
13600,2019-08-01T09:06:37Z,144afc51fc2443c7031a2912566eff2ce60226a49d6d2bd7c2923700,60.16544,24.95398,0000000038d83d41,21.87
13601,2019-08-01T09:06:37Z,14c7e1511b70f4dd3359cbece1377aebb4d70531f5489eefe53d7c3c,60.16544,24.95398,0000000038d83d41,25.36
13602,2019-08-01T09:06:37Z,15918569de0a46a8eb56b43d8d39f7fc82619ff1006f00822c85745c,60.17919,24.95181,000000007b5207b6,7.69
13603,2019-08-01T09:06:37Z,171d0bf49a26400390df42bc1c9af98d9279bf8ccee92f39288845e1,60.16762,24.95415,000000006b44cce7,2.54
13604,2019-08-01T09:06:37Z,187e6d60389911b42d458c417ec912241546398dfe203ef7cef357c8,60.16544,24.95398,0000000038d83d41,33.81
13605,2019-08-01T09:06:37Z,1f0f0628cdc688d76bde2b82bee5b9b4916bf0bbdfe76cf3213e1c65,60.15432,24.9211,0000000019fb59c4,17.4
13606,2019-08-01T09:06:37Z,1fdda4c2884e3254418c088e71dea3d2c474714fdba7d0d12c487ce5,60.16829,24.94214,00000000afef4555,9.92
13607,2019-08-01T09:06:37Z,2a93b61a3863ace54349d7a0937e4134fcc6d4dfcf064eefae2b7cf8,60.15432,24.9211,0000000019fb59c4,16.1
13608,2019-08-01T09:06:37Z,35c6573a3fdd07d91dacb331df71f349703fbecb50875602452d3b83,60.16762,24.95415,000000006b44cce7,10.78
13609,2019-08-01T09:06:37Z,541cdde5332ed33dd6e2f47bc3091d8251b2992ea15305b741d7fa7c,60.16531,24.9442,00000000fdda10fe,33.81
13610,2019-08-01T09:06:37Z,5d65719c4cbf045f068d084b72302f447d5fd034413d97d13be00d0e,60.18203,24.91341,00000000342570c2,21.87
13611,2019-08-01T09:06:37Z,6066632ddc94b5c482a2d4f45ed2532e55e3fd63e414a084a596a737,60.16762,24.95415,000000006b44cce7,23.56
13612,2019-08-01T09:06:37Z,6a657079c1bdc8114c289be1ddd83e5846d4279a920d1697b8ff0033,60.18203,24.91341,00000000342570c2,25.36
13613,2019-08-01T09:06:37Z,6d22b751ff5173035dc85c52c3dff0780126adae67fe33dc62dd45ef,60.16531,24.9442,00000000fdda10fe,33.81
13614,2019-08-01T09:06:37Z,6ff437688c444238352c28f64f9d2a7d0f14d19c9ea42c225380501e,60.16762,24.95415,000000006b44cce7,13.75
13615,2019-08-01T09:06:37Z,76c7f42283513d0e289bf786d89463b5025b2ae0f4e13519a4cf228b,60.15432,24.9211,0000000019fb59c4,17.4
13616,2019-08-01T09:06:37Z,78d5f60b36b59c06c3988b94e11744bb3aed5dcbc214f91f228bf892,60.16448,24.97323,0000000053c6c2be,20.28
13617,2019-08-01T09:06:37Z,81a4986dfaad24ef59c0c8c5c6613c46bc95633fd499fd66abd71bf5,60.15432,24.9211,0000000019fb59c4,29.32
13618,2019-08-01T09:06:37Z,84fdfd8881f633c5f0c71c1480053953ca4b05e848052d97c063ad38,60.1538,24.95595,0000000038bf9618,23.56
13619,2019-08-01T09:06:37Z,87dfaad29a9276ddddb1fa021d3bc23ad14824c1af16f7d87e713689,60.14951,24.92138,0000000006dd41f6,9.92
13620,2019-08-01T09:06:37Z,8c75c3289c84fe4493e1e272a77b615fe1985880c5dc68a7c1a17b53,60.16762,24.95415,000000006b44cce7,16.1
13621,2019-08-01T09:06:37Z,8cc6ddaa460aeae8cc9e8a33f91a01c8cd4c0c8bf8a943210a28c84d,60.1538,24.95595,0000000038bf9618,20.28
13622,2019-08-01T09:06:37Z,9500bab795f51bdd64c3f0f2cd00ad5aa6d9b93195c29484e6e5f92a,60.16762,24.95415,000000006b44cce7,20.28
13623,2019-08-01T09:06:37Z,9843c6216661048343a0e49cf3d8aa2883cf77f452666a1c873a1052,60.16448,24.97323,0000000053c6c2be,13.75
13624,2019-08-01T09:06:37Z,9d03d14afa49576281aa26db60e517f7c1ec8aa36f7756959a860a8a,60.16629,24.95957,00000000fb7600be,12.69
13625,2019-08-01T09:06:37Z,a91d379a4b57c5df22db0d7a041ff69f657b4b31f28554b1011fc03c,60.16544,24.95398,0000000038d83d41,29.32
13626,2019-08-01T09:06:37Z,a9da1ee82e3b670e276c26b483dd50f4a6d0c6f77ef82245d3ae6086,60.18203,24.91341,00000000342570c2,10.78
13627,2019-08-01T09:06:37Z,ab0f67c0c0e1ba5eac9013f9c314feadf340ddf08543b91e70483594,60.16544,24.95398,0000000038d83d41,21.87
13628,2019-08-01T09:06:37Z,b4faf2d3c4d2b199afeab6ab63b583fe3a2e81e14abbef6917f25129,60.15432,24.9211,0000000019fb59c4,23.56
13629,2019-08-01T09:06:37Z,b5fd6b317890e5ab2d79e2cd1abe61626d45a753c7337d0d40728898,60.16762,24.95415,000000006b44cce7,9.12
13630,2019-08-01T09:06:37Z,cf05623e4d87ce0906c0b0b7dbf53aacc1228016cd27c341228b6e76,60.18203,24.91341,00000000342570c2,20.28
13631,2019-08-01T09:06:37Z,d178749a24c32676d0da0f51ae6ff63c456499d4b1814af8fa75ca9e,60.16448,24.97323,0000000053c6c2be,4.94
13632,2019-08-01T09:06:37Z,d79d022c8a242c83798d4cf5a6365a20f715d812ce928be39177407a,60.16448,24.97323,0000000053c6c2be,21.87
13633,2019-08-01T09:06:37Z,dd2c9c82cf3737146294aff6f814a1349fb0bc4bedf518715dacbe8f,60.18203,24.91341,00000000342570c2,16.1
13634,2019-08-01T09:06:37Z,ddc67f72e5e8f9a7d6b2da1da84e1837810b48e399bfa77518b37226,60.16531,24.9442,00000000fdda10fe,31.5
13635,2019-08-01T09:06:37Z,ec72ef080c605e71978aed0d3b5f22c3c3133677a43c614b72eedc6d,60.14699,24.922,00000000a53ed894,29.32
13636,2019-08-01T09:06:37Z,ed70dda6b7faebd4340dacdb452ab224d9d3c308df417b7fa76f54e8,60.14951,24.92138,0000000006dd41f6,23.56
13637,2019-08-01T09:06:37Z,f088630d7476dae7d4b7e2bb1f10575f2c89acb4b6e061f3d57c2b40,60.16531,24.9442,00000000fdda10fe,23.56
13638,2019-08-01T09:06:37Z,f22981c21af00fc334b3d8bdd523e23a50384666e97815f0ec1dc0ac,60.16897,24.95222,00000000aa852af1,11.7
13639,2019-08-01T09:06:37Z,f70a43051a4f59f5002c4018a464b44781f7f527861efda6626a2de4,60.16829,24.94214,00000000afef4555,12.69
13640,2019-08-01T09:06:37Z,f7e45613ad966fea53fab73b435ba3a087c774e36596b3a5156a3487,60.16829,24.94214,00000000afef4555,5.91
13641,2019-08-01T09:06:37Z,f83d4b6b8ffbf8a674d212e32100b2360b80261b4e9207d77c0b0ed3,60.17919,24.95181,000000007b5207b6,10.78
13642,2019-08-01T09:06:37Z,f99c5dd8cc08bd2353083d875ce8bc585fb2c2ff8427b90d92f571de,60.1538,24.95595,0000000038bf9618,36.27
13643,2019-08-01T09:06:37Z,fc4f3a44235f1cfc7b53f14ba2da599976a5a0a220d23b852688e485,60.17919,24.95181,000000007b5207b6,14.89
13644,2019-08-01T09:06:37Z,00787dad708490660b0b836fa415681cc57046fa521c0c0aaea14a9e,60.16762,24.95415,000000006b44cce7,2.08
13645,2019-08-01T09:06:37Z,011372b726688a0c953368b50bc5a1cb0212c17dbecc587d9f9d75ce,60.16629,24.95957,00000000fb7600be,16.1
13646,2019-08-01T09:06:37Z,02050a536056486b1bf139282f0d0a3af63def1d56ff0c73ac51bb19,60.14947,24.91438,000000004ef3150d,12.69
13647,2019-08-01T09:06:37Z,023083c44c772667f1727e01c74518889b2a82d78ceb28c08b6f8a20,60.16531,24.9442,00000000fdda10fe,14.89
13648,2019-08-01T09:06:37Z,026f61905925674212a1c7d1e14b2ee5d1039bb4ecb5159f7d522150,60.16762,24.95415,000000006b44cce7,8.38
13649,2019-08-01T09:06:37Z,028149b8bfaf37d1f064cb0b4f23ae118f00d8eff41679fb8830396a,60.16531,24.9442,00000000fdda10fe,27.28
13650,2019-08-01T09:06:37Z,02fb8c740573d86a30d1a85d4b270f0d198cd0487446d6ca84453f3f,60.16544,24.95398,0000000038d83d41,27.28
13651,2019-08-01T09:06:37Z,0362cc670dcfab795a3911957b6a177416bf9b99d0e2732716796c4d,60.15432,24.9211,0000000019fb59c4,7.05
13652,2019-08-01T09:06:37Z,03f427d436ba092925de462b11374bdbdab0443620037675621fbc11,60.17919,24.95181,000000007b5207b6,13.75
13653,2019-08-01T09:06:37Z,03f6be7d1ac53ba1cfd1cf3908440da6ff76778c67549533f78a62c6,60.16897,24.95222,00000000aa852af1,18.79
13654,2019-08-01T09:06:37Z,063935180fff0e58de5d319ecb9320cf794423e3c6aeac0cca8f1a9f,60.16897,24.95222,00000000aa852af1,27.28
13655,2019-08-01T09:06:37Z,064bf0c9238531379c1e0a3cb8860e137efce6466dac25fca188af40,60.16544,24.95398,0000000038d83d41,33.81
13656,2019-08-01T09:06:37Z,08f9fd60f852d3502bfa509c955e9963e73954f961d55ba8cd46cae9,60.16629,24.95957,00000000fb7600be,16.1
13657,2019-08-01T09:06:37Z,0951ec0c700dba7330b8e8181fc852becde054d0dc7474d1488db3cd,60.17065,24.93641,000000000f4919c9,23.56
13658,2019-08-01T09:06:37Z,0c1684b697a63d7f47ebaedcfa060b3b4af294fec1e62d613699291a,60.16897,24.95222,00000000aa852af1,4.94
13659,2019-08-01T09:06:37Z,0c2d3bdaf0e8a9d6efcf95298acb85805b31c1c6618f00dd4489dddb,60.16762,24.95415,000000006b44cce7,12.69
13660,2019-08-01T09:06:37Z,0ce136cd78d17c06d7c5673fecf75f44da717c2befaaea18c6bdf0b1,60.1538,24.95595,0000000038bf9618,29.32
13661,2019-08-01T09:06:37Z,0f8637c1e98f21a79714a4d84d3453ac1b96b2bf4ef2361119067e39,60.16629,24.95957,00000000fb7600be,18.79
13662,2019-08-01T09:06:37Z,0f939ec5675298027c278d30bc705908645ba8b66cec8026882437ee,60.16629,24.95957,00000000fb7600be,20.28
13663,2019-08-01T09:06:37Z,0feb7de3b58597dd266ed606e8d3b6e2e4e0be942b17c15be984f51c,60.14951,24.92138,0000000006dd41f6,21.87
13664,2019-08-01T09:06:37Z,1069967e3921871955b1b2b42e60f829c593a3e024401bfe61ae410e,60.16629,24.95957,00000000fb7600be,16.1
13665,2019-08-01T09:06:37Z,10cd81594fd56fa1f2c4799419a45b70833d3d8583b817324ee96da7,60.16897,24.95222,00000000aa852af1,18.79
13666,2019-08-01T09:06:37Z,10d0fed0f7d40b253b5fc5a53297dc9af8bb76fa6f34d5e71383cb62,60.17918,24.95141,00000000675d5200,13.75
13667,2019-08-01T09:06:37Z,1134a082e36fe03359bac74c814a0ed20468c45230115d4e25aa230d,60.16829,24.94214,00000000afef4555,12.69
13668,2019-08-01T09:06:37Z,1190156a73bf59a847cf2ffe8e6c4216b8658b3898324d94a582c787,60.16762,24.95415,000000006b44cce7,20.28
13669,2019-08-01T09:06:37Z,1271bcd33c0056265a5bdf6df4092a3c9e2209abee80570cb172031b,60.16897,24.95222,00000000aa852af1,16.1
13670,2019-08-01T09:06:37Z,13a759fd293cbde0d55db753d853768b718e59036c4007d2e3a8757a,60.16762,24.95415,000000006b44cce7,9.92
13671,2019-08-01T09:06:37Z,141a580597619f20b14d71a17562763921dafbb27c8aaaa8700fd522,60.16829,24.94214,00000000afef4555,17.4
13672,2019-08-01T09:06:37Z,14b431f72fc7a1705dec55f60900c3104cc3eab2bed0b01ad6745910,60.173,24.92524,0000000096918cfa,33.81
13673,2019-08-01T09:06:37Z,1564db6ab71666bfe0865d19fd134f7018f49bc12ff1969853697784,60.16531,24.9442,00000000fdda10fe,14.89
13674,2019-08-01T09:06:37Z,15a3cdd20e3ce88c179a07d78a2d5fdda854b0fef8441d8cb3aebde8,60.17065,24.93641,000000000f4919c9,25.36
13675,2019-08-01T09:06:37Z,164d8280dbb888033f64368dd641bcef597fc327148fcf74374894c5,60.16544,24.95398,0000000038d83d41,12.69
13676,2019-08-01T09:06:37Z,16e18d478be872d2a9801fa885d08edeb3f5ae1840b38478f9baf535,60.17919,24.95181,000000007b5207b6,14.89
13677,2019-08-01T09:06:37Z,185ef4052356a0469d4c21d263f6b6e9a82576a578f956fb05cf47d9,60.17002,24.94407,000000006b087f40,11.7
13678,2019-08-01T09:06:37Z,1880dcca5077d4ccd63084e82a411f0cb7abb12f9883625b046f2e24,60.16829,24.94214,00000000afef4555,16.1
13679,2019-08-01T09:06:37Z,188d2e17eacbe726e4d834ba5fdd055045b0b5a38b32ad73ea7c5d9f,60.16762,24.95415,000000006b44cce7,12.69
13680,2019-08-01T09:06:37Z,190cdde22bc3e3a41cd0f9da7efb3a917bc09e8034b05ca6064ea8a8,60.17918,24.95141,00000000675d5200,13.75
13681,2019-08-01T09:06:37Z,1ad9bdffafbbf8933ab6b3b695988ad31df32a874eddbf84de369e78,60.16448,24.97323,0000000053c6c2be,18.79
13682,2019-08-01T09:06:37Z,1cfafdaa3ff1975bcf6f699641431e88775ba2183074d825eeb81dd3,60.149,24.9843,00000000fffb8cf0,13.75
13683,2019-08-01T09:06:37Z,1d70ff49909e1d6fb653ae053aa78084daf385dbbd2ad22b05707309,60.16829,24.94214,00000000afef4555,29.32
13684,2019-08-01T09:06:37Z,1da40c618e0432bb037d08723b65821f6223509e8b4033a4b4190047,60.17065,24.93641,000000000f4919c9,23.56
13685,2019-08-01T09:06:37Z,1dcff36b6f83b08b6ea87c1c1018c542c270299839908ca446dffb39,60.16762,24.95415,000000006b44cce7,9.12
13686,2019-08-01T09:06:37Z,1e3044c19f6913531b6dd4bccb88ad02c1b39192513ccffa05444edb,60.1538,24.95595,0000000038bf9618,14.89
13687,2019-08-01T09:06:37Z,1e3af5697f0a2ae45f261da79e4ba71c868dc4d78008bd1995fe6259,60.16448,24.97323,0000000053c6c2be,18.79
13688,2019-08-01T09:06:37Z,1e6029f749dce72746f03dcc61a1986b14438610b7ff6a19c8165e6f,60.16829,24.94214,00000000afef4555,16.1
13689,2019-08-01T09:06:37Z,1eadb2c1984aa73c3c2f13eab0a2e793331443c617681e36887f0bcc,60.16629,24.95957,00000000fb7600be,21.87
13690,2019-08-01T09:06:37Z,1eb71232cacfabc37966931f8112e59acabc361048ad25dc2468949f,60.16762,24.95415,000000006b44cce7,12.69
13691,2019-08-01T09:06:37Z,1ecbc7c6afe89033252e5510cbb893666af2b3bc29f555a3a6287fdb,60.14951,24.92138,0000000006dd41f6,4.94
13692,2019-08-01T09:06:37Z,20b37aa6c3ad0dfea9c182498905a450537b0efbbd8563b205e93afd,60.16897,24.95222,00000000aa852af1,9.12
13693,2019-08-01T09:06:37Z,2283762fe3af8329ae65aec44de728da8f383810e9f2a3d3b84fa031,60.16897,24.95222,00000000aa852af1,23.56
13694,2019-08-01T09:06:37Z,22ac1ab1c590ea19b44c61c42f5e8da29a6acbabf56676527811507a,60.15432,24.9211,0000000019fb59c4,33.81
13695,2019-08-01T09:06:37Z,25479245e5a8b0fe47e2bd590cdd63256d84afd6c164781dc64e527d,60.149,24.9843,00000000fffb8cf0,21.87
13696,2019-08-01T09:06:37Z,2552cb43d7990bde838673115a742078e343ce93f96257728311655d,60.16897,24.95222,00000000aa852af1,21.87
13697,2019-08-01T09:06:37Z,270749ab8e1a83f0dcbf45dc861bcc0e10361d103d7589841787e366,60.16531,24.9442,00000000fdda10fe,16.1
13698,2019-08-01T09:06:37Z,277fcf3cc917a89b46a34e0cf5164a78f5bcc88d92bb45ded60f1a91,60.17065,24.93641,000000000f4919c9,10.78
13699,2019-08-01T09:06:37Z,27b591b33a56a542440b53031a24f42290b0ec1a194af27700b75a3a,60.17918,24.95141,00000000675d5200,8.38
13700,2019-08-01T09:06:37Z,2823bf6afde4a5cc05342c15e7417c9590ba52264be5793bb688faab,60.17065,24.93641,000000000f4919c9,23.56
13701,2019-08-01T09:06:37Z,28d50861d92f962c7a49eabaa524431aebf52870e44b79f77d7167c6,60.17919,24.95181,000000007b5207b6,3.74
13702,2019-08-01T09:06:37Z,29ae3c5c3aeac0c607bc816f7e74c232a40142b79a52c43c7b1ed42f,60.16829,24.94214,00000000afef4555,3.4
13703,2019-08-01T09:06:37Z,2afa9ac588b2c55e8edf99ee96ecaf63451a7ab1e51571b7e2d1d491,60.16762,24.95415,000000006b44cce7,8.38
13704,2019-08-01T09:06:37Z,2c184c9cc9c9a744c6959766a13f23462ffce29c252d073a252b6a7a,60.16762,24.95415,000000006b44cce7,20.28
13705,2019-08-01T09:06:37Z,2c6810efb2565383ca0a554f3c51f3f7905484357f5e00756dbf091a,60.17919,24.95181,000000007b5207b6,17.4
13706,2019-08-01T09:06:37Z,2cd1630b209fe260a2b08554ebbf46b801e6390566ac1d78e6514b11,60.16531,24.9442,00000000fdda10fe,25.36
13707,2019-08-01T09:06:37Z,2f09364857883d78a23aab14ac85e389ce786d0938e13cee655a7dbc,60.16762,24.95415,000000006b44cce7,41.64
13708,2019-08-01T09:06:37Z,2f43b7a683b0d365a46b6259a032813c293472eaedcdbcc3507adee5,60.17919,24.95181,000000007b5207b6,11.7
13709,2019-08-01T09:06:37Z,2f79108a454c0072885ad1447280ed5098d061b229eaae61a8bb67be,60.15432,24.9211,0000000019fb59c4,5.91
13710,2019-08-01T09:06:37Z,2f82b3546af2df53b58cddc668c9aa196554108cdf39120ea40b417c,60.16629,24.95957,00000000fb7600be,4.94
13711,2019-08-01T09:06:37Z,2fb39eae730ec6f291700f841a64aaf680d52a8346399aec6ccb1dbb,60.17065,24.93641,000000000f4919c9,13.75
13712,2019-08-01T09:06:37Z,2ff189e5846383641192cafb595a7a8f77394239ee03aabd1bf3c49f,60.16829,24.94214,00000000afef4555,3.4
13713,2019-08-01T09:06:37Z,312e78d3624e87e1645e7d54f96facd8a2321d6e65a3ef0620fb1d42,60.16531,24.9442,00000000fdda10fe,23.56
13714,2019-08-01T09:06:37Z,32fcb1ab3a9fde533916ca28a0d5b56bbb45fd171dd5bae91f66ec6c,60.16897,24.95222,00000000aa852af1,25.36
13715,2019-08-01T09:06:37Z,33fa4cb82db5b44ffe6e7ae1039635187f90d1df328f8f139da0c693,60.17919,24.95181,000000007b5207b6,6.46
13716,2019-08-01T09:06:37Z,3480c16a6649952c388d8902596e332f018e609b9585f483353ae026,60.17065,24.93641,000000000f4919c9,3.74
13717,2019-08-01T09:06:37Z,34e96c7caa63e7ede8f428b18e8fb556ac235d61a50c9d6ac7ff268f,60.17919,24.95181,000000007b5207b6,5.91
13718,2019-08-01T09:06:37Z,359348d27f82b0270a68e954bff8bde5e1a2a32949c7088f12ce7dc8,60.15133,24.92329,00000000e8a064a4,31.5
13719,2019-08-01T09:06:37Z,3609f484ad7e56259f60a61aba44f22dfca5c8b2564fce7e802ad342,60.16829,24.94214,00000000afef4555,12.69
13720,2019-08-01T09:06:37Z,367b1989198ef11170dd9fcfa7e6ebb5ceb58aab87c613ee1bb86e8c,60.16531,24.9442,00000000fdda10fe,25.36
13721,2019-08-01T09:06:37Z,3685ee6d322dcb2ad0ae181f66c3c5427d4531d7896d2f5f7571bb6d,60.16762,24.95415,000000006b44cce7,8.38
13722,2019-08-01T09:06:37Z,38fb20c6d55b10dd10a39c0fb41ad61297453e25afda81cf32313ae3,60.16531,24.9442,00000000fdda10fe,14.89
13723,2019-08-01T09:06:37Z,39c6456ee66fe96eee3d97cee2a70923cedb3da760bb5d4d413adb9c,60.17919,24.95181,000000007b5207b6,9.12
13724,2019-08-01T09:06:37Z,39e9fa7033887b7ab339887aa68753ff94d4771cda2bb8ff4ea7aa0a,60.17919,24.95181,000000007b5207b6,2.3
13725,2019-08-01T09:06:37Z,3a1afdcf7c2e5a52cdbcbbe29e8281c184037e8720920c6c75bee339,60.15133,24.92329,00000000e8a064a4,14.89
13726,2019-08-01T09:06:37Z,3a38ba36c098f2741d6c5fb5a751fcd074d05d698ac592ca09ab443c,60.16448,24.97323,0000000053c6c2be,21.87
13727,2019-08-01T09:06:37Z,3a7b4023cee4b0d567a123a3d6aff0bc8f94663522bbdf0ea4306607,60.149,24.9843,00000000fffb8cf0,27.28
13728,2019-08-01T09:06:37Z,3a97ae4dcab31eb5e15e5d036d286e9764e25bcf0ad8afcfba854c90,60.16762,24.95415,000000006b44cce7,10.78
13729,2019-08-01T09:06:37Z,3be40c84926a525adbd09eeeb3a12b73b24c633942b2e1fbe8151ac3,60.16448,24.97323,0000000053c6c2be,20.28
13730,2019-08-01T09:06:37Z,3c864716e211395e6a02802fbf80abb7b7c4519243bea4994fca7720,60.16762,24.95415,000000006b44cce7,9.92
13731,2019-08-01T09:06:37Z,3d0437a1d090cd3cad05629e69a61c519aa6218e1b7fb47811e5a4ae,60.16762,24.95415,000000006b44cce7,9.92
13732,2019-08-01T09:06:37Z,3e38f81e326b0b05865281c970ada8f17e15292f3591242542bfb73e,60.16531,24.9442,00000000fdda10fe,23.56
13733,2019-08-01T09:06:37Z,3eea43670f4f29a90ced59c1af122371340275fb61ff8f14c7120658,60.16762,24.95415,000000006b44cce7,13.75
13734,2019-08-01T09:06:37Z,40825cb0d315c92e0e0a73cc8e86c3b763bbf7ce226f112913e05e0f,60.17065,24.93641,000000000f4919c9,18.79
13735,2019-08-01T09:06:37Z,40dc9402556d3dbb11c7f8919225178116092f92d29166bb853a14a9,60.16762,24.95415,000000006b44cce7,16.1
13736,2019-08-01T09:06:37Z,44334c68f3991fe858ac066726e0a884236a5d89fe94d917b48e857c,60.16829,24.94214,00000000afef4555,5.91
13737,2019-08-01T09:06:37Z,4470412c4b059a920f2699fbfb72b261e0847b3e1caa8c71d2edd5a2,60.16448,24.97323,0000000053c6c2be,18.79
13738,2019-08-01T09:06:37Z,44a120ac90dacb4d43fe4d38ee859a1015bcd226ff3d946a1e44c4ca,60.16531,24.9442,00000000fdda10fe,14.89
13739,2019-08-01T09:06:37Z,44e086520907fc0314474823b382bd86a08a7dffc64e851ddd993a56,60.16762,24.95415,000000006b44cce7,7.69
13740,2019-08-01T09:06:37Z,4642dfa1df839f11e64f68bca4e3dce7bde2ff6dd68c54959fcb4788,60.17919,24.95181,000000007b5207b6,18.79
13741,2019-08-01T09:06:37Z,4682d95464cedcc021f38271a51bab9c000762b4acf802070e259ba2,60.16629,24.95957,00000000fb7600be,12.69
13742,2019-08-01T09:06:37Z,47b326b36140cd5bd411fd44f94fc0d134002f2fb80a1912db008417,60.16762,24.95415,000000006b44cce7,21.87
13743,2019-08-01T09:06:37Z,47bd1492244c444d45674eb48dd2e6f222cb109d820ba807c4e18c1a,60.16629,24.95957,00000000fb7600be,13.75
13744,2019-08-01T09:06:37Z,48c0ea6615ac4c02fc9bc0e06f9ea9309f9bf7e73b4324d7a6b14610,60.16829,24.94214,00000000afef4555,12.69
13745,2019-08-01T09:06:37Z,497d535ffc7af13ad6527c1139af3451abb3584a2490e3c470f73f9d,60.16762,24.95415,000000006b44cce7,18.79
13746,2019-08-01T09:06:37Z,49bbad87e4d6cd03bdb073bde7be91193d74d29943badce7fc536916,60.16448,24.97323,0000000053c6c2be,6.46
13747,2019-08-01T09:06:37Z,49df780a7f20a99ad2810fa4bbb46b5fac9bc5cbe3fc800cd572f63a,60.14947,24.91438,000000004ef3150d,13.75
13748,2019-08-01T09:06:37Z,4ade4f0d92c6157a42d7fd8e353d1c93551324ba47cc134b840a6c63,60.16897,24.95222,00000000aa852af1,8.38
13749,2019-08-01T09:06:37Z,4afcc27c652d3d50a44d060f84e33dd4b17529d982928dae936cf10f,60.16448,24.97323,0000000053c6c2be,21.87
13750,2019-08-01T09:06:37Z,4ba529eeafb27285cbbade6e5ece0d4d04bd2d13c98b27a5d17abd22,60.16897,24.95222,00000000aa852af1,3.09
13751,2019-08-01T09:06:37Z,4e262a07e1ea47350f808684444d1d8b3f223288fb219cca9f12af23,60.1538,24.95595,0000000038bf9618,23.56
13752,2019-08-01T09:06:37Z,4f609afde0ba5cb017ba3c549bdd11ff322a2e0227a0f11a9d112220,60.16762,24.95415,000000006b44cce7,9.12
13753,2019-08-01T09:06:37Z,4f9125edf503fe3cb0ba1e1221fe6a67aafd99fcd89fd92d2bf20e97,60.16897,24.95222,00000000aa852af1,20.28
13754,2019-08-01T09:06:37Z,4f93c5c493e876fd65b50774e1c92d808bcddb72337905c0c6bb385b,60.16829,24.94214,00000000afef4555,29.32
13755,2019-08-01T09:06:37Z,4fb4a3650a2a28469dde9c537458d24411aa6075666e047dd756fba9,60.17919,24.95181,000000007b5207b6,14.89
13756,2019-08-01T09:06:37Z,5001aabb6808b9fd96b705d1ebe8e7aca52713c2640100d81879dd86,60.17919,24.95181,000000007b5207b6,3.09
13757,2019-08-01T09:06:37Z,504f910a0bd104a130b85d0c50467a15e74dc950bcc9eac3ebecc43e,60.16531,24.9442,00000000fdda10fe,13.75
13758,2019-08-01T09:06:37Z,51ec42fdd85671ae93876c3d875b24e56cb45699e9c3d2b623dca70d,60.16762,24.95415,000000006b44cce7,8.38
13759,2019-08-01T09:06:37Z,529623421e226c215bcca0b1388813e291d3d13ed1d8465f0ab69147,60.16629,24.95957,00000000fb7600be,13.75
13760,2019-08-01T09:06:37Z,52d04561c07e0aab4f89e343cff0691d714ec5284ffb9a71954c93d8,60.16762,24.95415,000000006b44cce7,11.7
13761,2019-08-01T09:06:37Z,5372348389197e6c4bc4c5e3dab047e7384d562220e6295904bbda1b,60.17065,24.93641,000000000f4919c9,2.3
13762,2019-08-01T09:06:37Z,53fb53be4440aecb1a1fa63a9da1db08182cc7e252da14685e63373d,60.16762,24.95415,000000006b44cce7,8.38
13763,2019-08-01T09:06:37Z,54b89ed12e25892c9160e029a0379d61425b88db1aa30b06f9ea2d8b,60.17002,24.94407,000000006b087f40,17.4
13764,2019-08-01T09:06:37Z,54bd709173219e8017f317b63ecc83d0a48f64542e6fa1b83c86a56c,60.17919,24.95181,000000007b5207b6,14.89
13765,2019-08-01T09:06:37Z,556cae6b2e2dec6fe691a835e8e08bd016b1a65797c0aca46879329f,60.17919,24.95181,000000007b5207b6,6.46
13766,2019-08-01T09:06:37Z,559429bba23762a872fc7b1e2219d42125ab101e4355d43fdb94ed7b,60.17919,24.95181,000000007b5207b6,12.69
13767,2019-08-01T09:06:37Z,559e6a5225ce35ab844c63ea0d0c1695dc490a3d9cfbafa5d35ac8d8,60.14947,24.91438,000000004ef3150d,14.89
13768,2019-08-01T09:06:37Z,57ce2ff7da47050689b3a97be36b0e0f481dc4e87d42df594f74bc2c,60.16829,24.94214,00000000afef4555,21.87
13769,2019-08-01T09:06:37Z,5830a481876da00686f25b17dad06258a39212c0816ed04dda2df1bd,60.16531,24.9442,00000000fdda10fe,17.4
13770,2019-08-01T09:06:37Z,584cb0b0cdd14e608c8b57c8aecc9826f9b40027e365e2438a444ea2,60.16762,24.95415,000000006b44cce7,9.12
13771,2019-08-01T09:06:37Z,5865a27b5b56a60bca38e4a1403655e3e7fd0232a3ff2079965aff81,60.15432,24.9211,0000000019fb59c4,5.91
13772,2019-08-01T09:06:37Z,58754229cd3381042c5ffda79c0108c5f77aa1f0f6d1468b9cb42b4c,60.16829,24.94214,00000000afef4555,18.79
13773,2019-08-01T09:06:37Z,5978726eeef638856dafd3a8d199287f8daf9e90ddde750b402f8bb0,60.17065,24.93641,000000000f4919c9,0.59
13774,2019-08-01T09:06:37Z,5a34b02faac3189217466888ef1d31cc80f721ac2f18638c5db88d53,60.14947,24.91438,000000004ef3150d,12.69
13775,2019-08-01T09:06:37Z,5a8d671a78b976d212d9746d88b9a754a2d9c8341c529e88b7c6b8f4,60.17065,24.93641,000000000f4919c9,16.1
13776,2019-08-01T09:06:37Z,5b87e95c530abdc4b86908a134da58f9ddf2a72683102dcad78799da,60.16531,24.9442,00000000fdda10fe,31.5
13777,2019-08-01T09:06:37Z,5c1f71098d5d7258d2971061c791c94e0138c8e02225c5f60d6a0428,60.149,24.9843,00000000fffb8cf0,17.4
13778,2019-08-01T09:06:37Z,5daa76852f3e1be6c75fa2185d5787ab9010cf83d6671515769a8649,60.16531,24.9442,00000000fdda10fe,18.79
13779,2019-08-01T09:06:37Z,5e2c5c20c88ccf362ed8749d1ddc041b1cb1c38d8dbeac7870179322,60.16629,24.95957,00000000fb7600be,6.46
13780,2019-08-01T09:06:37Z,6072bfb496e2b8a999c9edbda5b76fbc0e783ff2a439c4e6c881fabf,60.16829,24.94214,00000000afef4555,17.4
13781,2019-08-01T09:06:37Z,619c5b31af2a28703a837cc7974ef0d2c5bb6584ba0fcc03076218ac,60.17002,24.94407,000000006b087f40,12.69
13782,2019-08-01T09:06:37Z,61f53bab9eb8d4ebb57a9aaea9ccecc63dbf2a442c4d629c5348903f,60.16629,24.95957,00000000fb7600be,21.87
13783,2019-08-01T09:06:37Z,626bf35ce16dba1054cfd175d09475d3ee751bf70e56f984ff5c7ab6,60.15133,24.92329,00000000e8a064a4,20.28
13784,2019-08-01T09:06:37Z,63ff2439779051005c18876d20ed53ce060c1de9d7976821bd518fc6,60.15432,24.9211,0000000019fb59c4,17.4
13785,2019-08-01T09:06:37Z,65b6b62b547e11e10f7f83ad497446bee2bb9653097d9d62e9b1b817,60.17065,24.93641,000000000f4919c9,5.91
13786,2019-08-01T09:06:37Z,674355e17da9460e58566497be518f2eb537880c67c788fedb5067db,60.16629,24.95957,00000000fb7600be,12.69
13787,2019-08-01T09:06:37Z,67cf7d2881080aa59ed36a6d88ea1946d17e9d1d5e1ad9eee1851969,60.18203,24.91341,00000000342570c2,13.75
13788,2019-08-01T09:06:37Z,685af6b01bd180194d718801bb8b9c9de22050cc392d6c6441fe986b,60.18203,24.91341,00000000342570c2,11.7
13789,2019-08-01T09:06:37Z,68d7ad8fab31b3c5967a814376d0ddc6cf42e1db0d9e09dfbba169bd,60.16762,24.95415,000000006b44cce7,18.79
13790,2019-08-01T09:06:37Z,69e2854c78a472b462941ef730aa9fa7a9dba9c1cc22996396d4c78a,60.17918,24.95141,00000000675d5200,12.69
13791,2019-08-01T09:06:37Z,6adce4d05e58232a97635a2fd7918e4e49d9295afc0989d727f9c712,60.17002,24.94407,000000006b087f40,14.89
13792,2019-08-01T09:06:37Z,6d56491192fa27047948db939f9876a2ce68a0ea1413bd8ce174e0e0,60.16762,24.95415,000000006b44cce7,16.1
13793,2019-08-01T09:06:37Z,6d5a8ded89f26533ed851d1a0894f0d9045e9cd4baed439f7d9a922b,60.16629,24.95957,00000000fb7600be,17.4
13794,2019-08-01T09:06:37Z,6d98ac1fea7056e5b96d6095caf0e3677a4ec30e9fbcc2e50ae1cf65,60.16629,24.95957,00000000fb7600be,10.78
13795,2019-08-01T09:06:37Z,6dca84ddf4be668487766d17c5d13961ed713d24032f709ae87a497f,60.16829,24.94214,00000000afef4555,25.36
13796,2019-08-01T09:06:37Z,6dd5463e670c352180c1e912300e21e59f5e2976266df8c3c92b0baf,60.16829,24.94214,00000000afef4555,16.1
13797,2019-08-01T09:06:37Z,6e80fcea10d21e1d5e672b554c0f3fe686dc58934f38c3391fd5c262,60.17002,24.94407,000000006b087f40,16.1
13798,2019-08-01T09:06:37Z,7003a7f6a5523b645634f014e04bea36016953a8af9324e35602bc2e,60.14947,24.91438,000000004ef3150d,14.89
13799,2019-08-01T09:06:37Z,701dc50417b28dba15ad9ff809844f1766b6579389a2e5ebb0562635,60.16629,24.95957,00000000fb7600be,29.32
13800,2019-08-01T09:06:37Z,704c3f3075f13713c363014fa828e4a932e7a05676813b9963a1e554,60.17919,24.95181,000000007b5207b6,2.54
13801,2019-08-01T09:06:37Z,70d391038ec56b63a3737605c2c1db6ffbdca8e4490691776dc993f1,60.16829,24.94214,00000000afef4555,1.12
13802,2019-08-01T09:06:37Z,71b01bb8b8e877dc9ca40e756f441571d12ee3311a945417e8aaa116,60.16762,24.95415,000000006b44cce7,8.38
13803,2019-08-01T09:06:37Z,7226031f97fb041caef264f1911df0305fd803a368ddc488fd98a06b,60.16448,24.97323,0000000053c6c2be,25.36
13804,2019-08-01T09:06:37Z,72439a1f997fd347d46394f31f5789edc877fe61ca34fcd31f9150b1,60.18203,24.91341,00000000342570c2,20.28
13805,2019-08-01T09:06:37Z,728325161f4ed691db3460f87a25ed4713580e50a53fd36dd265957f,60.16531,24.9442,00000000fdda10fe,12.69
13806,2019-08-01T09:06:37Z,7292a4a47ed655e0ce0ead026bb0ae4b8093342f87a9aed5665c1456,60.16762,24.95415,000000006b44cce7,14.89
13807,2019-08-01T09:06:37Z,74ba75dad2ea927fc314c0fbb84543052db70630f09f9447902fbd58,60.16762,24.95415,000000006b44cce7,23.56
13808,2019-08-01T09:06:37Z,750297d0d8ff0ca837d9c2289c26302d62f38708617150431ab14509,60.16531,24.9442,00000000fdda10fe,27.28
13809,2019-08-01T09:06:37Z,7563b91d728fe470bc4d89aa18128a87b92c747336dd2c70cfbf9e84,60.1538,24.95595,0000000038bf9618,23.56
13810,2019-08-01T09:06:37Z,7700297fec4982ad776529835e2ab46d4e5cbc889e26f368c19efeef,60.16829,24.94214,00000000afef4555,6.46
13811,2019-08-01T09:06:37Z,774131d73accbbb31ec3c43c3501b7969645eb65df1839ca8116526e,60.15432,24.9211,0000000019fb59c4,5.41
13812,2019-08-01T09:06:37Z,7803e2d46157a5482e745447d4c2c332fbd818d87a20b0f6187c628d,60.17065,24.93641,000000000f4919c9,25.36
13813,2019-08-01T09:06:37Z,7a9e9c23e9d691adcd677be9ac9ca68f7e35915fbf5da7c6c8d270fa,60.17002,24.94407,000000006b087f40,25.36
13814,2019-08-01T09:06:37Z,7c1534082e86ff4387878d813207626d8f728aa26b97248e00a3b8d7,60.16629,24.95957,00000000fb7600be,14.89
13815,2019-08-01T09:06:37Z,7cd51189de07d01882cf0a9346f0830a9b21764875334d45e143fbd5,60.17002,24.94407,000000006b087f40,20.28
13816,2019-08-01T09:06:37Z,7d12711d47425111a6dce413faa867542b9532f3b9c5a934b37a0bc8,60.17918,24.95141,00000000675d5200,18.79
13817,2019-08-01T09:06:37Z,7d415f4fd9093fb383b4ebb88961ad74e6a00d3ece39504712dad639,60.17918,24.95141,00000000675d5200,16.1
13818,2019-08-01T09:06:37Z,7e2e3d07c939e3e76e7ce87678faf64e056afe54215e00488839100f,60.14947,24.91438,000000004ef3150d,20.28
13819,2019-08-01T09:06:37Z,7eb4a715919b3eb4085270535ce4d7b57112591ad7242eb189bf652a,60.17065,24.93641,000000000f4919c9,11.7
13820,2019-08-01T09:06:37Z,7efa1cf3118062946e8958e89ffe767322a7bbf0d35d9d76b711e3b5,60.16762,24.95415,000000006b44cce7,9.92
13821,2019-08-01T09:06:37Z,7f59aaecea1eee6c703ec5d46d67b44289ddedf080defee495b73739,60.14947,24.91438,000000004ef3150d,14.89
13822,2019-08-01T09:06:37Z,7faf8705e89a761625aaed50b89538581e25d5950ec8f051d36ed829,60.14947,24.91438,000000004ef3150d,14.89
13823,2019-08-01T09:06:37Z,809bf2d7a0745ae512b934a578fd5fd47c13c5398b6d06ad350b9e7c,60.14947,24.91438,000000004ef3150d,17.4
13824,2019-08-01T09:06:37Z,82b78c2220aee81a2744ddfaf7ed29663888987dba6b7cdda05731d9,60.14947,24.91438,000000004ef3150d,14.89
13825,2019-08-01T09:06:37Z,82bab0a1bfd11576cf62159546b756e1da44125c76909e270ced391b,60.16897,24.95222,00000000aa852af1,16.1
13826,2019-08-01T09:06:37Z,8524898e498c83bde4bc1848aa2b372da84e7b2266f36aabe128cc27,60.17919,24.95181,000000007b5207b6,16.1
13827,2019-08-01T09:06:37Z,85bdce5b262dbd94adcff03e6cad26a1152828b6ab27e6fdd56b2b13,60.16762,24.95415,000000006b44cce7,3.09
13828,2019-08-01T09:06:37Z,86e7584bf95733cef59d74bb4955881e99dc86b73a0d5b4e3ef58b50,60.18203,24.91341,00000000342570c2,16.1
13829,2019-08-01T09:06:37Z,880f9cbb91b9caf48ea9c5dd1a0c8e1db72922b6dfcb647b102fc469,60.16629,24.95957,00000000fb7600be,10.78
13830,2019-08-01T09:06:37Z,88c2bc6310f27465b9f08b28fb52075d7703ce7b097e5beb37c7437c,60.14947,24.91438,000000004ef3150d,14.89
13831,2019-08-01T09:06:37Z,893080d82bb28aa3ab91e41ddd4569086c8135ade7be10aa644fca95,60.17065,24.93641,000000000f4919c9,25.36
13832,2019-08-01T09:06:37Z,898cde3317c73907bb23b1b885828c4bf3187c3a757a18dc32abe970,60.16762,24.95415,000000006b44cce7,7.05
13833,2019-08-01T09:06:37Z,89aeff56a0700534bbf2dfd19fc298f5a890c95e1a45b6ca7ad3c33a,60.16829,24.94214,00000000afef4555,16.1
13834,2019-08-01T09:06:37Z,8b789024cc2e6b2143ce205690fe87cbdb761aa292e434010176906d,60.16629,24.95957,00000000fb7600be,25.36
13835,2019-08-01T09:06:37Z,8c2c35fb6ebc0f07014a3291523f291bea82160dee13d091314cde65,60.16762,24.95415,000000006b44cce7,7.69
13836,2019-08-01T09:06:37Z,8c571538c285dba9d77edacfb1829b282d54b772b62209c6e4004237,60.17919,24.95181,000000007b5207b6,5.91
13837,2019-08-01T09:06:37Z,8d5e893f77b3d167ebefad4ecab181fea08513599a6f9450f0b9a827,60.17919,24.95181,000000007b5207b6,18.79
13838,2019-08-01T09:06:37Z,8e20d0d67339e3cf43e77c3a340d9dc6766de8d079197a08a1343ff0,60.17065,24.93641,000000000f4919c9,27.28
13839,2019-08-01T09:06:37Z,8ff363623484e942b5555694468900717744f957e1a6221903490bac,60.16762,24.95415,000000006b44cce7,20.28
13840,2019-08-01T09:06:37Z,90a44cbd1a957cc59a6986cff9b6b7b8e151d379e17da645069428b8,60.173,24.92524,0000000096918cfa,20.28
13841,2019-08-01T09:06:37Z,941e13893853105c86bfbc6d31d62274937602143ce3bb530c8c17ed,60.17918,24.95141,00000000675d5200,14.89
13842,2019-08-01T09:06:37Z,99a026b5100e23129fa529e9a57a3dbc8490dc03b58f2193f03e2dcf,60.14951,24.92138,0000000006dd41f6,5.91
13843,2019-08-01T09:06:37Z,99f242a3c3e8ef2df75069f2ee802ecf75bc01317cde7e909ac73f66,60.16531,24.9442,00000000fdda10fe,29.32
13844,2019-08-01T09:06:37Z,9abbc86fb0fc1c0532042814af76a97e6a17121831d4394749a290a6,60.16762,24.95415,000000006b44cce7,5.91
13845,2019-08-01T09:06:37Z,9b3e6848d8b34e802134d6da0e5a594897ec3fafbbf08b6d0b84068e,60.17919,24.95181,000000007b5207b6,2.54
13846,2019-08-01T09:06:37Z,9bdb503344071eddd74d821f537246d8a6c19468b05d38d0170377f9,60.16897,24.95222,00000000aa852af1,14.89
13847,2019-08-01T09:06:37Z,9bef8b28ea93ecaee57d05b037edbfe7f80014aaf56343345fedd7be,60.17919,24.95181,000000007b5207b6,9.92
13848,2019-08-01T09:06:37Z,9ce214896068957a21bc57af08680d84debbd091b49ad5e6402c4cc8,60.16629,24.95957,00000000fb7600be,14.89
13849,2019-08-01T09:06:37Z,9dfecc3e26cb27e4b80721e355ef0d6cb182ac2eebf66b006e2d9f8e,60.149,24.9843,00000000fffb8cf0,20.28
13850,2019-08-01T09:06:37Z,9e343a150f07bb3dcce5ecab8ac061b84d65b347b1af5a232e00eeb6,60.16829,24.94214,00000000afef4555,10.78
13851,2019-08-01T09:06:37Z,9eee6d740f1d483c484d02f0995f35550c09e6a8cf01f02680db5efc,60.16448,24.97323,0000000053c6c2be,18.79
13852,2019-08-01T09:06:37Z,a04214b56cac7d70680703ee6a28fac742f3c3190b55b46a79c1f76d,60.149,24.9843,00000000fffb8cf0,21.87
13853,2019-08-01T09:06:37Z,a09607edc17117a3069b79434e751f93a2a00d0d6f9aceb043e32074,60.16762,24.95415,000000006b44cce7,11.7
13854,2019-08-01T09:06:37Z,a0af15cb8910790ac8af904ddf7b0dbf5ef778ba6dd3b3e690926089,60.16762,24.95415,000000006b44cce7,11.7
13855,2019-08-01T09:06:37Z,a1049deed97cd1989c882cb47bb39f0d93d1fddbac4e9307e8a4249e,60.16544,24.95398,0000000038d83d41,23.56
13856,2019-08-01T09:06:37Z,a2333053951d093ef490bcc3b9455fa0ed512421b5b597602785ab28,60.16531,24.9442,00000000fdda10fe,25.36
13857,2019-08-01T09:06:37Z,a2e761fd97d8bdf78601300822b531e306b9ab7a1a43b6bfb07eba52,60.14947,24.91438,000000004ef3150d,7.05
13858,2019-08-01T09:06:37Z,a38c11c450b472b9dad2f076e2d9a63651292d3de806331d06af7f46,60.16531,24.9442,00000000fdda10fe,14.89
13859,2019-08-01T09:06:37Z,a403dc1eebc5d130e12a4c3e4298737c9e00b25b1b6b2cc36a6979c9,60.16629,24.95957,00000000fb7600be,6.46
13860,2019-08-01T09:06:37Z,a4b9f871dcc986c95f1e84fe203bb392ba0fe13164d89119bda2c94a,60.16762,24.95415,000000006b44cce7,8.38
13861,2019-08-01T09:06:37Z,a6d010615b0732a971c180467cd17865327688c7e6c60628c3d452d3,60.16762,24.95415,000000006b44cce7,7.05
13862,2019-08-01T09:06:37Z,a6d0dd9de406b1201a4e438ec7c5f4a467f38c41e2dec42ff6c71d50,60.16897,24.95222,00000000aa852af1,11.7
13863,2019-08-01T09:06:37Z,a786eb3b8a25c58099a428799e99d0b86401f803ee38d3e5d20e59d3,60.15432,24.9211,0000000019fb59c4,12.69
13864,2019-08-01T09:06:37Z,a808962cb511e5ed2d23e6e33efe252b1be29dc1d2f7c6154817f04f,60.16448,24.97323,0000000053c6c2be,16.1
13865,2019-08-01T09:06:37Z,a83415babca8eac00f69a32371a230fdadda29bf40fd69f75cf2e8fb,60.17919,24.95181,000000007b5207b6,9.12
13866,2019-08-01T09:06:37Z,a83703c80a4d58db87327a53b0d3664d23edf7350ff6b0afaa49c530,60.16629,24.95957,00000000fb7600be,16.1
13867,2019-08-01T09:06:37Z,a8ca7fb815e707c04434a085c4f99e783d56372143afc92225eae622,60.15133,24.92329,00000000e8a064a4,21.87
13868,2019-08-01T09:06:37Z,a982f65ed2c57aff3f744dba9f5e9ca929c81c14883516889898f207,60.16762,24.95415,000000006b44cce7,18.79
13869,2019-08-01T09:06:37Z,a9ee2aabbd32919adf0325ca2f2c5f8e0ba801bc168e8756cda957da,60.16629,24.95957,00000000fb7600be,18.79
13870,2019-08-01T09:06:37Z,aa05a7036c3586a79d23f426b78bf158357208bc82d7ddf9a1326dd2,60.16531,24.9442,00000000fdda10fe,20.28
13871,2019-08-01T09:06:37Z,aa5281244780ac8f283c3452639d477cd76e31fc6f0b95b99c51a9b0,60.16762,24.95415,000000006b44cce7,3.09
13872,2019-08-01T09:06:37Z,ab615ee5bbf567aee3505fbb360d09fc6b851f93fb15aef778b57128,60.16531,24.9442,00000000fdda10fe,14.89
13873,2019-08-01T09:06:37Z,abf0be93e7a8aec9fa8284fdbcc2493f32084aa95f15660b23e149c6,60.16629,24.95957,00000000fb7600be,6.46
13874,2019-08-01T09:06:37Z,acbbe4765d72f36b0323407c7dbe43db7b4ad5e2da0a6a9e5966db0b,60.16897,24.95222,00000000aa852af1,10.78
13875,2019-08-01T09:06:37Z,ad22512fd6a5ad9e19fdfad7e02b2793ecb01875be243f894c637ae2,60.16829,24.94214,00000000afef4555,0.13
13876,2019-08-01T09:06:37Z,af67ffa8b538058603b74f48e04ab914e8f6cd450f53c47f8c3d683d,60.15432,24.9211,0000000019fb59c4,7.05
13877,2019-08-01T09:06:37Z,afaed9946dbc1509500c6f80f87eed8fe44a74ba3e14328c6efe3971,60.16829,24.94214,00000000afef4555,17.4
13878,2019-08-01T09:06:37Z,b09e9bb62cc49c085c1aee3b752af1bec69dabc939323e5733f73933,60.17065,24.93641,000000000f4919c9,23.56
13879,2019-08-01T09:06:37Z,b25339bfcf356e1460eec7d6494ab8fa8fe2ee363afb6496ab1a1fb9,60.16829,24.94214,00000000afef4555,14.89
13880,2019-08-01T09:06:37Z,b32d22dd18cf9161a46f185f162147d8f4d9f2f6e1d121c3e5b0714e,60.16629,24.95957,00000000fb7600be,23.56
13881,2019-08-01T09:06:37Z,b32e57a6f5865a23d7a0e9fa346d5ec4e975f99c4df815fe8b1449b2,60.17919,24.95181,000000007b5207b6,13.75
13882,2019-08-01T09:06:37Z,b3d94dfd4a1393ebe6b450d53a8c1c172707ab9ae1ab42b50b5b31df,60.16829,24.94214,00000000afef4555,12.69
13883,2019-08-01T09:06:37Z,b50a45ac0708e7b5cca42f3458430eb22ff70a81c575bafe99ffda23,60.17002,24.94407,000000006b087f40,8.38
13884,2019-08-01T09:06:37Z,b5603e758440226e490d1d7d7271a7b0d5c261eccbad198f81110136,60.15432,24.9211,0000000019fb59c4,3.09
13885,2019-08-01T09:06:37Z,b6c43126ca83e916a68e57d0178060c24fc61305836b6c8f188f7285,60.17919,24.95181,000000007b5207b6,12.69
13886,2019-08-01T09:06:37Z,b8fb70225ee0a2d655e2809da07a2f8cd2feb7295aa256f8b35fcf1e,60.16629,24.95957,00000000fb7600be,5.91
13887,2019-08-01T09:06:37Z,bb2187a4e20012ad694c768ef2c47c9a9055671024ebf4855d4e6243,60.16531,24.9442,00000000fdda10fe,1.54
13888,2019-08-01T09:06:37Z,bc6d5082ca52e6dae7a1689a835434f3f6341e90afea565480eb9674,60.16829,24.94214,00000000afef4555,9.12
13889,2019-08-01T09:06:37Z,bc82f76c979de19b559e9e3aa0cd6cbf5ac361e2d7b1ac9f81fe2f4f,60.17919,24.95181,000000007b5207b6,7.69
13890,2019-08-01T09:06:37Z,bd17e41f002acd238070518ccfb611a42561023ceaefde667bf6fa55,60.17002,24.94407,000000006b087f40,13.75
13891,2019-08-01T09:06:37Z,bd23c66c4df0bd849266a4429a24f23f2c9503cf31eb0cd9780248e6,60.18203,24.91341,00000000342570c2,29.32
13892,2019-08-01T09:06:37Z,be0aec7d0615ab2d3b044d4d86b1cc0c2e35603c8195665e854c25ae,60.16829,24.94214,00000000afef4555,13.75
13893,2019-08-01T09:06:37Z,be12d6aaccf354197284a8c92b960bd6a4e1705f7d948823e7891fde,60.16762,24.95415,000000006b44cce7,4.5
13894,2019-08-01T09:06:37Z,c15da9ed244b57a27a083919c67d0edde078a31b18cb58f13581f173,60.1538,24.95595,0000000038bf9618,12.69
13895,2019-08-01T09:06:37Z,c1674c59c49d5bf74e6808239a91d18a04e47697d298bc61a7618af2,60.16448,24.97323,0000000053c6c2be,13.75
13896,2019-08-01T09:06:37Z,c19294a0a6dd80604d1435e92cecc363af55f32ef9d41af8b67687e2,60.16897,24.95222,00000000aa852af1,18.79
13897,2019-08-01T09:06:37Z,c1bf1bf699e9bc78ca15c9490d1ef02e3323f0c2c76bf0fca7955a69,60.14947,24.91438,000000004ef3150d,20.28
13898,2019-08-01T09:06:37Z,c33f45721a01e84b9488b1f9b3b7d5ee5b3450e70eb4b9da508e1a94,60.18203,24.91341,00000000342570c2,21.87
13899,2019-08-01T09:06:37Z,c434f18b802a764aad7a2dfb46e93546acb1b0975cf9b93fd47363f6,60.15432,24.9211,0000000019fb59c4,2.8
13900,2019-08-01T09:06:37Z,c55f651c108f569fe59364de834d31b122908186d2f95d20ed519564,60.16762,24.95415,000000006b44cce7,12.69
13901,2019-08-01T09:06:37Z,c65c11ee6e8b5894ead3ea9b007a39127edb65a67be253aca6f78ed0,60.16448,24.97323,0000000053c6c2be,25.36
13902,2019-08-01T09:06:37Z,c872af9997af535c4615ee0b4194c7c8d644b7962afb3ca321eb386f,60.15133,24.92329,00000000e8a064a4,21.87
13903,2019-08-01T09:06:37Z,c8b9856a261673c3360915cd9a4dabb4afe22b63a86d7f59f7dc5f20,60.17002,24.94407,000000006b087f40,18.79
13904,2019-08-01T09:06:37Z,c8be2c26d4f0c9d399f32e84d95487a2644ffcb62681165be3d36a02,60.16762,24.95415,000000006b44cce7,16.1
13905,2019-08-01T09:06:37Z,c8df45d222b573af5441c1ec32616df82891a813c9217002a9d60846,60.16829,24.94214,00000000afef4555,13.75
13906,2019-08-01T09:06:37Z,c98bce1cc275ed0a1b833011f8cd251ac848fdc84501fe87eb8b5d54,60.17918,24.95141,00000000675d5200,17.4
13907,2019-08-01T09:06:37Z,ca7719c7cd8d4496b666f608fc07ba9930e362a0b2d96890b0778618,60.16629,24.95957,00000000fb7600be,8.38
13908,2019-08-01T09:06:37Z,cccf3ba2a9d11b9330c18af8064a20aca9995473495bf119162a1619,60.16897,24.95222,00000000aa852af1,12.69
13909,2019-08-01T09:06:37Z,cd24d4831d3c3e8dad5e555b47528aa6b11e307b2882be4f65dd4076,60.17002,24.94407,000000006b087f40,17.4
13910,2019-08-01T09:06:37Z,ce7de55c7709396c70ce5930097e84449a4889700e605a0b062aaeae,60.16531,24.9442,00000000fdda10fe,27.28
13911,2019-08-01T09:06:37Z,cf061f5093c857b2efc346d3ad51fd17cca7eb360060ba7875630cf5,60.16897,24.95222,00000000aa852af1,8.38
13912,2019-08-01T09:06:37Z,cf823e18aa21de251222a9ab70c1b76b6218dea694752d56f6f84082,60.149,24.9843,00000000fffb8cf0,20.28
13913,2019-08-01T09:06:37Z,cf9455daa4877b79636eca3ae57056b08dfc0b42f107cedb6f5a3f16,60.16829,24.94214,00000000afef4555,5.41
13914,2019-08-01T09:06:37Z,d062562fed5ad0a61560e267310beb0b717d2a1e2a11d1d575507861,60.16897,24.95222,00000000aa852af1,12.69
13915,2019-08-01T09:06:37Z,d0e607248d8728deb0b1b4f29fda6d8cd954a8c837fdebf9df54dc02,60.14947,24.91438,000000004ef3150d,29.32
13916,2019-08-01T09:06:37Z,d16e16def718519430296afa23976c226aaf720722bce3d92a2aad43,60.14947,24.91438,000000004ef3150d,12.69
13917,2019-08-01T09:06:37Z,d2565986030ddea596554d64d126e84d618ce72222ab6888c3debf59,60.16448,24.97323,0000000053c6c2be,31.5
13918,2019-08-01T09:06:37Z,d29a5ebd00326d5dedb6c60cab75fd238bdaa9d7f703f6b5974edbc7,60.16762,24.95415,000000006b44cce7,9.12
13919,2019-08-01T09:06:37Z,d31d6921eee92503b486a1b30f5330581c4744a82e6549f375544846,60.17919,24.95181,000000007b5207b6,14.89
13920,2019-08-01T09:06:37Z,d562afdedae521be241c98441e436608a323fdb944dedc24c835e762,60.17065,24.93641,000000000f4919c9,5.41
13921,2019-08-01T09:06:37Z,d653ef8368d33df4fc7edeb5a381d5826be1471f1470aa9744d47901,60.173,24.92524,0000000096918cfa,3.74
13922,2019-08-01T09:06:37Z,d65b8625c1f24304ff0e3c4a4dce7aa5d434d36be87be41834a49420,60.16531,24.9442,00000000fdda10fe,6.46
13923,2019-08-01T09:06:37Z,d6e217c6592e449e2390b1a874e08cbc9126116901dbdbf84501c6b8,60.17065,24.93641,000000000f4919c9,17.4
13924,2019-08-01T09:06:37Z,d74ea3c9e0aaa523c791aa01f4f9a7c1c43f01f585dc4146b19edf83,60.17919,24.95181,000000007b5207b6,4.94
13925,2019-08-01T09:06:37Z,d87c4d5dc2cd620de54fdd076d4f9b35245053d65b644d9e01f558b5,60.16762,24.95415,000000006b44cce7,9.12
13926,2019-08-01T09:06:37Z,dad9f0b8c733353e175a84c9ba4668db5e0974fe1e87754e1fee9084,60.16829,24.94214,00000000afef4555,23.56
13927,2019-08-01T09:06:37Z,dbedd81db3d59ee0c6948187e396a34e2fa5dd6670cf8d862bf5e1ff,60.16762,24.95415,000000006b44cce7,8.38
13928,2019-08-01T09:06:37Z,dc00d45c0dd506326fb4dd3692d409df80cb3d871341ffff720dc834,60.16762,24.95415,000000006b44cce7,11.7
13929,2019-08-01T09:06:37Z,de97d4b1b05003191faf8bb5c1bed80b82fffa5d137f8921eec195e5,60.16897,24.95222,00000000aa852af1,25.36
13930,2019-08-01T09:06:37Z,deb8a213e1b4930e676ee8fdb394161ec46adb785171fa37437b4d44,60.15133,24.92329,00000000e8a064a4,17.4
13931,2019-08-01T09:06:37Z,ded712413bfc7de58a469fab75498089b2c3c6b5e0c9cae260102284,60.16829,24.94214,00000000afef4555,16.1
13932,2019-08-01T09:06:37Z,e0fe7fe5854899c0eb42b75b300339808143419404558ed4d00b0f17,60.17918,24.95141,00000000675d5200,8.38
13933,2019-08-01T09:06:37Z,e234769b1ce1634554f5fa4a290d11b2a30c3dfd009d4c39a2e9dd3d,60.17065,24.93641,000000000f4919c9,27.28
13934,2019-08-01T09:06:37Z,e294dde431d68c7b73efcf1f9b916e40bf408111c79228032c7830a4,60.16544,24.95398,0000000038d83d41,17.4
13935,2019-08-01T09:06:37Z,e2bb0ae74deee6cbc4f50c5f85da3f1779ca1db1ae7ff48ab4b33dbc,60.17919,24.95181,000000007b5207b6,7.05
13936,2019-08-01T09:06:37Z,e2f445c6711e0e7d48a6a045bec347587f9f398e8928a171cfa2ca38,60.16762,24.95415,000000006b44cce7,8.38
13937,2019-08-01T09:06:37Z,e508e239ba2ca68b34ad5074f3d7b013e72f6f7df36eb6cdf545be78,60.16762,24.95415,000000006b44cce7,13.75
13938,2019-08-01T09:06:37Z,e528235be3e5cc4945024d50d1ed43061e2e2f2845f2b41e081e1721,60.17919,24.95181,000000007b5207b6,27.28
13939,2019-08-01T09:06:37Z,e5cad8bb9a6c8dcc067948d7f869033aca5bdd062da175c8734092e6,60.17919,24.95181,000000007b5207b6,4.94
13940,2019-08-01T09:06:37Z,e60dfd6fdae0694da3bbaca41506bcb6ca5f3ac39a1801d84a65751e,60.16762,24.95415,000000006b44cce7,21.87
13941,2019-08-01T09:06:37Z,e73dcccbc4dd6af49316f19a34c347cc94ff7ab079a93a2672d78a16,60.14947,24.91438,000000004ef3150d,29.32
13942,2019-08-01T09:06:37Z,e7c92f07271c58076a3543568856a6941512c32291b7e9ce8dbcece1,60.16762,24.95415,000000006b44cce7,10.78
13943,2019-08-01T09:06:37Z,e8add7e8346b99cd4b67924113f3763441a1899897c6d1ac3a1a40a6,60.17919,24.95181,000000007b5207b6,13.75
13944,2019-08-01T09:06:37Z,e8ed8051f57ad9d9029a5e3b443c5e93e5059f8c487ba45e2583d35a,60.16829,24.94214,00000000afef4555,20.28
13945,2019-08-01T09:06:37Z,e9064a62fac257836cb6fbcf0d84fab1ebdfa46bd6734632f1e6f116,60.16829,24.94214,00000000afef4555,18.79
13946,2019-08-01T09:06:37Z,e979a153601f7520f54d4733fe91f75f154c8f1c08dc3408dbba5345,60.15432,24.9211,0000000019fb59c4,11.7
13947,2019-08-01T09:06:37Z,e9e1a66ce9f699fc1713bb44cd67a332f584f0c51d18774fc72b8eea,60.16762,24.95415,000000006b44cce7,10.78
13948,2019-08-01T09:06:37Z,ea1b1a8ba1c01fdd1e098c585b133fc3d60f7c2458e7c2726e2df8ee,60.16629,24.95957,00000000fb7600be,16.1
13949,2019-08-01T09:06:37Z,ea3f8412ed9c4d92448688dd9cc7ff9e3eeb5fe4373d0953bf0349c1,60.16531,24.9442,00000000fdda10fe,23.56
13950,2019-08-01T09:06:37Z,ea94130fbb3464dc656765cfddbad802ddfafb1af8007cb5f42cd41f,60.16829,24.94214,00000000afef4555,14.89
13951,2019-08-01T09:06:37Z,eaf572301dc5c1eaff007bc1886cce8f0f5e92a233b8686ed2a1a9cc,60.17065,24.93641,000000000f4919c9,13.75
13952,2019-08-01T09:06:37Z,ec2dd83e04d225caca9f6b9d28bd3080ed37c5bf42e5f65123fa2394,60.17065,24.93641,000000000f4919c9,11.7
13953,2019-08-01T09:06:37Z,ec7121833f0e4b509d683b00a9c5e992e4b84882cb857145102e14f4,60.16531,24.9442,00000000fdda10fe,1.7
13954,2019-08-01T09:06:37Z,ed86f884272a5a400b55bfd4f22bc8cc5d6fca7fe26eee3c39cb3c52,60.15432,24.9211,0000000019fb59c4,9.92
13955,2019-08-01T09:06:37Z,ee424f3045accaa01434f840d87b26b22f65fb6b2f8d34a4b94d6fcc,60.16762,24.95415,000000006b44cce7,13.75
13956,2019-08-01T09:06:37Z,eedbd720e471fc3c0653bce4eb38b2f3225c8ee78a75d6b9c94a0f86,60.16629,24.95957,00000000fb7600be,21.87
13957,2019-08-01T09:06:37Z,eef621895ee74145a6d76c5f5493a93d7c728c80abe45a2e1933ae9f,60.16897,24.95222,00000000aa852af1,16.1
13958,2019-08-01T09:06:37Z,ef620c567fe4adc1160d75daa4075a87a75acb4a956b68eb60da0690,60.17065,24.93641,000000000f4919c9,25.36
13959,2019-08-01T09:06:37Z,ef67b9e4617f284b84167b4bdaff71108579a33ced0a2450ff25a1a1,60.16629,24.95957,00000000fb7600be,5.41
13960,2019-08-01T09:06:37Z,efb0235d2d9cd06b8377959fc3e5e144c222db88b6578a8fa7a48475,60.16762,24.95415,000000006b44cce7,16.1
13961,2019-08-01T09:06:37Z,efc51406db4c66b8a573ec325afe8a9258a04a71b46ff3aae1cfa696,60.16762,24.95415,000000006b44cce7,14.89
13962,2019-08-01T09:06:37Z,f1447725764ec0dca245fc67f2aa0a0c42e6b05808076aa74f0c1e7e,60.17919,24.95181,000000007b5207b6,13.75
13963,2019-08-01T09:06:37Z,f18c0c32d067aecf5602d70693ac888cab1be6dbb0d154be5153dfcc,60.16829,24.94214,00000000afef4555,9.92
13964,2019-08-01T09:06:37Z,f1b28329fc91f4708ca34857c5582c0bf1b7d0ab06127746029cd72c,60.17919,24.95181,000000007b5207b6,5.91
13965,2019-08-01T09:06:37Z,f20935810c1567a80c288016c4d4dd32fe86b3479f47ae7dd64d15cc,60.15432,24.9211,0000000019fb59c4,9.92
13966,2019-08-01T09:06:37Z,f2a253f2741501e675bd4bc055e22329fb09089d8bbe9813fc170cdb,60.16762,24.95415,000000006b44cce7,12.69
13967,2019-08-01T09:06:37Z,f3c6a2bb5be085108c62fb127b7ce4713fc276a52c88992d182025ee,60.16897,24.95222,00000000aa852af1,25.36
13968,2019-08-01T09:06:37Z,f4587b90aec9127805880f7c81fc03b9fb513fe363015399b895089f,60.16829,24.94214,00000000afef4555,17.4
13969,2019-08-01T09:06:37Z,f4bbc3077da0455d4340da2eed204915327b75a792080724548b4956,60.17919,24.95181,000000007b5207b6,5.91
13970,2019-08-01T09:06:37Z,f503a41d3e8b9b57628f4f061c1d8e0c53c62dd8a6fe38d212958ee6,60.16075,24.95883,00000000f1124bca,9.92
13971,2019-08-01T09:06:37Z,f50fd3b1715a94dff67461f4b8f252ecaa6acc16459b3d021f34f15e,60.1538,24.95595,0000000038bf9618,27.28
13972,2019-08-01T09:06:37Z,f52cde4e27717d6fcbbb45f656803df20a2692a8067620706a521dd7,60.16897,24.95222,00000000aa852af1,18.79
13973,2019-08-01T09:06:37Z,f55165f87792f06aaca9b79eea536f4bd692c8ee806294be5fb014df,60.16829,24.94214,00000000afef4555,23.56
13974,2019-08-01T09:06:37Z,f587de6c8c03387c5e6a66cd7d20c45abad3668c8e2246611122547b,60.14947,24.91438,000000004ef3150d,11.7
13975,2019-08-01T09:06:37Z,f741519cf6f519194bb45b9da0e69bda8edb903e3c24d4140f340467,60.16762,24.95415,000000006b44cce7,7.69
13976,2019-08-01T09:06:37Z,fa1a3814c680b20020a08346c37ee2853e895984574575312bf262e7,60.14947,24.91438,000000004ef3150d,14.89
13977,2019-08-01T09:06:37Z,fa9f19c58a086fde9429d732b1eec80eacf5fc1b2c0124d17243d008,60.17918,24.95141,00000000675d5200,6.46
13978,2019-08-01T09:06:37Z,fb2df85c8938d6a1bbd1ff0a1cd8aa23480ae08dc39d2b584ed35e14,60.16762,24.95415,000000006b44cce7,10.78
13979,2019-08-01T09:06:37Z,fba6e66dd09200012637e0b454c96fd7a5459b7e8b0ba01863cdbd77,60.16762,24.95415,000000006b44cce7,3.74
13980,2019-08-01T09:06:37Z,fc75e05a713e8733c512a31a3bebec0a122af3e7afb2c5059c3f1a3a,60.17002,24.94407,000000006b087f40,13.75
13981,2019-08-01T09:06:37Z,fe191b6937595e5cf2ac1491e9056f0f9fb5bf66c0cb900df00b4c64,60.16829,24.94214,00000000afef4555,1.7
13982,2019-08-01T09:06:37Z,fea1453360073dfc1896bf1f005f51addb49661f953e16cffba3c63d,60.16531,24.9442,00000000fdda10fe,7.69
13983,2019-08-01T09:06:37Z,ff10218d9a15a3bf160a969fa266f197770d363bc52dce7fa08ae990,60.16762,24.95415,000000006b44cce7,7.69
13984,2019-08-01T09:06:38Z,144afc51fc2443c7031a2912566eff2ce60226a49d6d2bd7c2923700,60.16544,24.95398,0000000038d83d41,25.36
13985,2019-08-01T09:06:38Z,14c7e1511b70f4dd3359cbece1377aebb4d70531f5489eefe53d7c3c,60.16544,24.95398,0000000038d83d41,33.81
13986,2019-08-01T09:06:38Z,15918569de0a46a8eb56b43d8d39f7fc82619ff1006f00822c85745c,60.17919,24.95181,000000007b5207b6,12.69
13987,2019-08-01T09:06:38Z,171d0bf49a26400390df42bc1c9af98d9279bf8ccee92f39288845e1,60.16762,24.95415,000000006b44cce7,2.8
13988,2019-08-01T09:06:38Z,1951291ca064d0fb480d958037c1477427d2ca8db455fef0b741bf9f,60.16448,24.97323,0000000053c6c2be,20.28
13989,2019-08-01T09:06:38Z,1f0f0628cdc688d76bde2b82bee5b9b4916bf0bbdfe76cf3213e1c65,60.15432,24.9211,0000000019fb59c4,13.75
13990,2019-08-01T09:06:38Z,2a93b61a3863ace54349d7a0937e4134fcc6d4dfcf064eefae2b7cf8,60.15432,24.9211,0000000019fb59c4,23.56
13991,2019-08-01T09:06:38Z,5bbb5184fded3e51bc78e45e39917794285e6bbc72da404802a9599a,60.16531,24.9442,00000000fdda10fe,33.81
13992,2019-08-01T09:06:38Z,5d65719c4cbf045f068d084b72302f447d5fd034413d97d13be00d0e,60.18203,24.91341,00000000342570c2,18.79
13993,2019-08-01T09:06:38Z,6a657079c1bdc8114c289be1ddd83e5846d4279a920d1697b8ff0033,60.18203,24.91341,00000000342570c2,20.28
13994,2019-08-01T09:06:38Z,6ff437688c444238352c28f64f9d2a7d0f14d19c9ea42c225380501e,60.16762,24.95415,000000006b44cce7,14.89
13995,2019-08-01T09:06:38Z,76c7f42283513d0e289bf786d89463b5025b2ae0f4e13519a4cf228b,60.15432,24.9211,0000000019fb59c4,18.79
13996,2019-08-01T09:06:38Z,78d5f60b36b59c06c3988b94e11744bb3aed5dcbc214f91f228bf892,60.16448,24.97323,0000000053c6c2be,23.56
13997,2019-08-01T09:06:38Z,84fdfd8881f633c5f0c71c1480053953ca4b05e848052d97c063ad38,60.1538,24.95595,0000000038bf9618,29.32
13998,2019-08-01T09:06:38Z,87dfaad29a9276ddddb1fa021d3bc23ad14824c1af16f7d87e713689,60.14951,24.92138,0000000006dd41f6,9.92
13999,2019-08-01T09:06:38Z,89982a6acf91b79a282a6b63978e946ee205f303fcd20e944e06baf0,60.16544,24.95398,0000000038d83d41,31.5
14000,2019-08-01T09:06:38Z,8c75c3289c84fe4493e1e272a77b615fe1985880c5dc68a7c1a17b53,60.16762,24.95415,000000006b44cce7,11.7
14001,2019-08-01T09:06:38Z,8cc6ddaa460aeae8cc9e8a33f91a01c8cd4c0c8bf8a943210a28c84d,60.1538,24.95595,0000000038bf9618,18.79
14002,2019-08-01T09:06:38Z,8ffeb52bff155eab19ca329d16be495cd44a08aa7f79b94db079caf9,60.15432,24.9211,0000000019fb59c4,31.5
14003,2019-08-01T09:06:38Z,9843c6216661048343a0e49cf3d8aa2883cf77f452666a1c873a1052,60.16448,24.97323,0000000053c6c2be,8.38
14004,2019-08-01T09:06:38Z,9d03d14afa49576281aa26db60e517f7c1ec8aa36f7756959a860a8a,60.16629,24.95957,00000000fb7600be,11.7
14005,2019-08-01T09:06:38Z,a08cae03363d2e483a6ea717973088f4bd4276de96a9d438a7358ff4,60.16897,24.95222,00000000aa852af1,23.56
14006,2019-08-01T09:06:38Z,a794b5cd3dff23bb2fe621fa0fa64a9ad4be2ab820bff2b483489903,60.16897,24.95222,00000000aa852af1,25.36
14007,2019-08-01T09:06:38Z,a91d379a4b57c5df22db0d7a041ff69f657b4b31f28554b1011fc03c,60.16544,24.95398,0000000038d83d41,38.87
14008,2019-08-01T09:06:38Z,a9da1ee82e3b670e276c26b483dd50f4a6d0c6f77ef82245d3ae6086,60.18203,24.91341,00000000342570c2,12.69
14009,2019-08-01T09:06:38Z,ab0f67c0c0e1ba5eac9013f9c314feadf340ddf08543b91e70483594,60.16544,24.95398,0000000038d83d41,16.1
14010,2019-08-01T09:06:38Z,b4faf2d3c4d2b199afeab6ab63b583fe3a2e81e14abbef6917f25129,60.15432,24.9211,0000000019fb59c4,18.79
14011,2019-08-01T09:06:38Z,b5fd6b317890e5ab2d79e2cd1abe61626d45a753c7337d0d40728898,60.16762,24.95415,000000006b44cce7,12.69
14012,2019-08-01T09:06:38Z,cb65d9149ed0c4b936fa3dd930cf98d16ea7610207135a6f1689be01,60.18203,24.91341,00000000342570c2,20.28
14013,2019-08-01T09:06:38Z,ce783d3c1b06378e5c39c25687746a6f88fbb0ff2b36e3405fb61cf8,60.16762,24.95415,000000006b44cce7,20.28
14014,2019-08-01T09:06:38Z,cf05623e4d87ce0906c0b0b7dbf53aacc1228016cd27c341228b6e76,60.18203,24.91341,00000000342570c2,18.79
14015,2019-08-01T09:06:38Z,d127ead865385b64ae537a703a26be15fae4b5332ce0fbf03d5e0c23,60.1538,24.95595,0000000038bf9618,31.5
14016,2019-08-01T09:06:38Z,dd2c9c82cf3737146294aff6f814a1349fb0bc4bedf518715dacbe8f,60.18203,24.91341,00000000342570c2,17.4
14017,2019-08-01T09:06:38Z,ec72ef080c605e71978aed0d3b5f22c3c3133677a43c614b72eedc6d,60.14699,24.922,00000000a53ed894,27.28
14018,2019-08-01T09:06:38Z,f088630d7476dae7d4b7e2bb1f10575f2c89acb4b6e061f3d57c2b40,60.16531,24.9442,00000000fdda10fe,21.87
14019,2019-08-01T09:06:38Z,f22981c21af00fc334b3d8bdd523e23a50384666e97815f0ec1dc0ac,60.16897,24.95222,00000000aa852af1,13.75
14020,2019-08-01T09:06:38Z,f70a43051a4f59f5002c4018a464b44781f7f527861efda6626a2de4,60.16829,24.94214,00000000afef4555,12.69
14021,2019-08-01T09:06:38Z,f7e45613ad966fea53fab73b435ba3a087c774e36596b3a5156a3487,60.16829,24.94214,00000000afef4555,2.08
14022,2019-08-01T09:06:38Z,f83d4b6b8ffbf8a674d212e32100b2360b80261b4e9207d77c0b0ed3,60.17919,24.95181,000000007b5207b6,6.46
14023,2019-08-01T09:06:38Z,fc4f3a44235f1cfc7b53f14ba2da599976a5a0a220d23b852688e485,60.17919,24.95181,000000007b5207b6,9.12
14024,2019-08-01T09:06:38Z,00787dad708490660b0b836fa415681cc57046fa521c0c0aaea14a9e,60.16762,24.95415,000000006b44cce7,3.74
14025,2019-08-01T09:06:38Z,0097b685a95e22fc898384590c0f5bf87d9831b8750326fbf9a740c3,60.16829,24.94214,00000000afef4555,23.56
14026,2019-08-01T09:06:38Z,02050a536056486b1bf139282f0d0a3af63def1d56ff0c73ac51bb19,60.14947,24.91438,000000004ef3150d,11.7
14027,2019-08-01T09:06:38Z,023083c44c772667f1727e01c74518889b2a82d78ceb28c08b6f8a20,60.16531,24.9442,00000000fdda10fe,18.79
14028,2019-08-01T09:06:38Z,028149b8bfaf37d1f064cb0b4f23ae118f00d8eff41679fb8830396a,60.16531,24.9442,00000000fdda10fe,17.4
14029,2019-08-01T09:06:38Z,02fb8c740573d86a30d1a85d4b270f0d198cd0487446d6ca84453f3f,60.16544,24.95398,0000000038d83d41,31.5
14030,2019-08-01T09:06:38Z,0362cc670dcfab795a3911957b6a177416bf9b99d0e2732716796c4d,60.15432,24.9211,0000000019fb59c4,9.92
14031,2019-08-01T09:06:38Z,03f427d436ba092925de462b11374bdbdab0443620037675621fbc11,60.17919,24.95181,000000007b5207b6,14.89
14032,2019-08-01T09:06:38Z,03f6be7d1ac53ba1cfd1cf3908440da6ff76778c67549533f78a62c6,60.16897,24.95222,00000000aa852af1,23.56
14033,2019-08-01T09:06:38Z,063935180fff0e58de5d319ecb9320cf794423e3c6aeac0cca8f1a9f,60.16897,24.95222,00000000aa852af1,25.36
14034,2019-08-01T09:06:38Z,06753eb9c56292934b34f1c8d302486ee36fd733da500c23c70a53cd,60.16448,24.97323,0000000053c6c2be,25.36
14035,2019-08-01T09:06:38Z,0849a091b1aabe9b614b6b5c54dffd083dbb4473ca90dc972e4d37de,60.16829,24.94214,00000000afef4555,21.87
14036,2019-08-01T09:06:38Z,0951ec0c700dba7330b8e8181fc852becde054d0dc7474d1488db3cd,60.17065,24.93641,000000000f4919c9,25.36
14037,2019-08-01T09:06:38Z,09cfe3ccea2138f9a7a14b633026c75879d915955e4d18d8913efebf,60.14951,24.92138,0000000006dd41f6,41.64
14038,2019-08-01T09:06:38Z,0b1e470de9987c18967cad858b6f79c135ffd2e9ad00bb9c470d0eb3,60.1538,24.95595,0000000038bf9618,29.32
14039,2019-08-01T09:06:38Z,0bbf3e8a8b496959ba413e4ebbe23719511fa4c9dd914960054d7c7f,60.16762,24.95415,000000006b44cce7,13.75
14040,2019-08-01T09:06:38Z,0c1684b697a63d7f47ebaedcfa060b3b4af294fec1e62d613699291a,60.16897,24.95222,00000000aa852af1,4.94
14041,2019-08-01T09:06:38Z,0c2d3bdaf0e8a9d6efcf95298acb85805b31c1c6618f00dd4489dddb,60.16762,24.95415,000000006b44cce7,12.69
14042,2019-08-01T09:06:38Z,0d2a30f4e69ed2b7c428129d550b561c93cfe41bbf290ae41a4343bc,60.16762,24.95415,000000006b44cce7,16.1
14043,2019-08-01T09:06:38Z,0feb7de3b58597dd266ed606e8d3b6e2e4e0be942b17c15be984f51c,60.14951,24.92138,0000000006dd41f6,25.36
14044,2019-08-01T09:06:38Z,1069967e3921871955b1b2b42e60f829c593a3e024401bfe61ae410e,60.16629,24.95957,00000000fb7600be,16.1
14045,2019-08-01T09:06:38Z,10cd81594fd56fa1f2c4799419a45b70833d3d8583b817324ee96da7,60.16897,24.95222,00000000aa852af1,10.78
14046,2019-08-01T09:06:38Z,10d0fed0f7d40b253b5fc5a53297dc9af8bb76fa6f34d5e71383cb62,60.17918,24.95141,00000000675d5200,25.36
14047,2019-08-01T09:06:38Z,1134a082e36fe03359bac74c814a0ed20468c45230115d4e25aa230d,60.16829,24.94214,00000000afef4555,9.92
14048,2019-08-01T09:06:38Z,11402877d08ee84d016ef8e86d3033bf6da0948f6e6bd2defce32338,60.16762,24.95415,000000006b44cce7,18.79
14049,2019-08-01T09:06:38Z,13a759fd293cbde0d55db753d853768b718e59036c4007d2e3a8757a,60.16762,24.95415,000000006b44cce7,13.75
14050,2019-08-01T09:06:38Z,141a580597619f20b14d71a17562763921dafbb27c8aaaa8700fd522,60.16829,24.94214,00000000afef4555,17.4
14051,2019-08-01T09:06:38Z,141ffc858c3ea6a2e69c954115114304736a35dc25ec947323090dc0,60.16762,24.95415,000000006b44cce7,7.69
14052,2019-08-01T09:06:38Z,14b431f72fc7a1705dec55f60900c3104cc3eab2bed0b01ad6745910,60.173,24.92524,0000000096918cfa,25.36
14053,2019-08-01T09:06:38Z,160e77433af9ad22911458abcb358d35b410e2640131e6fabe54c071,60.17002,24.94407,000000006b087f40,27.28
14054,2019-08-01T09:06:38Z,164d8280dbb888033f64368dd641bcef597fc327148fcf74374894c5,60.16544,24.95398,0000000038d83d41,9.92
14055,2019-08-01T09:06:38Z,167a52adcdc4d9a7f697ffc5e058fcb79a22a32ba0b8ed45a36311f2,60.17002,24.94407,000000006b087f40,29.32
14056,2019-08-01T09:06:38Z,16e18d478be872d2a9801fa885d08edeb3f5ae1840b38478f9baf535,60.17919,24.95181,000000007b5207b6,20.28
14057,2019-08-01T09:06:38Z,185ef4052356a0469d4c21d263f6b6e9a82576a578f956fb05cf47d9,60.17002,24.94407,000000006b087f40,16.1
14058,2019-08-01T09:06:38Z,190cdde22bc3e3a41cd0f9da7efb3a917bc09e8034b05ca6064ea8a8,60.17918,24.95141,00000000675d5200,16.1
14059,2019-08-01T09:06:38Z,1cfafdaa3ff1975bcf6f699641431e88775ba2183074d825eeb81dd3,60.149,24.9843,00000000fffb8cf0,21.87
14060,2019-08-01T09:06:38Z,1d70ff49909e1d6fb653ae053aa78084daf385dbbd2ad22b05707309,60.16829,24.94214,00000000afef4555,16.1
14061,2019-08-01T09:06:38Z,1da40c618e0432bb037d08723b65821f6223509e8b4033a4b4190047,60.17065,24.93641,000000000f4919c9,25.36
14062,2019-08-01T09:06:38Z,1dacfb371d75dd4f90f447aac2a00faad98beb4188a6971c19eb2375,60.16629,24.95957,00000000fb7600be,17.4
14063,2019-08-01T09:06:38Z,1dcff36b6f83b08b6ea87c1c1018c542c270299839908ca446dffb39,60.16762,24.95415,000000006b44cce7,10.78
14064,2019-08-01T09:06:38Z,1e3044c19f6913531b6dd4bccb88ad02c1b39192513ccffa05444edb,60.1538,24.95595,0000000038bf9618,13.75
14065,2019-08-01T09:06:38Z,1eadb2c1984aa73c3c2f13eab0a2e793331443c617681e36887f0bcc,60.16629,24.95957,00000000fb7600be,17.4
14066,2019-08-01T09:06:38Z,1ecbc7c6afe89033252e5510cbb893666af2b3bc29f555a3a6287fdb,60.14951,24.92138,0000000006dd41f6,3.4
14067,2019-08-01T09:06:38Z,1f813dc10021899138c12ca17c58ab3dc24db1750dcb1790f9c20e8f,60.15133,24.92329,00000000e8a064a4,16.1
14068,2019-08-01T09:06:38Z,20b37aa6c3ad0dfea9c182498905a450537b0efbbd8563b205e93afd,60.16897,24.95222,00000000aa852af1,13.75
14069,2019-08-01T09:06:38Z,20ecc60ba6748bb4a65d10d3f27a3b928bcbc43ea0eab6ff9121c1bd,60.16829,24.94214,00000000afef4555,21.87
14070,2019-08-01T09:06:38Z,227fd98ceb97d84d0c2c3af35c32cee7a87aea62d71b1a5353ae3588,60.17065,24.93641,000000000f4919c9,25.36
14071,2019-08-01T09:06:38Z,22ac1ab1c590ea19b44c61c42f5e8da29a6acbabf56676527811507a,60.15432,24.9211,0000000019fb59c4,21.87
14072,2019-08-01T09:06:38Z,22b68b1dc6e6d815ca8e6afbd434ae0e229670798c443052e7444648,60.16762,24.95415,000000006b44cce7,10.78
14073,2019-08-01T09:06:38Z,25479245e5a8b0fe47e2bd590cdd63256d84afd6c164781dc64e527d,60.149,24.9843,00000000fffb8cf0,25.36
14074,2019-08-01T09:06:38Z,25d340d14d855b8c18b2c6f2551ec98a1eb047d1fd3457ba881ddf28,60.17919,24.95181,000000007b5207b6,9.92
14075,2019-08-01T09:06:38Z,277fcf3cc917a89b46a34e0cf5164a78f5bcc88d92bb45ded60f1a91,60.17065,24.93641,000000000f4919c9,20.28
14076,2019-08-01T09:06:38Z,27b591b33a56a542440b53031a24f42290b0ec1a194af27700b75a3a,60.17918,24.95141,00000000675d5200,4.11
14077,2019-08-01T09:06:38Z,2823bf6afde4a5cc05342c15e7417c9590ba52264be5793bb688faab,60.17065,24.93641,000000000f4919c9,20.28
14078,2019-08-01T09:06:38Z,28ce50ca84cdcd4c17a36ac666e7ac0267b6ab5b77f4bfb08b2573a1,60.16762,24.95415,000000006b44cce7,3.4
14079,2019-08-01T09:06:38Z,28d50861d92f962c7a49eabaa524431aebf52870e44b79f77d7167c6,60.17919,24.95181,000000007b5207b6,2.54
14080,2019-08-01T09:06:38Z,29ae3c5c3aeac0c607bc816f7e74c232a40142b79a52c43c7b1ed42f,60.16829,24.94214,00000000afef4555,3.4
14081,2019-08-01T09:06:38Z,29b2500334259b9de01e92f8ae8d2695505434b59a61c735651d826c,60.16762,24.95415,000000006b44cce7,18.79
14082,2019-08-01T09:06:38Z,2afa9ac588b2c55e8edf99ee96ecaf63451a7ab1e51571b7e2d1d491,60.16762,24.95415,000000006b44cce7,10.78
14083,2019-08-01T09:06:38Z,2c6810efb2565383ca0a554f3c51f3f7905484357f5e00756dbf091a,60.17919,24.95181,000000007b5207b6,12.69
14084,2019-08-01T09:06:38Z,2c6f6440161f9061a850e8db96383d5eb111f0d1d8f0b666b7c49f22,60.16897,24.95222,00000000aa852af1,27.28
14085,2019-08-01T09:06:38Z,2f43b7a683b0d365a46b6259a032813c293472eaedcdbcc3507adee5,60.17919,24.95181,000000007b5207b6,10.78
14086,2019-08-01T09:06:38Z,2f7636d34066fc720664bb0b85ba6e0a9db63eadebf93248bdf9e941,60.16762,24.95415,000000006b44cce7,9.92
14087,2019-08-01T09:06:38Z,2f82b3546af2df53b58cddc668c9aa196554108cdf39120ea40b417c,60.16629,24.95957,00000000fb7600be,5.41
14088,2019-08-01T09:06:38Z,2fb39eae730ec6f291700f841a64aaf680d52a8346399aec6ccb1dbb,60.17065,24.93641,000000000f4919c9,17.4
14089,2019-08-01T09:06:38Z,31b02b3b271f6feef9e49d9285929ff1c25a11e608fc5d70bc6a1fac,60.16897,24.95222,00000000aa852af1,23.56
14090,2019-08-01T09:06:38Z,32fcb1ab3a9fde533916ca28a0d5b56bbb45fd171dd5bae91f66ec6c,60.16897,24.95222,00000000aa852af1,23.56
14091,2019-08-01T09:06:38Z,3371cfaa0eed702110b1f5501d188c9e7424a2e018bb905af13896cc,60.16448,24.97323,0000000053c6c2be,27.28
14092,2019-08-01T09:06:38Z,33fa4cb82db5b44ffe6e7ae1039635187f90d1df328f8f139da0c693,60.17919,24.95181,000000007b5207b6,8.38
14093,2019-08-01T09:06:38Z,3480c16a6649952c388d8902596e332f018e609b9585f483353ae026,60.17065,24.93641,000000000f4919c9,2.54
14094,2019-08-01T09:06:38Z,34e96c7caa63e7ede8f428b18e8fb556ac235d61a50c9d6ac7ff268f,60.17919,24.95181,000000007b5207b6,5.91
14095,2019-08-01T09:06:38Z,3609f484ad7e56259f60a61aba44f22dfca5c8b2564fce7e802ad342,60.16829,24.94214,00000000afef4555,10.78
14096,2019-08-01T09:06:38Z,367b1989198ef11170dd9fcfa7e6ebb5ceb58aab87c613ee1bb86e8c,60.16531,24.9442,00000000fdda10fe,7.05
14097,2019-08-01T09:06:38Z,3685ee6d322dcb2ad0ae181f66c3c5427d4531d7896d2f5f7571bb6d,60.16762,24.95415,000000006b44cce7,7.05
14098,2019-08-01T09:06:38Z,36fe97cd2ec69118778c771a87593630f8a6a2cb77d9ce72f845cd3c,60.16762,24.95415,000000006b44cce7,12.69
14099,2019-08-01T09:06:38Z,39c6456ee66fe96eee3d97cee2a70923cedb3da760bb5d4d413adb9c,60.17919,24.95181,000000007b5207b6,9.12
14100,2019-08-01T09:06:38Z,39e9fa7033887b7ab339887aa68753ff94d4771cda2bb8ff4ea7aa0a,60.17919,24.95181,000000007b5207b6,4.94
14101,2019-08-01T09:06:38Z,3a1afdcf7c2e5a52cdbcbbe29e8281c184037e8720920c6c75bee339,60.15133,24.92329,00000000e8a064a4,17.4
14102,2019-08-01T09:06:38Z,3a253f272d2781dc2001addfbddcac5f3dbf18610988531707b80b60,60.16829,24.94214,00000000afef4555,11.7
14103,2019-08-01T09:06:38Z,3a38ba36c098f2741d6c5fb5a751fcd074d05d698ac592ca09ab443c,60.16448,24.97323,0000000053c6c2be,20.28
14104,2019-08-01T09:06:38Z,3a7b4023cee4b0d567a123a3d6aff0bc8f94663522bbdf0ea4306607,60.149,24.9843,00000000fffb8cf0,17.4
14105,2019-08-01T09:06:38Z,3a97ae4dcab31eb5e15e5d036d286e9764e25bcf0ad8afcfba854c90,60.16762,24.95415,000000006b44cce7,3.4
14106,2019-08-01T09:06:38Z,3b124e1851087531134d5e5d0a10b6afe3551982609a81a19dd969dd,60.16829,24.94214,00000000afef4555,17.4
14107,2019-08-01T09:06:38Z,3be40c84926a525adbd09eeeb3a12b73b24c633942b2e1fbe8151ac3,60.16448,24.97323,0000000053c6c2be,17.4
14108,2019-08-01T09:06:38Z,3c864716e211395e6a02802fbf80abb7b7c4519243bea4994fca7720,60.16762,24.95415,000000006b44cce7,14.89
14109,2019-08-01T09:06:38Z,3d0437a1d090cd3cad05629e69a61c519aa6218e1b7fb47811e5a4ae,60.16762,24.95415,000000006b44cce7,8.38
14110,2019-08-01T09:06:38Z,3eea43670f4f29a90ced59c1af122371340275fb61ff8f14c7120658,60.16762,24.95415,000000006b44cce7,5.91
14111,2019-08-01T09:06:38Z,40646914186edc6142b7fc3daf766121b55f5bb36ea38facff686ea5,60.16897,24.95222,00000000aa852af1,23.56
14112,2019-08-01T09:06:38Z,40825cb0d315c92e0e0a73cc8e86c3b763bbf7ce226f112913e05e0f,60.17065,24.93641,000000000f4919c9,25.36
14113,2019-08-01T09:06:38Z,41468f2301503c821063394ab4f8a8c9dc5484824282edcad0457d30,60.16629,24.95957,00000000fb7600be,13.75
14114,2019-08-01T09:06:38Z,42844e90c7134ebb3ec325f57cd27cd24711c779548ebc8692a820d5,60.14951,24.92138,0000000006dd41f6,3.4
14115,2019-08-01T09:06:38Z,432417b4972b744ded3410777a6bbb583cf56172bf3436ddbe48a21d,60.16762,24.95415,000000006b44cce7,5.91
14116,2019-08-01T09:06:38Z,43e023a8726ec4c53a8cea6dcaa79e722da4677e37f3f6c9d3cc9873,60.16544,24.95398,0000000038d83d41,31.5
14117,2019-08-01T09:06:38Z,4470412c4b059a920f2699fbfb72b261e0847b3e1caa8c71d2edd5a2,60.16448,24.97323,0000000053c6c2be,20.28
14118,2019-08-01T09:06:38Z,44a120ac90dacb4d43fe4d38ee859a1015bcd226ff3d946a1e44c4ca,60.16531,24.9442,00000000fdda10fe,20.28
14119,2019-08-01T09:06:38Z,44e086520907fc0314474823b382bd86a08a7dffc64e851ddd993a56,60.16762,24.95415,000000006b44cce7,7.05
14120,2019-08-01T09:06:38Z,4642dfa1df839f11e64f68bca4e3dce7bde2ff6dd68c54959fcb4788,60.17918,24.95141,00000000675d5200,5.41
14121,2019-08-01T09:06:38Z,4682d95464cedcc021f38271a51bab9c000762b4acf802070e259ba2,60.16629,24.95957,00000000fb7600be,8.38
14122,2019-08-01T09:06:38Z,47b326b36140cd5bd411fd44f94fc0d134002f2fb80a1912db008417,60.16762,24.95415,000000006b44cce7,25.36
14123,2019-08-01T09:06:38Z,47bd1492244c444d45674eb48dd2e6f222cb109d820ba807c4e18c1a,60.16629,24.95957,00000000fb7600be,9.92
14124,2019-08-01T09:06:38Z,48004849b2f48b2314aa9175433d754db1641b949bb8cf050e2dd128,60.17918,24.95141,00000000675d5200,14.89
14125,2019-08-01T09:06:38Z,48c0ea6615ac4c02fc9bc0e06f9ea9309f9bf7e73b4324d7a6b14610,60.16829,24.94214,00000000afef4555,12.69
14126,2019-08-01T09:06:38Z,49bbad87e4d6cd03bdb073bde7be91193d74d29943badce7fc536916,60.16448,24.97323,0000000053c6c2be,14.89
14127,2019-08-01T09:06:38Z,49df780a7f20a99ad2810fa4bbb46b5fac9bc5cbe3fc800cd572f63a,60.14947,24.91438,000000004ef3150d,11.7
14128,2019-08-01T09:06:38Z,4ade4f0d92c6157a42d7fd8e353d1c93551324ba47cc134b840a6c63,60.16897,24.95222,00000000aa852af1,7.05
14129,2019-08-01T09:06:38Z,4afcc27c652d3d50a44d060f84e33dd4b17529d982928dae936cf10f,60.16448,24.97323,0000000053c6c2be,29.32
14130,2019-08-01T09:06:38Z,4ba529eeafb27285cbbade6e5ece0d4d04bd2d13c98b27a5d17abd22,60.16897,24.95222,00000000aa852af1,5.41
14131,2019-08-01T09:06:38Z,4e5e16adfd317b7f9617f681099821bae42d6f0dca51dfd0957c65b4,60.16762,24.95415,000000006b44cce7,12.69
14132,2019-08-01T09:06:38Z,4f609afde0ba5cb017ba3c549bdd11ff322a2e0227a0f11a9d112220,60.16762,24.95415,000000006b44cce7,11.7
14133,2019-08-01T09:06:38Z,4f9125edf503fe3cb0ba1e1221fe6a67aafd99fcd89fd92d2bf20e97,60.16897,24.95222,00000000aa852af1,12.69
14134,2019-08-01T09:06:38Z,4fb4a3650a2a28469dde9c537458d24411aa6075666e047dd756fba9,60.17918,24.95141,00000000675d5200,23.56
14135,2019-08-01T09:06:38Z,5001aabb6808b9fd96b705d1ebe8e7aca52713c2640100d81879dd86,60.17919,24.95181,000000007b5207b6,3.09
14136,2019-08-01T09:06:38Z,51ec42fdd85671ae93876c3d875b24e56cb45699e9c3d2b623dca70d,60.16762,24.95415,000000006b44cce7,5.91
14137,2019-08-01T09:06:38Z,529623421e226c215bcca0b1388813e291d3d13ed1d8465f0ab69147,60.16629,24.95957,00000000fb7600be,9.92
14138,2019-08-01T09:06:38Z,5372348389197e6c4bc4c5e3dab047e7384d562220e6295904bbda1b,60.17065,24.93641,000000000f4919c9,3.74
14139,2019-08-01T09:06:38Z,54bd709173219e8017f317b63ecc83d0a48f64542e6fa1b83c86a56c,60.17919,24.95181,000000007b5207b6,20.28
14140,2019-08-01T09:06:38Z,556cae6b2e2dec6fe691a835e8e08bd016b1a65797c0aca46879329f,60.17919,24.95181,000000007b5207b6,9.92
14141,2019-08-01T09:06:38Z,559429bba23762a872fc7b1e2219d42125ab101e4355d43fdb94ed7b,60.17919,24.95181,000000007b5207b6,6.46
14142,2019-08-01T09:06:38Z,559e6a5225ce35ab844c63ea0d0c1695dc490a3d9cfbafa5d35ac8d8,60.14947,24.91438,000000004ef3150d,20.28
14143,2019-08-01T09:06:38Z,584cb0b0cdd14e608c8b57c8aecc9826f9b40027e365e2438a444ea2,60.16762,24.95415,000000006b44cce7,12.69
14144,2019-08-01T09:06:38Z,5865a27b5b56a60bca38e4a1403655e3e7fd0232a3ff2079965aff81,60.15432,24.9211,0000000019fb59c4,3.09
14145,2019-08-01T09:06:38Z,5978726eeef638856dafd3a8d199287f8daf9e90ddde750b402f8bb0,60.17065,24.93641,000000000f4919c9,1.38
14146,2019-08-01T09:06:38Z,5a3004325b5a058e02fb9f32ef4f7e9cc465240cbda7a7e4ec89d2de,60.16629,24.95957,00000000fb7600be,16.1
14147,2019-08-01T09:06:38Z,5a34b02faac3189217466888ef1d31cc80f721ac2f18638c5db88d53,60.14947,24.91438,000000004ef3150d,13.75
14148,2019-08-01T09:06:38Z,5a8d671a78b976d212d9746d88b9a754a2d9c8341c529e88b7c6b8f4,60.17065,24.93641,000000000f4919c9,33.81
14149,2019-08-01T09:06:38Z,5b06617477af6dcee75a94ac347364b50f6f3b5b7d747e5413d9ad58,60.14947,24.91438,000000004ef3150d,9.12
14150,2019-08-01T09:06:38Z,5b24733f1e45af711e2eebfb97b6b1467ca5cf1f466e6c8add4f7935,60.16762,24.95415,000000006b44cce7,13.75
14151,2019-08-01T09:06:38Z,5c1f71098d5d7258d2971061c791c94e0138c8e02225c5f60d6a0428,60.149,24.9843,00000000fffb8cf0,20.28
14152,2019-08-01T09:06:38Z,5daa76852f3e1be6c75fa2185d5787ab9010cf83d6671515769a8649,60.16531,24.9442,00000000fdda10fe,14.89
14153,2019-08-01T09:06:38Z,5e2c5c20c88ccf362ed8749d1ddc041b1cb1c38d8dbeac7870179322,60.16629,24.95957,00000000fb7600be,21.87
14154,2019-08-01T09:06:38Z,6072bfb496e2b8a999c9edbda5b76fbc0e783ff2a439c4e6c881fabf,60.16829,24.94214,00000000afef4555,16.1
14155,2019-08-01T09:06:38Z,619c5b31af2a28703a837cc7974ef0d2c5bb6584ba0fcc03076218ac,60.17002,24.94407,000000006b087f40,20.28
14156,2019-08-01T09:06:38Z,626bf35ce16dba1054cfd175d09475d3ee751bf70e56f984ff5c7ab6,60.15133,24.92329,00000000e8a064a4,20.28
14157,2019-08-01T09:06:38Z,63772dde2b965499d69051c0e72aa8a027619a55f9a6d6043886bedd,60.16762,24.95415,000000006b44cce7,18.79
14158,2019-08-01T09:06:38Z,63ff2439779051005c18876d20ed53ce060c1de9d7976821bd518fc6,60.15432,24.9211,0000000019fb59c4,9.92
14159,2019-08-01T09:06:38Z,65b6b62b547e11e10f7f83ad497446bee2bb9653097d9d62e9b1b817,60.17065,24.93641,000000000f4919c9,14.89
14160,2019-08-01T09:06:38Z,66ad74b1795a3f2db404e46e89b7cdeb3d6e231b6573e3fd29bb7eef,60.16897,24.95222,00000000aa852af1,17.4
14161,2019-08-01T09:06:38Z,67cf7d2881080aa59ed36a6d88ea1946d17e9d1d5e1ad9eee1851969,60.18203,24.91341,00000000342570c2,12.69
14162,2019-08-01T09:06:38Z,685af6b01bd180194d718801bb8b9c9de22050cc392d6c6441fe986b,60.18203,24.91341,00000000342570c2,9.92
14163,2019-08-01T09:06:38Z,69e2854c78a472b462941ef730aa9fa7a9dba9c1cc22996396d4c78a,60.17919,24.95181,000000007b5207b6,12.69
14164,2019-08-01T09:06:38Z,6adce4d05e58232a97635a2fd7918e4e49d9295afc0989d727f9c712,60.17002,24.94407,000000006b087f40,7.69
14165,2019-08-01T09:06:38Z,6c64b842a0132d170ae223c40b99dcfc214e1a2b7fe06b7dcf6bb74d,60.1638,24.96846,00000000d747f075,36.27
14166,2019-08-01T09:06:38Z,6d5a8ded89f26533ed851d1a0894f0d9045e9cd4baed439f7d9a922b,60.16629,24.95957,00000000fb7600be,25.36
14167,2019-08-01T09:06:38Z,6d98ac1fea7056e5b96d6095caf0e3677a4ec30e9fbcc2e50ae1cf65,60.16629,24.95957,00000000fb7600be,13.75
14168,2019-08-01T09:06:38Z,6dd5463e670c352180c1e912300e21e59f5e2976266df8c3c92b0baf,60.16829,24.94214,00000000afef4555,12.69
14169,2019-08-01T09:06:38Z,6fe2cf6737d40d71251dac8ebef5356a2b765621e97a346c00a6031c,60.15432,24.9211,0000000019fb59c4,4.11
14170,2019-08-01T09:06:38Z,7003a7f6a5523b645634f014e04bea36016953a8af9324e35602bc2e,60.14947,24.91438,000000004ef3150d,18.79
14171,2019-08-01T09:06:38Z,704c3f3075f13713c363014fa828e4a932e7a05676813b9963a1e554,60.17919,24.95181,000000007b5207b6,5.41
14172,2019-08-01T09:06:38Z,70d391038ec56b63a3737605c2c1db6ffbdca8e4490691776dc993f1,60.16829,24.94214,00000000afef4555,0.71
14173,2019-08-01T09:06:38Z,7176ddd6f2dc9be71319e3a2ea67061af7b5277adc890f23882c0afd,60.16829,24.94214,00000000afef4555,23.56
14174,2019-08-01T09:06:38Z,71b01bb8b8e877dc9ca40e756f441571d12ee3311a945417e8aaa116,60.16762,24.95415,000000006b44cce7,9.92
14175,2019-08-01T09:06:38Z,72439a1f997fd347d46394f31f5789edc877fe61ca34fcd31f9150b1,60.18203,24.91341,00000000342570c2,11.7
14176,2019-08-01T09:06:38Z,728325161f4ed691db3460f87a25ed4713580e50a53fd36dd265957f,60.16531,24.9442,00000000fdda10fe,11.7
14177,2019-08-01T09:06:38Z,7292a4a47ed655e0ce0ead026bb0ae4b8093342f87a9aed5665c1456,60.16762,24.95415,000000006b44cce7,8.38
14178,2019-08-01T09:06:38Z,72f088587da3409c5a4bec360a52a230a7551c3671441baaaabc6357,60.16829,24.94214,00000000afef4555,11.7
14179,2019-08-01T09:06:38Z,74cb545f76f0bfc5498607247e26e814276a11ce91f77208054ecbc5,60.17002,24.94407,000000006b087f40,17.4
14180,2019-08-01T09:06:38Z,750138a4b56582a53410b19d49b6156f5f21376f05e348f4e3f6f1ff,60.16897,24.95222,00000000aa852af1,16.1
14181,2019-08-01T09:06:38Z,750297d0d8ff0ca837d9c2289c26302d62f38708617150431ab14509,60.16531,24.9442,00000000fdda10fe,21.87
14182,2019-08-01T09:06:38Z,76c2f7b3773d4bebd4dabada1c2b98fe4ea9762e9c98b4a6371d7746,60.16762,24.95415,000000006b44cce7,9.12
14183,2019-08-01T09:06:38Z,774131d73accbbb31ec3c43c3501b7969645eb65df1839ca8116526e,60.15432,24.9211,0000000019fb59c4,1.7
14184,2019-08-01T09:06:38Z,7803e2d46157a5482e745447d4c2c332fbd818d87a20b0f6187c628d,60.17065,24.93641,000000000f4919c9,20.28
14185,2019-08-01T09:06:38Z,78a9535148d256e36a93dcce58f6dac7864c3bcd43b255c37291aa30,60.17002,24.94407,000000006b087f40,16.1
14186,2019-08-01T09:06:38Z,7c1534082e86ff4387878d813207626d8f728aa26b97248e00a3b8d7,60.16629,24.95957,00000000fb7600be,16.1
14187,2019-08-01T09:06:38Z,7d12711d47425111a6dce413faa867542b9532f3b9c5a934b37a0bc8,60.17918,24.95141,00000000675d5200,16.1
14188,2019-08-01T09:06:38Z,7d415f4fd9093fb383b4ebb88961ad74e6a00d3ece39504712dad639,60.17918,24.95141,00000000675d5200,12.69
14189,2019-08-01T09:06:38Z,7e2e3d07c939e3e76e7ce87678faf64e056afe54215e00488839100f,60.14947,24.91438,000000004ef3150d,13.75
14190,2019-08-01T09:06:38Z,7f59aaecea1eee6c703ec5d46d67b44289ddedf080defee495b73739,60.14947,24.91438,000000004ef3150d,6.46
14191,2019-08-01T09:06:38Z,7faf8705e89a761625aaed50b89538581e25d5950ec8f051d36ed829,60.14947,24.91438,000000004ef3150d,16.1
14192,2019-08-01T09:06:38Z,8165c5f8d06298ffd56f071c0ad1cc9f1d4f08084936937d712d0b61,60.15133,24.92329,00000000e8a064a4,23.56
14193,2019-08-01T09:06:38Z,82b78c2220aee81a2744ddfaf7ed29663888987dba6b7cdda05731d9,60.14947,24.91438,000000004ef3150d,12.69
14194,2019-08-01T09:06:38Z,82bab0a1bfd11576cf62159546b756e1da44125c76909e270ced391b,60.16897,24.95222,00000000aa852af1,23.56
14195,2019-08-01T09:06:38Z,8524898e498c83bde4bc1848aa2b372da84e7b2266f36aabe128cc27,60.17919,24.95181,000000007b5207b6,12.69
14196,2019-08-01T09:06:38Z,85bdce5b262dbd94adcff03e6cad26a1152828b6ab27e6fdd56b2b13,60.16762,24.95415,000000006b44cce7,3.09
14197,2019-08-01T09:06:38Z,86e7584bf95733cef59d74bb4955881e99dc86b73a0d5b4e3ef58b50,60.18203,24.91341,00000000342570c2,25.36
14198,2019-08-01T09:06:38Z,87f1cc4c4a9de1ab81fe39cf7fde6cf0d4778e690f1665b62231ce46,60.149,24.9843,00000000fffb8cf0,27.28
14199,2019-08-01T09:06:38Z,880f9cbb91b9caf48ea9c5dd1a0c8e1db72922b6dfcb647b102fc469,60.16629,24.95957,00000000fb7600be,8.38
14200,2019-08-01T09:06:38Z,88c2bc6310f27465b9f08b28fb52075d7703ce7b097e5beb37c7437c,60.14947,24.91438,000000004ef3150d,12.69
14201,2019-08-01T09:06:38Z,898cde3317c73907bb23b1b885828c4bf3187c3a757a18dc32abe970,60.16762,24.95415,000000006b44cce7,9.92
14202,2019-08-01T09:06:38Z,89aeff56a0700534bbf2dfd19fc298f5a890c95e1a45b6ca7ad3c33a,60.16829,24.94214,00000000afef4555,11.7
14203,2019-08-01T09:06:38Z,8a01e28fd327e5c56dcf2dc8b2b7762a96d77584c21990a073ceb11f,60.16829,24.94214,00000000afef4555,12.69
14204,2019-08-01T09:06:38Z,8c2c35fb6ebc0f07014a3291523f291bea82160dee13d091314cde65,60.16762,24.95415,000000006b44cce7,7.69
14205,2019-08-01T09:06:38Z,8c571538c285dba9d77edacfb1829b282d54b772b62209c6e4004237,60.17919,24.95181,000000007b5207b6,5.91
14206,2019-08-01T09:06:38Z,8d5e893f77b3d167ebefad4ecab181fea08513599a6f9450f0b9a827,60.17919,24.95181,000000007b5207b6,17.4
14207,2019-08-01T09:06:38Z,8e20d0d67339e3cf43e77c3a340d9dc6766de8d079197a08a1343ff0,60.17065,24.93641,000000000f4919c9,14.89
14208,2019-08-01T09:06:38Z,8ff363623484e942b5555694468900717744f957e1a6221903490bac,60.16762,24.95415,000000006b44cce7,17.4
14209,2019-08-01T09:06:38Z,90a44cbd1a957cc59a6986cff9b6b7b8e151d379e17da645069428b8,60.173,24.92524,0000000096918cfa,17.4
14210,2019-08-01T09:06:38Z,92d558faaf274f5fac1ccabea7bd30042fdd6fee95770c60123653a3,60.16762,24.95415,000000006b44cce7,9.92
14211,2019-08-01T09:06:38Z,941e13893853105c86bfbc6d31d62274937602143ce3bb530c8c17ed,60.17919,24.95181,000000007b5207b6,4.11
14212,2019-08-01T09:06:38Z,9609babe3114439a82f93f797f4a6e779b6bab625488b8ff5b63e674,60.16829,24.94214,00000000afef4555,18.79
14213,2019-08-01T09:06:38Z,99a026b5100e23129fa529e9a57a3dbc8490dc03b58f2193f03e2dcf,60.14951,24.92138,0000000006dd41f6,6.46
14214,2019-08-01T09:06:38Z,9b3e6848d8b34e802134d6da0e5a594897ec3fafbbf08b6d0b84068e,60.17919,24.95181,000000007b5207b6,2.3
14215,2019-08-01T09:06:38Z,9bdb503344071eddd74d821f537246d8a6c19468b05d38d0170377f9,60.16897,24.95222,00000000aa852af1,27.28
14216,2019-08-01T09:06:38Z,9bef8b28ea93ecaee57d05b037edbfe7f80014aaf56343345fedd7be,60.17919,24.95181,000000007b5207b6,8.38
14217,2019-08-01T09:06:38Z,9dfecc3e26cb27e4b80721e355ef0d6cb182ac2eebf66b006e2d9f8e,60.149,24.9843,00000000fffb8cf0,18.79
14218,2019-08-01T09:06:38Z,9e343a150f07bb3dcce5ecab8ac061b84d65b347b1af5a232e00eeb6,60.16829,24.94214,00000000afef4555,14.89
14219,2019-08-01T09:06:38Z,9eee6d740f1d483c484d02f0995f35550c09e6a8cf01f02680db5efc,60.16448,24.97323,0000000053c6c2be,23.56
14220,2019-08-01T09:06:38Z,a04214b56cac7d70680703ee6a28fac742f3c3190b55b46a79c1f76d,60.149,24.9843,00000000fffb8cf0,20.28
14221,2019-08-01T09:06:38Z,a09607edc17117a3069b79434e751f93a2a00d0d6f9aceb043e32074,60.16762,24.95415,000000006b44cce7,9.92
14222,2019-08-01T09:06:38Z,a2333053951d093ef490bcc3b9455fa0ed512421b5b597602785ab28,60.16531,24.9442,00000000fdda10fe,29.32
14223,2019-08-01T09:06:38Z,a2c53a9ecb3dab08bc3bf70db35ea02e6f15cedb137ce7817751f27c,60.16829,24.94214,00000000afef4555,23.56
14224,2019-08-01T09:06:38Z,a38c11c450b472b9dad2f076e2d9a63651292d3de806331d06af7f46,60.16531,24.9442,00000000fdda10fe,14.89
14225,2019-08-01T09:06:38Z,a403dc1eebc5d130e12a4c3e4298737c9e00b25b1b6b2cc36a6979c9,60.16629,24.95957,00000000fb7600be,8.38
14226,2019-08-01T09:06:38Z,a6d010615b0732a971c180467cd17865327688c7e6c60628c3d452d3,60.16762,24.95415,000000006b44cce7,16.1
14227,2019-08-01T09:06:38Z,a6d0dd9de406b1201a4e438ec7c5f4a467f38c41e2dec42ff6c71d50,60.16897,24.95222,00000000aa852af1,11.7
14228,2019-08-01T09:06:38Z,a786eb3b8a25c58099a428799e99d0b86401f803ee38d3e5d20e59d3,60.15432,24.9211,0000000019fb59c4,4.94
14229,2019-08-01T09:06:38Z,a808962cb511e5ed2d23e6e33efe252b1be29dc1d2f7c6154817f04f,60.16448,24.97323,0000000053c6c2be,17.4
14230,2019-08-01T09:06:38Z,a83415babca8eac00f69a32371a230fdadda29bf40fd69f75cf2e8fb,60.17919,24.95181,000000007b5207b6,9.92
14231,2019-08-01T09:06:38Z,a83703c80a4d58db87327a53b0d3664d23edf7350ff6b0afaa49c530,60.16629,24.95957,00000000fb7600be,17.4
14232,2019-08-01T09:06:38Z,a837f2314938b1510f3b4cc5900d5d67bc7212d234d9fed1c64f3861,60.16762,24.95415,000000006b44cce7,14.89
14233,2019-08-01T09:06:38Z,a838fe521ed943ab5d8f7c5d408246fb2370ea139b12544208826ea9,60.16897,24.95222,00000000aa852af1,18.79
14234,2019-08-01T09:06:38Z,a8ca7fb815e707c04434a085c4f99e783d56372143afc92225eae622,60.15133,24.92329,00000000e8a064a4,20.28
14235,2019-08-01T09:06:38Z,a9ee2aabbd32919adf0325ca2f2c5f8e0ba801bc168e8756cda957da,60.16629,24.95957,00000000fb7600be,12.69
14236,2019-08-01T09:06:38Z,aa05a7036c3586a79d23f426b78bf158357208bc82d7ddf9a1326dd2,60.16531,24.9442,00000000fdda10fe,16.1
14237,2019-08-01T09:06:38Z,aa5281244780ac8f283c3452639d477cd76e31fc6f0b95b99c51a9b0,60.16762,24.95415,000000006b44cce7,2.08
14238,2019-08-01T09:06:38Z,ab615ee5bbf567aee3505fbb360d09fc6b851f93fb15aef778b57128,60.16531,24.9442,00000000fdda10fe,10.78
14239,2019-08-01T09:06:38Z,abf0be93e7a8aec9fa8284fdbcc2493f32084aa95f15660b23e149c6,60.16629,24.95957,00000000fb7600be,8.38
14240,2019-08-01T09:06:38Z,aca524ceb3c7373172ecd0d06b26e7d610d441f4a47ab78ae0ad3340,60.15133,24.92329,00000000e8a064a4,23.56
14241,2019-08-01T09:06:38Z,acbbe4765d72f36b0323407c7dbe43db7b4ad5e2da0a6a9e5966db0b,60.16897,24.95222,00000000aa852af1,9.92
14242,2019-08-01T09:06:38Z,ad22512fd6a5ad9e19fdfad7e02b2793ecb01875be243f894c637ae2,60.16829,24.94214,00000000afef4555,0.16
14243,2019-08-01T09:06:38Z,af67ffa8b538058603b74f48e04ab914e8f6cd450f53c47f8c3d683d,60.15432,24.9211,0000000019fb59c4,10.78
14244,2019-08-01T09:06:38Z,b09e9bb62cc49c085c1aee3b752af1bec69dabc939323e5733f73933,60.17065,24.93641,000000000f4919c9,18.79
14245,2019-08-01T09:06:38Z,b25339bfcf356e1460eec7d6494ab8fa8fe2ee363afb6496ab1a1fb9,60.16829,24.94214,00000000afef4555,7.05
14246,2019-08-01T09:06:38Z,b28757d67868f9471f0d997a935e857fd0ff1095449820929597563b,60.16762,24.95415,000000006b44cce7,8.38
14247,2019-08-01T09:06:38Z,b32e57a6f5865a23d7a0e9fa346d5ec4e975f99c4df815fe8b1449b2,60.17918,24.95141,00000000675d5200,18.79
14248,2019-08-01T09:06:38Z,b3d94dfd4a1393ebe6b450d53a8c1c172707ab9ae1ab42b50b5b31df,60.16829,24.94214,00000000afef4555,14.89
14249,2019-08-01T09:06:38Z,b474e34db18d21635ec9ea2654513e6759c326f3aaec96c25f9a204e,60.16897,24.95222,00000000aa852af1,11.7
14250,2019-08-01T09:06:38Z,b50a45ac0708e7b5cca42f3458430eb22ff70a81c575bafe99ffda23,60.17002,24.94407,000000006b087f40,10.78
14251,2019-08-01T09:06:38Z,b5603e758440226e490d1d7d7271a7b0d5c261eccbad198f81110136,60.15432,24.9211,0000000019fb59c4,3.4
14252,2019-08-01T09:06:38Z,b6c43126ca83e916a68e57d0178060c24fc61305836b6c8f188f7285,60.17919,24.95181,000000007b5207b6,10.78
14253,2019-08-01T09:06:38Z,b7c3b37b32d534f6824ac8d99b4c79d0cb915cab104fdb745550ea22,60.16762,24.95415,000000006b44cce7,18.79
14254,2019-08-01T09:06:38Z,b8fb70225ee0a2d655e2809da07a2f8cd2feb7295aa256f8b35fcf1e,60.16629,24.95957,00000000fb7600be,8.38
14255,2019-08-01T09:06:38Z,bb2187a4e20012ad694c768ef2c47c9a9055671024ebf4855d4e6243,60.16531,24.9442,00000000fdda10fe,1.12
14256,2019-08-01T09:06:38Z,bc384bbbf1b2b631cf27066787a32985e9ede5c94a64dc3cab8b6855,60.14951,24.92138,0000000006dd41f6,25.36
14257,2019-08-01T09:06:38Z,bc436a99a8805080541bd9dc9743df4f0e34172e2c70b59f64c4260c,60.16762,24.95415,000000006b44cce7,20.28
14258,2019-08-01T09:06:38Z,bc6d5082ca52e6dae7a1689a835434f3f6341e90afea565480eb9674,60.16829,24.94214,00000000afef4555,16.1
14259,2019-08-01T09:06:38Z,bc82f76c979de19b559e9e3aa0cd6cbf5ac361e2d7b1ac9f81fe2f4f,60.17919,24.95181,000000007b5207b6,13.75
14260,2019-08-01T09:06:38Z,bd17e41f002acd238070518ccfb611a42561023ceaefde667bf6fa55,60.17002,24.94407,000000006b087f40,10.78
14261,2019-08-01T09:06:38Z,be0aec7d0615ab2d3b044d4d86b1cc0c2e35603c8195665e854c25ae,60.16829,24.94214,00000000afef4555,16.1
14262,2019-08-01T09:06:38Z,be12d6aaccf354197284a8c92b960bd6a4e1705f7d948823e7891fde,60.16762,24.95415,000000006b44cce7,8.38
14263,2019-08-01T09:06:38Z,c15ca5682079316240c71f5524ecd6dc66eef915004debe342627daa,60.18203,24.91341,00000000342570c2,23.56
14264,2019-08-01T09:06:38Z,c15da9ed244b57a27a083919c67d0edde078a31b18cb58f13581f173,60.1538,24.95595,0000000038bf9618,10.78
14265,2019-08-01T09:06:38Z,c1674c59c49d5bf74e6808239a91d18a04e47697d298bc61a7618af2,60.16448,24.97323,0000000053c6c2be,13.75
14266,2019-08-01T09:06:38Z,c19294a0a6dd80604d1435e92cecc363af55f32ef9d41af8b67687e2,60.16897,24.95222,00000000aa852af1,9.92
14267,2019-08-01T09:06:38Z,c1bf1bf699e9bc78ca15c9490d1ef02e3323f0c2c76bf0fca7955a69,60.14947,24.91438,000000004ef3150d,20.28
14268,2019-08-01T09:06:38Z,c3320c19d0343faf8c298070dd061465dd6b2e745170ca7a14b0b01f,60.1538,24.95595,0000000038bf9618,41.64
14269,2019-08-01T09:06:38Z,c434f18b802a764aad7a2dfb46e93546acb1b0975cf9b93fd47363f6,60.15432,24.9211,0000000019fb59c4,4.5
14270,2019-08-01T09:06:38Z,c46895857ca53c3362932d446a58c13b60d297f99ca237d4546589e8,60.16897,24.95222,00000000aa852af1,17.4
14271,2019-08-01T09:06:38Z,c5375afd0fcf3a55b5ea619aa6fdefc1cae7382d7c5ac9269aba9dee,60.16829,24.94214,00000000afef4555,20.28
14272,2019-08-01T09:06:38Z,c55f651c108f569fe59364de834d31b122908186d2f95d20ed519564,60.16762,24.95415,000000006b44cce7,10.78
14273,2019-08-01T09:06:38Z,c65c11ee6e8b5894ead3ea9b007a39127edb65a67be253aca6f78ed0,60.16448,24.97323,0000000053c6c2be,20.28
14274,2019-08-01T09:06:38Z,c872af9997af535c4615ee0b4194c7c8d644b7962afb3ca321eb386f,60.15133,24.92329,00000000e8a064a4,21.87
14275,2019-08-01T09:06:38Z,c8aef405537103b9d31a7e2dda43949f5844b9a36494f8defaf0d803,60.17002,24.94407,000000006b087f40,27.28
14276,2019-08-01T09:06:38Z,c8b9856a261673c3360915cd9a4dabb4afe22b63a86d7f59f7dc5f20,60.17002,24.94407,000000006b087f40,21.87
14277,2019-08-01T09:06:38Z,c8df45d222b573af5441c1ec32616df82891a813c9217002a9d60846,60.16829,24.94214,00000000afef4555,18.79
14278,2019-08-01T09:06:38Z,c98bce1cc275ed0a1b833011f8cd251ac848fdc84501fe87eb8b5d54,60.17918,24.95141,00000000675d5200,14.89
14279,2019-08-01T09:06:38Z,ca7719c7cd8d4496b666f608fc07ba9930e362a0b2d96890b0778618,60.16629,24.95957,00000000fb7600be,9.12
14280,2019-08-01T09:06:38Z,cccf3ba2a9d11b9330c18af8064a20aca9995473495bf119162a1619,60.16897,24.95222,00000000aa852af1,8.38
14281,2019-08-01T09:06:38Z,cd24d4831d3c3e8dad5e555b47528aa6b11e307b2882be4f65dd4076,60.17002,24.94407,000000006b087f40,11.7
14282,2019-08-01T09:06:38Z,ce7de55c7709396c70ce5930097e84449a4889700e605a0b062aaeae,60.16531,24.9442,00000000fdda10fe,18.79
14283,2019-08-01T09:06:38Z,cf061f5093c857b2efc346d3ad51fd17cca7eb360060ba7875630cf5,60.16897,24.95222,00000000aa852af1,5.91
14284,2019-08-01T09:06:38Z,cf823e18aa21de251222a9ab70c1b76b6218dea694752d56f6f84082,60.149,24.9843,00000000fffb8cf0,23.56
14285,2019-08-01T09:06:38Z,cf9455daa4877b79636eca3ae57056b08dfc0b42f107cedb6f5a3f16,60.16829,24.94214,00000000afef4555,7.05
14286,2019-08-01T09:06:38Z,d062562fed5ad0a61560e267310beb0b717d2a1e2a11d1d575507861,60.16897,24.95222,00000000aa852af1,11.7
14287,2019-08-01T09:06:38Z,d0ae4fabf429edbfdad59f8183cc6e5929f68633315448c9b83d4c16,60.16762,24.95415,000000006b44cce7,13.75
14288,2019-08-01T09:06:38Z,d0e607248d8728deb0b1b4f29fda6d8cd954a8c837fdebf9df54dc02,60.14947,24.91438,000000004ef3150d,31.5
14289,2019-08-01T09:06:38Z,d16e16def718519430296afa23976c226aaf720722bce3d92a2aad43,60.14947,24.91438,000000004ef3150d,11.7
14290,2019-08-01T09:06:38Z,d29a5ebd00326d5dedb6c60cab75fd238bdaa9d7f703f6b5974edbc7,60.16762,24.95415,000000006b44cce7,13.75
14291,2019-08-01T09:06:38Z,d31d6921eee92503b486a1b30f5330581c4744a82e6549f375544846,60.17918,24.95141,00000000675d5200,36.27
14292,2019-08-01T09:06:38Z,d562afdedae521be241c98441e436608a323fdb944dedc24c835e762,60.17065,24.93641,000000000f4919c9,5.91
14293,2019-08-01T09:06:38Z,d653ef8368d33df4fc7edeb5a381d5826be1471f1470aa9744d47901,60.173,24.92524,0000000096918cfa,2.3
14294,2019-08-01T09:06:38Z,d65b8625c1f24304ff0e3c4a4dce7aa5d434d36be87be41834a49420,60.16531,24.9442,00000000fdda10fe,4.11
14295,2019-08-01T09:06:38Z,d6e217c6592e449e2390b1a874e08cbc9126116901dbdbf84501c6b8,60.17065,24.93641,000000000f4919c9,20.28
14296,2019-08-01T09:06:38Z,d74ea3c9e0aaa523c791aa01f4f9a7c1c43f01f585dc4146b19edf83,60.17919,24.95181,000000007b5207b6,4.11
14297,2019-08-01T09:06:38Z,d8778698d75313bf43f7255696e14eda9502d5d7a6e7315071181cc8,60.16629,24.95957,00000000fb7600be,20.28
14298,2019-08-01T09:06:38Z,d87c4d5dc2cd620de54fdd076d4f9b35245053d65b644d9e01f558b5,60.16762,24.95415,000000006b44cce7,7.05
14299,2019-08-01T09:06:38Z,dbedd81db3d59ee0c6948187e396a34e2fa5dd6670cf8d862bf5e1ff,60.16762,24.95415,000000006b44cce7,9.12
14300,2019-08-01T09:06:38Z,dc00d45c0dd506326fb4dd3692d409df80cb3d871341ffff720dc834,60.16762,24.95415,000000006b44cce7,10.78
14301,2019-08-01T09:06:38Z,ddae2128c72cf011df2a698a8254b8738fd07a971349ea8a5e8bfa9f,60.16829,24.94214,00000000afef4555,9.92
14302,2019-08-01T09:06:38Z,ded712413bfc7de58a469fab75498089b2c3c6b5e0c9cae260102284,60.16829,24.94214,00000000afef4555,13.75
14303,2019-08-01T09:06:38Z,dfe80baf219bd267a459c954a8e3027b3f1ed29fea2a5355456d5652,60.16897,24.95222,00000000aa852af1,18.79
14304,2019-08-01T09:06:38Z,e0cf7a6517d1ada0d8ef91433c515d7c771cb73905ec354546b9741f,60.16762,24.95415,000000006b44cce7,14.89
14305,2019-08-01T09:06:38Z,e0fe7fe5854899c0eb42b75b300339808143419404558ed4d00b0f17,60.17918,24.95141,00000000675d5200,14.89
14306,2019-08-01T09:06:38Z,e234769b1ce1634554f5fa4a290d11b2a30c3dfd009d4c39a2e9dd3d,60.17065,24.93641,000000000f4919c9,16.1
14307,2019-08-01T09:06:38Z,e28f7f19e0b38def43dfc7679b1bbb29e7db0f57d31509b9202bf608,60.17919,24.95181,000000007b5207b6,20.28
14308,2019-08-01T09:06:38Z,e294dde431d68c7b73efcf1f9b916e40bf408111c79228032c7830a4,60.16544,24.95398,0000000038d83d41,17.4
14309,2019-08-01T09:06:38Z,e2bb0ae74deee6cbc4f50c5f85da3f1779ca1db1ae7ff48ab4b33dbc,60.17919,24.95181,000000007b5207b6,4.94
14310,2019-08-01T09:06:38Z,e2f445c6711e0e7d48a6a045bec347587f9f398e8928a171cfa2ca38,60.16762,24.95415,000000006b44cce7,9.92
14311,2019-08-01T09:06:38Z,e3f844c56875bd572c3b57a835b884f1060b467d3bbd25c50dcc7e28,60.16762,24.95415,000000006b44cce7,9.12
14312,2019-08-01T09:06:38Z,e508e239ba2ca68b34ad5074f3d7b013e72f6f7df36eb6cdf545be78,60.16762,24.95415,000000006b44cce7,18.79
14313,2019-08-01T09:06:38Z,e528235be3e5cc4945024d50d1ed43061e2e2f2845f2b41e081e1721,60.17919,24.95181,000000007b5207b6,17.4
14314,2019-08-01T09:06:38Z,e5cad8bb9a6c8dcc067948d7f869033aca5bdd062da175c8734092e6,60.17919,24.95181,000000007b5207b6,4.5
14315,2019-08-01T09:06:38Z,e73dcccbc4dd6af49316f19a34c347cc94ff7ab079a93a2672d78a16,60.14947,24.91438,000000004ef3150d,20.28
14316,2019-08-01T09:06:38Z,e774a294356195410f2da09c6e5a6fa10694a47740320567ac3f408c,60.16544,24.95398,0000000038d83d41,29.32
14317,2019-08-01T09:06:38Z,e7c92f07271c58076a3543568856a6941512c32291b7e9ce8dbcece1,60.16762,24.95415,000000006b44cce7,9.92
14318,2019-08-01T09:06:38Z,e8add7e8346b99cd4b67924113f3763441a1899897c6d1ac3a1a40a6,60.17919,24.95181,000000007b5207b6,9.92
14319,2019-08-01T09:06:38Z,e8ed8051f57ad9d9029a5e3b443c5e93e5059f8c487ba45e2583d35a,60.16829,24.94214,00000000afef4555,20.28
14320,2019-08-01T09:06:38Z,e8fe5d3b6aa0651dff5b4a9c6dcff3135e3bdcbb1cddc9b871e9d991,60.14947,24.91438,000000004ef3150d,20.28
14321,2019-08-01T09:06:38Z,e9275b4d525e0593374e00e9cf9885062a1699ecb3462c758a025ef1,60.16762,24.95415,000000006b44cce7,13.75
14322,2019-08-01T09:06:38Z,e9e1a66ce9f699fc1713bb44cd67a332f584f0c51d18774fc72b8eea,60.16762,24.95415,000000006b44cce7,12.69
14323,2019-08-01T09:06:38Z,ea1b1a8ba1c01fdd1e098c585b133fc3d60f7c2458e7c2726e2df8ee,60.16629,24.95957,00000000fb7600be,21.87
14324,2019-08-01T09:06:38Z,ea3f8412ed9c4d92448688dd9cc7ff9e3eeb5fe4373d0953bf0349c1,60.16531,24.9442,00000000fdda10fe,16.1
14325,2019-08-01T09:06:38Z,ea94130fbb3464dc656765cfddbad802ddfafb1af8007cb5f42cd41f,60.16829,24.94214,00000000afef4555,16.1
14326,2019-08-01T09:06:38Z,eaf572301dc5c1eaff007bc1886cce8f0f5e92a233b8686ed2a1a9cc,60.17065,24.93641,000000000f4919c9,11.7
14327,2019-08-01T09:06:38Z,ec2dd83e04d225caca9f6b9d28bd3080ed37c5bf42e5f65123fa2394,60.17065,24.93641,000000000f4919c9,8.38
14328,2019-08-01T09:06:38Z,ec7121833f0e4b509d683b00a9c5e992e4b84882cb857145102e14f4,60.16531,24.9442,00000000fdda10fe,1.54
14329,2019-08-01T09:06:38Z,ed86f884272a5a400b55bfd4f22bc8cc5d6fca7fe26eee3c39cb3c52,60.15432,24.9211,0000000019fb59c4,8.38
14330,2019-08-01T09:06:38Z,eef621895ee74145a6d76c5f5493a93d7c728c80abe45a2e1933ae9f,60.16897,24.95222,00000000aa852af1,20.28
14331,2019-08-01T09:06:38Z,efc51406db4c66b8a573ec325afe8a9258a04a71b46ff3aae1cfa696,60.16762,24.95415,000000006b44cce7,10.78
14332,2019-08-01T09:06:38Z,f1447725764ec0dca245fc67f2aa0a0c42e6b05808076aa74f0c1e7e,60.17919,24.95181,000000007b5207b6,13.75
14333,2019-08-01T09:06:38Z,f18c0c32d067aecf5602d70693ac888cab1be6dbb0d154be5153dfcc,60.16829,24.94214,00000000afef4555,5.91
14334,2019-08-01T09:06:38Z,f1b28329fc91f4708ca34857c5582c0bf1b7d0ab06127746029cd72c,60.17918,24.95141,00000000675d5200,17.4
14335,2019-08-01T09:06:38Z,f1c56657bd75e6e3cc93071935fa8b624843fa039b798109ad3f9ffe,60.16762,24.95415,000000006b44cce7,11.7
14336,2019-08-01T09:06:38Z,f20935810c1567a80c288016c4d4dd32fe86b3479f47ae7dd64d15cc,60.15432,24.9211,0000000019fb59c4,3.74
14337,2019-08-01T09:06:38Z,f29ed00b645af4bbf50174e71f58a9b691d2e2342e59eda242d97380,60.16829,24.94214,00000000afef4555,14.89
14338,2019-08-01T09:06:38Z,f4587b90aec9127805880f7c81fc03b9fb513fe363015399b895089f,60.16829,24.94214,00000000afef4555,14.89
14339,2019-08-01T09:06:38Z,f4bbc3077da0455d4340da2eed204915327b75a792080724548b4956,60.17919,24.95181,000000007b5207b6,5.41
14340,2019-08-01T09:06:38Z,f503a41d3e8b9b57628f4f061c1d8e0c53c62dd8a6fe38d212958ee6,60.16075,24.95883,00000000f1124bca,6.46
14341,2019-08-01T09:06:38Z,f50fd3b1715a94dff67461f4b8f252ecaa6acc16459b3d021f34f15e,60.1538,24.95595,0000000038bf9618,27.28
14342,2019-08-01T09:06:38Z,f587de6c8c03387c5e6a66cd7d20c45abad3668c8e2246611122547b,60.14947,24.91438,000000004ef3150d,17.4
14343,2019-08-01T09:06:38Z,f5c4e0083948ddd2cc19254413dec48f888a85bfe1f826a524e2a814,60.16075,24.95883,00000000f1124bca,31.5
14344,2019-08-01T09:06:38Z,f741519cf6f519194bb45b9da0e69bda8edb903e3c24d4140f340467,60.16762,24.95415,000000006b44cce7,7.05
14345,2019-08-01T09:06:38Z,f77f8836e641389801309c311e926c1662264ab16efd01cd5bf27baf,60.16762,24.95415,000000006b44cce7,5.91
14346,2019-08-01T09:06:38Z,f7f8272d0f5b75ba15174fd69f84bd80cad47290165ec2a6cd06a5cd,60.16829,24.94214,00000000afef4555,20.28
14347,2019-08-01T09:06:38Z,f9e527876f8dfe750fd29bc42664bbf572aed5d09d344a8934a83d90,60.17065,24.93641,000000000f4919c9,4.11
14348,2019-08-01T09:06:38Z,fa1a3814c680b20020a08346c37ee2853e895984574575312bf262e7,60.14947,24.91438,000000004ef3150d,16.1
14349,2019-08-01T09:06:38Z,fa9f19c58a086fde9429d732b1eec80eacf5fc1b2c0124d17243d008,60.17918,24.95141,00000000675d5200,9.12
14350,2019-08-01T09:06:38Z,fb2df85c8938d6a1bbd1ff0a1cd8aa23480ae08dc39d2b584ed35e14,60.16762,24.95415,000000006b44cce7,8.38
14351,2019-08-01T09:06:38Z,fba6e66dd09200012637e0b454c96fd7a5459b7e8b0ba01863cdbd77,60.16762,24.95415,000000006b44cce7,3.4
14352,2019-08-01T09:06:38Z,fc75e05a713e8733c512a31a3bebec0a122af3e7afb2c5059c3f1a3a,60.17002,24.94407,000000006b087f40,10.78
14353,2019-08-01T09:06:38Z,fdb3239bb0017def73005dc66a8d674c713493499c8feff7a6c01018,60.16762,24.95415,000000006b44cce7,17.4
14354,2019-08-01T09:06:38Z,fe191b6937595e5cf2ac1491e9056f0f9fb5bf66c0cb900df00b4c64,60.16829,24.94214,00000000afef4555,3.74
14355,2019-08-01T09:06:38Z,ff3580f7bd2e1882c23d4afbfcaa5eb85473ce822d5833faecefdd31,60.16897,24.95222,00000000aa852af1,20.28
14356,2019-08-01T09:06:39Z,0bc5d37416fd27c336d64358a660668746f2c088ea9bf78994076bf9,60.16829,24.94214,00000000afef4555,16.1
14357,2019-08-01T09:06:39Z,112c36ba789fa57e2b19c9bff8bfe0b3eba19a431c3af4656c4cee5b,60.16531,24.9442,00000000fdda10fe,41.64
14358,2019-08-01T09:06:39Z,144afc51fc2443c7031a2912566eff2ce60226a49d6d2bd7c2923700,60.16544,24.95398,0000000038d83d41,23.56
14359,2019-08-01T09:06:39Z,14c7e1511b70f4dd3359cbece1377aebb4d70531f5489eefe53d7c3c,60.16544,24.95398,0000000038d83d41,29.32
14360,2019-08-01T09:06:39Z,15918569de0a46a8eb56b43d8d39f7fc82619ff1006f00822c85745c,60.17918,24.95141,00000000675d5200,1.54
14361,2019-08-01T09:06:39Z,165ebbb4090d47319ae370f0d0854fdc1f6b79499f8b2e4d3c3533c0,60.16544,24.95398,0000000038d83d41,20.28
14362,2019-08-01T09:06:39Z,171d0bf49a26400390df42bc1c9af98d9279bf8ccee92f39288845e1,60.16762,24.95415,000000006b44cce7,3.4
14363,2019-08-01T09:06:39Z,1951291ca064d0fb480d958037c1477427d2ca8db455fef0b741bf9f,60.16448,24.97323,0000000053c6c2be,20.28
14364,2019-08-01T09:06:39Z,1f0f0628cdc688d76bde2b82bee5b9b4916bf0bbdfe76cf3213e1c65,60.15432,24.9211,0000000019fb59c4,14.89
14365,2019-08-01T09:06:39Z,2a93b61a3863ace54349d7a0937e4134fcc6d4dfcf064eefae2b7cf8,60.15432,24.9211,0000000019fb59c4,23.56
14366,2019-08-01T09:06:39Z,4bbbd31369584c03769c2d0dc01e34a75cc22ae1352f831f62696d2b,60.16762,24.95415,000000006b44cce7,13.75
14367,2019-08-01T09:06:39Z,5d65719c4cbf045f068d084b72302f447d5fd034413d97d13be00d0e,60.18203,24.91341,00000000342570c2,21.87
14368,2019-08-01T09:06:39Z,5eed115a984d490b02b602d73787aee8dc8c4e9365b77fbff3818a76,60.16629,24.95957,00000000fb7600be,17.4
14369,2019-08-01T09:06:39Z,6a657079c1bdc8114c289be1ddd83e5846d4279a920d1697b8ff0033,60.18203,24.91341,00000000342570c2,23.56
14370,2019-08-01T09:06:39Z,6d22b751ff5173035dc85c52c3dff0780126adae67fe33dc62dd45ef,60.16531,24.9442,00000000fdda10fe,17.4
14371,2019-08-01T09:06:39Z,6ff437688c444238352c28f64f9d2a7d0f14d19c9ea42c225380501e,60.16762,24.95415,000000006b44cce7,11.7
14372,2019-08-01T09:06:39Z,76c7f42283513d0e289bf786d89463b5025b2ae0f4e13519a4cf228b,60.15432,24.9211,0000000019fb59c4,18.79
14373,2019-08-01T09:06:39Z,78d5f60b36b59c06c3988b94e11744bb3aed5dcbc214f91f228bf892,60.16448,24.97323,0000000053c6c2be,20.28
14374,2019-08-01T09:06:39Z,84fdfd8881f633c5f0c71c1480053953ca4b05e848052d97c063ad38,60.1538,24.95595,0000000038bf9618,21.87
14375,2019-08-01T09:06:39Z,87dfaad29a9276ddddb1fa021d3bc23ad14824c1af16f7d87e713689,60.14951,24.92138,0000000006dd41f6,9.12
14376,2019-08-01T09:06:39Z,8c75c3289c84fe4493e1e272a77b615fe1985880c5dc68a7c1a17b53,60.16762,24.95415,000000006b44cce7,9.12
14377,2019-08-01T09:06:39Z,8cc6ddaa460aeae8cc9e8a33f91a01c8cd4c0c8bf8a943210a28c84d,60.1538,24.95595,0000000038bf9618,27.28
14378,2019-08-01T09:06:39Z,9500bab795f51bdd64c3f0f2cd00ad5aa6d9b93195c29484e6e5f92a,60.16762,24.95415,000000006b44cce7,18.79
14379,2019-08-01T09:06:39Z,9843c6216661048343a0e49cf3d8aa2883cf77f452666a1c873a1052,60.16448,24.97323,0000000053c6c2be,12.69
14380,2019-08-01T09:06:39Z,9d03d14afa49576281aa26db60e517f7c1ec8aa36f7756959a860a8a,60.16629,24.95957,00000000fb7600be,11.7
14381,2019-08-01T09:06:39Z,9ff35a7f150d05ef75c3777dbae4f91e5b1a4d0830a984c50f6da1bc,60.16897,24.95222,00000000aa852af1,29.32
14382,2019-08-01T09:06:39Z,a08cae03363d2e483a6ea717973088f4bd4276de96a9d438a7358ff4,60.16897,24.95222,00000000aa852af1,29.32
14383,2019-08-01T09:06:39Z,a91d379a4b57c5df22db0d7a041ff69f657b4b31f28554b1011fc03c,60.16544,24.95398,0000000038d83d41,27.28
14384,2019-08-01T09:06:39Z,a9da1ee82e3b670e276c26b483dd50f4a6d0c6f77ef82245d3ae6086,60.18203,24.91341,00000000342570c2,11.7
14385,2019-08-01T09:06:39Z,ab0f67c0c0e1ba5eac9013f9c314feadf340ddf08543b91e70483594,60.16544,24.95398,0000000038d83d41,17.4
14386,2019-08-01T09:06:39Z,b4faf2d3c4d2b199afeab6ab63b583fe3a2e81e14abbef6917f25129,60.15432,24.9211,0000000019fb59c4,20.28
14387,2019-08-01T09:06:39Z,b5026d7cf52e7ab96df2ba76a516d819fb11765e520b765d373d186b,60.16448,24.97323,0000000053c6c2be,17.4
14388,2019-08-01T09:06:39Z,c40c37def6bf11a63a2556519a7c6233fd417cdeea2cf14f28e7c42c,60.16531,24.9442,00000000fdda10fe,17.4
14389,2019-08-01T09:06:39Z,cf05623e4d87ce0906c0b0b7dbf53aacc1228016cd27c341228b6e76,60.18203,24.91341,00000000342570c2,17.4
14390,2019-08-01T09:06:39Z,d127ead865385b64ae537a703a26be15fae4b5332ce0fbf03d5e0c23,60.1538,24.95595,0000000038bf9618,36.27
14391,2019-08-01T09:06:39Z,dd2c9c82cf3737146294aff6f814a1349fb0bc4bedf518715dacbe8f,60.18203,24.91341,00000000342570c2,14.89
14392,2019-08-01T09:06:39Z,ddc67f72e5e8f9a7d6b2da1da84e1837810b48e399bfa77518b37226,60.16531,24.9442,00000000fdda10fe,33.81
14393,2019-08-01T09:06:39Z,ec72ef080c605e71978aed0d3b5f22c3c3133677a43c614b72eedc6d,60.14699,24.922,00000000a53ed894,27.28
14394,2019-08-01T09:06:39Z,f22981c21af00fc334b3d8bdd523e23a50384666e97815f0ec1dc0ac,60.16897,24.95222,00000000aa852af1,9.92
14395,2019-08-01T09:06:39Z,f70a43051a4f59f5002c4018a464b44781f7f527861efda6626a2de4,60.16829,24.94214,00000000afef4555,20.28
14396,2019-08-01T09:06:39Z,f7e45613ad966fea53fab73b435ba3a087c774e36596b3a5156a3487,60.16829,24.94214,00000000afef4555,9.12
14397,2019-08-01T09:06:39Z,f83d4b6b8ffbf8a674d212e32100b2360b80261b4e9207d77c0b0ed3,60.17918,24.95141,00000000675d5200,3.09
14398,2019-08-01T09:06:39Z,fc4f3a44235f1cfc7b53f14ba2da599976a5a0a220d23b852688e485,60.17918,24.95141,00000000675d5200,17.4
14399,2019-08-01T09:06:39Z,00787dad708490660b0b836fa415681cc57046fa521c0c0aaea14a9e,60.16762,24.95415,000000006b44cce7,4.11
14400,2019-08-01T09:06:39Z,011372b726688a0c953368b50bc5a1cb0212c17dbecc587d9f9d75ce,60.16629,24.95957,00000000fb7600be,14.89
14401,2019-08-01T09:06:39Z,02050a536056486b1bf139282f0d0a3af63def1d56ff0c73ac51bb19,60.14947,24.91438,000000004ef3150d,13.75
14402,2019-08-01T09:06:39Z,028149b8bfaf37d1f064cb0b4f23ae118f00d8eff41679fb8830396a,60.16531,24.9442,00000000fdda10fe,25.36
14403,2019-08-01T09:06:39Z,0362cc670dcfab795a3911957b6a177416bf9b99d0e2732716796c4d,60.15432,24.9211,0000000019fb59c4,13.75
14404,2019-08-01T09:06:39Z,03f427d436ba092925de462b11374bdbdab0443620037675621fbc11,60.17919,24.95181,000000007b5207b6,7.05
14405,2019-08-01T09:06:39Z,0483eb7342f4e704caa76b9bc3d6a7bd836282960dafc2c756247134,60.16762,24.95415,000000006b44cce7,9.12
14406,2019-08-01T09:06:39Z,05ea86e2217eb99bcf8140350112cb56bbca3592d62c5a39efe28768,60.16762,24.95415,000000006b44cce7,18.79
14407,2019-08-01T09:06:39Z,063935180fff0e58de5d319ecb9320cf794423e3c6aeac0cca8f1a9f,60.16897,24.95222,00000000aa852af1,14.89
14408,2019-08-01T09:06:39Z,0849a091b1aabe9b614b6b5c54dffd083dbb4473ca90dc972e4d37de,60.16829,24.94214,00000000afef4555,25.36
14409,2019-08-01T09:06:39Z,08f10568d1e90d000e41196f141e0c1a52bab88fcf08f4753a3c055e,60.16897,24.95222,00000000aa852af1,21.87
14410,2019-08-01T09:06:39Z,08f9fd60f852d3502bfa509c955e9963e73954f961d55ba8cd46cae9,60.16629,24.95957,00000000fb7600be,11.7
14411,2019-08-01T09:06:39Z,0951ec0c700dba7330b8e8181fc852becde054d0dc7474d1488db3cd,60.17065,24.93641,000000000f4919c9,36.27
14412,2019-08-01T09:06:39Z,0c1684b697a63d7f47ebaedcfa060b3b4af294fec1e62d613699291a,60.16897,24.95222,00000000aa852af1,11.7
14413,2019-08-01T09:06:39Z,0d2a30f4e69ed2b7c428129d550b561c93cfe41bbf290ae41a4343bc,60.16762,24.95415,000000006b44cce7,16.1
14414,2019-08-01T09:06:39Z,0feb7de3b58597dd266ed606e8d3b6e2e4e0be942b17c15be984f51c,60.14951,24.92138,0000000006dd41f6,25.36
14415,2019-08-01T09:06:39Z,1069967e3921871955b1b2b42e60f829c593a3e024401bfe61ae410e,60.16629,24.95957,00000000fb7600be,11.7
14416,2019-08-01T09:06:39Z,10cd81594fd56fa1f2c4799419a45b70833d3d8583b817324ee96da7,60.16897,24.95222,00000000aa852af1,12.69
14417,2019-08-01T09:06:39Z,10d0fed0f7d40b253b5fc5a53297dc9af8bb76fa6f34d5e71383cb62,60.17918,24.95141,00000000675d5200,21.87
14418,2019-08-01T09:06:39Z,1134a082e36fe03359bac74c814a0ed20468c45230115d4e25aa230d,60.16829,24.94214,00000000afef4555,7.69
14419,2019-08-01T09:06:39Z,1190156a73bf59a847cf2ffe8e6c4216b8658b3898324d94a582c787,60.16762,24.95415,000000006b44cce7,13.75
14420,2019-08-01T09:06:39Z,1271bcd33c0056265a5bdf6df4092a3c9e2209abee80570cb172031b,60.16897,24.95222,00000000aa852af1,23.56
14421,2019-08-01T09:06:39Z,141a580597619f20b14d71a17562763921dafbb27c8aaaa8700fd522,60.16829,24.94214,00000000afef4555,17.4
14422,2019-08-01T09:06:39Z,141ffc858c3ea6a2e69c954115114304736a35dc25ec947323090dc0,60.16762,24.95415,000000006b44cce7,8.38
14423,2019-08-01T09:06:39Z,14b431f72fc7a1705dec55f60900c3104cc3eab2bed0b01ad6745910,60.173,24.92524,0000000096918cfa,23.56
14424,2019-08-01T09:06:39Z,15a3cdd20e3ce88c179a07d78a2d5fdda854b0fef8441d8cb3aebde8,60.17065,24.93641,000000000f4919c9,25.36
14425,2019-08-01T09:06:39Z,164d8280dbb888033f64368dd641bcef597fc327148fcf74374894c5,60.16544,24.95398,0000000038d83d41,20.28
14426,2019-08-01T09:06:39Z,167a52adcdc4d9a7f697ffc5e058fcb79a22a32ba0b8ed45a36311f2,60.17002,24.94407,000000006b087f40,17.4
14427,2019-08-01T09:06:39Z,16e18d478be872d2a9801fa885d08edeb3f5ae1840b38478f9baf535,60.17919,24.95181,000000007b5207b6,17.4
14428,2019-08-01T09:06:39Z,185ef4052356a0469d4c21d263f6b6e9a82576a578f956fb05cf47d9,60.17002,24.94407,000000006b087f40,29.32
14429,2019-08-01T09:06:39Z,190cdde22bc3e3a41cd0f9da7efb3a917bc09e8034b05ca6064ea8a8,60.17918,24.95141,00000000675d5200,11.7
14430,2019-08-01T09:06:39Z,1b68a6bcf7b740e0c437e0976d4900f31368afcb2c757bba30e0a249,60.16829,24.94214,00000000afef4555,21.87
14431,2019-08-01T09:06:39Z,1cfafdaa3ff1975bcf6f699641431e88775ba2183074d825eeb81dd3,60.149,24.9843,00000000fffb8cf0,23.56
14432,2019-08-01T09:06:39Z,1d70ff49909e1d6fb653ae053aa78084daf385dbbd2ad22b05707309,60.16829,24.94214,00000000afef4555,9.12
14433,2019-08-01T09:06:39Z,1dacfb371d75dd4f90f447aac2a00faad98beb4188a6971c19eb2375,60.16629,24.95957,00000000fb7600be,21.87
14434,2019-08-01T09:06:39Z,1dcff36b6f83b08b6ea87c1c1018c542c270299839908ca446dffb39,60.16762,24.95415,000000006b44cce7,12.69
14435,2019-08-01T09:06:39Z,1e3044c19f6913531b6dd4bccb88ad02c1b39192513ccffa05444edb,60.1538,24.95595,0000000038bf9618,18.79
14436,2019-08-01T09:06:39Z,1eadb2c1984aa73c3c2f13eab0a2e793331443c617681e36887f0bcc,60.16629,24.95957,00000000fb7600be,18.79
14437,2019-08-01T09:06:39Z,1eb71232cacfabc37966931f8112e59acabc361048ad25dc2468949f,60.16762,24.95415,000000006b44cce7,14.89
14438,2019-08-01T09:06:39Z,1ecbc7c6afe89033252e5510cbb893666af2b3bc29f555a3a6287fdb,60.14951,24.92138,0000000006dd41f6,4.94
14439,2019-08-01T09:06:39Z,1f813dc10021899138c12ca17c58ab3dc24db1750dcb1790f9c20e8f,60.15133,24.92329,00000000e8a064a4,23.56
14440,2019-08-01T09:06:39Z,20b37aa6c3ad0dfea9c182498905a450537b0efbbd8563b205e93afd,60.16897,24.95222,00000000aa852af1,13.75
14441,2019-08-01T09:06:39Z,20ecc60ba6748bb4a65d10d3f27a3b928bcbc43ea0eab6ff9121c1bd,60.16829,24.94214,00000000afef4555,17.4
14442,2019-08-01T09:06:39Z,227fd98ceb97d84d0c2c3af35c32cee7a87aea62d71b1a5353ae3588,60.17065,24.93641,000000000f4919c9,18.79
14443,2019-08-01T09:06:39Z,25479245e5a8b0fe47e2bd590cdd63256d84afd6c164781dc64e527d,60.149,24.9843,00000000fffb8cf0,11.7
14444,2019-08-01T09:06:39Z,2552cb43d7990bde838673115a742078e343ce93f96257728311655d,60.16897,24.95222,00000000aa852af1,21.87
14445,2019-08-01T09:06:39Z,25d340d14d855b8c18b2c6f2551ec98a1eb047d1fd3457ba881ddf28,60.17918,24.95141,00000000675d5200,2.8
14446,2019-08-01T09:06:39Z,270749ab8e1a83f0dcbf45dc861bcc0e10361d103d7589841787e366,60.16531,24.9442,00000000fdda10fe,16.1
14447,2019-08-01T09:06:39Z,277fcf3cc917a89b46a34e0cf5164a78f5bcc88d92bb45ded60f1a91,60.17065,24.93641,000000000f4919c9,10.78
14448,2019-08-01T09:06:39Z,2832565094d8e4bd54c7a2442ac8807d97669bc460c1cb75a831bbb8,60.16762,24.95415,000000006b44cce7,25.36
14449,2019-08-01T09:06:39Z,28ce50ca84cdcd4c17a36ac666e7ac0267b6ab5b77f4bfb08b2573a1,60.16762,24.95415,000000006b44cce7,2.3
14450,2019-08-01T09:06:39Z,28d50861d92f962c7a49eabaa524431aebf52870e44b79f77d7167c6,60.17918,24.95141,00000000675d5200,20.28
14451,2019-08-01T09:06:39Z,29ae3c5c3aeac0c607bc816f7e74c232a40142b79a52c43c7b1ed42f,60.16829,24.94214,00000000afef4555,3.4
14452,2019-08-01T09:06:39Z,2c6810efb2565383ca0a554f3c51f3f7905484357f5e00756dbf091a,60.17918,24.95141,00000000675d5200,2.54
14453,2019-08-01T09:06:39Z,2f43b7a683b0d365a46b6259a032813c293472eaedcdbcc3507adee5,60.17918,24.95141,00000000675d5200,9.12
14454,2019-08-01T09:06:39Z,2f79108a454c0072885ad1447280ed5098d061b229eaae61a8bb67be,60.15432,24.9211,0000000019fb59c4,8.38
14455,2019-08-01T09:06:39Z,2f82b3546af2df53b58cddc668c9aa196554108cdf39120ea40b417c,60.16629,24.95957,00000000fb7600be,4.11
14456,2019-08-01T09:06:39Z,2fb39eae730ec6f291700f841a64aaf680d52a8346399aec6ccb1dbb,60.17065,24.93641,000000000f4919c9,12.69
14457,2019-08-01T09:06:39Z,2ff189e5846383641192cafb595a7a8f77394239ee03aabd1bf3c49f,60.16829,24.94214,00000000afef4555,1.88
14458,2019-08-01T09:06:39Z,312e78d3624e87e1645e7d54f96facd8a2321d6e65a3ef0620fb1d42,60.16531,24.9442,00000000fdda10fe,20.28
14459,2019-08-01T09:06:39Z,31b02b3b271f6feef9e49d9285929ff1c25a11e608fc5d70bc6a1fac,60.16897,24.95222,00000000aa852af1,27.28
14460,2019-08-01T09:06:39Z,33fa4cb82db5b44ffe6e7ae1039635187f90d1df328f8f139da0c693,60.17918,24.95141,00000000675d5200,1.88
14461,2019-08-01T09:06:39Z,3480c16a6649952c388d8902596e332f018e609b9585f483353ae026,60.17065,24.93641,000000000f4919c9,4.94
14462,2019-08-01T09:06:39Z,34e96c7caa63e7ede8f428b18e8fb556ac235d61a50c9d6ac7ff268f,60.17918,24.95141,00000000675d5200,11.7
14463,2019-08-01T09:06:39Z,3609f484ad7e56259f60a61aba44f22dfca5c8b2564fce7e802ad342,60.16829,24.94214,00000000afef4555,13.75
14464,2019-08-01T09:06:39Z,367b1989198ef11170dd9fcfa7e6ebb5ceb58aab87c613ee1bb86e8c,60.16531,24.9442,00000000fdda10fe,10.78
14465,2019-08-01T09:06:39Z,3685ee6d322dcb2ad0ae181f66c3c5427d4531d7896d2f5f7571bb6d,60.16762,24.95415,000000006b44cce7,10.78
14466,2019-08-01T09:06:39Z,36fe97cd2ec69118778c771a87593630f8a6a2cb77d9ce72f845cd3c,60.16762,24.95415,000000006b44cce7,7.05
14467,2019-08-01T09:06:39Z,38fb20c6d55b10dd10a39c0fb41ad61297453e25afda81cf32313ae3,60.16531,24.9442,00000000fdda10fe,21.87
14468,2019-08-01T09:06:39Z,39c6456ee66fe96eee3d97cee2a70923cedb3da760bb5d4d413adb9c,60.17918,24.95141,00000000675d5200,2.8
14469,2019-08-01T09:06:39Z,39e9fa7033887b7ab339887aa68753ff94d4771cda2bb8ff4ea7aa0a,60.17918,24.95141,00000000675d5200,12.69
14470,2019-08-01T09:06:39Z,3a1afdcf7c2e5a52cdbcbbe29e8281c184037e8720920c6c75bee339,60.15133,24.92329,00000000e8a064a4,8.38
14471,2019-08-01T09:06:39Z,3a2f1a2c6c645bd161943b3f19c171d021512d7a8c4273ed3022f5df,60.16829,24.94214,00000000afef4555,27.28
14472,2019-08-01T09:06:39Z,3a38ba36c098f2741d6c5fb5a751fcd074d05d698ac592ca09ab443c,60.16448,24.97323,0000000053c6c2be,18.79
14473,2019-08-01T09:06:39Z,3a7b4023cee4b0d567a123a3d6aff0bc8f94663522bbdf0ea4306607,60.149,24.9843,00000000fffb8cf0,16.1
14474,2019-08-01T09:06:39Z,3a97ae4dcab31eb5e15e5d036d286e9764e25bcf0ad8afcfba854c90,60.16762,24.95415,000000006b44cce7,9.12
14475,2019-08-01T09:06:39Z,3b124e1851087531134d5e5d0a10b6afe3551982609a81a19dd969dd,60.16829,24.94214,00000000afef4555,17.4
14476,2019-08-01T09:06:39Z,3be40c84926a525adbd09eeeb3a12b73b24c633942b2e1fbe8151ac3,60.16448,24.97323,0000000053c6c2be,17.4
14477,2019-08-01T09:06:39Z,3d0437a1d090cd3cad05629e69a61c519aa6218e1b7fb47811e5a4ae,60.16762,24.95415,000000006b44cce7,7.69
14478,2019-08-01T09:06:39Z,3eea43670f4f29a90ced59c1af122371340275fb61ff8f14c7120658,60.16762,24.95415,000000006b44cce7,5.41
14479,2019-08-01T09:06:39Z,40646914186edc6142b7fc3daf766121b55f5bb36ea38facff686ea5,60.16897,24.95222,00000000aa852af1,27.28
14480,2019-08-01T09:06:39Z,40825cb0d315c92e0e0a73cc8e86c3b763bbf7ce226f112913e05e0f,60.17065,24.93641,000000000f4919c9,21.87
14481,2019-08-01T09:06:39Z,42844e90c7134ebb3ec325f57cd27cd24711c779548ebc8692a820d5,60.14951,24.92138,0000000006dd41f6,3.4
14482,2019-08-01T09:06:39Z,44334c68f3991fe858ac066726e0a884236a5d89fe94d917b48e857c,60.16829,24.94214,00000000afef4555,18.79
14483,2019-08-01T09:06:39Z,4470412c4b059a920f2699fbfb72b261e0847b3e1caa8c71d2edd5a2,60.16448,24.97323,0000000053c6c2be,20.28
14484,2019-08-01T09:06:39Z,44e086520907fc0314474823b382bd86a08a7dffc64e851ddd993a56,60.16762,24.95415,000000006b44cce7,7.69
14485,2019-08-01T09:06:39Z,4642dfa1df839f11e64f68bca4e3dce7bde2ff6dd68c54959fcb4788,60.17918,24.95141,00000000675d5200,13.75
14486,2019-08-01T09:06:39Z,4682d95464cedcc021f38271a51bab9c000762b4acf802070e259ba2,60.16629,24.95957,00000000fb7600be,12.69
14487,2019-08-01T09:06:39Z,478830e26b1b9314c3f35b4ca62aba9828872733abbc7f32b78daac3,60.16531,24.9442,00000000fdda10fe,31.5
14488,2019-08-01T09:06:39Z,47bd1492244c444d45674eb48dd2e6f222cb109d820ba807c4e18c1a,60.16629,24.95957,00000000fb7600be,14.89
14489,2019-08-01T09:06:39Z,48004849b2f48b2314aa9175433d754db1641b949bb8cf050e2dd128,60.17918,24.95141,00000000675d5200,18.79
14490,2019-08-01T09:06:39Z,48c0ea6615ac4c02fc9bc0e06f9ea9309f9bf7e73b4324d7a6b14610,60.16829,24.94214,00000000afef4555,12.69
14491,2019-08-01T09:06:39Z,49bbad87e4d6cd03bdb073bde7be91193d74d29943badce7fc536916,60.16448,24.97323,0000000053c6c2be,12.69
14492,2019-08-01T09:06:39Z,49df780a7f20a99ad2810fa4bbb46b5fac9bc5cbe3fc800cd572f63a,60.14947,24.91438,000000004ef3150d,8.38
14493,2019-08-01T09:06:39Z,4ade4f0d92c6157a42d7fd8e353d1c93551324ba47cc134b840a6c63,60.16897,24.95222,00000000aa852af1,4.94
14494,2019-08-01T09:06:39Z,4afcc27c652d3d50a44d060f84e33dd4b17529d982928dae936cf10f,60.16448,24.97323,0000000053c6c2be,23.56
14495,2019-08-01T09:06:39Z,4ba529eeafb27285cbbade6e5ece0d4d04bd2d13c98b27a5d17abd22,60.16897,24.95222,00000000aa852af1,4.94
14496,2019-08-01T09:06:39Z,4c85a4a0756c1707ca2f02a74870d1e1d1a90f1793d229dc3a2bbb63,60.16531,24.9442,00000000fdda10fe,27.28
14497,2019-08-01T09:06:39Z,4e262a07e1ea47350f808684444d1d8b3f223288fb219cca9f12af23,60.1538,24.95595,0000000038bf9618,23.56
14498,2019-08-01T09:06:39Z,4e5e16adfd317b7f9617f681099821bae42d6f0dca51dfd0957c65b4,60.16762,24.95415,000000006b44cce7,5.91
14499,2019-08-01T09:06:39Z,4fb4a3650a2a28469dde9c537458d24411aa6075666e047dd756fba9,60.17918,24.95141,00000000675d5200,18.79
14500,2019-08-01T09:06:39Z,5001aabb6808b9fd96b705d1ebe8e7aca52713c2640100d81879dd86,60.17918,24.95141,00000000675d5200,5.91
14501,2019-08-01T09:06:39Z,504f910a0bd104a130b85d0c50467a15e74dc950bcc9eac3ebecc43e,60.16531,24.9442,00000000fdda10fe,18.79
14502,2019-08-01T09:06:39Z,51ec42fdd85671ae93876c3d875b24e56cb45699e9c3d2b623dca70d,60.16762,24.95415,000000006b44cce7,9.92
14503,2019-08-01T09:06:39Z,529623421e226c215bcca0b1388813e291d3d13ed1d8465f0ab69147,60.16629,24.95957,00000000fb7600be,10.78
14504,2019-08-01T09:06:39Z,52dafb8d2f758077fde6a37220aa103d803e9c58d64ac234a45708ee,60.16531,24.9442,00000000fdda10fe,31.5
14505,2019-08-01T09:06:39Z,5372348389197e6c4bc4c5e3dab047e7384d562220e6295904bbda1b,60.17065,24.93641,000000000f4919c9,5.91
14506,2019-08-01T09:06:39Z,5385ddf78e929052bb12c39651fb3ff99e3642aa079d49f687b4c73c,60.16762,24.95415,000000006b44cce7,17.4
14507,2019-08-01T09:06:39Z,53fb53be4440aecb1a1fa63a9da1db08182cc7e252da14685e63373d,60.16762,24.95415,000000006b44cce7,7.05
14508,2019-08-01T09:06:39Z,54bd709173219e8017f317b63ecc83d0a48f64542e6fa1b83c86a56c,60.17918,24.95141,00000000675d5200,10.78
14509,2019-08-01T09:06:39Z,556cae6b2e2dec6fe691a835e8e08bd016b1a65797c0aca46879329f,60.17919,24.95181,000000007b5207b6,4.5
14510,2019-08-01T09:06:39Z,559429bba23762a872fc7b1e2219d42125ab101e4355d43fdb94ed7b,60.17918,24.95141,00000000675d5200,10.78
14511,2019-08-01T09:06:39Z,559e6a5225ce35ab844c63ea0d0c1695dc490a3d9cfbafa5d35ac8d8,60.14947,24.91438,000000004ef3150d,11.7
14512,2019-08-01T09:06:39Z,57c17edc71bbce06ad692952a1e05eaa77181884e580c0848f3a23fc,60.14951,24.92138,0000000006dd41f6,20.28
14513,2019-08-01T09:06:39Z,584cb0b0cdd14e608c8b57c8aecc9826f9b40027e365e2438a444ea2,60.16762,24.95415,000000006b44cce7,11.7
14514,2019-08-01T09:06:39Z,5865a27b5b56a60bca38e4a1403655e3e7fd0232a3ff2079965aff81,60.15432,24.9211,0000000019fb59c4,3.4
14515,2019-08-01T09:06:39Z,5978726eeef638856dafd3a8d199287f8daf9e90ddde750b402f8bb0,60.17065,24.93641,000000000f4919c9,1.12
14516,2019-08-01T09:06:39Z,5a3004325b5a058e02fb9f32ef4f7e9cc465240cbda7a7e4ec89d2de,60.16629,24.95957,00000000fb7600be,20.28
14517,2019-08-01T09:06:39Z,5a34b02faac3189217466888ef1d31cc80f721ac2f18638c5db88d53,60.14947,24.91438,000000004ef3150d,12.69
14518,2019-08-01T09:06:39Z,5a857d46d2710076dd9ff377dc9ae0c17e4db2a46db79f1e8d158cfa,60.16829,24.94214,00000000afef4555,13.75
14519,2019-08-01T09:06:39Z,5b06617477af6dcee75a94ac347364b50f6f3b5b7d747e5413d9ad58,60.14947,24.91438,000000004ef3150d,11.7
14520,2019-08-01T09:06:39Z,5b24733f1e45af711e2eebfb97b6b1467ca5cf1f466e6c8add4f7935,60.16762,24.95415,000000006b44cce7,13.75
14521,2019-08-01T09:06:39Z,5ba3600a6c741a6d459b1738c1786d86b245f442df4f5db7c90c9d88,60.15133,24.92329,00000000e8a064a4,33.81
14522,2019-08-01T09:06:39Z,5c1f71098d5d7258d2971061c791c94e0138c8e02225c5f60d6a0428,60.149,24.9843,00000000fffb8cf0,31.5
14523,2019-08-01T09:06:39Z,5daa76852f3e1be6c75fa2185d5787ab9010cf83d6671515769a8649,60.16531,24.9442,00000000fdda10fe,12.69
14524,2019-08-01T09:06:39Z,5e2c5c20c88ccf362ed8749d1ddc041b1cb1c38d8dbeac7870179322,60.16629,24.95957,00000000fb7600be,5.91
14525,2019-08-01T09:06:39Z,6051ed50496b74a6ff68c86205d23971fcaccd6c91edfe7d78fa71b0,60.16897,24.95222,00000000aa852af1,25.36
14526,2019-08-01T09:06:39Z,619c5b31af2a28703a837cc7974ef0d2c5bb6584ba0fcc03076218ac,60.17002,24.94407,000000006b087f40,16.1
14527,2019-08-01T09:06:39Z,63ff2439779051005c18876d20ed53ce060c1de9d7976821bd518fc6,60.15432,24.9211,0000000019fb59c4,9.92
14528,2019-08-01T09:06:39Z,6470ee836399c5610581ec9de09772d350282ecc4c5c57fa02a5ec68,60.16075,24.95883,00000000f1124bca,25.36
14529,2019-08-01T09:06:39Z,65b6b62b547e11e10f7f83ad497446bee2bb9653097d9d62e9b1b817,60.17065,24.93641,000000000f4919c9,18.79
14530,2019-08-01T09:06:39Z,674355e17da9460e58566497be518f2eb537880c67c788fedb5067db,60.16629,24.95957,00000000fb7600be,13.75
14531,2019-08-01T09:06:39Z,67cf7d2881080aa59ed36a6d88ea1946d17e9d1d5e1ad9eee1851969,60.18203,24.91341,00000000342570c2,17.4
14532,2019-08-01T09:06:39Z,685af6b01bd180194d718801bb8b9c9de22050cc392d6c6441fe986b,60.18203,24.91341,00000000342570c2,8.38
14533,2019-08-01T09:06:39Z,6adce4d05e58232a97635a2fd7918e4e49d9295afc0989d727f9c712,60.17002,24.94407,000000006b087f40,7.05
14534,2019-08-01T09:06:39Z,6d98ac1fea7056e5b96d6095caf0e3677a4ec30e9fbcc2e50ae1cf65,60.16629,24.95957,00000000fb7600be,12.69
14535,2019-08-01T09:06:39Z,6dca84ddf4be668487766d17c5d13961ed713d24032f709ae87a497f,60.16829,24.94214,00000000afef4555,18.79
14536,2019-08-01T09:06:39Z,6dd5463e670c352180c1e912300e21e59f5e2976266df8c3c92b0baf,60.16829,24.94214,00000000afef4555,13.75
14537,2019-08-01T09:06:39Z,6eb390f743af2f8f87ce6c2ab53228450ccce1d21de54f8abba160df,60.16829,24.94214,00000000afef4555,20.28
14538,2019-08-01T09:06:39Z,6fe2cf6737d40d71251dac8ebef5356a2b765621e97a346c00a6031c,60.15432,24.9211,0000000019fb59c4,4.11
14539,2019-08-01T09:06:39Z,7003a7f6a5523b645634f014e04bea36016953a8af9324e35602bc2e,60.14947,24.91438,000000004ef3150d,23.56
14540,2019-08-01T09:06:39Z,704c3f3075f13713c363014fa828e4a932e7a05676813b9963a1e554,60.17918,24.95141,00000000675d5200,9.92
14541,2019-08-01T09:06:39Z,70d391038ec56b63a3737605c2c1db6ffbdca8e4490691776dc993f1,60.16829,24.94214,00000000afef4555,2.8
14542,2019-08-01T09:06:39Z,7105a68b527be40338bcf13245fe1975a15988a3c557bbb24fd26422,60.16762,24.95415,000000006b44cce7,18.79
14543,2019-08-01T09:06:39Z,72439a1f997fd347d46394f31f5789edc877fe61ca34fcd31f9150b1,60.18203,24.91341,00000000342570c2,14.89
14544,2019-08-01T09:06:39Z,728325161f4ed691db3460f87a25ed4713580e50a53fd36dd265957f,60.16531,24.9442,00000000fdda10fe,10.78
14545,2019-08-01T09:06:39Z,72f088587da3409c5a4bec360a52a230a7551c3671441baaaabc6357,60.16829,24.94214,00000000afef4555,12.69
14546,2019-08-01T09:06:39Z,74ba75dad2ea927fc314c0fbb84543052db70630f09f9447902fbd58,60.16762,24.95415,000000006b44cce7,23.56
14547,2019-08-01T09:06:39Z,750297d0d8ff0ca837d9c2289c26302d62f38708617150431ab14509,60.16531,24.9442,00000000fdda10fe,17.4
14548,2019-08-01T09:06:39Z,7563b91d728fe470bc4d89aa18128a87b92c747336dd2c70cfbf9e84,60.1538,24.95595,0000000038bf9618,27.28
14549,2019-08-01T09:06:39Z,76c2f7b3773d4bebd4dabada1c2b98fe4ea9762e9c98b4a6371d7746,60.16762,24.95415,000000006b44cce7,10.78
14550,2019-08-01T09:06:39Z,774131d73accbbb31ec3c43c3501b7969645eb65df1839ca8116526e,60.15432,24.9211,0000000019fb59c4,4.11
14551,2019-08-01T09:06:39Z,774bf331a7d205164487c930f8e043d9f4064d968a7f9cb28bfa5dc9,60.16762,24.95415,000000006b44cce7,13.75
14552,2019-08-01T09:06:39Z,7a2b35da2d6119549eacb416bea033d3d3eb6cbe4d4ff47c50c1fea1,60.16762,24.95415,000000006b44cce7,12.69
14553,2019-08-01T09:06:39Z,7c1534082e86ff4387878d813207626d8f728aa26b97248e00a3b8d7,60.16629,24.95957,00000000fb7600be,25.36
14554,2019-08-01T09:06:39Z,7cd51189de07d01882cf0a9346f0830a9b21764875334d45e143fbd5,60.17002,24.94407,000000006b087f40,17.4
14555,2019-08-01T09:06:39Z,7d12711d47425111a6dce413faa867542b9532f3b9c5a934b37a0bc8,60.17918,24.95141,00000000675d5200,17.4
14556,2019-08-01T09:06:39Z,7d415f4fd9093fb383b4ebb88961ad74e6a00d3ece39504712dad639,60.17918,24.95141,00000000675d5200,8.38
14557,2019-08-01T09:06:39Z,7e2e3d07c939e3e76e7ce87678faf64e056afe54215e00488839100f,60.14947,24.91438,000000004ef3150d,23.56
14558,2019-08-01T09:06:39Z,7eb4a715919b3eb4085270535ce4d7b57112591ad7242eb189bf652a,60.17065,24.93641,000000000f4919c9,31.5
14559,2019-08-01T09:06:39Z,7efa1cf3118062946e8958e89ffe767322a7bbf0d35d9d76b711e3b5,60.16762,24.95415,000000006b44cce7,12.69
14560,2019-08-01T09:06:39Z,7f59aaecea1eee6c703ec5d46d67b44289ddedf080defee495b73739,60.14947,24.91438,000000004ef3150d,17.4
14561,2019-08-01T09:06:39Z,7faf8705e89a761625aaed50b89538581e25d5950ec8f051d36ed829,60.14947,24.91438,000000004ef3150d,18.79
14562,2019-08-01T09:06:39Z,809bf2d7a0745ae512b934a578fd5fd47c13c5398b6d06ad350b9e7c,60.14947,24.91438,000000004ef3150d,14.89
14563,2019-08-01T09:06:39Z,814fca075a588ae71c130bafc9384a1c17e7bd8168994ae6fca55205,60.16829,24.94214,00000000afef4555,23.56
14564,2019-08-01T09:06:39Z,828afe5ee1f94b9afbfd61b9673b7c8b21457d11dafb1d2ad98dbd23,60.149,24.9843,00000000fffb8cf0,21.87
14565,2019-08-01T09:06:39Z,82b78c2220aee81a2744ddfaf7ed29663888987dba6b7cdda05731d9,60.14947,24.91438,000000004ef3150d,13.75
14566,2019-08-01T09:06:39Z,8524898e498c83bde4bc1848aa2b372da84e7b2266f36aabe128cc27,60.17919,24.95181,000000007b5207b6,17.4
14567,2019-08-01T09:06:39Z,86e7584bf95733cef59d74bb4955881e99dc86b73a0d5b4e3ef58b50,60.18203,24.91341,00000000342570c2,18.79
14568,2019-08-01T09:06:39Z,87f1cc4c4a9de1ab81fe39cf7fde6cf0d4778e690f1665b62231ce46,60.149,24.9843,00000000fffb8cf0,29.32
14569,2019-08-01T09:06:39Z,880f9cbb91b9caf48ea9c5dd1a0c8e1db72922b6dfcb647b102fc469,60.16629,24.95957,00000000fb7600be,9.12
14570,2019-08-01T09:06:39Z,88c2bc6310f27465b9f08b28fb52075d7703ce7b097e5beb37c7437c,60.14947,24.91438,000000004ef3150d,16.1
14571,2019-08-01T09:06:39Z,898cde3317c73907bb23b1b885828c4bf3187c3a757a18dc32abe970,60.16762,24.95415,000000006b44cce7,6.46
14572,2019-08-01T09:06:39Z,89aeff56a0700534bbf2dfd19fc298f5a890c95e1a45b6ca7ad3c33a,60.16829,24.94214,00000000afef4555,16.1
14573,2019-08-01T09:06:39Z,8a01e28fd327e5c56dcf2dc8b2b7762a96d77584c21990a073ceb11f,60.16829,24.94214,00000000afef4555,16.1
14574,2019-08-01T09:06:39Z,8c571538c285dba9d77edacfb1829b282d54b772b62209c6e4004237,60.17918,24.95141,00000000675d5200,4.11
14575,2019-08-01T09:06:39Z,8d5e893f77b3d167ebefad4ecab181fea08513599a6f9450f0b9a827,60.17919,24.95181,000000007b5207b6,11.7
14576,2019-08-01T09:06:39Z,8e20d0d67339e3cf43e77c3a340d9dc6766de8d079197a08a1343ff0,60.17065,24.93641,000000000f4919c9,17.4
14577,2019-08-01T09:06:39Z,8e6caf283696ed75a4aff0c3f528dad5878f6f4b82cbd3eae1164484,60.16897,24.95222,00000000aa852af1,17.4
14578,2019-08-01T09:06:39Z,90a44cbd1a957cc59a6986cff9b6b7b8e151d379e17da645069428b8,60.173,24.92524,0000000096918cfa,21.87
14579,2019-08-01T09:06:39Z,939c459d913b0b38838071a0d13671e83e4a751f44624b21e84daa69,60.16762,24.95415,000000006b44cce7,8.38
14580,2019-08-01T09:06:39Z,941e13893853105c86bfbc6d31d62274937602143ce3bb530c8c17ed,60.17918,24.95141,00000000675d5200,16.1
14581,2019-08-01T09:06:39Z,9489639f139b4c46c641fa642713380c691bb515ac2e30f993df818c,60.15432,24.9211,0000000019fb59c4,21.87
14582,2019-08-01T09:06:39Z,9998e64e3b5162fd8890fc4e2dfe41a3e875f08500f1cef0c4820855,60.16829,24.94214,00000000afef4555,14.89
14583,2019-08-01T09:06:39Z,99a026b5100e23129fa529e9a57a3dbc8490dc03b58f2193f03e2dcf,60.14951,24.92138,0000000006dd41f6,4.94
14584,2019-08-01T09:06:39Z,9b3e6848d8b34e802134d6da0e5a594897ec3fafbbf08b6d0b84068e,60.17918,24.95141,00000000675d5200,7.69
14585,2019-08-01T09:06:39Z,9bc129708b07f3c5bbf4195e83f0e5b9a663b6f371f416a8e3a605f0,60.16897,24.95222,00000000aa852af1,25.36
14586,2019-08-01T09:06:39Z,9bdb503344071eddd74d821f537246d8a6c19468b05d38d0170377f9,60.16897,24.95222,00000000aa852af1,14.89
14587,2019-08-01T09:06:39Z,9bef8b28ea93ecaee57d05b037edbfe7f80014aaf56343345fedd7be,60.17918,24.95141,00000000675d5200,7.69
14588,2019-08-01T09:06:39Z,9dfecc3e26cb27e4b80721e355ef0d6cb182ac2eebf66b006e2d9f8e,60.149,24.9843,00000000fffb8cf0,17.4
14589,2019-08-01T09:06:39Z,9e343a150f07bb3dcce5ecab8ac061b84d65b347b1af5a232e00eeb6,60.16829,24.94214,00000000afef4555,5.91
14590,2019-08-01T09:06:39Z,9eee6d740f1d483c484d02f0995f35550c09e6a8cf01f02680db5efc,60.16448,24.97323,0000000053c6c2be,25.36
14591,2019-08-01T09:06:39Z,9fe150ec915809e658e73e8d7076541dd0ae11c3374241f41adbb90b,60.16629,24.95957,00000000fb7600be,23.56
14592,2019-08-01T09:06:39Z,a04214b56cac7d70680703ee6a28fac742f3c3190b55b46a79c1f76d,60.149,24.9843,00000000fffb8cf0,18.79
14593,2019-08-01T09:06:39Z,a09607edc17117a3069b79434e751f93a2a00d0d6f9aceb043e32074,60.16762,24.95415,000000006b44cce7,9.12
14594,2019-08-01T09:06:39Z,a0af15cb8910790ac8af904ddf7b0dbf5ef778ba6dd3b3e690926089,60.16762,24.95415,000000006b44cce7,20.28
14595,2019-08-01T09:06:39Z,a2c53a9ecb3dab08bc3bf70db35ea02e6f15cedb137ce7817751f27c,60.16829,24.94214,00000000afef4555,18.79
14596,2019-08-01T09:06:39Z,a2e761fd97d8bdf78601300822b531e306b9ab7a1a43b6bfb07eba52,60.14947,24.91438,000000004ef3150d,5.41
14597,2019-08-01T09:06:39Z,a38c11c450b472b9dad2f076e2d9a63651292d3de806331d06af7f46,60.16531,24.9442,00000000fdda10fe,21.87
14598,2019-08-01T09:06:39Z,a3d8a00bf4a5d0ad6ea50d5408dff462b3190192fa4d3f8690d23219,60.14699,24.922,00000000a53ed894,31.5
14599,2019-08-01T09:06:39Z,a403dc1eebc5d130e12a4c3e4298737c9e00b25b1b6b2cc36a6979c9,60.16629,24.95957,00000000fb7600be,13.75
14600,2019-08-01T09:06:39Z,a6d0dd9de406b1201a4e438ec7c5f4a467f38c41e2dec42ff6c71d50,60.16897,24.95222,00000000aa852af1,27.28
14601,2019-08-01T09:06:39Z,a786eb3b8a25c58099a428799e99d0b86401f803ee38d3e5d20e59d3,60.15432,24.9211,0000000019fb59c4,6.46
14602,2019-08-01T09:06:39Z,a808962cb511e5ed2d23e6e33efe252b1be29dc1d2f7c6154817f04f,60.16448,24.97323,0000000053c6c2be,21.87
14603,2019-08-01T09:06:39Z,a83415babca8eac00f69a32371a230fdadda29bf40fd69f75cf2e8fb,60.17918,24.95141,00000000675d5200,16.1
14604,2019-08-01T09:06:39Z,a83703c80a4d58db87327a53b0d3664d23edf7350ff6b0afaa49c530,60.16629,24.95957,00000000fb7600be,16.1
14605,2019-08-01T09:06:39Z,a837f2314938b1510f3b4cc5900d5d67bc7212d234d9fed1c64f3861,60.16762,24.95415,000000006b44cce7,14.89
14606,2019-08-01T09:06:39Z,a8ca7fb815e707c04434a085c4f99e783d56372143afc92225eae622,60.15133,24.92329,00000000e8a064a4,17.4
14607,2019-08-01T09:06:39Z,a982f65ed2c57aff3f744dba9f5e9ca929c81c14883516889898f207,60.16762,24.95415,000000006b44cce7,12.69
14608,2019-08-01T09:06:39Z,aa05a7036c3586a79d23f426b78bf158357208bc82d7ddf9a1326dd2,60.16531,24.9442,00000000fdda10fe,7.69
14609,2019-08-01T09:06:39Z,aa5281244780ac8f283c3452639d477cd76e31fc6f0b95b99c51a9b0,60.16762,24.95415,000000006b44cce7,1.38
14610,2019-08-01T09:06:39Z,ab615ee5bbf567aee3505fbb360d09fc6b851f93fb15aef778b57128,60.16531,24.9442,00000000fdda10fe,10.78
14611,2019-08-01T09:06:39Z,abf0be93e7a8aec9fa8284fdbcc2493f32084aa95f15660b23e149c6,60.16629,24.95957,00000000fb7600be,5.91
14612,2019-08-01T09:06:39Z,acbbe4765d72f36b0323407c7dbe43db7b4ad5e2da0a6a9e5966db0b,60.16897,24.95222,00000000aa852af1,9.92
14613,2019-08-01T09:06:39Z,ad22512fd6a5ad9e19fdfad7e02b2793ecb01875be243f894c637ae2,60.16829,24.94214,00000000afef4555,0.71
14614,2019-08-01T09:06:39Z,af67ffa8b538058603b74f48e04ab914e8f6cd450f53c47f8c3d683d,60.15432,24.9211,0000000019fb59c4,10.78
14615,2019-08-01T09:06:39Z,af7c3471762aa65696d81d20fa362b012d58b101eef94e22c326cf09,60.16829,24.94214,00000000afef4555,25.36
14616,2019-08-01T09:06:39Z,afaed9946dbc1509500c6f80f87eed8fe44a74ba3e14328c6efe3971,60.16829,24.94214,00000000afef4555,18.79
14617,2019-08-01T09:06:39Z,b09e9bb62cc49c085c1aee3b752af1bec69dabc939323e5733f73933,60.17065,24.93641,000000000f4919c9,23.56
14618,2019-08-01T09:06:39Z,b25339bfcf356e1460eec7d6494ab8fa8fe2ee363afb6496ab1a1fb9,60.16829,24.94214,00000000afef4555,6.46
14619,2019-08-01T09:06:39Z,b28757d67868f9471f0d997a935e857fd0ff1095449820929597563b,60.16762,24.95415,000000006b44cce7,8.38
14620,2019-08-01T09:06:39Z,b32e57a6f5865a23d7a0e9fa346d5ec4e975f99c4df815fe8b1449b2,60.17918,24.95141,00000000675d5200,17.4
14621,2019-08-01T09:06:39Z,b474e34db18d21635ec9ea2654513e6759c326f3aaec96c25f9a204e,60.16897,24.95222,00000000aa852af1,14.89
14622,2019-08-01T09:06:39Z,b50a45ac0708e7b5cca42f3458430eb22ff70a81c575bafe99ffda23,60.17002,24.94407,000000006b087f40,6.46
14623,2019-08-01T09:06:39Z,b5603e758440226e490d1d7d7271a7b0d5c261eccbad198f81110136,60.15432,24.9211,0000000019fb59c4,3.4
14624,2019-08-01T09:06:39Z,b6c43126ca83e916a68e57d0178060c24fc61305836b6c8f188f7285,60.17918,24.95141,00000000675d5200,6.46
14625,2019-08-01T09:06:39Z,b8fb70225ee0a2d655e2809da07a2f8cd2feb7295aa256f8b35fcf1e,60.16629,24.95957,00000000fb7600be,7.05
14626,2019-08-01T09:06:39Z,bb2187a4e20012ad694c768ef2c47c9a9055671024ebf4855d4e6243,60.16531,24.9442,00000000fdda10fe,1.01
14627,2019-08-01T09:06:39Z,bbb86467d71e5ec5bd140995d266fd33a85efe89654eb13ee0471416,60.17002,24.94407,000000006b087f40,21.87
14628,2019-08-01T09:06:39Z,bc384bbbf1b2b631cf27066787a32985e9ede5c94a64dc3cab8b6855,60.14951,24.92138,0000000006dd41f6,36.27
14629,2019-08-01T09:06:39Z,bc6d5082ca52e6dae7a1689a835434f3f6341e90afea565480eb9674,60.16829,24.94214,00000000afef4555,17.4
14630,2019-08-01T09:06:39Z,bc82f76c979de19b559e9e3aa0cd6cbf5ac361e2d7b1ac9f81fe2f4f,60.17918,24.95141,00000000675d5200,5.41
14631,2019-08-01T09:06:39Z,bd17e41f002acd238070518ccfb611a42561023ceaefde667bf6fa55,60.17002,24.94407,000000006b087f40,18.79
14632,2019-08-01T09:06:39Z,be0aec7d0615ab2d3b044d4d86b1cc0c2e35603c8195665e854c25ae,60.16829,24.94214,00000000afef4555,12.69
14633,2019-08-01T09:06:39Z,be12d6aaccf354197284a8c92b960bd6a4e1705f7d948823e7891fde,60.16762,24.95415,000000006b44cce7,3.09
14634,2019-08-01T09:06:39Z,bf49d47a337e26ce22d9f900a012f227185efed1dc30802b35273839,60.16762,24.95415,000000006b44cce7,12.69
14635,2019-08-01T09:06:39Z,c15da9ed244b57a27a083919c67d0edde078a31b18cb58f13581f173,60.1538,24.95595,0000000038bf9618,21.87
14636,2019-08-01T09:06:39Z,c19294a0a6dd80604d1435e92cecc363af55f32ef9d41af8b67687e2,60.16897,24.95222,00000000aa852af1,16.1
14637,2019-08-01T09:06:39Z,c1bf1bf699e9bc78ca15c9490d1ef02e3323f0c2c76bf0fca7955a69,60.14947,24.91438,000000004ef3150d,27.28
14638,2019-08-01T09:06:39Z,c3320c19d0343faf8c298070dd061465dd6b2e745170ca7a14b0b01f,60.1538,24.95595,0000000038bf9618,31.5
14639,2019-08-01T09:06:39Z,c36568f7893e68ba3e3ca3169783c9e29a8a5f8cee16c1928c903ebc,60.16829,24.94214,00000000afef4555,21.87
14640,2019-08-01T09:06:39Z,c434f18b802a764aad7a2dfb46e93546acb1b0975cf9b93fd47363f6,60.15432,24.9211,0000000019fb59c4,12.69
14641,2019-08-01T09:06:39Z,c46895857ca53c3362932d446a58c13b60d297f99ca237d4546589e8,60.16897,24.95222,00000000aa852af1,20.28
14642,2019-08-01T09:06:39Z,c51beff15d228f2dab9416cadfcc60fe269ce3d9202a9cf2ec7e7647,60.16829,24.94214,00000000afef4555,18.79
14643,2019-08-01T09:06:39Z,c65c11ee6e8b5894ead3ea9b007a39127edb65a67be253aca6f78ed0,60.16448,24.97323,0000000053c6c2be,23.56
14644,2019-08-01T09:06:39Z,c8df45d222b573af5441c1ec32616df82891a813c9217002a9d60846,60.16829,24.94214,00000000afef4555,13.75
14645,2019-08-01T09:06:39Z,c98bce1cc275ed0a1b833011f8cd251ac848fdc84501fe87eb8b5d54,60.17918,24.95141,00000000675d5200,18.79
14646,2019-08-01T09:06:39Z,ca7719c7cd8d4496b666f608fc07ba9930e362a0b2d96890b0778618,60.16629,24.95957,00000000fb7600be,12.69
14647,2019-08-01T09:06:39Z,cccf3ba2a9d11b9330c18af8064a20aca9995473495bf119162a1619,60.16897,24.95222,00000000aa852af1,9.12
14648,2019-08-01T09:06:39Z,cd24d4831d3c3e8dad5e555b47528aa6b11e307b2882be4f65dd4076,60.17002,24.94407,000000006b087f40,10.78
14649,2019-08-01T09:06:39Z,ce7de55c7709396c70ce5930097e84449a4889700e605a0b062aaeae,60.16531,24.9442,00000000fdda10fe,18.79
14650,2019-08-01T09:06:39Z,cf061f5093c857b2efc346d3ad51fd17cca7eb360060ba7875630cf5,60.16897,24.95222,00000000aa852af1,11.7
14651,2019-08-01T09:06:39Z,d062562fed5ad0a61560e267310beb0b717d2a1e2a11d1d575507861,60.16897,24.95222,00000000aa852af1,14.89
14652,2019-08-01T09:06:39Z,d0ae4fabf429edbfdad59f8183cc6e5929f68633315448c9b83d4c16,60.16762,24.95415,000000006b44cce7,8.38
14653,2019-08-01T09:06:39Z,d16e16def718519430296afa23976c226aaf720722bce3d92a2aad43,60.14947,24.91438,000000004ef3150d,11.7
14654,2019-08-01T09:06:39Z,d1df74c81f4600fc7cd7a497bb16d427d3485b63d0f3d22c02531d27,60.16762,24.95415,000000006b44cce7,20.28
14655,2019-08-01T09:06:39Z,d31d6921eee92503b486a1b30f5330581c4744a82e6549f375544846,60.17918,24.95141,00000000675d5200,23.56
14656,2019-08-01T09:06:39Z,d562afdedae521be241c98441e436608a323fdb944dedc24c835e762,60.17065,24.93641,000000000f4919c9,4.5
14657,2019-08-01T09:06:39Z,d653ef8368d33df4fc7edeb5a381d5826be1471f1470aa9744d47901,60.173,24.92524,0000000096918cfa,7.69
14658,2019-08-01T09:06:39Z,d65b8625c1f24304ff0e3c4a4dce7aa5d434d36be87be41834a49420,60.16531,24.9442,00000000fdda10fe,4.94
14659,2019-08-01T09:06:39Z,d6e217c6592e449e2390b1a874e08cbc9126116901dbdbf84501c6b8,60.17065,24.93641,000000000f4919c9,11.7
14660,2019-08-01T09:06:39Z,d74ea3c9e0aaa523c791aa01f4f9a7c1c43f01f585dc4146b19edf83,60.17918,24.95141,00000000675d5200,3.4
14661,2019-08-01T09:06:39Z,d8778698d75313bf43f7255696e14eda9502d5d7a6e7315071181cc8,60.16629,24.95957,00000000fb7600be,17.4
14662,2019-08-01T09:06:39Z,d87c4d5dc2cd620de54fdd076d4f9b35245053d65b644d9e01f558b5,60.16762,24.95415,000000006b44cce7,8.38
14663,2019-08-01T09:06:39Z,d983db67d9cd171123ba12eeb19c11f34a3ad1d75fc9214ac3ae8a26,60.17002,24.94407,000000006b087f40,18.79
14664,2019-08-01T09:06:39Z,da78c33b53b0b3a551adb83bc2953f20006ca37faff42dbdd687045c,60.17065,24.93641,000000000f4919c9,16.1
14665,2019-08-01T09:06:39Z,dad9f0b8c733353e175a84c9ba4668db5e0974fe1e87754e1fee9084,60.16829,24.94214,00000000afef4555,31.5
14666,2019-08-01T09:06:39Z,ddae2128c72cf011df2a698a8254b8738fd07a971349ea8a5e8bfa9f,60.16829,24.94214,00000000afef4555,21.87
14667,2019-08-01T09:06:39Z,deb8a213e1b4930e676ee8fdb394161ec46adb785171fa37437b4d44,60.15133,24.92329,00000000e8a064a4,25.36
14668,2019-08-01T09:06:39Z,ded712413bfc7de58a469fab75498089b2c3c6b5e0c9cae260102284,60.16829,24.94214,00000000afef4555,20.28
14669,2019-08-01T09:06:39Z,dfe80baf219bd267a459c954a8e3027b3f1ed29fea2a5355456d5652,60.16897,24.95222,00000000aa852af1,11.7
14670,2019-08-01T09:06:39Z,e09515dbe1e90af07cb756a83c222c60f5f0566f94590848e72f6401,60.16762,24.95415,000000006b44cce7,10.78
14671,2019-08-01T09:06:39Z,e0fe7fe5854899c0eb42b75b300339808143419404558ed4d00b0f17,60.17918,24.95141,00000000675d5200,5.41
14672,2019-08-01T09:06:39Z,e234769b1ce1634554f5fa4a290d11b2a30c3dfd009d4c39a2e9dd3d,60.17065,24.93641,000000000f4919c9,17.4
14673,2019-08-01T09:06:39Z,e294dde431d68c7b73efcf1f9b916e40bf408111c79228032c7830a4,60.16544,24.95398,0000000038d83d41,18.79
14674,2019-08-01T09:06:39Z,e2bb0ae74deee6cbc4f50c5f85da3f1779ca1db1ae7ff48ab4b33dbc,60.17918,24.95141,00000000675d5200,11.7
14675,2019-08-01T09:06:39Z,e3f844c56875bd572c3b57a835b884f1060b467d3bbd25c50dcc7e28,60.16762,24.95415,000000006b44cce7,10.78
14676,2019-08-01T09:06:39Z,e508e239ba2ca68b34ad5074f3d7b013e72f6f7df36eb6cdf545be78,60.16762,24.95415,000000006b44cce7,16.1
14677,2019-08-01T09:06:39Z,e5cad8bb9a6c8dcc067948d7f869033aca5bdd062da175c8734092e6,60.17919,24.95181,000000007b5207b6,6.46
14678,2019-08-01T09:06:39Z,e73dcccbc4dd6af49316f19a34c347cc94ff7ab079a93a2672d78a16,60.14947,24.91438,000000004ef3150d,20.28
14679,2019-08-01T09:06:39Z,e7c92f07271c58076a3543568856a6941512c32291b7e9ce8dbcece1,60.16762,24.95415,000000006b44cce7,14.89
14680,2019-08-01T09:06:39Z,e8add7e8346b99cd4b67924113f3763441a1899897c6d1ac3a1a40a6,60.17919,24.95181,000000007b5207b6,14.89
14681,2019-08-01T09:06:39Z,e8ed8051f57ad9d9029a5e3b443c5e93e5059f8c487ba45e2583d35a,60.16829,24.94214,00000000afef4555,17.4
14682,2019-08-01T09:06:39Z,e8fe5d3b6aa0651dff5b4a9c6dcff3135e3bdcbb1cddc9b871e9d991,60.14947,24.91438,000000004ef3150d,25.36
14683,2019-08-01T09:06:39Z,e979a153601f7520f54d4733fe91f75f154c8f1c08dc3408dbba5345,60.15432,24.9211,0000000019fb59c4,7.05
14684,2019-08-01T09:06:39Z,e9e1a66ce9f699fc1713bb44cd67a332f584f0c51d18774fc72b8eea,60.16762,24.95415,000000006b44cce7,23.56
14685,2019-08-01T09:06:39Z,ea3f8412ed9c4d92448688dd9cc7ff9e3eeb5fe4373d0953bf0349c1,60.16531,24.9442,00000000fdda10fe,17.4
14686,2019-08-01T09:06:39Z,ea94130fbb3464dc656765cfddbad802ddfafb1af8007cb5f42cd41f,60.16829,24.94214,00000000afef4555,8.38
14687,2019-08-01T09:06:39Z,eaf572301dc5c1eaff007bc1886cce8f0f5e92a233b8686ed2a1a9cc,60.17065,24.93641,000000000f4919c9,10.78
14688,2019-08-01T09:06:39Z,ec2dd83e04d225caca9f6b9d28bd3080ed37c5bf42e5f65123fa2394,60.17065,24.93641,000000000f4919c9,8.38
14689,2019-08-01T09:06:39Z,ec7121833f0e4b509d683b00a9c5e992e4b84882cb857145102e14f4,60.16531,24.9442,00000000fdda10fe,1.7
14690,2019-08-01T09:06:39Z,ed86f884272a5a400b55bfd4f22bc8cc5d6fca7fe26eee3c39cb3c52,60.15432,24.9211,0000000019fb59c4,9.12
14691,2019-08-01T09:06:39Z,eef621895ee74145a6d76c5f5493a93d7c728c80abe45a2e1933ae9f,60.16897,24.95222,00000000aa852af1,18.79
14692,2019-08-01T09:06:39Z,efc51406db4c66b8a573ec325afe8a9258a04a71b46ff3aae1cfa696,60.16762,24.95415,000000006b44cce7,12.69
14693,2019-08-01T09:06:39Z,f0b4802903d697c3b49479616aac73d360b2d79f0d20e072b412cce9,60.16762,24.95415,000000006b44cce7,27.28
14694,2019-08-01T09:06:39Z,f1447725764ec0dca245fc67f2aa0a0c42e6b05808076aa74f0c1e7e,60.17918,24.95141,00000000675d5200,7.69
14695,2019-08-01T09:06:39Z,f18c0c32d067aecf5602d70693ac888cab1be6dbb0d154be5153dfcc,60.16829,24.94214,00000000afef4555,3.74
14696,2019-08-01T09:06:39Z,f1b28329fc91f4708ca34857c5582c0bf1b7d0ab06127746029cd72c,60.17918,24.95141,00000000675d5200,11.7
14697,2019-08-01T09:06:39Z,f1c56657bd75e6e3cc93071935fa8b624843fa039b798109ad3f9ffe,60.16762,24.95415,000000006b44cce7,9.12
14698,2019-08-01T09:06:39Z,f20935810c1567a80c288016c4d4dd32fe86b3479f47ae7dd64d15cc,60.15432,24.9211,0000000019fb59c4,11.7
14699,2019-08-01T09:06:39Z,f29ed00b645af4bbf50174e71f58a9b691d2e2342e59eda242d97380,60.16829,24.94214,00000000afef4555,11.7
14700,2019-08-01T09:06:39Z,f4587b90aec9127805880f7c81fc03b9fb513fe363015399b895089f,60.16829,24.94214,00000000afef4555,14.89
14701,2019-08-01T09:06:39Z,f4bbc3077da0455d4340da2eed204915327b75a792080724548b4956,60.17918,24.95141,00000000675d5200,1.88
14702,2019-08-01T09:06:39Z,f503a41d3e8b9b57628f4f061c1d8e0c53c62dd8a6fe38d212958ee6,60.16075,24.95883,00000000f1124bca,10.78
14703,2019-08-01T09:06:39Z,f50fd3b1715a94dff67461f4b8f252ecaa6acc16459b3d021f34f15e,60.1538,24.95595,0000000038bf9618,25.36
14704,2019-08-01T09:06:39Z,f55165f87792f06aaca9b79eea536f4bd692c8ee806294be5fb014df,60.16829,24.94214,00000000afef4555,20.28
14705,2019-08-01T09:06:39Z,f587de6c8c03387c5e6a66cd7d20c45abad3668c8e2246611122547b,60.14947,24.91438,000000004ef3150d,16.1
14706,2019-08-01T09:06:39Z,f5d9e90c37840670f09005aa28a20ca561c4d6bc36ffd28c9ca80584,60.16829,24.94214,00000000afef4555,23.56
14707,2019-08-01T09:06:39Z,f77f8836e641389801309c311e926c1662264ab16efd01cd5bf27baf,60.16762,24.95415,000000006b44cce7,11.7
14708,2019-08-01T09:06:39Z,f9e527876f8dfe750fd29bc42664bbf572aed5d09d344a8934a83d90,60.17065,24.93641,000000000f4919c9,4.5
14709,2019-08-01T09:06:39Z,fa1a3814c680b20020a08346c37ee2853e895984574575312bf262e7,60.14947,24.91438,000000004ef3150d,9.92
14710,2019-08-01T09:06:39Z,fa9f19c58a086fde9429d732b1eec80eacf5fc1b2c0124d17243d008,60.17918,24.95141,00000000675d5200,4.5
14711,2019-08-01T09:06:39Z,fb2df85c8938d6a1bbd1ff0a1cd8aa23480ae08dc39d2b584ed35e14,60.16762,24.95415,000000006b44cce7,7.69
14712,2019-08-01T09:06:39Z,fba6e66dd09200012637e0b454c96fd7a5459b7e8b0ba01863cdbd77,60.16762,24.95415,000000006b44cce7,2.08
14713,2019-08-01T09:06:39Z,fc75e05a713e8733c512a31a3bebec0a122af3e7afb2c5059c3f1a3a,60.17002,24.94407,000000006b087f40,17.4
14714,2019-08-01T09:06:39Z,fe191b6937595e5cf2ac1491e9056f0f9fb5bf66c0cb900df00b4c64,60.16829,24.94214,00000000afef4555,4.5
14715,2019-08-01T09:06:39Z,fe88879502b9755093db192b4ea06a7b5b568f7e8b92970727636c68,60.16762,24.95415,000000006b44cce7,12.69
14716,2019-08-01T09:06:39Z,fea1453360073dfc1896bf1f005f51addb49661f953e16cffba3c63d,60.16531,24.9442,00000000fdda10fe,9.12
14717,2019-08-01T09:06:39Z,ff10218d9a15a3bf160a969fa266f197770d363bc52dce7fa08ae990,60.16762,24.95415,000000006b44cce7,6.46
14718,2019-08-01T09:06:39Z,ff3580f7bd2e1882c23d4afbfcaa5eb85473ce822d5833faecefdd31,60.16897,24.95222,00000000aa852af1,18.79
14719,2019-08-01T09:06:40Z,144afc51fc2443c7031a2912566eff2ce60226a49d6d2bd7c2923700,60.16544,24.95398,0000000038d83d41,20.28
14720,2019-08-01T09:06:40Z,14c7e1511b70f4dd3359cbece1377aebb4d70531f5489eefe53d7c3c,60.16544,24.95398,0000000038d83d41,29.32
14721,2019-08-01T09:06:40Z,15918569de0a46a8eb56b43d8d39f7fc82619ff1006f00822c85745c,60.17918,24.95141,00000000675d5200,1.88
14722,2019-08-01T09:06:40Z,165ebbb4090d47319ae370f0d0854fdc1f6b79499f8b2e4d3c3533c0,60.16544,24.95398,0000000038d83d41,23.56
14723,2019-08-01T09:06:40Z,1951291ca064d0fb480d958037c1477427d2ca8db455fef0b741bf9f,60.16448,24.97323,0000000053c6c2be,20.28
14724,2019-08-01T09:06:40Z,1f0f0628cdc688d76bde2b82bee5b9b4916bf0bbdfe76cf3213e1c65,60.15432,24.9211,0000000019fb59c4,16.1
14725,2019-08-01T09:06:40Z,1fdda4c2884e3254418c088e71dea3d2c474714fdba7d0d12c487ce5,60.16829,24.94214,00000000afef4555,8.38
14726,2019-08-01T09:06:40Z,2a93b61a3863ace54349d7a0937e4134fcc6d4dfcf064eefae2b7cf8,60.15432,24.9211,0000000019fb59c4,21.87
14727,2019-08-01T09:06:40Z,5d65719c4cbf045f068d084b72302f447d5fd034413d97d13be00d0e,60.18203,24.91341,00000000342570c2,20.28
14728,2019-08-01T09:06:40Z,66dabd3229229330d23c70e9e1737429ddfe69db01f4a6a00f70fa20,60.16762,24.95415,000000006b44cce7,29.32
14729,2019-08-01T09:06:40Z,6a657079c1bdc8114c289be1ddd83e5846d4279a920d1697b8ff0033,60.18203,24.91341,00000000342570c2,20.28
14730,2019-08-01T09:06:40Z,6d22b751ff5173035dc85c52c3dff0780126adae67fe33dc62dd45ef,60.16531,24.9442,00000000fdda10fe,29.32
14731,2019-08-01T09:06:40Z,6ff437688c444238352c28f64f9d2a7d0f14d19c9ea42c225380501e,60.16762,24.95415,000000006b44cce7,10.78
14732,2019-08-01T09:06:40Z,747f2d1ebff218c0ebbdc0fdaef4cbe56633dfb46ae1b1f8c8142201,60.16762,24.95415,000000006b44cce7,20.28
14733,2019-08-01T09:06:40Z,76c7f42283513d0e289bf786d89463b5025b2ae0f4e13519a4cf228b,60.15432,24.9211,0000000019fb59c4,17.4
14734,2019-08-01T09:06:40Z,78d5f60b36b59c06c3988b94e11744bb3aed5dcbc214f91f228bf892,60.16448,24.97323,0000000053c6c2be,23.56
14735,2019-08-01T09:06:40Z,79f136afa0dd8717337c01c70b457c464aaf0fa25b440f51a394ec23,60.16762,24.95415,000000006b44cce7,20.28
14736,2019-08-01T09:06:40Z,84fdfd8881f633c5f0c71c1480053953ca4b05e848052d97c063ad38,60.1538,24.95595,0000000038bf9618,21.87
14737,2019-08-01T09:06:40Z,87dfaad29a9276ddddb1fa021d3bc23ad14824c1af16f7d87e713689,60.14951,24.92138,0000000006dd41f6,9.92
14738,2019-08-01T09:06:40Z,8cc6ddaa460aeae8cc9e8a33f91a01c8cd4c0c8bf8a943210a28c84d,60.1538,24.95595,0000000038bf9618,16.1
14739,2019-08-01T09:06:40Z,8ffeb52bff155eab19ca329d16be495cd44a08aa7f79b94db079caf9,60.15432,24.9211,0000000019fb59c4,23.56
14740,2019-08-01T09:06:40Z,9843c6216661048343a0e49cf3d8aa2883cf77f452666a1c873a1052,60.16448,24.97323,0000000053c6c2be,9.92
14741,2019-08-01T09:06:40Z,9d03d14afa49576281aa26db60e517f7c1ec8aa36f7756959a860a8a,60.16629,24.95957,00000000fb7600be,12.69
14742,2019-08-01T09:06:40Z,a91d379a4b57c5df22db0d7a041ff69f657b4b31f28554b1011fc03c,60.16544,24.95398,0000000038d83d41,29.32
14743,2019-08-01T09:06:40Z,a9da1ee82e3b670e276c26b483dd50f4a6d0c6f77ef82245d3ae6086,60.18203,24.91341,00000000342570c2,16.1
14744,2019-08-01T09:06:40Z,ab0f67c0c0e1ba5eac9013f9c314feadf340ddf08543b91e70483594,60.16544,24.95398,0000000038d83d41,17.4
14745,2019-08-01T09:06:40Z,b4faf2d3c4d2b199afeab6ab63b583fe3a2e81e14abbef6917f25129,60.15432,24.9211,0000000019fb59c4,23.56
14746,2019-08-01T09:06:40Z,cf05623e4d87ce0906c0b0b7dbf53aacc1228016cd27c341228b6e76,60.18203,24.91341,00000000342570c2,17.4
14747,2019-08-01T09:06:40Z,d127ead865385b64ae537a703a26be15fae4b5332ce0fbf03d5e0c23,60.1538,24.95595,0000000038bf9618,27.28
14748,2019-08-01T09:06:40Z,d178749a24c32676d0da0f51ae6ff63c456499d4b1814af8fa75ca9e,60.16448,24.97323,0000000053c6c2be,6.46
14749,2019-08-01T09:06:40Z,dd2c9c82cf3737146294aff6f814a1349fb0bc4bedf518715dacbe8f,60.18203,24.91341,00000000342570c2,13.75
14750,2019-08-01T09:06:40Z,ec72ef080c605e71978aed0d3b5f22c3c3133677a43c614b72eedc6d,60.14699,24.922,00000000a53ed894,18.79
14751,2019-08-01T09:06:40Z,ed70dda6b7faebd4340dacdb452ab224d9d3c308df417b7fa76f54e8,60.14951,24.92138,0000000006dd41f6,20.28
14752,2019-08-01T09:06:40Z,f22981c21af00fc334b3d8bdd523e23a50384666e97815f0ec1dc0ac,60.16897,24.95222,00000000aa852af1,9.92
14753,2019-08-01T09:06:40Z,f70a43051a4f59f5002c4018a464b44781f7f527861efda6626a2de4,60.16829,24.94214,00000000afef4555,12.69
14754,2019-08-01T09:06:40Z,f7e45613ad966fea53fab73b435ba3a087c774e36596b3a5156a3487,60.16829,24.94214,00000000afef4555,3.74
14755,2019-08-01T09:06:40Z,f83d4b6b8ffbf8a674d212e32100b2360b80261b4e9207d77c0b0ed3,60.17918,24.95141,00000000675d5200,2.54
14756,2019-08-01T09:06:40Z,f99c5dd8cc08bd2353083d875ce8bc585fb2c2ff8427b90d92f571de,60.1538,24.95595,0000000038bf9618,31.5
14757,2019-08-01T09:06:40Z,fc4f3a44235f1cfc7b53f14ba2da599976a5a0a220d23b852688e485,60.17919,24.95181,000000007b5207b6,8.38
14758,2019-08-01T09:06:40Z,00787dad708490660b0b836fa415681cc57046fa521c0c0aaea14a9e,60.16762,24.95415,000000006b44cce7,11.7
14759,2019-08-01T09:06:40Z,011372b726688a0c953368b50bc5a1cb0212c17dbecc587d9f9d75ce,60.16629,24.95957,00000000fb7600be,13.75
14760,2019-08-01T09:06:40Z,02050a536056486b1bf139282f0d0a3af63def1d56ff0c73ac51bb19,60.14947,24.91438,000000004ef3150d,18.79
14761,2019-08-01T09:06:40Z,023083c44c772667f1727e01c74518889b2a82d78ceb28c08b6f8a20,60.16531,24.9442,00000000fdda10fe,10.78
14762,2019-08-01T09:06:40Z,026f61905925674212a1c7d1e14b2ee5d1039bb4ecb5159f7d522150,60.16762,24.95415,000000006b44cce7,13.75
14763,2019-08-01T09:06:40Z,028149b8bfaf37d1f064cb0b4f23ae118f00d8eff41679fb8830396a,60.16531,24.9442,00000000fdda10fe,36.27
14764,2019-08-01T09:06:40Z,0362cc670dcfab795a3911957b6a177416bf9b99d0e2732716796c4d,60.15432,24.9211,0000000019fb59c4,7.69
14765,2019-08-01T09:06:40Z,03f427d436ba092925de462b11374bdbdab0443620037675621fbc11,60.17918,24.95141,00000000675d5200,20.28
14766,2019-08-01T09:06:40Z,0483eb7342f4e704caa76b9bc3d6a7bd836282960dafc2c756247134,60.16762,24.95415,000000006b44cce7,9.92
14767,2019-08-01T09:06:40Z,04c26e81b9a9c7fbc6060d74236c616220c3cd580100a0c58a62ea1a,60.16897,24.95222,00000000aa852af1,31.5
14768,2019-08-01T09:06:40Z,063935180fff0e58de5d319ecb9320cf794423e3c6aeac0cca8f1a9f,60.16897,24.95222,00000000aa852af1,11.7
14769,2019-08-01T09:06:40Z,08f9fd60f852d3502bfa509c955e9963e73954f961d55ba8cd46cae9,60.16629,24.95957,00000000fb7600be,11.7
14770,2019-08-01T09:06:40Z,0951ec0c700dba7330b8e8181fc852becde054d0dc7474d1488db3cd,60.17065,24.93641,000000000f4919c9,21.87
14771,2019-08-01T09:06:40Z,0aed3b59894ec0158d98d84a4e1f81b9f9422992834d532ee2804e35,60.16762,24.95415,000000006b44cce7,20.28
14772,2019-08-01T09:06:40Z,0c1684b697a63d7f47ebaedcfa060b3b4af294fec1e62d613699291a,60.16897,24.95222,00000000aa852af1,4.5
14773,2019-08-01T09:06:40Z,0d2a30f4e69ed2b7c428129d550b561c93cfe41bbf290ae41a4343bc,60.16762,24.95415,000000006b44cce7,23.56
14774,2019-08-01T09:06:40Z,0f0a47457083121cf6392eb1d6d9a764f269d3c0e33d76403c446678,60.16829,24.94214,00000000afef4555,29.32
14775,2019-08-01T09:06:40Z,0f8637c1e98f21a79714a4d84d3453ac1b96b2bf4ef2361119067e39,60.16629,24.95957,00000000fb7600be,20.28
14776,2019-08-01T09:06:40Z,0f939ec5675298027c278d30bc705908645ba8b66cec8026882437ee,60.16629,24.95957,00000000fb7600be,23.56
14777,2019-08-01T09:06:40Z,1069967e3921871955b1b2b42e60f829c593a3e024401bfe61ae410e,60.16629,24.95957,00000000fb7600be,12.69
14778,2019-08-01T09:06:40Z,10cd81594fd56fa1f2c4799419a45b70833d3d8583b817324ee96da7,60.16897,24.95222,00000000aa852af1,12.69
14779,2019-08-01T09:06:40Z,10d0fed0f7d40b253b5fc5a53297dc9af8bb76fa6f34d5e71383cb62,60.17918,24.95141,00000000675d5200,17.4
14780,2019-08-01T09:06:40Z,1134a082e36fe03359bac74c814a0ed20468c45230115d4e25aa230d,60.16829,24.94214,00000000afef4555,6.46
14781,2019-08-01T09:06:40Z,11402877d08ee84d016ef8e86d3033bf6da0948f6e6bd2defce32338,60.16762,24.95415,000000006b44cce7,18.79
14782,2019-08-01T09:06:40Z,12b9b313e577dbbb9619247e0a5ded14c2b56bede5b421cac44f9597,60.16448,24.97323,0000000053c6c2be,29.32
14783,2019-08-01T09:06:40Z,13a759fd293cbde0d55db753d853768b718e59036c4007d2e3a8757a,60.16762,24.95415,000000006b44cce7,9.12
14784,2019-08-01T09:06:40Z,141a580597619f20b14d71a17562763921dafbb27c8aaaa8700fd522,60.16829,24.94214,00000000afef4555,14.89
14785,2019-08-01T09:06:40Z,164d8280dbb888033f64368dd641bcef597fc327148fcf74374894c5,60.16544,24.95398,0000000038d83d41,10.78
14786,2019-08-01T09:06:40Z,167a52adcdc4d9a7f697ffc5e058fcb79a22a32ba0b8ed45a36311f2,60.17002,24.94407,000000006b087f40,16.1
14787,2019-08-01T09:06:40Z,16e18d478be872d2a9801fa885d08edeb3f5ae1840b38478f9baf535,60.17918,24.95141,00000000675d5200,33.81
14788,2019-08-01T09:06:40Z,185ef4052356a0469d4c21d263f6b6e9a82576a578f956fb05cf47d9,60.17002,24.94407,000000006b087f40,17.4
14789,2019-08-01T09:06:40Z,1ad9bdffafbbf8933ab6b3b695988ad31df32a874eddbf84de369e78,60.16448,24.97323,0000000053c6c2be,21.87
14790,2019-08-01T09:06:40Z,1cfafdaa3ff1975bcf6f699641431e88775ba2183074d825eeb81dd3,60.149,24.9843,00000000fffb8cf0,8.38
14791,2019-08-01T09:06:40Z,1d3e776f5c2d0514afd5e1fdcfda632877b1f59274c7293182e7c9ad,60.16762,24.95415,000000006b44cce7,27.28
14792,2019-08-01T09:06:40Z,1d70ff49909e1d6fb653ae053aa78084daf385dbbd2ad22b05707309,60.16829,24.94214,00000000afef4555,9.92
14793,2019-08-01T09:06:40Z,1da40c618e0432bb037d08723b65821f6223509e8b4033a4b4190047,60.17065,24.93641,000000000f4919c9,21.87
14794,2019-08-01T09:06:40Z,1dacfb371d75dd4f90f447aac2a00faad98beb4188a6971c19eb2375,60.16629,24.95957,00000000fb7600be,21.87
14795,2019-08-01T09:06:40Z,1dcff36b6f83b08b6ea87c1c1018c542c270299839908ca446dffb39,60.16762,24.95415,000000006b44cce7,9.92
14796,2019-08-01T09:06:40Z,1e3044c19f6913531b6dd4bccb88ad02c1b39192513ccffa05444edb,60.1538,24.95595,0000000038bf9618,29.32
14797,2019-08-01T09:06:40Z,1eadb2c1984aa73c3c2f13eab0a2e793331443c617681e36887f0bcc,60.16629,24.95957,00000000fb7600be,17.4
14798,2019-08-01T09:06:40Z,1ecbc7c6afe89033252e5510cbb893666af2b3bc29f555a3a6287fdb,60.14951,24.92138,0000000006dd41f6,3.4
14799,2019-08-01T09:06:40Z,1f813dc10021899138c12ca17c58ab3dc24db1750dcb1790f9c20e8f,60.15133,24.92329,00000000e8a064a4,23.56
14800,2019-08-01T09:06:40Z,20ecc60ba6748bb4a65d10d3f27a3b928bcbc43ea0eab6ff9121c1bd,60.16829,24.94214,00000000afef4555,25.36
14801,2019-08-01T09:06:40Z,227fd98ceb97d84d0c2c3af35c32cee7a87aea62d71b1a5353ae3588,60.17065,24.93641,000000000f4919c9,20.28
14802,2019-08-01T09:06:40Z,2283762fe3af8329ae65aec44de728da8f383810e9f2a3d3b84fa031,60.16897,24.95222,00000000aa852af1,20.28
14803,2019-08-01T09:06:40Z,22ac1ab1c590ea19b44c61c42f5e8da29a6acbabf56676527811507a,60.15432,24.9211,0000000019fb59c4,29.32
14804,2019-08-01T09:06:40Z,25479245e5a8b0fe47e2bd590cdd63256d84afd6c164781dc64e527d,60.149,24.9843,00000000fffb8cf0,11.7
14805,2019-08-01T09:06:40Z,25d340d14d855b8c18b2c6f2551ec98a1eb047d1fd3457ba881ddf28,60.17918,24.95141,00000000675d5200,2.54
14806,2019-08-01T09:06:40Z,277fcf3cc917a89b46a34e0cf5164a78f5bcc88d92bb45ded60f1a91,60.17065,24.93641,000000000f4919c9,13.75
14807,2019-08-01T09:06:40Z,27b591b33a56a542440b53031a24f42290b0ec1a194af27700b75a3a,60.17918,24.95141,00000000675d5200,8.38
14808,2019-08-01T09:06:40Z,2823bf6afde4a5cc05342c15e7417c9590ba52264be5793bb688faab,60.17065,24.93641,000000000f4919c9,23.56
14809,2019-08-01T09:06:40Z,28ce50ca84cdcd4c17a36ac666e7ac0267b6ab5b77f4bfb08b2573a1,60.16762,24.95415,000000006b44cce7,2.3
14810,2019-08-01T09:06:40Z,28d50861d92f962c7a49eabaa524431aebf52870e44b79f77d7167c6,60.17918,24.95141,00000000675d5200,14.89
14811,2019-08-01T09:06:40Z,29ae3c5c3aeac0c607bc816f7e74c232a40142b79a52c43c7b1ed42f,60.16829,24.94214,00000000afef4555,4.94
14812,2019-08-01T09:06:40Z,2afa9ac588b2c55e8edf99ee96ecaf63451a7ab1e51571b7e2d1d491,60.16762,24.95415,000000006b44cce7,11.7
14813,2019-08-01T09:06:40Z,2c6810efb2565383ca0a554f3c51f3f7905484357f5e00756dbf091a,60.17918,24.95141,00000000675d5200,9.92
14814,2019-08-01T09:06:40Z,2cec6d5db391b4d6a591b943d00f7151e23bf652d8c1a8d674a041a3,60.16762,24.95415,000000006b44cce7,17.4
14815,2019-08-01T09:06:40Z,2e769f8477e016d18ea363e3a5c44c29e08c17296c76513de680ff51,60.16531,24.9442,00000000fdda10fe,14.89
14816,2019-08-01T09:06:40Z,2f43b7a683b0d365a46b6259a032813c293472eaedcdbcc3507adee5,60.17918,24.95141,00000000675d5200,5.41
14817,2019-08-01T09:06:40Z,2f7636d34066fc720664bb0b85ba6e0a9db63eadebf93248bdf9e941,60.16762,24.95415,000000006b44cce7,7.69
14818,2019-08-01T09:06:40Z,2f79108a454c0072885ad1447280ed5098d061b229eaae61a8bb67be,60.15432,24.9211,0000000019fb59c4,9.12
14819,2019-08-01T09:06:40Z,2f82b3546af2df53b58cddc668c9aa196554108cdf39120ea40b417c,60.16629,24.95957,00000000fb7600be,7.05
14820,2019-08-01T09:06:40Z,2fb39eae730ec6f291700f841a64aaf680d52a8346399aec6ccb1dbb,60.17065,24.93641,000000000f4919c9,16.1
14821,2019-08-01T09:06:40Z,2ff189e5846383641192cafb595a7a8f77394239ee03aabd1bf3c49f,60.16829,24.94214,00000000afef4555,1.88
14822,2019-08-01T09:06:40Z,31b02b3b271f6feef9e49d9285929ff1c25a11e608fc5d70bc6a1fac,60.16897,24.95222,00000000aa852af1,33.81
14823,2019-08-01T09:06:40Z,33fa4cb82db5b44ffe6e7ae1039635187f90d1df328f8f139da0c693,60.17918,24.95141,00000000675d5200,1.38
14824,2019-08-01T09:06:40Z,3480c16a6649952c388d8902596e332f018e609b9585f483353ae026,60.17065,24.93641,000000000f4919c9,11.7
14825,2019-08-01T09:06:40Z,34e96c7caa63e7ede8f428b18e8fb556ac235d61a50c9d6ac7ff268f,60.17919,24.95181,000000007b5207b6,4.11
14826,2019-08-01T09:06:40Z,36fe97cd2ec69118778c771a87593630f8a6a2cb77d9ce72f845cd3c,60.16762,24.95415,000000006b44cce7,6.46
14827,2019-08-01T09:06:40Z,37befabde4d3a895e687d5a1f0a1b95375deace29e18ed50bddd71f5,60.16829,24.94214,00000000afef4555,29.32
14828,2019-08-01T09:06:40Z,38fb20c6d55b10dd10a39c0fb41ad61297453e25afda81cf32313ae3,60.16531,24.9442,00000000fdda10fe,31.5
14829,2019-08-01T09:06:40Z,39c6456ee66fe96eee3d97cee2a70923cedb3da760bb5d4d413adb9c,60.17918,24.95141,00000000675d5200,4.94
14830,2019-08-01T09:06:40Z,39e9fa7033887b7ab339887aa68753ff94d4771cda2bb8ff4ea7aa0a,60.17918,24.95141,00000000675d5200,13.75
14831,2019-08-01T09:06:40Z,3a1afdcf7c2e5a52cdbcbbe29e8281c184037e8720920c6c75bee339,60.15133,24.92329,00000000e8a064a4,9.12
14832,2019-08-01T09:06:40Z,3a38ba36c098f2741d6c5fb5a751fcd074d05d698ac592ca09ab443c,60.16448,24.97323,0000000053c6c2be,27.28
14833,2019-08-01T09:06:40Z,3a7b4023cee4b0d567a123a3d6aff0bc8f94663522bbdf0ea4306607,60.149,24.9843,00000000fffb8cf0,9.92
14834,2019-08-01T09:06:40Z,3be40c84926a525adbd09eeeb3a12b73b24c633942b2e1fbe8151ac3,60.16448,24.97323,0000000053c6c2be,16.1
14835,2019-08-01T09:06:40Z,3c864716e211395e6a02802fbf80abb7b7c4519243bea4994fca7720,60.16762,24.95415,000000006b44cce7,17.4
14836,2019-08-01T09:06:40Z,3d0437a1d090cd3cad05629e69a61c519aa6218e1b7fb47811e5a4ae,60.16762,24.95415,000000006b44cce7,9.92
14837,2019-08-01T09:06:40Z,3eea43670f4f29a90ced59c1af122371340275fb61ff8f14c7120658,60.16762,24.95415,000000006b44cce7,7.05
14838,2019-08-01T09:06:40Z,40dc9402556d3dbb11c7f8919225178116092f92d29166bb853a14a9,60.16762,24.95415,000000006b44cce7,13.75
14839,2019-08-01T09:06:40Z,41a0ca2955e0ae0324f6e14aeb77ebfaac5305e31d86c42a20277b94,60.15133,24.92329,00000000e8a064a4,31.5
14840,2019-08-01T09:06:40Z,41f455676c61a2d8e1658c60afd7984613a3bc84daac78079c0d8b0c,60.16829,24.94214,00000000afef4555,13.75
14841,2019-08-01T09:06:40Z,42844e90c7134ebb3ec325f57cd27cd24711c779548ebc8692a820d5,60.14951,24.92138,0000000006dd41f6,3.4
14842,2019-08-01T09:06:40Z,44334c68f3991fe858ac066726e0a884236a5d89fe94d917b48e857c,60.16829,24.94214,00000000afef4555,14.89
14843,2019-08-01T09:06:40Z,4470412c4b059a920f2699fbfb72b261e0847b3e1caa8c71d2edd5a2,60.16448,24.97323,0000000053c6c2be,21.87
14844,2019-08-01T09:06:40Z,44e086520907fc0314474823b382bd86a08a7dffc64e851ddd993a56,60.16762,24.95415,000000006b44cce7,7.69
14845,2019-08-01T09:06:40Z,4682d95464cedcc021f38271a51bab9c000762b4acf802070e259ba2,60.16629,24.95957,00000000fb7600be,9.92
14846,2019-08-01T09:06:40Z,46c37bb9313fa511d142a461fb0eedda90bf18eb9016d20db109f6a4,60.16829,24.94214,00000000afef4555,27.28
14847,2019-08-01T09:06:40Z,47bd1492244c444d45674eb48dd2e6f222cb109d820ba807c4e18c1a,60.16629,24.95957,00000000fb7600be,21.87
14848,2019-08-01T09:06:40Z,48004849b2f48b2314aa9175433d754db1641b949bb8cf050e2dd128,60.17918,24.95141,00000000675d5200,8.38
14849,2019-08-01T09:06:40Z,484bbaa5a9d6bdd2259f022b6ea4e3c290985c13a1286bd7142d878f,60.16762,24.95415,000000006b44cce7,9.12
14850,2019-08-01T09:06:40Z,48c0ea6615ac4c02fc9bc0e06f9ea9309f9bf7e73b4324d7a6b14610,60.16829,24.94214,00000000afef4555,9.12
14851,2019-08-01T09:06:40Z,49bbad87e4d6cd03bdb073bde7be91193d74d29943badce7fc536916,60.16448,24.97323,0000000053c6c2be,13.75
14852,2019-08-01T09:06:40Z,49df780a7f20a99ad2810fa4bbb46b5fac9bc5cbe3fc800cd572f63a,60.14947,24.91438,000000004ef3150d,23.56
14853,2019-08-01T09:06:40Z,4ade4f0d92c6157a42d7fd8e353d1c93551324ba47cc134b840a6c63,60.16897,24.95222,00000000aa852af1,7.05
14854,2019-08-01T09:06:40Z,4afcc27c652d3d50a44d060f84e33dd4b17529d982928dae936cf10f,60.16448,24.97323,0000000053c6c2be,23.56
14855,2019-08-01T09:06:40Z,4ba529eeafb27285cbbade6e5ece0d4d04bd2d13c98b27a5d17abd22,60.16897,24.95222,00000000aa852af1,3.09
14856,2019-08-01T09:06:40Z,4c85a4a0756c1707ca2f02a74870d1e1d1a90f1793d229dc3a2bbb63,60.16531,24.9442,00000000fdda10fe,27.28
14857,2019-08-01T09:06:40Z,4c8696833edf46025bc9b5f589679b77a73c857736036aa9ef6696e5,60.17002,24.94407,000000006b087f40,27.28
14858,2019-08-01T09:06:40Z,4ece1c33c3c88529357429f0f3481471e9f42b6aace7878130350cbd,60.16762,24.95415,000000006b44cce7,12.69
14859,2019-08-01T09:06:40Z,4f9125edf503fe3cb0ba1e1221fe6a67aafd99fcd89fd92d2bf20e97,60.16897,24.95222,00000000aa852af1,23.56
14860,2019-08-01T09:06:40Z,4f93c5c493e876fd65b50774e1c92d808bcddb72337905c0c6bb385b,60.16829,24.94214,00000000afef4555,20.28
14861,2019-08-01T09:06:40Z,4fb4a3650a2a28469dde9c537458d24411aa6075666e047dd756fba9,60.17919,24.95181,000000007b5207b6,23.56
14862,2019-08-01T09:06:40Z,5001aabb6808b9fd96b705d1ebe8e7aca52713c2640100d81879dd86,60.17918,24.95141,00000000675d5200,5.91
14863,2019-08-01T09:06:40Z,504f910a0bd104a130b85d0c50467a15e74dc950bcc9eac3ebecc43e,60.16531,24.9442,00000000fdda10fe,20.28
14864,2019-08-01T09:06:40Z,51ec42fdd85671ae93876c3d875b24e56cb45699e9c3d2b623dca70d,60.16762,24.95415,000000006b44cce7,17.4
14865,2019-08-01T09:06:40Z,529623421e226c215bcca0b1388813e291d3d13ed1d8465f0ab69147,60.16629,24.95957,00000000fb7600be,12.69
14866,2019-08-01T09:06:40Z,5372348389197e6c4bc4c5e3dab047e7384d562220e6295904bbda1b,60.17065,24.93641,000000000f4919c9,9.92
14867,2019-08-01T09:06:40Z,54bd709173219e8017f317b63ecc83d0a48f64542e6fa1b83c86a56c,60.17918,24.95141,00000000675d5200,7.69
14868,2019-08-01T09:06:40Z,556cae6b2e2dec6fe691a835e8e08bd016b1a65797c0aca46879329f,60.17919,24.95181,000000007b5207b6,3.4
14869,2019-08-01T09:06:40Z,559429bba23762a872fc7b1e2219d42125ab101e4355d43fdb94ed7b,60.17918,24.95141,00000000675d5200,4.5
14870,2019-08-01T09:06:40Z,559e6a5225ce35ab844c63ea0d0c1695dc490a3d9cfbafa5d35ac8d8,60.14947,24.91438,000000004ef3150d,9.12
14871,2019-08-01T09:06:40Z,57ce2ff7da47050689b3a97be36b0e0f481dc4e87d42df594f74bc2c,60.16829,24.94214,00000000afef4555,27.28
14872,2019-08-01T09:06:40Z,5830a481876da00686f25b17dad06258a39212c0816ed04dda2df1bd,60.16531,24.9442,00000000fdda10fe,20.28
14873,2019-08-01T09:06:40Z,5865a27b5b56a60bca38e4a1403655e3e7fd0232a3ff2079965aff81,60.15432,24.9211,0000000019fb59c4,6.46
14874,2019-08-01T09:06:40Z,5978726eeef638856dafd3a8d199287f8daf9e90ddde750b402f8bb0,60.17065,24.93641,000000000f4919c9,1.7
14875,2019-08-01T09:06:40Z,5a3004325b5a058e02fb9f32ef4f7e9cc465240cbda7a7e4ec89d2de,60.16629,24.95957,00000000fb7600be,23.56
14876,2019-08-01T09:06:40Z,5a34b02faac3189217466888ef1d31cc80f721ac2f18638c5db88d53,60.14947,24.91438,000000004ef3150d,11.7
14877,2019-08-01T09:06:40Z,5a857d46d2710076dd9ff377dc9ae0c17e4db2a46db79f1e8d158cfa,60.16829,24.94214,00000000afef4555,18.79
14878,2019-08-01T09:06:40Z,5a8d671a78b976d212d9746d88b9a754a2d9c8341c529e88b7c6b8f4,60.17065,24.93641,000000000f4919c9,14.89
14879,2019-08-01T09:06:40Z,5b06617477af6dcee75a94ac347364b50f6f3b5b7d747e5413d9ad58,60.14947,24.91438,000000004ef3150d,7.69
14880,2019-08-01T09:06:40Z,5c1f71098d5d7258d2971061c791c94e0138c8e02225c5f60d6a0428,60.149,24.9843,00000000fffb8cf0,18.79
14881,2019-08-01T09:06:40Z,5daa76852f3e1be6c75fa2185d5787ab9010cf83d6671515769a8649,60.16531,24.9442,00000000fdda10fe,10.78
14882,2019-08-01T09:06:40Z,5dc7341101ac9a971ad3bd8764c172439aa3c351b8b6654e21e2c76f,60.16829,24.94214,00000000afef4555,25.36
14883,2019-08-01T09:06:40Z,5e2c5c20c88ccf362ed8749d1ddc041b1cb1c38d8dbeac7870179322,60.16629,24.95957,00000000fb7600be,4.11
14884,2019-08-01T09:06:40Z,619c5b31af2a28703a837cc7974ef0d2c5bb6584ba0fcc03076218ac,60.17002,24.94407,000000006b087f40,17.4
14885,2019-08-01T09:06:40Z,626bf35ce16dba1054cfd175d09475d3ee751bf70e56f984ff5c7ab6,60.15133,24.92329,00000000e8a064a4,20.28
14886,2019-08-01T09:06:40Z,63ff2439779051005c18876d20ed53ce060c1de9d7976821bd518fc6,60.15432,24.9211,0000000019fb59c4,16.1
14887,2019-08-01T09:06:40Z,65b6b62b547e11e10f7f83ad497446bee2bb9653097d9d62e9b1b817,60.17065,24.93641,000000000f4919c9,10.78
14888,2019-08-01T09:06:40Z,674355e17da9460e58566497be518f2eb537880c67c788fedb5067db,60.16629,24.95957,00000000fb7600be,13.75
14889,2019-08-01T09:06:40Z,67cf7d2881080aa59ed36a6d88ea1946d17e9d1d5e1ad9eee1851969,60.18203,24.91341,00000000342570c2,16.1
14890,2019-08-01T09:06:40Z,685af6b01bd180194d718801bb8b9c9de22050cc392d6c6441fe986b,60.18203,24.91341,00000000342570c2,11.7
14891,2019-08-01T09:06:40Z,69e2854c78a472b462941ef730aa9fa7a9dba9c1cc22996396d4c78a,60.17918,24.95141,00000000675d5200,3.09
14892,2019-08-01T09:06:40Z,6a75294b52678d021371b3f955224c3b5d0006997eb0dbc03f980a89,60.16762,24.95415,000000006b44cce7,18.79
14893,2019-08-01T09:06:40Z,6adce4d05e58232a97635a2fd7918e4e49d9295afc0989d727f9c712,60.17002,24.94407,000000006b087f40,6.46
14894,2019-08-01T09:06:40Z,6bd8f29dd69224345723669424cf7a61a7315a6f812ef43e5a7a44da,60.16762,24.95415,000000006b44cce7,21.87
14895,2019-08-01T09:06:40Z,6d98ac1fea7056e5b96d6095caf0e3677a4ec30e9fbcc2e50ae1cf65,60.16629,24.95957,00000000fb7600be,23.56
14896,2019-08-01T09:06:40Z,6dca84ddf4be668487766d17c5d13961ed713d24032f709ae87a497f,60.16829,24.94214,00000000afef4555,16.1
14897,2019-08-01T09:06:40Z,6dd5463e670c352180c1e912300e21e59f5e2976266df8c3c92b0baf,60.16829,24.94214,00000000afef4555,7.69
14898,2019-08-01T09:06:40Z,6e80fcea10d21e1d5e672b554c0f3fe686dc58934f38c3391fd5c262,60.17002,24.94407,000000006b087f40,25.36
14899,2019-08-01T09:06:40Z,6fe2cf6737d40d71251dac8ebef5356a2b765621e97a346c00a6031c,60.15432,24.9211,0000000019fb59c4,4.11
14900,2019-08-01T09:06:40Z,7003a7f6a5523b645634f014e04bea36016953a8af9324e35602bc2e,60.14947,24.91438,000000004ef3150d,14.89
14901,2019-08-01T09:06:40Z,704c3f3075f13713c363014fa828e4a932e7a05676813b9963a1e554,60.17918,24.95141,00000000675d5200,2.08
14902,2019-08-01T09:06:40Z,70d391038ec56b63a3737605c2c1db6ffbdca8e4490691776dc993f1,60.16829,24.94214,00000000afef4555,0.71
14903,2019-08-01T09:06:40Z,72439a1f997fd347d46394f31f5789edc877fe61ca34fcd31f9150b1,60.18203,24.91341,00000000342570c2,18.79
14904,2019-08-01T09:06:40Z,728325161f4ed691db3460f87a25ed4713580e50a53fd36dd265957f,60.16531,24.9442,00000000fdda10fe,16.1
14905,2019-08-01T09:06:40Z,7292a4a47ed655e0ce0ead026bb0ae4b8093342f87a9aed5665c1456,60.16762,24.95415,000000006b44cce7,13.75
14906,2019-08-01T09:06:40Z,72f088587da3409c5a4bec360a52a230a7551c3671441baaaabc6357,60.16829,24.94214,00000000afef4555,9.92
14907,2019-08-01T09:06:40Z,74cb545f76f0bfc5498607247e26e814276a11ce91f77208054ecbc5,60.17002,24.94407,000000006b087f40,25.36
14908,2019-08-01T09:06:40Z,750297d0d8ff0ca837d9c2289c26302d62f38708617150431ab14509,60.16531,24.9442,00000000fdda10fe,18.79
14909,2019-08-01T09:06:40Z,774131d73accbbb31ec3c43c3501b7969645eb65df1839ca8116526e,60.15432,24.9211,0000000019fb59c4,7.69
14910,2019-08-01T09:06:40Z,7803e2d46157a5482e745447d4c2c332fbd818d87a20b0f6187c628d,60.17065,24.93641,000000000f4919c9,25.36
14911,2019-08-01T09:06:40Z,7a2b35da2d6119549eacb416bea033d3d3eb6cbe4d4ff47c50c1fea1,60.16762,24.95415,000000006b44cce7,9.12
14912,2019-08-01T09:06:40Z,7a6e7ba82e6b0c07f13302099a2ffb55e08a56850ee8c1c6c1bd65d3,60.17065,24.93641,000000000f4919c9,23.56
14913,2019-08-01T09:06:40Z,7c1534082e86ff4387878d813207626d8f728aa26b97248e00a3b8d7,60.16629,24.95957,00000000fb7600be,13.75
14914,2019-08-01T09:06:40Z,7d12711d47425111a6dce413faa867542b9532f3b9c5a934b37a0bc8,60.17918,24.95141,00000000675d5200,25.36
14915,2019-08-01T09:06:40Z,7d415f4fd9093fb383b4ebb88961ad74e6a00d3ece39504712dad639,60.17918,24.95141,00000000675d5200,9.12
14916,2019-08-01T09:06:40Z,7e2e3d07c939e3e76e7ce87678faf64e056afe54215e00488839100f,60.14947,24.91438,000000004ef3150d,12.69
14917,2019-08-01T09:06:40Z,7eb4a715919b3eb4085270535ce4d7b57112591ad7242eb189bf652a,60.17065,24.93641,000000000f4919c9,18.79
14918,2019-08-01T09:06:40Z,7efa1cf3118062946e8958e89ffe767322a7bbf0d35d9d76b711e3b5,60.16762,24.95415,000000006b44cce7,18.79
14919,2019-08-01T09:06:40Z,7f534fc0885ddf5a5c3814e4232de3356affd42f6c3560055079dc1c,60.16829,24.94214,00000000afef4555,25.36
14920,2019-08-01T09:06:40Z,7f59aaecea1eee6c703ec5d46d67b44289ddedf080defee495b73739,60.14947,24.91438,000000004ef3150d,6.46
14921,2019-08-01T09:06:40Z,7faf8705e89a761625aaed50b89538581e25d5950ec8f051d36ed829,60.14947,24.91438,000000004ef3150d,17.4
14922,2019-08-01T09:06:40Z,809bf2d7a0745ae512b934a578fd5fd47c13c5398b6d06ad350b9e7c,60.14947,24.91438,000000004ef3150d,11.7
14923,2019-08-01T09:06:40Z,814fca075a588ae71c130bafc9384a1c17e7bd8168994ae6fca55205,60.16829,24.94214,00000000afef4555,18.79
14924,2019-08-01T09:06:40Z,82b78c2220aee81a2744ddfaf7ed29663888987dba6b7cdda05731d9,60.14947,24.91438,000000004ef3150d,18.79
14925,2019-08-01T09:06:40Z,85bdce5b262dbd94adcff03e6cad26a1152828b6ab27e6fdd56b2b13,60.16762,24.95415,000000006b44cce7,2.8
14926,2019-08-01T09:06:40Z,86e7584bf95733cef59d74bb4955881e99dc86b73a0d5b4e3ef58b50,60.18203,24.91341,00000000342570c2,20.28
14927,2019-08-01T09:06:40Z,87f1cc4c4a9de1ab81fe39cf7fde6cf0d4778e690f1665b62231ce46,60.149,24.9843,00000000fffb8cf0,29.32
14928,2019-08-01T09:06:40Z,880f9cbb91b9caf48ea9c5dd1a0c8e1db72922b6dfcb647b102fc469,60.16629,24.95957,00000000fb7600be,9.92
14929,2019-08-01T09:06:40Z,88c2bc6310f27465b9f08b28fb52075d7703ce7b097e5beb37c7437c,60.14947,24.91438,000000004ef3150d,12.69
14930,2019-08-01T09:06:40Z,893080d82bb28aa3ab91e41ddd4569086c8135ade7be10aa644fca95,60.17065,24.93641,000000000f4919c9,18.79
14931,2019-08-01T09:06:40Z,898cde3317c73907bb23b1b885828c4bf3187c3a757a18dc32abe970,60.16762,24.95415,000000006b44cce7,7.69
14932,2019-08-01T09:06:40Z,89aeff56a0700534bbf2dfd19fc298f5a890c95e1a45b6ca7ad3c33a,60.16829,24.94214,00000000afef4555,8.38
14933,2019-08-01T09:06:40Z,8a01e28fd327e5c56dcf2dc8b2b7762a96d77584c21990a073ceb11f,60.16829,24.94214,00000000afef4555,25.36
14934,2019-08-01T09:06:40Z,8c571538c285dba9d77edacfb1829b282d54b772b62209c6e4004237,60.17918,24.95141,00000000675d5200,2.54
14935,2019-08-01T09:06:40Z,8d5e893f77b3d167ebefad4ecab181fea08513599a6f9450f0b9a827,60.17919,24.95181,000000007b5207b6,17.4
14936,2019-08-01T09:06:40Z,8e20d0d67339e3cf43e77c3a340d9dc6766de8d079197a08a1343ff0,60.17065,24.93641,000000000f4919c9,10.78
14937,2019-08-01T09:06:40Z,90a44cbd1a957cc59a6986cff9b6b7b8e151d379e17da645069428b8,60.173,24.92524,0000000096918cfa,27.28
14938,2019-08-01T09:06:40Z,939c459d913b0b38838071a0d13671e83e4a751f44624b21e84daa69,60.16762,24.95415,000000006b44cce7,9.92
14939,2019-08-01T09:06:40Z,941e13893853105c86bfbc6d31d62274937602143ce3bb530c8c17ed,60.17919,24.95181,000000007b5207b6,3.74
14940,2019-08-01T09:06:40Z,9489639f139b4c46c641fa642713380c691bb515ac2e30f993df818c,60.15432,24.9211,0000000019fb59c4,10.78
14941,2019-08-01T09:06:40Z,9998e64e3b5162fd8890fc4e2dfe41a3e875f08500f1cef0c4820855,60.16829,24.94214,00000000afef4555,10.78
14942,2019-08-01T09:06:40Z,99a026b5100e23129fa529e9a57a3dbc8490dc03b58f2193f03e2dcf,60.14951,24.92138,0000000006dd41f6,6.46
14943,2019-08-01T09:06:40Z,9abbc86fb0fc1c0532042814af76a97e6a17121831d4394749a290a6,60.16762,24.95415,000000006b44cce7,9.92
14944,2019-08-01T09:06:40Z,9b3e6848d8b34e802134d6da0e5a594897ec3fafbbf08b6d0b84068e,60.17918,24.95141,00000000675d5200,4.94
14945,2019-08-01T09:06:40Z,9bc129708b07f3c5bbf4195e83f0e5b9a663b6f371f416a8e3a605f0,60.16897,24.95222,00000000aa852af1,16.1
14946,2019-08-01T09:06:40Z,9bef8b28ea93ecaee57d05b037edbfe7f80014aaf56343345fedd7be,60.17918,24.95141,00000000675d5200,9.12
14947,2019-08-01T09:06:40Z,9dfecc3e26cb27e4b80721e355ef0d6cb182ac2eebf66b006e2d9f8e,60.149,24.9843,00000000fffb8cf0,21.87
14948,2019-08-01T09:06:40Z,9e343a150f07bb3dcce5ecab8ac061b84d65b347b1af5a232e00eeb6,60.16829,24.94214,00000000afef4555,12.69
14949,2019-08-01T09:06:40Z,9eee6d740f1d483c484d02f0995f35550c09e6a8cf01f02680db5efc,60.16448,24.97323,0000000053c6c2be,31.5
14950,2019-08-01T09:06:40Z,a04214b56cac7d70680703ee6a28fac742f3c3190b55b46a79c1f76d,60.149,24.9843,00000000fffb8cf0,29.32
14951,2019-08-01T09:06:40Z,a2c53a9ecb3dab08bc3bf70db35ea02e6f15cedb137ce7817751f27c,60.16829,24.94214,00000000afef4555,17.4
14952,2019-08-01T09:06:40Z,a2e761fd97d8bdf78601300822b531e306b9ab7a1a43b6bfb07eba52,60.14947,24.91438,000000004ef3150d,10.78
14953,2019-08-01T09:06:40Z,a47e8613674297dc49b26801b19d2110d009aaee57412f2127f3b093,60.16897,24.95222,00000000aa852af1,20.28
14954,2019-08-01T09:06:40Z,a4b9f871dcc986c95f1e84fe203bb392ba0fe13164d89119bda2c94a,60.16762,24.95415,000000006b44cce7,13.75
14955,2019-08-01T09:06:40Z,a6d010615b0732a971c180467cd17865327688c7e6c60628c3d452d3,60.16762,24.95415,000000006b44cce7,16.1
14956,2019-08-01T09:06:40Z,a6d0dd9de406b1201a4e438ec7c5f4a467f38c41e2dec42ff6c71d50,60.16897,24.95222,00000000aa852af1,11.7
14957,2019-08-01T09:06:40Z,a786eb3b8a25c58099a428799e99d0b86401f803ee38d3e5d20e59d3,60.15432,24.9211,0000000019fb59c4,7.69
14958,2019-08-01T09:06:40Z,a808962cb511e5ed2d23e6e33efe252b1be29dc1d2f7c6154817f04f,60.16448,24.97323,0000000053c6c2be,14.89
14959,2019-08-01T09:06:40Z,a83415babca8eac00f69a32371a230fdadda29bf40fd69f75cf2e8fb,60.17918,24.95141,00000000675d5200,20.28
14960,2019-08-01T09:06:40Z,a83703c80a4d58db87327a53b0d3664d23edf7350ff6b0afaa49c530,60.16629,24.95957,00000000fb7600be,13.75
14961,2019-08-01T09:06:40Z,a8ca7fb815e707c04434a085c4f99e783d56372143afc92225eae622,60.15133,24.92329,00000000e8a064a4,17.4
14962,2019-08-01T09:06:40Z,aa05a7036c3586a79d23f426b78bf158357208bc82d7ddf9a1326dd2,60.16531,24.9442,00000000fdda10fe,9.92
14963,2019-08-01T09:06:40Z,ab615ee5bbf567aee3505fbb360d09fc6b851f93fb15aef778b57128,60.16531,24.9442,00000000fdda10fe,9.12
14964,2019-08-01T09:06:40Z,abf0be93e7a8aec9fa8284fdbcc2493f32084aa95f15660b23e149c6,60.16629,24.95957,00000000fb7600be,7.69
14965,2019-08-01T09:06:40Z,acbbe4765d72f36b0323407c7dbe43db7b4ad5e2da0a6a9e5966db0b,60.16897,24.95222,00000000aa852af1,17.4
14966,2019-08-01T09:06:40Z,acc35cd8a1bdbe1b45ec4095092dcace33acc09c7176a24ad41a01c8,60.16762,24.95415,000000006b44cce7,16.1
14967,2019-08-01T09:06:40Z,ad22512fd6a5ad9e19fdfad7e02b2793ecb01875be243f894c637ae2,60.16829,24.94214,00000000afef4555,0.16
14968,2019-08-01T09:06:40Z,af67ffa8b538058603b74f48e04ab914e8f6cd450f53c47f8c3d683d,60.15432,24.9211,0000000019fb59c4,27.28
14969,2019-08-01T09:06:40Z,b09e9bb62cc49c085c1aee3b752af1bec69dabc939323e5733f73933,60.17065,24.93641,000000000f4919c9,14.89
14970,2019-08-01T09:06:40Z,b25339bfcf356e1460eec7d6494ab8fa8fe2ee363afb6496ab1a1fb9,60.16829,24.94214,00000000afef4555,5.91
14971,2019-08-01T09:06:40Z,b3d94dfd4a1393ebe6b450d53a8c1c172707ab9ae1ab42b50b5b31df,60.16829,24.94214,00000000afef4555,20.28
14972,2019-08-01T09:06:40Z,b474e34db18d21635ec9ea2654513e6759c326f3aaec96c25f9a204e,60.16897,24.95222,00000000aa852af1,16.1
14973,2019-08-01T09:06:40Z,b50a45ac0708e7b5cca42f3458430eb22ff70a81c575bafe99ffda23,60.17002,24.94407,000000006b087f40,5.41
14974,2019-08-01T09:06:40Z,b5603e758440226e490d1d7d7271a7b0d5c261eccbad198f81110136,60.15432,24.9211,0000000019fb59c4,2.54
14975,2019-08-01T09:06:40Z,b6c43126ca83e916a68e57d0178060c24fc61305836b6c8f188f7285,60.17919,24.95181,000000007b5207b6,14.89
14976,2019-08-01T09:06:40Z,b6f0f4101a1a258dcb1d82d77ca91000694d4fed15bd882a8e3bfe66,60.149,24.9843,00000000fffb8cf0,29.32
14977,2019-08-01T09:06:40Z,b8fb70225ee0a2d655e2809da07a2f8cd2feb7295aa256f8b35fcf1e,60.16629,24.95957,00000000fb7600be,11.7
14978,2019-08-01T09:06:40Z,bb2187a4e20012ad694c768ef2c47c9a9055671024ebf4855d4e6243,60.16531,24.9442,00000000fdda10fe,1.25
14979,2019-08-01T09:06:40Z,bc6d5082ca52e6dae7a1689a835434f3f6341e90afea565480eb9674,60.16829,24.94214,00000000afef4555,16.1
14980,2019-08-01T09:06:40Z,bc82f76c979de19b559e9e3aa0cd6cbf5ac361e2d7b1ac9f81fe2f4f,60.17918,24.95141,00000000675d5200,4.94
14981,2019-08-01T09:06:40Z,bd17e41f002acd238070518ccfb611a42561023ceaefde667bf6fa55,60.17002,24.94407,000000006b087f40,23.56
14982,2019-08-01T09:06:40Z,be0aec7d0615ab2d3b044d4d86b1cc0c2e35603c8195665e854c25ae,60.16829,24.94214,00000000afef4555,10.78
14983,2019-08-01T09:06:40Z,be12d6aaccf354197284a8c92b960bd6a4e1705f7d948823e7891fde,60.16762,24.95415,000000006b44cce7,2.3
14984,2019-08-01T09:06:40Z,bee144e090a471427ec7878609f2446cb79f4c8d7e3c3bf0f67cf8d2,60.16762,24.95415,000000006b44cce7,14.89
14985,2019-08-01T09:06:40Z,bf546b1abc8eba5c7f399f527508a7304dea62586aa297896d71ea5c,60.18203,24.91341,00000000342570c2,20.28
14986,2019-08-01T09:06:40Z,c15ca5682079316240c71f5524ecd6dc66eef915004debe342627daa,60.18203,24.91341,00000000342570c2,27.28
14987,2019-08-01T09:06:40Z,c15da9ed244b57a27a083919c67d0edde078a31b18cb58f13581f173,60.1538,24.95595,0000000038bf9618,25.36
14988,2019-08-01T09:06:40Z,c1674c59c49d5bf74e6808239a91d18a04e47697d298bc61a7618af2,60.16448,24.97323,0000000053c6c2be,13.75
14989,2019-08-01T09:06:40Z,c19294a0a6dd80604d1435e92cecc363af55f32ef9d41af8b67687e2,60.16897,24.95222,00000000aa852af1,25.36
14990,2019-08-01T09:06:40Z,c1bf1bf699e9bc78ca15c9490d1ef02e3323f0c2c76bf0fca7955a69,60.14947,24.91438,000000004ef3150d,23.56
14991,2019-08-01T09:06:40Z,c3320c19d0343faf8c298070dd061465dd6b2e745170ca7a14b0b01f,60.1538,24.95595,0000000038bf9618,33.81
14992,2019-08-01T09:06:40Z,c434f18b802a764aad7a2dfb46e93546acb1b0975cf9b93fd47363f6,60.15432,24.9211,0000000019fb59c4,5.91
14993,2019-08-01T09:06:40Z,c51beff15d228f2dab9416cadfcc60fe269ce3d9202a9cf2ec7e7647,60.16829,24.94214,00000000afef4555,25.36
14994,2019-08-01T09:06:40Z,c55f651c108f569fe59364de834d31b122908186d2f95d20ed519564,60.16762,24.95415,000000006b44cce7,10.78
14995,2019-08-01T09:06:40Z,c872af9997af535c4615ee0b4194c7c8d644b7962afb3ca321eb386f,60.15133,24.92329,00000000e8a064a4,23.56
14996,2019-08-01T09:06:40Z,c8df45d222b573af5441c1ec32616df82891a813c9217002a9d60846,60.16829,24.94214,00000000afef4555,13.75
14997,2019-08-01T09:06:40Z,c8f27660c2e8302459f9f42a38f8c1a1d42cb2de7ac7fb8995a36ed4,60.17919,24.95181,000000007b5207b6,17.4
14998,2019-08-01T09:06:40Z,ca7719c7cd8d4496b666f608fc07ba9930e362a0b2d96890b0778618,60.16629,24.95957,00000000fb7600be,9.12
14999,2019-08-01T09:06:40Z,cccf3ba2a9d11b9330c18af8064a20aca9995473495bf119162a1619,60.16897,24.95222,00000000aa852af1,10.78
15000,2019-08-01T09:06:40Z,cd24d4831d3c3e8dad5e555b47528aa6b11e307b2882be4f65dd4076,60.17002,24.94407,000000006b087f40,5.41
15001,2019-08-01T09:06:40Z,ce7de55c7709396c70ce5930097e84449a4889700e605a0b062aaeae,60.16531,24.9442,00000000fdda10fe,18.79
15002,2019-08-01T09:06:40Z,cf061f5093c857b2efc346d3ad51fd17cca7eb360060ba7875630cf5,60.16897,24.95222,00000000aa852af1,9.12
15003,2019-08-01T09:06:40Z,cf823e18aa21de251222a9ab70c1b76b6218dea694752d56f6f84082,60.149,24.9843,00000000fffb8cf0,20.28
15004,2019-08-01T09:06:40Z,cf9455daa4877b79636eca3ae57056b08dfc0b42f107cedb6f5a3f16,60.16829,24.94214,00000000afef4555,14.89
15005,2019-08-01T09:06:40Z,d01ab2b99ca2d6e373c630bc0666c220aa0753785f57eba65dfab024,60.16544,24.95398,0000000038d83d41,31.5
15006,2019-08-01T09:06:40Z,d062562fed5ad0a61560e267310beb0b717d2a1e2a11d1d575507861,60.16897,24.95222,00000000aa852af1,29.32
15007,2019-08-01T09:06:40Z,d16e16def718519430296afa23976c226aaf720722bce3d92a2aad43,60.14947,24.91438,000000004ef3150d,21.87
15008,2019-08-01T09:06:40Z,d29a5ebd00326d5dedb6c60cab75fd238bdaa9d7f703f6b5974edbc7,60.16762,24.95415,000000006b44cce7,16.1
15009,2019-08-01T09:06:40Z,d31d6921eee92503b486a1b30f5330581c4744a82e6549f375544846,60.17918,24.95141,00000000675d5200,31.5
15010,2019-08-01T09:06:40Z,d562afdedae521be241c98441e436608a323fdb944dedc24c835e762,60.17065,24.93641,000000000f4919c9,4.94
15011,2019-08-01T09:06:40Z,d653ef8368d33df4fc7edeb5a381d5826be1471f1470aa9744d47901,60.173,24.92524,0000000096918cfa,2.3
15012,2019-08-01T09:06:40Z,d65b8625c1f24304ff0e3c4a4dce7aa5d434d36be87be41834a49420,60.16531,24.9442,00000000fdda10fe,4.11
15013,2019-08-01T09:06:40Z,d6e217c6592e449e2390b1a874e08cbc9126116901dbdbf84501c6b8,60.17065,24.93641,000000000f4919c9,12.69
15014,2019-08-01T09:06:40Z,d74ea3c9e0aaa523c791aa01f4f9a7c1c43f01f585dc4146b19edf83,60.17918,24.95141,00000000675d5200,3.74
15015,2019-08-01T09:06:40Z,d7734ef0345fcffc0f4bd7579275af62987490aba012209832e92059,60.16629,24.95957,00000000fb7600be,14.89
15016,2019-08-01T09:06:40Z,d87c4d5dc2cd620de54fdd076d4f9b35245053d65b644d9e01f558b5,60.16762,24.95415,000000006b44cce7,7.05
15017,2019-08-01T09:06:40Z,d95956cedfc4dfe06014194cc1071864bd835fcc014c1fd6f4d33337,60.16762,24.95415,000000006b44cce7,16.1
15018,2019-08-01T09:06:40Z,d983db67d9cd171123ba12eeb19c11f34a3ad1d75fc9214ac3ae8a26,60.17002,24.94407,000000006b087f40,18.79
15019,2019-08-01T09:06:40Z,da78c33b53b0b3a551adb83bc2953f20006ca37faff42dbdd687045c,60.17065,24.93641,000000000f4919c9,14.89
15020,2019-08-01T09:06:40Z,dbedd81db3d59ee0c6948187e396a34e2fa5dd6670cf8d862bf5e1ff,60.16762,24.95415,000000006b44cce7,10.78
15021,2019-08-01T09:06:40Z,dc00d45c0dd506326fb4dd3692d409df80cb3d871341ffff720dc834,60.16762,24.95415,000000006b44cce7,17.4
15022,2019-08-01T09:06:40Z,ddae2128c72cf011df2a698a8254b8738fd07a971349ea8a5e8bfa9f,60.16829,24.94214,00000000afef4555,17.4
15023,2019-08-01T09:06:40Z,deb8a213e1b4930e676ee8fdb394161ec46adb785171fa37437b4d44,60.15133,24.92329,00000000e8a064a4,14.89
15024,2019-08-01T09:06:40Z,dfe80baf219bd267a459c954a8e3027b3f1ed29fea2a5355456d5652,60.16897,24.95222,00000000aa852af1,9.92
15025,2019-08-01T09:06:40Z,e09515dbe1e90af07cb756a83c222c60f5f0566f94590848e72f6401,60.16762,24.95415,000000006b44cce7,13.75
15026,2019-08-01T09:06:40Z,e0fe7fe5854899c0eb42b75b300339808143419404558ed4d00b0f17,60.17918,24.95141,00000000675d5200,7.69
15027,2019-08-01T09:06:40Z,e294dde431d68c7b73efcf1f9b916e40bf408111c79228032c7830a4,60.16544,24.95398,0000000038d83d41,17.4
15028,2019-08-01T09:06:40Z,e2bb0ae74deee6cbc4f50c5f85da3f1779ca1db1ae7ff48ab4b33dbc,60.17918,24.95141,00000000675d5200,4.94
15029,2019-08-01T09:06:40Z,e2f445c6711e0e7d48a6a045bec347587f9f398e8928a171cfa2ca38,60.16762,24.95415,000000006b44cce7,9.12
15030,2019-08-01T09:06:40Z,e508e239ba2ca68b34ad5074f3d7b013e72f6f7df36eb6cdf545be78,60.16762,24.95415,000000006b44cce7,12.69
15031,2019-08-01T09:06:40Z,e528235be3e5cc4945024d50d1ed43061e2e2f2845f2b41e081e1721,60.17919,24.95181,000000007b5207b6,20.28
15032,2019-08-01T09:06:40Z,e5cad8bb9a6c8dcc067948d7f869033aca5bdd062da175c8734092e6,60.17918,24.95141,00000000675d5200,20.28
15033,2019-08-01T09:06:40Z,e73dcccbc4dd6af49316f19a34c347cc94ff7ab079a93a2672d78a16,60.14947,24.91438,000000004ef3150d,18.79
15034,2019-08-01T09:06:40Z,e7c92f07271c58076a3543568856a6941512c32291b7e9ce8dbcece1,60.16762,24.95415,000000006b44cce7,10.78
15035,2019-08-01T09:06:40Z,e8add7e8346b99cd4b67924113f3763441a1899897c6d1ac3a1a40a6,60.17918,24.95141,00000000675d5200,12.69
15036,2019-08-01T09:06:40Z,e9275b4d525e0593374e00e9cf9885062a1699ecb3462c758a025ef1,60.16762,24.95415,000000006b44cce7,14.89
15037,2019-08-01T09:06:40Z,e979a153601f7520f54d4733fe91f75f154c8f1c08dc3408dbba5345,60.15432,24.9211,0000000019fb59c4,3.74
15038,2019-08-01T09:06:40Z,e9e1a66ce9f699fc1713bb44cd67a332f584f0c51d18774fc72b8eea,60.16762,24.95415,000000006b44cce7,12.69
15039,2019-08-01T09:06:40Z,eaeab87d855895641b90042c0697ae5468fbbfcb8d4a7651378e32b9,60.16829,24.94214,00000000afef4555,25.36
15040,2019-08-01T09:06:40Z,eaf572301dc5c1eaff007bc1886cce8f0f5e92a233b8686ed2a1a9cc,60.17065,24.93641,000000000f4919c9,17.4
15041,2019-08-01T09:06:40Z,ec2dd83e04d225caca9f6b9d28bd3080ed37c5bf42e5f65123fa2394,60.17065,24.93641,000000000f4919c9,16.1
15042,2019-08-01T09:06:40Z,ed86f884272a5a400b55bfd4f22bc8cc5d6fca7fe26eee3c39cb3c52,60.15432,24.9211,0000000019fb59c4,9.92
15043,2019-08-01T09:06:40Z,eef621895ee74145a6d76c5f5493a93d7c728c80abe45a2e1933ae9f,60.16897,24.95222,00000000aa852af1,14.89
15044,2019-08-01T09:06:40Z,ef620c567fe4adc1160d75daa4075a87a75acb4a956b68eb60da0690,60.17065,24.93641,000000000f4919c9,14.89
15045,2019-08-01T09:06:40Z,ef67b9e4617f284b84167b4bdaff71108579a33ced0a2450ff25a1a1,60.16629,24.95957,00000000fb7600be,4.94
15046,2019-08-01T09:06:40Z,ef6e7d641ebef891165f5f8178b3195fbc6c86dc5f904ca2cca43e32,60.16897,24.95222,00000000aa852af1,25.36
15047,2019-08-01T09:06:40Z,efc51406db4c66b8a573ec325afe8a9258a04a71b46ff3aae1cfa696,60.16762,24.95415,000000006b44cce7,12.69
15048,2019-08-01T09:06:40Z,f1447725764ec0dca245fc67f2aa0a0c42e6b05808076aa74f0c1e7e,60.17918,24.95141,00000000675d5200,14.89
15049,2019-08-01T09:06:40Z,f18c0c32d067aecf5602d70693ac888cab1be6dbb0d154be5153dfcc,60.16829,24.94214,00000000afef4555,4.5
15050,2019-08-01T09:06:40Z,f1b28329fc91f4708ca34857c5582c0bf1b7d0ab06127746029cd72c,60.17918,24.95141,00000000675d5200,13.75
15051,2019-08-01T09:06:40Z,f1c56657bd75e6e3cc93071935fa8b624843fa039b798109ad3f9ffe,60.16762,24.95415,000000006b44cce7,9.92
15052,2019-08-01T09:06:40Z,f20935810c1567a80c288016c4d4dd32fe86b3479f47ae7dd64d15cc,60.15432,24.9211,0000000019fb59c4,4.94
15053,2019-08-01T09:06:40Z,f29ed00b645af4bbf50174e71f58a9b691d2e2342e59eda242d97380,60.16829,24.94214,00000000afef4555,11.7
15054,2019-08-01T09:06:40Z,f4bbc3077da0455d4340da2eed204915327b75a792080724548b4956,60.17918,24.95141,00000000675d5200,1.7
15055,2019-08-01T09:06:40Z,f503a41d3e8b9b57628f4f061c1d8e0c53c62dd8a6fe38d212958ee6,60.16075,24.95883,00000000f1124bca,12.69
15056,2019-08-01T09:06:40Z,f55165f87792f06aaca9b79eea536f4bd692c8ee806294be5fb014df,60.16829,24.94214,00000000afef4555,23.56
15057,2019-08-01T09:06:40Z,f587de6c8c03387c5e6a66cd7d20c45abad3668c8e2246611122547b,60.14947,24.91438,000000004ef3150d,16.1
15058,2019-08-01T09:06:40Z,f65d3110b508f50688a970043fd573f9fa05a0dbad4c2e07a1fec923,60.16829,24.94214,00000000afef4555,27.28
15059,2019-08-01T09:06:40Z,f665079710528911e7b7844aa55433e09506580c7fed342e1febfaa5,60.16762,24.95415,000000006b44cce7,18.79
15060,2019-08-01T09:06:40Z,f741519cf6f519194bb45b9da0e69bda8edb903e3c24d4140f340467,60.16762,24.95415,000000006b44cce7,6.46
15061,2019-08-01T09:06:40Z,f7f8272d0f5b75ba15174fd69f84bd80cad47290165ec2a6cd06a5cd,60.16829,24.94214,00000000afef4555,18.79
15062,2019-08-01T09:06:40Z,f803aeb1f00a057ed31451d0f3d132f27fec17305dc699176ac5339a,60.16897,24.95222,00000000aa852af1,25.36
15063,2019-08-01T09:06:40Z,f9e527876f8dfe750fd29bc42664bbf572aed5d09d344a8934a83d90,60.17065,24.93641,000000000f4919c9,4.94
15064,2019-08-01T09:06:40Z,fa1a3814c680b20020a08346c37ee2853e895984574575312bf262e7,60.14947,24.91438,000000004ef3150d,18.79
15065,2019-08-01T09:06:40Z,fa9f19c58a086fde9429d732b1eec80eacf5fc1b2c0124d17243d008,60.17918,24.95141,00000000675d5200,12.69
15066,2019-08-01T09:06:40Z,fb2df85c8938d6a1bbd1ff0a1cd8aa23480ae08dc39d2b584ed35e14,60.16762,24.95415,000000006b44cce7,5.91
15067,2019-08-01T09:06:40Z,fba6e66dd09200012637e0b454c96fd7a5459b7e8b0ba01863cdbd77,60.16762,24.95415,000000006b44cce7,2.3
15068,2019-08-01T09:06:40Z,fc75e05a713e8733c512a31a3bebec0a122af3e7afb2c5059c3f1a3a,60.17002,24.94407,000000006b087f40,9.92
15069,2019-08-01T09:06:40Z,fdb3239bb0017def73005dc66a8d674c713493499c8feff7a6c01018,60.16762,24.95415,000000006b44cce7,12.69
15070,2019-08-01T09:06:40Z,fe191b6937595e5cf2ac1491e9056f0f9fb5bf66c0cb900df00b4c64,60.16829,24.94214,00000000afef4555,2.54
15071,2019-08-01T09:06:40Z,fea1453360073dfc1896bf1f005f51addb49661f953e16cffba3c63d,60.16531,24.9442,00000000fdda10fe,9.12
15072,2019-08-01T09:06:40Z,ff3580f7bd2e1882c23d4afbfcaa5eb85473ce822d5833faecefdd31,60.16897,24.95222,00000000aa852af1,21.87
15073,2019-08-01T09:06:41Z,0fff89885f08417f20aadfdbf62a372277e9085bcd024374b772ecac,60.16531,24.9442,00000000fdda10fe,23.56
15074,2019-08-01T09:06:41Z,144afc51fc2443c7031a2912566eff2ce60226a49d6d2bd7c2923700,60.16544,24.95398,0000000038d83d41,16.1
15075,2019-08-01T09:06:41Z,14c7e1511b70f4dd3359cbece1377aebb4d70531f5489eefe53d7c3c,60.16544,24.95398,0000000038d83d41,25.36
15076,2019-08-01T09:06:41Z,15918569de0a46a8eb56b43d8d39f7fc82619ff1006f00822c85745c,60.17918,24.95141,00000000675d5200,1.25
15077,2019-08-01T09:06:41Z,1951291ca064d0fb480d958037c1477427d2ca8db455fef0b741bf9f,60.16448,24.97323,0000000053c6c2be,21.87
15078,2019-08-01T09:06:41Z,1f0f0628cdc688d76bde2b82bee5b9b4916bf0bbdfe76cf3213e1c65,60.15432,24.9211,0000000019fb59c4,17.4
15079,2019-08-01T09:06:41Z,2a93b61a3863ace54349d7a0937e4134fcc6d4dfcf064eefae2b7cf8,60.15432,24.9211,0000000019fb59c4,17.4
15080,2019-08-01T09:06:41Z,43b676ed3aef4c2d8846694817e76117873be52e7f788e0cb366c1c4,60.16629,24.95957,00000000fb7600be,25.36
15081,2019-08-01T09:06:41Z,5b91abc1d452431fdb7bc15f638eee91a54034b6327f40e58ccacda6,60.14947,24.91438,000000004ef3150d,29.32
15082,2019-08-01T09:06:41Z,5d65719c4cbf045f068d084b72302f447d5fd034413d97d13be00d0e,60.18203,24.91341,00000000342570c2,20.28
15083,2019-08-01T09:06:41Z,6a657079c1bdc8114c289be1ddd83e5846d4279a920d1697b8ff0033,60.18203,24.91341,00000000342570c2,20.28
15084,2019-08-01T09:06:41Z,6d22b751ff5173035dc85c52c3dff0780126adae67fe33dc62dd45ef,60.16531,24.9442,00000000fdda10fe,23.56
15085,2019-08-01T09:06:41Z,6ff437688c444238352c28f64f9d2a7d0f14d19c9ea42c225380501e,60.16762,24.95415,000000006b44cce7,11.7
15086,2019-08-01T09:06:41Z,76c7f42283513d0e289bf786d89463b5025b2ae0f4e13519a4cf228b,60.15432,24.9211,0000000019fb59c4,21.87
15087,2019-08-01T09:06:41Z,78d5f60b36b59c06c3988b94e11744bb3aed5dcbc214f91f228bf892,60.16448,24.97323,0000000053c6c2be,18.79
15088,2019-08-01T09:06:41Z,79f136afa0dd8717337c01c70b457c464aaf0fa25b440f51a394ec23,60.16762,24.95415,000000006b44cce7,21.87
15089,2019-08-01T09:06:41Z,84fdfd8881f633c5f0c71c1480053953ca4b05e848052d97c063ad38,60.1538,24.95595,0000000038bf9618,27.28
15090,2019-08-01T09:06:41Z,87dfaad29a9276ddddb1fa021d3bc23ad14824c1af16f7d87e713689,60.14951,24.92138,0000000006dd41f6,9.92
15091,2019-08-01T09:06:41Z,8cc6ddaa460aeae8cc9e8a33f91a01c8cd4c0c8bf8a943210a28c84d,60.1538,24.95595,0000000038bf9618,14.89
15092,2019-08-01T09:06:41Z,9843c6216661048343a0e49cf3d8aa2883cf77f452666a1c873a1052,60.16448,24.97323,0000000053c6c2be,12.69
15093,2019-08-01T09:06:41Z,9d03d14afa49576281aa26db60e517f7c1ec8aa36f7756959a860a8a,60.16629,24.95957,00000000fb7600be,11.7
15094,2019-08-01T09:06:41Z,a9da1ee82e3b670e276c26b483dd50f4a6d0c6f77ef82245d3ae6086,60.18203,24.91341,00000000342570c2,11.7
15095,2019-08-01T09:06:41Z,ab0f67c0c0e1ba5eac9013f9c314feadf340ddf08543b91e70483594,60.16544,24.95398,0000000038d83d41,18.79
15096,2019-08-01T09:06:41Z,b1f358076ba79ef902a36ca8ae3f8ec7c93308a67c479345bfdbdecf,60.1538,24.95595,0000000038bf9618,33.81
15097,2019-08-01T09:06:41Z,b4faf2d3c4d2b199afeab6ab63b583fe3a2e81e14abbef6917f25129,60.15432,24.9211,0000000019fb59c4,29.32
15098,2019-08-01T09:06:41Z,ba42c72ea7c2663b3ea5044faf12173ab18e523dc35de0e24bf374ac,60.16544,24.95398,0000000038d83d41,25.36
15099,2019-08-01T09:06:41Z,cad5f16a8c0e0cf81e1502ce0d4daa7806143250a2c9e7c6618c7300,60.16544,24.95398,0000000038d83d41,20.28
15100,2019-08-01T09:06:41Z,cf05623e4d87ce0906c0b0b7dbf53aacc1228016cd27c341228b6e76,60.18203,24.91341,00000000342570c2,18.79
15101,2019-08-01T09:06:41Z,dd2c9c82cf3737146294aff6f814a1349fb0bc4bedf518715dacbe8f,60.18203,24.91341,00000000342570c2,11.7
15102,2019-08-01T09:06:41Z,ea2af410359f5c862dbc71554cc0b6ea29d823a91db3209fcd2a8c76,60.16762,24.95415,000000006b44cce7,18.79
15103,2019-08-01T09:06:41Z,ec72ef080c605e71978aed0d3b5f22c3c3133677a43c614b72eedc6d,60.14699,24.922,00000000a53ed894,21.87
15104,2019-08-01T09:06:41Z,efd1806e1eee5eca948bc2537df8d816e2cce41009b41189c350ce74,60.16531,24.9442,00000000fdda10fe,29.32
15105,2019-08-01T09:06:41Z,f22981c21af00fc334b3d8bdd523e23a50384666e97815f0ec1dc0ac,60.16897,24.95222,00000000aa852af1,10.78
15106,2019-08-01T09:06:41Z,f70a43051a4f59f5002c4018a464b44781f7f527861efda6626a2de4,60.16829,24.94214,00000000afef4555,14.89
15107,2019-08-01T09:06:41Z,f83d4b6b8ffbf8a674d212e32100b2360b80261b4e9207d77c0b0ed3,60.17918,24.95141,00000000675d5200,21.87
15108,2019-08-01T09:06:41Z,f99c5dd8cc08bd2353083d875ce8bc585fb2c2ff8427b90d92f571de,60.1538,24.95595,0000000038bf9618,29.32
15109,2019-08-01T09:06:41Z,fc4f3a44235f1cfc7b53f14ba2da599976a5a0a220d23b852688e485,60.17918,24.95141,00000000675d5200,14.89
15110,2019-08-01T09:06:41Z,00787dad708490660b0b836fa415681cc57046fa521c0c0aaea14a9e,60.16762,24.95415,000000006b44cce7,5.41
15111,2019-08-01T09:06:41Z,011372b726688a0c953368b50bc5a1cb0212c17dbecc587d9f9d75ce,60.16629,24.95957,00000000fb7600be,17.4
15112,2019-08-01T09:06:41Z,02050a536056486b1bf139282f0d0a3af63def1d56ff0c73ac51bb19,60.14947,24.91438,000000004ef3150d,13.75
15113,2019-08-01T09:06:41Z,023083c44c772667f1727e01c74518889b2a82d78ceb28c08b6f8a20,60.16531,24.9442,00000000fdda10fe,14.89
15114,2019-08-01T09:06:41Z,026f61905925674212a1c7d1e14b2ee5d1039bb4ecb5159f7d522150,60.16762,24.95415,000000006b44cce7,11.7
15115,2019-08-01T09:06:41Z,028149b8bfaf37d1f064cb0b4f23ae118f00d8eff41679fb8830396a,60.16531,24.9442,00000000fdda10fe,23.56
15116,2019-08-01T09:06:41Z,0362cc670dcfab795a3911957b6a177416bf9b99d0e2732716796c4d,60.15432,24.9211,0000000019fb59c4,9.12
15117,2019-08-01T09:06:41Z,03f427d436ba092925de462b11374bdbdab0443620037675621fbc11,60.17919,24.95181,000000007b5207b6,10.78
15118,2019-08-01T09:06:41Z,0483eb7342f4e704caa76b9bc3d6a7bd836282960dafc2c756247134,60.16762,24.95415,000000006b44cce7,20.28
15119,2019-08-01T09:06:41Z,063935180fff0e58de5d319ecb9320cf794423e3c6aeac0cca8f1a9f,60.16897,24.95222,00000000aa852af1,18.79
15120,2019-08-01T09:06:41Z,0849a091b1aabe9b614b6b5c54dffd083dbb4473ca90dc972e4d37de,60.16829,24.94214,00000000afef4555,14.89
15121,2019-08-01T09:06:41Z,08f9fd60f852d3502bfa509c955e9963e73954f961d55ba8cd46cae9,60.16629,24.95957,00000000fb7600be,12.69
15122,2019-08-01T09:06:41Z,0951ec0c700dba7330b8e8181fc852becde054d0dc7474d1488db3cd,60.17065,24.93641,000000000f4919c9,7.05
15123,2019-08-01T09:06:41Z,0c1684b697a63d7f47ebaedcfa060b3b4af294fec1e62d613699291a,60.16897,24.95222,00000000aa852af1,4.5
15124,2019-08-01T09:06:41Z,0e62c7194170ff5abcdede8e7bb2dc9370e053dcd7957fc62f077453,60.16829,24.94214,00000000afef4555,20.28
15125,2019-08-01T09:06:41Z,0f0a47457083121cf6392eb1d6d9a764f269d3c0e33d76403c446678,60.16829,24.94214,00000000afef4555,18.79
15126,2019-08-01T09:06:41Z,0f939ec5675298027c278d30bc705908645ba8b66cec8026882437ee,60.16629,24.95957,00000000fb7600be,23.56
15127,2019-08-01T09:06:41Z,0feb7de3b58597dd266ed606e8d3b6e2e4e0be942b17c15be984f51c,60.14951,24.92138,0000000006dd41f6,25.36
15128,2019-08-01T09:06:41Z,1069967e3921871955b1b2b42e60f829c593a3e024401bfe61ae410e,60.16629,24.95957,00000000fb7600be,12.69
15129,2019-08-01T09:06:41Z,1074ffc7b33a1a8b54ea8f31d0f43ba07ed2ad7841b548f9bd4b9bad,60.17065,24.93641,000000000f4919c9,29.32
15130,2019-08-01T09:06:41Z,10cd81594fd56fa1f2c4799419a45b70833d3d8583b817324ee96da7,60.16897,24.95222,00000000aa852af1,16.1
15131,2019-08-01T09:06:41Z,10d0fed0f7d40b253b5fc5a53297dc9af8bb76fa6f34d5e71383cb62,60.17918,24.95141,00000000675d5200,17.4
15132,2019-08-01T09:06:41Z,1134a082e36fe03359bac74c814a0ed20468c45230115d4e25aa230d,60.16829,24.94214,00000000afef4555,11.7
15133,2019-08-01T09:06:41Z,12b9b313e577dbbb9619247e0a5ded14c2b56bede5b421cac44f9597,60.16448,24.97323,0000000053c6c2be,38.87
15134,2019-08-01T09:06:41Z,135cc53c1e5fbc7dd382c896eeb477e3cc112e6b2e21a6cd3d402eae,60.16762,24.95415,000000006b44cce7,13.75
15135,2019-08-01T09:06:41Z,141a580597619f20b14d71a17562763921dafbb27c8aaaa8700fd522,60.16829,24.94214,00000000afef4555,21.87
15136,2019-08-01T09:06:41Z,141ffc858c3ea6a2e69c954115114304736a35dc25ec947323090dc0,60.16762,24.95415,000000006b44cce7,5.41
15137,2019-08-01T09:06:41Z,14a062f886bdedfe7c4c6cdae992fae0cd9703f957f69bbc4616d894,60.16897,24.95222,00000000aa852af1,29.32
15138,2019-08-01T09:06:41Z,1564db6ab71666bfe0865d19fd134f7018f49bc12ff1969853697784,60.16531,24.9442,00000000fdda10fe,29.32
15139,2019-08-01T09:06:41Z,164d8280dbb888033f64368dd641bcef597fc327148fcf74374894c5,60.16544,24.95398,0000000038d83d41,13.75
15140,2019-08-01T09:06:41Z,167a52adcdc4d9a7f697ffc5e058fcb79a22a32ba0b8ed45a36311f2,60.17002,24.94407,000000006b087f40,27.28
15141,2019-08-01T09:06:41Z,16e18d478be872d2a9801fa885d08edeb3f5ae1840b38478f9baf535,60.17918,24.95141,00000000675d5200,16.1
15142,2019-08-01T09:06:41Z,185ef4052356a0469d4c21d263f6b6e9a82576a578f956fb05cf47d9,60.17002,24.94407,000000006b087f40,23.56
15143,2019-08-01T09:06:41Z,190cdde22bc3e3a41cd0f9da7efb3a917bc09e8034b05ca6064ea8a8,60.17918,24.95141,00000000675d5200,9.92
15144,2019-08-01T09:06:41Z,1b68a6bcf7b740e0c437e0976d4900f31368afcb2c757bba30e0a249,60.16829,24.94214,00000000afef4555,17.4
15145,2019-08-01T09:06:41Z,1ca38fda596b437fcaa63f5296adc43c90e729aa040f4b66265aff47,60.173,24.92524,0000000096918cfa,33.81
15146,2019-08-01T09:06:41Z,1cfafdaa3ff1975bcf6f699641431e88775ba2183074d825eeb81dd3,60.149,24.9843,00000000fffb8cf0,29.32
15147,2019-08-01T09:06:41Z,1d70ff49909e1d6fb653ae053aa78084daf385dbbd2ad22b05707309,60.16829,24.94214,00000000afef4555,11.7
15148,2019-08-01T09:06:41Z,1da40c618e0432bb037d08723b65821f6223509e8b4033a4b4190047,60.17065,24.93641,000000000f4919c9,25.36
15149,2019-08-01T09:06:41Z,1dacfb371d75dd4f90f447aac2a00faad98beb4188a6971c19eb2375,60.16629,24.95957,00000000fb7600be,21.87
15150,2019-08-01T09:06:41Z,1dcff36b6f83b08b6ea87c1c1018c542c270299839908ca446dffb39,60.16762,24.95415,000000006b44cce7,10.78
15151,2019-08-01T09:06:41Z,1e3044c19f6913531b6dd4bccb88ad02c1b39192513ccffa05444edb,60.1538,24.95595,0000000038bf9618,14.89
15152,2019-08-01T09:06:41Z,1e3af5697f0a2ae45f261da79e4ba71c868dc4d78008bd1995fe6259,60.16448,24.97323,0000000053c6c2be,9.92
15153,2019-08-01T09:06:41Z,1eb71232cacfabc37966931f8112e59acabc361048ad25dc2468949f,60.16762,24.95415,000000006b44cce7,14.89
15154,2019-08-01T09:06:41Z,1ecbc7c6afe89033252e5510cbb893666af2b3bc29f555a3a6287fdb,60.14951,24.92138,0000000006dd41f6,3.09
15155,2019-08-01T09:06:41Z,1f813dc10021899138c12ca17c58ab3dc24db1750dcb1790f9c20e8f,60.15133,24.92329,00000000e8a064a4,16.1
15156,2019-08-01T09:06:41Z,20ecc60ba6748bb4a65d10d3f27a3b928bcbc43ea0eab6ff9121c1bd,60.16829,24.94214,00000000afef4555,17.4
15157,2019-08-01T09:06:41Z,227fd98ceb97d84d0c2c3af35c32cee7a87aea62d71b1a5353ae3588,60.17065,24.93641,000000000f4919c9,29.32
15158,2019-08-01T09:06:41Z,2283762fe3af8329ae65aec44de728da8f383810e9f2a3d3b84fa031,60.16897,24.95222,00000000aa852af1,21.87
15159,2019-08-01T09:06:41Z,25479245e5a8b0fe47e2bd590cdd63256d84afd6c164781dc64e527d,60.149,24.9843,00000000fffb8cf0,11.7
15160,2019-08-01T09:06:41Z,25d340d14d855b8c18b2c6f2551ec98a1eb047d1fd3457ba881ddf28,60.17918,24.95141,00000000675d5200,1.38
15161,2019-08-01T09:06:41Z,270749ab8e1a83f0dcbf45dc861bcc0e10361d103d7589841787e366,60.16531,24.9442,00000000fdda10fe,29.32
15162,2019-08-01T09:06:41Z,27b591b33a56a542440b53031a24f42290b0ec1a194af27700b75a3a,60.17918,24.95141,00000000675d5200,7.69
15163,2019-08-01T09:06:41Z,2823bf6afde4a5cc05342c15e7417c9590ba52264be5793bb688faab,60.17065,24.93641,000000000f4919c9,18.79
15164,2019-08-01T09:06:41Z,28ce50ca84cdcd4c17a36ac666e7ac0267b6ab5b77f4bfb08b2573a1,60.16762,24.95415,000000006b44cce7,7.05
15165,2019-08-01T09:06:41Z,28d50861d92f962c7a49eabaa524431aebf52870e44b79f77d7167c6,60.17918,24.95141,00000000675d5200,10.78
15166,2019-08-01T09:06:41Z,2949e68aa577c4837fb826dbf743795ddc51d679e4cdca8ee32e331d,60.16762,24.95415,000000006b44cce7,17.4
15167,2019-08-01T09:06:41Z,29ae3c5c3aeac0c607bc816f7e74c232a40142b79a52c43c7b1ed42f,60.16829,24.94214,00000000afef4555,5.91
15168,2019-08-01T09:06:41Z,2c184c9cc9c9a744c6959766a13f23462ffce29c252d073a252b6a7a,60.16762,24.95415,000000006b44cce7,10.78
15169,2019-08-01T09:06:41Z,2c6810efb2565383ca0a554f3c51f3f7905484357f5e00756dbf091a,60.17918,24.95141,00000000675d5200,4.11
15170,2019-08-01T09:06:41Z,2cec6d5db391b4d6a591b943d00f7151e23bf652d8c1a8d674a041a3,60.16762,24.95415,000000006b44cce7,12.69
15171,2019-08-01T09:06:41Z,2e769f8477e016d18ea363e3a5c44c29e08c17296c76513de680ff51,60.16531,24.9442,00000000fdda10fe,25.36
15172,2019-08-01T09:06:41Z,2f43b7a683b0d365a46b6259a032813c293472eaedcdbcc3507adee5,60.17918,24.95141,00000000675d5200,8.38
15173,2019-08-01T09:06:41Z,2f7636d34066fc720664bb0b85ba6e0a9db63eadebf93248bdf9e941,60.16762,24.95415,000000006b44cce7,13.75
15174,2019-08-01T09:06:41Z,2f79108a454c0072885ad1447280ed5098d061b229eaae61a8bb67be,60.15432,24.9211,0000000019fb59c4,6.46
15175,2019-08-01T09:06:41Z,2f82b3546af2df53b58cddc668c9aa196554108cdf39120ea40b417c,60.16629,24.95957,00000000fb7600be,11.7
15176,2019-08-01T09:06:41Z,2fb39eae730ec6f291700f841a64aaf680d52a8346399aec6ccb1dbb,60.17065,24.93641,000000000f4919c9,10.78
15177,2019-08-01T09:06:41Z,2ff189e5846383641192cafb595a7a8f77394239ee03aabd1bf3c49f,60.16829,24.94214,00000000afef4555,1.38
15178,2019-08-01T09:06:41Z,312e78d3624e87e1645e7d54f96facd8a2321d6e65a3ef0620fb1d42,60.16531,24.9442,00000000fdda10fe,18.79
15179,2019-08-01T09:06:41Z,31b02b3b271f6feef9e49d9285929ff1c25a11e608fc5d70bc6a1fac,60.16897,24.95222,00000000aa852af1,20.28
15180,2019-08-01T09:06:41Z,33fa4cb82db5b44ffe6e7ae1039635187f90d1df328f8f139da0c693,60.17918,24.95141,00000000675d5200,3.09
15181,2019-08-01T09:06:41Z,3480c16a6649952c388d8902596e332f018e609b9585f483353ae026,60.17065,24.93641,000000000f4919c9,3.09
15182,2019-08-01T09:06:41Z,34e96c7caa63e7ede8f428b18e8fb556ac235d61a50c9d6ac7ff268f,60.17918,24.95141,00000000675d5200,31.5
15183,2019-08-01T09:06:41Z,367b1989198ef11170dd9fcfa7e6ebb5ceb58aab87c613ee1bb86e8c,60.16531,24.9442,00000000fdda10fe,5.91
15184,2019-08-01T09:06:41Z,36fe97cd2ec69118778c771a87593630f8a6a2cb77d9ce72f845cd3c,60.16762,24.95415,000000006b44cce7,13.75
15185,2019-08-01T09:06:41Z,38fb20c6d55b10dd10a39c0fb41ad61297453e25afda81cf32313ae3,60.16531,24.9442,00000000fdda10fe,17.4
15186,2019-08-01T09:06:41Z,39c6456ee66fe96eee3d97cee2a70923cedb3da760bb5d4d413adb9c,60.17918,24.95141,00000000675d5200,3.4
15187,2019-08-01T09:06:41Z,39e9fa7033887b7ab339887aa68753ff94d4771cda2bb8ff4ea7aa0a,60.17918,24.95141,00000000675d5200,13.75
15188,2019-08-01T09:06:41Z,3a1afdcf7c2e5a52cdbcbbe29e8281c184037e8720920c6c75bee339,60.15133,24.92329,00000000e8a064a4,7.05
15189,2019-08-01T09:06:41Z,3a253f272d2781dc2001addfbddcac5f3dbf18610988531707b80b60,60.16829,24.94214,00000000afef4555,11.7
15190,2019-08-01T09:06:41Z,3a38ba36c098f2741d6c5fb5a751fcd074d05d698ac592ca09ab443c,60.16448,24.97323,0000000053c6c2be,23.56
15191,2019-08-01T09:06:41Z,3a7b4023cee4b0d567a123a3d6aff0bc8f94663522bbdf0ea4306607,60.149,24.9843,00000000fffb8cf0,17.4
15192,2019-08-01T09:06:41Z,3b124e1851087531134d5e5d0a10b6afe3551982609a81a19dd969dd,60.16829,24.94214,00000000afef4555,23.56
15193,2019-08-01T09:06:41Z,3be40c84926a525adbd09eeeb3a12b73b24c633942b2e1fbe8151ac3,60.16448,24.97323,0000000053c6c2be,20.28
15194,2019-08-01T09:06:41Z,3c864716e211395e6a02802fbf80abb7b7c4519243bea4994fca7720,60.16762,24.95415,000000006b44cce7,29.32
15195,2019-08-01T09:06:41Z,3eea43670f4f29a90ced59c1af122371340275fb61ff8f14c7120658,60.16762,24.95415,000000006b44cce7,8.38
15196,2019-08-01T09:06:41Z,40646914186edc6142b7fc3daf766121b55f5bb36ea38facff686ea5,60.16897,24.95222,00000000aa852af1,20.28
15197,2019-08-01T09:06:41Z,40825cb0d315c92e0e0a73cc8e86c3b763bbf7ce226f112913e05e0f,60.17065,24.93641,000000000f4919c9,18.79
15198,2019-08-01T09:06:41Z,41a0ca2955e0ae0324f6e14aeb77ebfaac5305e31d86c42a20277b94,60.15133,24.92329,00000000e8a064a4,25.36
15199,2019-08-01T09:06:41Z,41f455676c61a2d8e1658c60afd7984613a3bc84daac78079c0d8b0c,60.16829,24.94214,00000000afef4555,21.87
15200,2019-08-01T09:06:41Z,4256b81faf420b0636e1bfcf21e8b61482045aed964aae9089c67296,60.16829,24.94214,00000000afef4555,23.56
15201,2019-08-01T09:06:41Z,42844e90c7134ebb3ec325f57cd27cd24711c779548ebc8692a820d5,60.14951,24.92138,0000000006dd41f6,3.09
15202,2019-08-01T09:06:41Z,432417b4972b744ded3410777a6bbb583cf56172bf3436ddbe48a21d,60.16762,24.95415,000000006b44cce7,9.92
15203,2019-08-01T09:06:41Z,43642717ae79afecb5f714eda3b337974893b1e0162d3bd772664be8,60.16829,24.94214,00000000afef4555,33.81
15204,2019-08-01T09:06:41Z,44334c68f3991fe858ac066726e0a884236a5d89fe94d917b48e857c,60.16829,24.94214,00000000afef4555,10.78
15205,2019-08-01T09:06:41Z,4470412c4b059a920f2699fbfb72b261e0847b3e1caa8c71d2edd5a2,60.16448,24.97323,0000000053c6c2be,21.87
15206,2019-08-01T09:06:41Z,44e086520907fc0314474823b382bd86a08a7dffc64e851ddd993a56,60.16762,24.95415,000000006b44cce7,9.12
15207,2019-08-01T09:06:41Z,4642dfa1df839f11e64f68bca4e3dce7bde2ff6dd68c54959fcb4788,60.17918,24.95141,00000000675d5200,12.69
15208,2019-08-01T09:06:41Z,4682d95464cedcc021f38271a51bab9c000762b4acf802070e259ba2,60.16629,24.95957,00000000fb7600be,9.92
15209,2019-08-01T09:06:41Z,46c37bb9313fa511d142a461fb0eedda90bf18eb9016d20db109f6a4,60.16829,24.94214,00000000afef4555,17.4
15210,2019-08-01T09:06:41Z,47bd1492244c444d45674eb48dd2e6f222cb109d820ba807c4e18c1a,60.16629,24.95957,00000000fb7600be,13.75
15211,2019-08-01T09:06:41Z,48004849b2f48b2314aa9175433d754db1641b949bb8cf050e2dd128,60.17918,24.95141,00000000675d5200,8.38
15212,2019-08-01T09:06:41Z,484bbaa5a9d6bdd2259f022b6ea4e3c290985c13a1286bd7142d878f,60.16762,24.95415,000000006b44cce7,14.89
15213,2019-08-01T09:06:41Z,48c0ea6615ac4c02fc9bc0e06f9ea9309f9bf7e73b4324d7a6b14610,60.16829,24.94214,00000000afef4555,13.75
15214,2019-08-01T09:06:41Z,49bbad87e4d6cd03bdb073bde7be91193d74d29943badce7fc536916,60.16448,24.97323,0000000053c6c2be,5.41
15215,2019-08-01T09:06:41Z,49df780a7f20a99ad2810fa4bbb46b5fac9bc5cbe3fc800cd572f63a,60.14947,24.91438,000000004ef3150d,23.56
15216,2019-08-01T09:06:41Z,4ade4f0d92c6157a42d7fd8e353d1c93551324ba47cc134b840a6c63,60.16897,24.95222,00000000aa852af1,7.69
15217,2019-08-01T09:06:41Z,4afcc27c652d3d50a44d060f84e33dd4b17529d982928dae936cf10f,60.16448,24.97323,0000000053c6c2be,25.36
15218,2019-08-01T09:06:41Z,4ba529eeafb27285cbbade6e5ece0d4d04bd2d13c98b27a5d17abd22,60.16897,24.95222,00000000aa852af1,2.8
15219,2019-08-01T09:06:41Z,4c85a4a0756c1707ca2f02a74870d1e1d1a90f1793d229dc3a2bbb63,60.16531,24.9442,00000000fdda10fe,12.69
15220,2019-08-01T09:06:41Z,4c8696833edf46025bc9b5f589679b77a73c857736036aa9ef6696e5,60.17002,24.94407,000000006b087f40,18.79
15221,2019-08-01T09:06:41Z,4e262a07e1ea47350f808684444d1d8b3f223288fb219cca9f12af23,60.1538,24.95595,0000000038bf9618,29.32
15222,2019-08-01T09:06:41Z,4eedcf0e4f6f8553eb2cfd7474a44c617bbb2eed3a06c66aad521947,60.16762,24.95415,000000006b44cce7,25.36
15223,2019-08-01T09:06:41Z,4f609afde0ba5cb017ba3c549bdd11ff322a2e0227a0f11a9d112220,60.16762,24.95415,000000006b44cce7,10.78
15224,2019-08-01T09:06:41Z,4f9125edf503fe3cb0ba1e1221fe6a67aafd99fcd89fd92d2bf20e97,60.16897,24.95222,00000000aa852af1,16.1
15225,2019-08-01T09:06:41Z,5001aabb6808b9fd96b705d1ebe8e7aca52713c2640100d81879dd86,60.17918,24.95141,00000000675d5200,5.41
15226,2019-08-01T09:06:41Z,504f910a0bd104a130b85d0c50467a15e74dc950bcc9eac3ebecc43e,60.16531,24.9442,00000000fdda10fe,18.79
15227,2019-08-01T09:06:41Z,518381021c83c138e4a82160bc6cc947b3866647e3c5d6818bdd63bb,60.17002,24.94407,000000006b087f40,20.28
15228,2019-08-01T09:06:41Z,51ec42fdd85671ae93876c3d875b24e56cb45699e9c3d2b623dca70d,60.16762,24.95415,000000006b44cce7,10.78
15229,2019-08-01T09:06:41Z,529623421e226c215bcca0b1388813e291d3d13ed1d8465f0ab69147,60.16629,24.95957,00000000fb7600be,16.1
15230,2019-08-01T09:06:41Z,52dafb8d2f758077fde6a37220aa103d803e9c58d64ac234a45708ee,60.16531,24.9442,00000000fdda10fe,31.5
15231,2019-08-01T09:06:41Z,5372348389197e6c4bc4c5e3dab047e7384d562220e6295904bbda1b,60.17065,24.93641,000000000f4919c9,4.5
15232,2019-08-01T09:06:41Z,5385ddf78e929052bb12c39651fb3ff99e3642aa079d49f687b4c73c,60.16762,24.95415,000000006b44cce7,12.69
15233,2019-08-01T09:06:41Z,54bd709173219e8017f317b63ecc83d0a48f64542e6fa1b83c86a56c,60.17918,24.95141,00000000675d5200,14.89
15234,2019-08-01T09:06:41Z,559429bba23762a872fc7b1e2219d42125ab101e4355d43fdb94ed7b,60.17918,24.95141,00000000675d5200,4.5
15235,2019-08-01T09:06:41Z,559e6a5225ce35ab844c63ea0d0c1695dc490a3d9cfbafa5d35ac8d8,60.14947,24.91438,000000004ef3150d,9.12
15236,2019-08-01T09:06:41Z,57c17edc71bbce06ad692952a1e05eaa77181884e580c0848f3a23fc,60.14951,24.92138,0000000006dd41f6,20.28
15237,2019-08-01T09:06:41Z,5865a27b5b56a60bca38e4a1403655e3e7fd0232a3ff2079965aff81,60.15432,24.9211,0000000019fb59c4,4.94
15238,2019-08-01T09:06:41Z,58754229cd3381042c5ffda79c0108c5f77aa1f0f6d1468b9cb42b4c,60.16829,24.94214,00000000afef4555,17.4
15239,2019-08-01T09:06:41Z,5978726eeef638856dafd3a8d199287f8daf9e90ddde750b402f8bb0,60.17065,24.93641,000000000f4919c9,0.28
15240,2019-08-01T09:06:41Z,5a3004325b5a058e02fb9f32ef4f7e9cc465240cbda7a7e4ec89d2de,60.16629,24.95957,00000000fb7600be,16.1
15241,2019-08-01T09:06:41Z,5a8d671a78b976d212d9746d88b9a754a2d9c8341c529e88b7c6b8f4,60.17065,24.93641,000000000f4919c9,13.75
15242,2019-08-01T09:06:41Z,5b06617477af6dcee75a94ac347364b50f6f3b5b7d747e5413d9ad58,60.14947,24.91438,000000004ef3150d,7.69
15243,2019-08-01T09:06:41Z,5b24733f1e45af711e2eebfb97b6b1467ca5cf1f466e6c8add4f7935,60.16762,24.95415,000000006b44cce7,16.1
15244,2019-08-01T09:06:41Z,5b87e95c530abdc4b86908a134da58f9ddf2a72683102dcad78799da,60.16531,24.9442,00000000fdda10fe,23.56
15245,2019-08-01T09:06:41Z,5c1f71098d5d7258d2971061c791c94e0138c8e02225c5f60d6a0428,60.149,24.9843,00000000fffb8cf0,27.28
15246,2019-08-01T09:06:41Z,5daa76852f3e1be6c75fa2185d5787ab9010cf83d6671515769a8649,60.16531,24.9442,00000000fdda10fe,12.69
15247,2019-08-01T09:06:41Z,5e2c5c20c88ccf362ed8749d1ddc041b1cb1c38d8dbeac7870179322,60.16629,24.95957,00000000fb7600be,6.46
15248,2019-08-01T09:06:41Z,6005b5d7d3f38f9a40a095af97f48b2c6a877d7053f5cca321ba38c5,60.16829,24.94214,00000000afef4555,13.75
15249,2019-08-01T09:06:41Z,6051ed50496b74a6ff68c86205d23971fcaccd6c91edfe7d78fa71b0,60.16897,24.95222,00000000aa852af1,17.4
15250,2019-08-01T09:06:41Z,619c5b31af2a28703a837cc7974ef0d2c5bb6584ba0fcc03076218ac,60.17002,24.94407,000000006b087f40,25.36
15251,2019-08-01T09:06:41Z,626bf35ce16dba1054cfd175d09475d3ee751bf70e56f984ff5c7ab6,60.15133,24.92329,00000000e8a064a4,20.28
15252,2019-08-01T09:06:41Z,63772dde2b965499d69051c0e72aa8a027619a55f9a6d6043886bedd,60.16762,24.95415,000000006b44cce7,25.36
15253,2019-08-01T09:06:41Z,63ff2439779051005c18876d20ed53ce060c1de9d7976821bd518fc6,60.15432,24.9211,0000000019fb59c4,9.92
15254,2019-08-01T09:06:41Z,65b6b62b547e11e10f7f83ad497446bee2bb9653097d9d62e9b1b817,60.17065,24.93641,000000000f4919c9,11.7
15255,2019-08-01T09:06:41Z,674355e17da9460e58566497be518f2eb537880c67c788fedb5067db,60.16629,24.95957,00000000fb7600be,8.38
15256,2019-08-01T09:06:41Z,67cf7d2881080aa59ed36a6d88ea1946d17e9d1d5e1ad9eee1851969,60.18203,24.91341,00000000342570c2,20.28
15257,2019-08-01T09:06:41Z,685af6b01bd180194d718801bb8b9c9de22050cc392d6c6441fe986b,60.18203,24.91341,00000000342570c2,9.12
15258,2019-08-01T09:06:41Z,68d7ad8fab31b3c5967a814376d0ddc6cf42e1db0d9e09dfbba169bd,60.16762,24.95415,000000006b44cce7,14.89
15259,2019-08-01T09:06:41Z,69e2854c78a472b462941ef730aa9fa7a9dba9c1cc22996396d4c78a,60.17918,24.95141,00000000675d5200,14.89
15260,2019-08-01T09:06:41Z,6adce4d05e58232a97635a2fd7918e4e49d9295afc0989d727f9c712,60.17002,24.94407,000000006b087f40,5.41
15261,2019-08-01T09:06:41Z,6d98ac1fea7056e5b96d6095caf0e3677a4ec30e9fbcc2e50ae1cf65,60.16629,24.95957,00000000fb7600be,9.12
15262,2019-08-01T09:06:41Z,6dd5463e670c352180c1e912300e21e59f5e2976266df8c3c92b0baf,60.16829,24.94214,00000000afef4555,5.41
15263,2019-08-01T09:06:41Z,6e80fcea10d21e1d5e672b554c0f3fe686dc58934f38c3391fd5c262,60.17002,24.94407,000000006b087f40,20.28
15264,2019-08-01T09:06:41Z,6fe2cf6737d40d71251dac8ebef5356a2b765621e97a346c00a6031c,60.15432,24.9211,0000000019fb59c4,4.5
15265,2019-08-01T09:06:41Z,7003a7f6a5523b645634f014e04bea36016953a8af9324e35602bc2e,60.14947,24.91438,000000004ef3150d,21.87
15266,2019-08-01T09:06:41Z,704c3f3075f13713c363014fa828e4a932e7a05676813b9963a1e554,60.17918,24.95141,00000000675d5200,3.09
15267,2019-08-01T09:06:41Z,70d391038ec56b63a3737605c2c1db6ffbdca8e4490691776dc993f1,60.16829,24.94214,00000000afef4555,1.12
15268,2019-08-01T09:06:41Z,7292a4a47ed655e0ce0ead026bb0ae4b8093342f87a9aed5665c1456,60.16762,24.95415,000000006b44cce7,14.89
15269,2019-08-01T09:06:41Z,750297d0d8ff0ca837d9c2289c26302d62f38708617150431ab14509,60.16531,24.9442,00000000fdda10fe,17.4
15270,2019-08-01T09:06:41Z,7563b91d728fe470bc4d89aa18128a87b92c747336dd2c70cfbf9e84,60.1538,24.95595,0000000038bf9618,33.81
15271,2019-08-01T09:06:41Z,76c2f7b3773d4bebd4dabada1c2b98fe4ea9762e9c98b4a6371d7746,60.16762,24.95415,000000006b44cce7,11.7
15272,2019-08-01T09:06:41Z,7700297fec4982ad776529835e2ab46d4e5cbc889e26f368c19efeef,60.16829,24.94214,00000000afef4555,17.4
15273,2019-08-01T09:06:41Z,774131d73accbbb31ec3c43c3501b7969645eb65df1839ca8116526e,60.15432,24.9211,0000000019fb59c4,7.69
15274,2019-08-01T09:06:41Z,78609e8c2bd9c5464a2dcac1e41e4dedfa24ed31cca7098fd67c668b,60.16829,24.94214,00000000afef4555,21.87
15275,2019-08-01T09:06:41Z,7c1534082e86ff4387878d813207626d8f728aa26b97248e00a3b8d7,60.16629,24.95957,00000000fb7600be,14.89
15276,2019-08-01T09:06:41Z,7cd51189de07d01882cf0a9346f0830a9b21764875334d45e143fbd5,60.17002,24.94407,000000006b087f40,14.89
15277,2019-08-01T09:06:41Z,7d12711d47425111a6dce413faa867542b9532f3b9c5a934b37a0bc8,60.17918,24.95141,00000000675d5200,17.4
15278,2019-08-01T09:06:41Z,7d415f4fd9093fb383b4ebb88961ad74e6a00d3ece39504712dad639,60.17918,24.95141,00000000675d5200,7.69
15279,2019-08-01T09:06:41Z,7e2e3d07c939e3e76e7ce87678faf64e056afe54215e00488839100f,60.14947,24.91438,000000004ef3150d,14.89
15280,2019-08-01T09:06:41Z,7eb4a715919b3eb4085270535ce4d7b57112591ad7242eb189bf652a,60.17065,24.93641,000000000f4919c9,10.78
15281,2019-08-01T09:06:41Z,7f59aaecea1eee6c703ec5d46d67b44289ddedf080defee495b73739,60.14947,24.91438,000000004ef3150d,6.46
15282,2019-08-01T09:06:41Z,809bf2d7a0745ae512b934a578fd5fd47c13c5398b6d06ad350b9e7c,60.14947,24.91438,000000004ef3150d,11.7
15283,2019-08-01T09:06:41Z,814fca075a588ae71c130bafc9384a1c17e7bd8168994ae6fca55205,60.16829,24.94214,00000000afef4555,17.4
15284,2019-08-01T09:06:41Z,8165c5f8d06298ffd56f071c0ad1cc9f1d4f08084936937d712d0b61,60.15133,24.92329,00000000e8a064a4,27.28
15285,2019-08-01T09:06:41Z,82b78c2220aee81a2744ddfaf7ed29663888987dba6b7cdda05731d9,60.14947,24.91438,000000004ef3150d,9.12
15286,2019-08-01T09:06:41Z,8524898e498c83bde4bc1848aa2b372da84e7b2266f36aabe128cc27,60.17919,24.95181,000000007b5207b6,9.92
15287,2019-08-01T09:06:41Z,85bdce5b262dbd94adcff03e6cad26a1152828b6ab27e6fdd56b2b13,60.16762,24.95415,000000006b44cce7,9.12
15288,2019-08-01T09:06:41Z,86e7584bf95733cef59d74bb4955881e99dc86b73a0d5b4e3ef58b50,60.18203,24.91341,00000000342570c2,25.36
15289,2019-08-01T09:06:41Z,880f9cbb91b9caf48ea9c5dd1a0c8e1db72922b6dfcb647b102fc469,60.16629,24.95957,00000000fb7600be,4.11
15290,2019-08-01T09:06:41Z,88c2bc6310f27465b9f08b28fb52075d7703ce7b097e5beb37c7437c,60.14947,24.91438,000000004ef3150d,20.28
15291,2019-08-01T09:06:41Z,893080d82bb28aa3ab91e41ddd4569086c8135ade7be10aa644fca95,60.17065,24.93641,000000000f4919c9,23.56
15292,2019-08-01T09:06:41Z,898cde3317c73907bb23b1b885828c4bf3187c3a757a18dc32abe970,60.16762,24.95415,000000006b44cce7,10.78
15293,2019-08-01T09:06:41Z,8c571538c285dba9d77edacfb1829b282d54b772b62209c6e4004237,60.17918,24.95141,00000000675d5200,4.94
15294,2019-08-01T09:06:41Z,8d5e893f77b3d167ebefad4ecab181fea08513599a6f9450f0b9a827,60.17919,24.95181,000000007b5207b6,11.7
15295,2019-08-01T09:06:41Z,8e20d0d67339e3cf43e77c3a340d9dc6766de8d079197a08a1343ff0,60.17065,24.93641,000000000f4919c9,14.89
15296,2019-08-01T09:06:41Z,90a44cbd1a957cc59a6986cff9b6b7b8e151d379e17da645069428b8,60.173,24.92524,0000000096918cfa,11.7
15297,2019-08-01T09:06:41Z,939c459d913b0b38838071a0d13671e83e4a751f44624b21e84daa69,60.16762,24.95415,000000006b44cce7,16.1
15298,2019-08-01T09:06:41Z,941e13893853105c86bfbc6d31d62274937602143ce3bb530c8c17ed,60.17918,24.95141,00000000675d5200,20.28
15299,2019-08-01T09:06:41Z,9609babe3114439a82f93f797f4a6e779b6bab625488b8ff5b63e674,60.16829,24.94214,00000000afef4555,18.79
15300,2019-08-01T09:06:41Z,9895eb1b16709e4d13b4f48b3370501a15b60673cd2eba7a2581113f,60.16762,24.95415,000000006b44cce7,18.79
15301,2019-08-01T09:06:41Z,99a026b5100e23129fa529e9a57a3dbc8490dc03b58f2193f03e2dcf,60.14951,24.92138,0000000006dd41f6,5.91
15302,2019-08-01T09:06:41Z,9abbc86fb0fc1c0532042814af76a97e6a17121831d4394749a290a6,60.16762,24.95415,000000006b44cce7,8.38
15303,2019-08-01T09:06:41Z,9b3e6848d8b34e802134d6da0e5a594897ec3fafbbf08b6d0b84068e,60.17918,24.95141,00000000675d5200,5.41
15304,2019-08-01T09:06:41Z,9bef8b28ea93ecaee57d05b037edbfe7f80014aaf56343345fedd7be,60.17919,24.95181,000000007b5207b6,9.12
15305,2019-08-01T09:06:41Z,9ce214896068957a21bc57af08680d84debbd091b49ad5e6402c4cc8,60.16629,24.95957,00000000fb7600be,17.4
15306,2019-08-01T09:06:41Z,9dfecc3e26cb27e4b80721e355ef0d6cb182ac2eebf66b006e2d9f8e,60.149,24.9843,00000000fffb8cf0,17.4
15307,2019-08-01T09:06:41Z,9e343a150f07bb3dcce5ecab8ac061b84d65b347b1af5a232e00eeb6,60.16829,24.94214,00000000afef4555,11.7
15308,2019-08-01T09:06:41Z,9eee6d740f1d483c484d02f0995f35550c09e6a8cf01f02680db5efc,60.16448,24.97323,0000000053c6c2be,36.27
15309,2019-08-01T09:06:41Z,a04214b56cac7d70680703ee6a28fac742f3c3190b55b46a79c1f76d,60.149,24.9843,00000000fffb8cf0,21.87
15310,2019-08-01T09:06:41Z,a0af15cb8910790ac8af904ddf7b0dbf5ef778ba6dd3b3e690926089,60.16762,24.95415,000000006b44cce7,14.89
15311,2019-08-01T09:06:41Z,a2c53a9ecb3dab08bc3bf70db35ea02e6f15cedb137ce7817751f27c,60.16829,24.94214,00000000afef4555,8.38
15312,2019-08-01T09:06:41Z,a2e761fd97d8bdf78601300822b531e306b9ab7a1a43b6bfb07eba52,60.14947,24.91438,000000004ef3150d,12.69
15313,2019-08-01T09:06:41Z,a38c11c450b472b9dad2f076e2d9a63651292d3de806331d06af7f46,60.16531,24.9442,00000000fdda10fe,36.27
15314,2019-08-01T09:06:41Z,a403dc1eebc5d130e12a4c3e4298737c9e00b25b1b6b2cc36a6979c9,60.16629,24.95957,00000000fb7600be,10.78
15315,2019-08-01T09:06:41Z,a43c84bf84005aa17da2549e889c7c09e1035e5290ef5d904ea65e6c,60.16829,24.94214,00000000afef4555,36.27
15316,2019-08-01T09:06:41Z,a47e8613674297dc49b26801b19d2110d009aaee57412f2127f3b093,60.16897,24.95222,00000000aa852af1,18.79
15317,2019-08-01T09:06:41Z,a498d82c0f9ea9674368f098ea32e98dabbe0c50bff45cb23a8882cf,60.17002,24.94407,000000006b087f40,25.36
15318,2019-08-01T09:06:41Z,a61a6156cbe24f1f3fc8708456044502186478f34ecccb0620788ac3,60.16762,24.95415,000000006b44cce7,16.1
15319,2019-08-01T09:06:41Z,a6d0dd9de406b1201a4e438ec7c5f4a467f38c41e2dec42ff6c71d50,60.16897,24.95222,00000000aa852af1,11.7
15320,2019-08-01T09:06:41Z,a786eb3b8a25c58099a428799e99d0b86401f803ee38d3e5d20e59d3,60.15432,24.9211,0000000019fb59c4,7.05
15321,2019-08-01T09:06:41Z,a808962cb511e5ed2d23e6e33efe252b1be29dc1d2f7c6154817f04f,60.16448,24.97323,0000000053c6c2be,13.75
15322,2019-08-01T09:06:41Z,a83415babca8eac00f69a32371a230fdadda29bf40fd69f75cf2e8fb,60.17919,24.95181,000000007b5207b6,12.69
15323,2019-08-01T09:06:41Z,a8ca7fb815e707c04434a085c4f99e783d56372143afc92225eae622,60.15133,24.92329,00000000e8a064a4,21.87
15324,2019-08-01T09:06:41Z,a9ee2aabbd32919adf0325ca2f2c5f8e0ba801bc168e8756cda957da,60.16629,24.95957,00000000fb7600be,20.28
15325,2019-08-01T09:06:41Z,aa05a7036c3586a79d23f426b78bf158357208bc82d7ddf9a1326dd2,60.16531,24.9442,00000000fdda10fe,6.46
15326,2019-08-01T09:06:41Z,ab615ee5bbf567aee3505fbb360d09fc6b851f93fb15aef778b57128,60.16531,24.9442,00000000fdda10fe,8.38
15327,2019-08-01T09:06:41Z,abf0be93e7a8aec9fa8284fdbcc2493f32084aa95f15660b23e149c6,60.16629,24.95957,00000000fb7600be,7.69
15328,2019-08-01T09:06:41Z,aca524ceb3c7373172ecd0d06b26e7d610d441f4a47ab78ae0ad3340,60.15133,24.92329,00000000e8a064a4,25.36
15329,2019-08-01T09:06:41Z,acbbe4765d72f36b0323407c7dbe43db7b4ad5e2da0a6a9e5966db0b,60.16897,24.95222,00000000aa852af1,18.79
15330,2019-08-01T09:06:41Z,ad22512fd6a5ad9e19fdfad7e02b2793ecb01875be243f894c637ae2,60.16829,24.94214,00000000afef4555,0.5
15331,2019-08-01T09:06:41Z,af67ffa8b538058603b74f48e04ab914e8f6cd450f53c47f8c3d683d,60.15432,24.9211,0000000019fb59c4,7.05
15332,2019-08-01T09:06:41Z,b09e9bb62cc49c085c1aee3b752af1bec69dabc939323e5733f73933,60.17065,24.93641,000000000f4919c9,18.79
15333,2019-08-01T09:06:41Z,b25339bfcf356e1460eec7d6494ab8fa8fe2ee363afb6496ab1a1fb9,60.16829,24.94214,00000000afef4555,11.7
15334,2019-08-01T09:06:41Z,b28757d67868f9471f0d997a935e857fd0ff1095449820929597563b,60.16762,24.95415,000000006b44cce7,10.78
15335,2019-08-01T09:06:41Z,b32e57a6f5865a23d7a0e9fa346d5ec4e975f99c4df815fe8b1449b2,60.17918,24.95141,00000000675d5200,13.75
15336,2019-08-01T09:06:41Z,b3d94dfd4a1393ebe6b450d53a8c1c172707ab9ae1ab42b50b5b31df,60.16829,24.94214,00000000afef4555,17.4
15337,2019-08-01T09:06:41Z,b474e34db18d21635ec9ea2654513e6759c326f3aaec96c25f9a204e,60.16897,24.95222,00000000aa852af1,17.4
15338,2019-08-01T09:06:41Z,b50a45ac0708e7b5cca42f3458430eb22ff70a81c575bafe99ffda23,60.17002,24.94407,000000006b087f40,5.41
15339,2019-08-01T09:06:41Z,b5603e758440226e490d1d7d7271a7b0d5c261eccbad198f81110136,60.15432,24.9211,0000000019fb59c4,3.4
15340,2019-08-01T09:06:41Z,b69604356a52f2b1b9c5de09a350f42d87f5b969e3e824d8b6b2368f,60.16829,24.94214,00000000afef4555,21.87
15341,2019-08-01T09:06:41Z,b6c43126ca83e916a68e57d0178060c24fc61305836b6c8f188f7285,60.17918,24.95141,00000000675d5200,20.28
15342,2019-08-01T09:06:41Z,b8fb70225ee0a2d655e2809da07a2f8cd2feb7295aa256f8b35fcf1e,60.16629,24.95957,00000000fb7600be,9.12
15343,2019-08-01T09:06:41Z,bb2187a4e20012ad694c768ef2c47c9a9055671024ebf4855d4e6243,60.16531,24.9442,00000000fdda10fe,1.38
15344,2019-08-01T09:06:41Z,bbb86467d71e5ec5bd140995d266fd33a85efe89654eb13ee0471416,60.17002,24.94407,000000006b087f40,20.28
15345,2019-08-01T09:06:41Z,bc6d5082ca52e6dae7a1689a835434f3f6341e90afea565480eb9674,60.16829,24.94214,00000000afef4555,11.7
15346,2019-08-01T09:06:41Z,bc82f76c979de19b559e9e3aa0cd6cbf5ac361e2d7b1ac9f81fe2f4f,60.17918,24.95141,00000000675d5200,5.91
15347,2019-08-01T09:06:41Z,bd17e41f002acd238070518ccfb611a42561023ceaefde667bf6fa55,60.17002,24.94407,000000006b087f40,18.79
15348,2019-08-01T09:06:41Z,be12d6aaccf354197284a8c92b960bd6a4e1705f7d948823e7891fde,60.16762,24.95415,000000006b44cce7,3.4
15349,2019-08-01T09:06:41Z,bee144e090a471427ec7878609f2446cb79f4c8d7e3c3bf0f67cf8d2,60.16762,24.95415,000000006b44cce7,12.69
15350,2019-08-01T09:06:41Z,bf546b1abc8eba5c7f399f527508a7304dea62586aa297896d71ea5c,60.18203,24.91341,00000000342570c2,17.4
15351,2019-08-01T09:06:41Z,c004fa64cb7de7e87d3b91639ae5f95304fb1a90b0a0e927cea958af,60.16762,24.95415,000000006b44cce7,13.75
15352,2019-08-01T09:06:41Z,c15da9ed244b57a27a083919c67d0edde078a31b18cb58f13581f173,60.1538,24.95595,0000000038bf9618,17.4
15353,2019-08-01T09:06:41Z,c1674c59c49d5bf74e6808239a91d18a04e47697d298bc61a7618af2,60.16448,24.97323,0000000053c6c2be,14.89
15354,2019-08-01T09:06:41Z,c19294a0a6dd80604d1435e92cecc363af55f32ef9d41af8b67687e2,60.16897,24.95222,00000000aa852af1,16.1
15355,2019-08-01T09:06:41Z,c1bf1bf699e9bc78ca15c9490d1ef02e3323f0c2c76bf0fca7955a69,60.14947,24.91438,000000004ef3150d,16.1
15356,2019-08-01T09:06:41Z,c375f2dac85f963c33b2daf76ffb0c32d2c8fd08172419336e308686,60.14947,24.91438,000000004ef3150d,23.56
15357,2019-08-01T09:06:41Z,c434f18b802a764aad7a2dfb46e93546acb1b0975cf9b93fd47363f6,60.15432,24.9211,0000000019fb59c4,5.91
15358,2019-08-01T09:06:41Z,c52245cb14f76d85d0f0d0f8aec1489c497f4d47271b5745576e7d70,60.16829,24.94214,00000000afef4555,25.36
15359,2019-08-01T09:06:41Z,c55f651c108f569fe59364de834d31b122908186d2f95d20ed519564,60.16762,24.95415,000000006b44cce7,9.92
15360,2019-08-01T09:06:41Z,c5a6d2d62bc00c29fba5a97a29835008abdcf800f70540e4ccf71683,60.17919,24.95181,000000007b5207b6,16.1
15361,2019-08-01T09:06:41Z,c872af9997af535c4615ee0b4194c7c8d644b7962afb3ca321eb386f,60.15133,24.92329,00000000e8a064a4,21.87
15362,2019-08-01T09:06:41Z,c8be2c26d4f0c9d399f32e84d95487a2644ffcb62681165be3d36a02,60.16762,24.95415,000000006b44cce7,10.78
15363,2019-08-01T09:06:41Z,c8df45d222b573af5441c1ec32616df82891a813c9217002a9d60846,60.16829,24.94214,00000000afef4555,17.4
15364,2019-08-01T09:06:41Z,c98bce1cc275ed0a1b833011f8cd251ac848fdc84501fe87eb8b5d54,60.17918,24.95141,00000000675d5200,14.89
15365,2019-08-01T09:06:41Z,ca7719c7cd8d4496b666f608fc07ba9930e362a0b2d96890b0778618,60.16629,24.95957,00000000fb7600be,9.92
15366,2019-08-01T09:06:41Z,cb9f54c377262ff9bcf2162f7376c879870c973cf6b356b45ad913e0,60.16762,24.95415,000000006b44cce7,9.12
15367,2019-08-01T09:06:41Z,cccf3ba2a9d11b9330c18af8064a20aca9995473495bf119162a1619,60.16897,24.95222,00000000aa852af1,10.78
15368,2019-08-01T09:06:41Z,cd24d4831d3c3e8dad5e555b47528aa6b11e307b2882be4f65dd4076,60.17002,24.94407,000000006b087f40,11.7
15369,2019-08-01T09:06:41Z,ce7de55c7709396c70ce5930097e84449a4889700e605a0b062aaeae,60.16531,24.9442,00000000fdda10fe,16.1
15370,2019-08-01T09:06:41Z,cf061f5093c857b2efc346d3ad51fd17cca7eb360060ba7875630cf5,60.16897,24.95222,00000000aa852af1,17.4
15371,2019-08-01T09:06:41Z,cf9455daa4877b79636eca3ae57056b08dfc0b42f107cedb6f5a3f16,60.16829,24.94214,00000000afef4555,20.28
15372,2019-08-01T09:06:41Z,d062562fed5ad0a61560e267310beb0b717d2a1e2a11d1d575507861,60.16897,24.95222,00000000aa852af1,13.75
15373,2019-08-01T09:06:41Z,d16e16def718519430296afa23976c226aaf720722bce3d92a2aad43,60.14947,24.91438,000000004ef3150d,16.1
15374,2019-08-01T09:06:41Z,d29a5ebd00326d5dedb6c60cab75fd238bdaa9d7f703f6b5974edbc7,60.16762,24.95415,000000006b44cce7,4.94
15375,2019-08-01T09:06:41Z,d31d6921eee92503b486a1b30f5330581c4744a82e6549f375544846,60.17918,24.95141,00000000675d5200,17.4
15376,2019-08-01T09:06:41Z,d562afdedae521be241c98441e436608a323fdb944dedc24c835e762,60.17065,24.93641,000000000f4919c9,5.91
15377,2019-08-01T09:06:41Z,d653ef8368d33df4fc7edeb5a381d5826be1471f1470aa9744d47901,60.173,24.92524,0000000096918cfa,2.3
15378,2019-08-01T09:06:41Z,d65b8625c1f24304ff0e3c4a4dce7aa5d434d36be87be41834a49420,60.16531,24.9442,00000000fdda10fe,8.38
15379,2019-08-01T09:06:41Z,d6e217c6592e449e2390b1a874e08cbc9126116901dbdbf84501c6b8,60.17065,24.93641,000000000f4919c9,16.1
15380,2019-08-01T09:06:41Z,d74ea3c9e0aaa523c791aa01f4f9a7c1c43f01f585dc4146b19edf83,60.17919,24.95181,000000007b5207b6,11.7
15381,2019-08-01T09:06:41Z,d7b78a846d4e33fb65a24c98f7ee48e56f0a27b89b8c1f352538e69e,60.16762,24.95415,000000006b44cce7,25.36
15382,2019-08-01T09:06:41Z,d81eea3c8bf927d879268dc01665b897d48eecc647bbf61f91f37a33,60.16544,24.95398,0000000038d83d41,27.28
15383,2019-08-01T09:06:41Z,d8778698d75313bf43f7255696e14eda9502d5d7a6e7315071181cc8,60.16629,24.95957,00000000fb7600be,23.56
15384,2019-08-01T09:06:41Z,d87c4d5dc2cd620de54fdd076d4f9b35245053d65b644d9e01f558b5,60.16762,24.95415,000000006b44cce7,9.92
15385,2019-08-01T09:06:41Z,d8e192aeb0216a9b0596cedcf42e1b5140d6cfbbc830edc10f50c3d1,60.16762,24.95415,000000006b44cce7,17.4
15386,2019-08-01T09:06:41Z,d95956cedfc4dfe06014194cc1071864bd835fcc014c1fd6f4d33337,60.16762,24.95415,000000006b44cce7,11.7
15387,2019-08-01T09:06:41Z,d983db67d9cd171123ba12eeb19c11f34a3ad1d75fc9214ac3ae8a26,60.17002,24.94407,000000006b087f40,23.56
15388,2019-08-01T09:06:41Z,dbedd81db3d59ee0c6948187e396a34e2fa5dd6670cf8d862bf5e1ff,60.16762,24.95415,000000006b44cce7,18.79
15389,2019-08-01T09:06:41Z,ddae2128c72cf011df2a698a8254b8738fd07a971349ea8a5e8bfa9f,60.16829,24.94214,00000000afef4555,13.75
15390,2019-08-01T09:06:41Z,deb8a213e1b4930e676ee8fdb394161ec46adb785171fa37437b4d44,60.15133,24.92329,00000000e8a064a4,9.92
15391,2019-08-01T09:06:41Z,dfe80baf219bd267a459c954a8e3027b3f1ed29fea2a5355456d5652,60.16897,24.95222,00000000aa852af1,9.92
15392,2019-08-01T09:06:41Z,e09515dbe1e90af07cb756a83c222c60f5f0566f94590848e72f6401,60.16762,24.95415,000000006b44cce7,9.92
15393,2019-08-01T09:06:41Z,e0fe7fe5854899c0eb42b75b300339808143419404558ed4d00b0f17,60.17918,24.95141,00000000675d5200,6.46
15394,2019-08-01T09:06:41Z,e234769b1ce1634554f5fa4a290d11b2a30c3dfd009d4c39a2e9dd3d,60.17065,24.93641,000000000f4919c9,13.75
15395,2019-08-01T09:06:41Z,e2bb0ae74deee6cbc4f50c5f85da3f1779ca1db1ae7ff48ab4b33dbc,60.17918,24.95141,00000000675d5200,4.5
15396,2019-08-01T09:06:41Z,e2f445c6711e0e7d48a6a045bec347587f9f398e8928a171cfa2ca38,60.16762,24.95415,000000006b44cce7,12.69
15397,2019-08-01T09:06:41Z,e3f844c56875bd572c3b57a835b884f1060b467d3bbd25c50dcc7e28,60.16762,24.95415,000000006b44cce7,9.12
15398,2019-08-01T09:06:41Z,e508e239ba2ca68b34ad5074f3d7b013e72f6f7df36eb6cdf545be78,60.16762,24.95415,000000006b44cce7,13.75
15399,2019-08-01T09:06:41Z,e528235be3e5cc4945024d50d1ed43061e2e2f2845f2b41e081e1721,60.17919,24.95181,000000007b5207b6,14.89
15400,2019-08-01T09:06:41Z,e5cad8bb9a6c8dcc067948d7f869033aca5bdd062da175c8734092e6,60.17918,24.95141,00000000675d5200,25.36
15401,2019-08-01T09:06:41Z,e6b4461f3fc3ee8613bfea0937b5fd730d6686a68a65ed6fecc1dd9f,60.16629,24.95957,00000000fb7600be,21.87
15402,2019-08-01T09:06:41Z,e73dcccbc4dd6af49316f19a34c347cc94ff7ab079a93a2672d78a16,60.14947,24.91438,000000004ef3150d,21.87
15403,2019-08-01T09:06:41Z,e7c92f07271c58076a3543568856a6941512c32291b7e9ce8dbcece1,60.16762,24.95415,000000006b44cce7,13.75
15404,2019-08-01T09:06:41Z,e8add7e8346b99cd4b67924113f3763441a1899897c6d1ac3a1a40a6,60.17918,24.95141,00000000675d5200,11.7
15405,2019-08-01T09:06:41Z,e9064a62fac257836cb6fbcf0d84fab1ebdfa46bd6734632f1e6f116,60.16829,24.94214,00000000afef4555,25.36
15406,2019-08-01T09:06:41Z,e979a153601f7520f54d4733fe91f75f154c8f1c08dc3408dbba5345,60.15432,24.9211,0000000019fb59c4,5.91
15407,2019-08-01T09:06:41Z,e9e1a66ce9f699fc1713bb44cd67a332f584f0c51d18774fc72b8eea,60.16762,24.95415,000000006b44cce7,16.1
15408,2019-08-01T09:06:41Z,ea3f8412ed9c4d92448688dd9cc7ff9e3eeb5fe4373d0953bf0349c1,60.16531,24.9442,00000000fdda10fe,29.32
15409,2019-08-01T09:06:41Z,ea94130fbb3464dc656765cfddbad802ddfafb1af8007cb5f42cd41f,60.16829,24.94214,00000000afef4555,16.1
15410,2019-08-01T09:06:41Z,eaf572301dc5c1eaff007bc1886cce8f0f5e92a233b8686ed2a1a9cc,60.17065,24.93641,000000000f4919c9,13.75
15411,2019-08-01T09:06:41Z,ec2dd83e04d225caca9f6b9d28bd3080ed37c5bf42e5f65123fa2394,60.17065,24.93641,000000000f4919c9,16.1
15412,2019-08-01T09:06:41Z,ec7121833f0e4b509d683b00a9c5e992e4b84882cb857145102e14f4,60.16531,24.9442,00000000fdda10fe,1.12
15413,2019-08-01T09:06:41Z,ed86f884272a5a400b55bfd4f22bc8cc5d6fca7fe26eee3c39cb3c52,60.15432,24.9211,0000000019fb59c4,13.75
15414,2019-08-01T09:06:41Z,ee424f3045accaa01434f840d87b26b22f65fb6b2f8d34a4b94d6fcc,60.16762,24.95415,000000006b44cce7,13.75
15415,2019-08-01T09:06:41Z,ee542e9785f3500077be302d904b99b5885a55592cca795a8a99ea2d,60.149,24.9843,00000000fffb8cf0,33.81
15416,2019-08-01T09:06:41Z,eef621895ee74145a6d76c5f5493a93d7c728c80abe45a2e1933ae9f,60.16897,24.95222,00000000aa852af1,17.4
15417,2019-08-01T09:06:41Z,ef620c567fe4adc1160d75daa4075a87a75acb4a956b68eb60da0690,60.17065,24.93641,000000000f4919c9,31.5
15418,2019-08-01T09:06:41Z,ef67b9e4617f284b84167b4bdaff71108579a33ced0a2450ff25a1a1,60.16629,24.95957,00000000fb7600be,8.38
15419,2019-08-01T09:06:41Z,efc51406db4c66b8a573ec325afe8a9258a04a71b46ff3aae1cfa696,60.16762,24.95415,000000006b44cce7,12.69
15420,2019-08-01T09:06:41Z,f03d20d6bb80ce0745cb0fbed6619e0a6288bfffd08e9aabce1692ba,60.17065,24.93641,000000000f4919c9,27.28
15421,2019-08-01T09:06:41Z,f1447725764ec0dca245fc67f2aa0a0c42e6b05808076aa74f0c1e7e,60.17918,24.95141,00000000675d5200,13.75
15422,2019-08-01T09:06:41Z,f18c0c32d067aecf5602d70693ac888cab1be6dbb0d154be5153dfcc,60.16829,24.94214,00000000afef4555,18.79
15423,2019-08-01T09:06:41Z,f1b28329fc91f4708ca34857c5582c0bf1b7d0ab06127746029cd72c,60.17918,24.95141,00000000675d5200,9.12
15424,2019-08-01T09:06:41Z,f20935810c1567a80c288016c4d4dd32fe86b3479f47ae7dd64d15cc,60.15432,24.9211,0000000019fb59c4,4.5
15425,2019-08-01T09:06:41Z,f29ed00b645af4bbf50174e71f58a9b691d2e2342e59eda242d97380,60.16829,24.94214,00000000afef4555,9.92
15426,2019-08-01T09:06:41Z,f2a253f2741501e675bd4bc055e22329fb09089d8bbe9813fc170cdb,60.16762,24.95415,000000006b44cce7,16.1
15427,2019-08-01T09:06:41Z,f4587b90aec9127805880f7c81fc03b9fb513fe363015399b895089f,60.16829,24.94214,00000000afef4555,21.87
15428,2019-08-01T09:06:41Z,f4bbc3077da0455d4340da2eed204915327b75a792080724548b4956,60.17918,24.95141,00000000675d5200,1.7
15429,2019-08-01T09:06:41Z,f503a41d3e8b9b57628f4f061c1d8e0c53c62dd8a6fe38d212958ee6,60.16075,24.95883,00000000f1124bca,12.69
15430,2019-08-01T09:06:41Z,f50fd3b1715a94dff67461f4b8f252ecaa6acc16459b3d021f34f15e,60.1538,24.95595,0000000038bf9618,21.87
15431,2019-08-01T09:06:41Z,f741519cf6f519194bb45b9da0e69bda8edb903e3c24d4140f340467,60.16762,24.95415,000000006b44cce7,9.12
15432,2019-08-01T09:06:41Z,f7f8272d0f5b75ba15174fd69f84bd80cad47290165ec2a6cd06a5cd,60.16829,24.94214,00000000afef4555,23.56
15433,2019-08-01T09:06:41Z,f9e527876f8dfe750fd29bc42664bbf572aed5d09d344a8934a83d90,60.17065,24.93641,000000000f4919c9,4.11
15434,2019-08-01T09:06:41Z,fa1a3814c680b20020a08346c37ee2853e895984574575312bf262e7,60.14947,24.91438,000000004ef3150d,7.69
15435,2019-08-01T09:06:41Z,fa9f19c58a086fde9429d732b1eec80eacf5fc1b2c0124d17243d008,60.17918,24.95141,00000000675d5200,4.5
15436,2019-08-01T09:06:41Z,fb2df85c8938d6a1bbd1ff0a1cd8aa23480ae08dc39d2b584ed35e14,60.16762,24.95415,000000006b44cce7,4.5
15437,2019-08-01T09:06:41Z,fc75e05a713e8733c512a31a3bebec0a122af3e7afb2c5059c3f1a3a,60.17002,24.94407,000000006b087f40,9.92
15438,2019-08-01T09:06:41Z,fe191b6937595e5cf2ac1491e9056f0f9fb5bf66c0cb900df00b4c64,60.16829,24.94214,00000000afef4555,2.3
15439,2019-08-01T09:06:41Z,fea1453360073dfc1896bf1f005f51addb49661f953e16cffba3c63d,60.16531,24.9442,00000000fdda10fe,14.89
15440,2019-08-01T09:06:42Z,0bc5d37416fd27c336d64358a660668746f2c088ea9bf78994076bf9,60.16829,24.94214,00000000afef4555,18.79
15441,2019-08-01T09:06:42Z,144afc51fc2443c7031a2912566eff2ce60226a49d6d2bd7c2923700,60.16544,24.95398,0000000038d83d41,25.36
15442,2019-08-01T09:06:42Z,14c7e1511b70f4dd3359cbece1377aebb4d70531f5489eefe53d7c3c,60.16544,24.95398,0000000038d83d41,29.32
15443,2019-08-01T09:06:42Z,15918569de0a46a8eb56b43d8d39f7fc82619ff1006f00822c85745c,60.17918,24.95141,00000000675d5200,1.88
15444,2019-08-01T09:06:42Z,165ebbb4090d47319ae370f0d0854fdc1f6b79499f8b2e4d3c3533c0,60.16544,24.95398,0000000038d83d41,25.36
15445,2019-08-01T09:06:42Z,171d0bf49a26400390df42bc1c9af98d9279bf8ccee92f39288845e1,60.16762,24.95415,000000006b44cce7,2.3
15446,2019-08-01T09:06:42Z,1951291ca064d0fb480d958037c1477427d2ca8db455fef0b741bf9f,60.16448,24.97323,0000000053c6c2be,20.28
15447,2019-08-01T09:06:42Z,1f0f0628cdc688d76bde2b82bee5b9b4916bf0bbdfe76cf3213e1c65,60.15432,24.9211,0000000019fb59c4,14.89
15448,2019-08-01T09:06:42Z,1fdda4c2884e3254418c088e71dea3d2c474714fdba7d0d12c487ce5,60.16829,24.94214,00000000afef4555,4.5
15449,2019-08-01T09:06:42Z,292606f67d727ffe99f3d106b447f4be48f7a9d57bab0871c46eeb58,60.1538,24.95595,0000000038bf9618,27.28
15450,2019-08-01T09:06:42Z,2a93b61a3863ace54349d7a0937e4134fcc6d4dfcf064eefae2b7cf8,60.15432,24.9211,0000000019fb59c4,17.4
15451,2019-08-01T09:06:42Z,43b676ed3aef4c2d8846694817e76117873be52e7f788e0cb366c1c4,60.16629,24.95957,00000000fb7600be,23.56
15452,2019-08-01T09:06:42Z,5d65719c4cbf045f068d084b72302f447d5fd034413d97d13be00d0e,60.18203,24.91341,00000000342570c2,21.87
15453,2019-08-01T09:06:42Z,6440188c448354b29298dddb3831feee061d3b7f1d389eafa77df22f,60.16897,24.95222,00000000aa852af1,27.28
15454,2019-08-01T09:06:42Z,6ff437688c444238352c28f64f9d2a7d0f14d19c9ea42c225380501e,60.16762,24.95415,000000006b44cce7,9.92
15455,2019-08-01T09:06:42Z,76c7f42283513d0e289bf786d89463b5025b2ae0f4e13519a4cf228b,60.15432,24.9211,0000000019fb59c4,29.32
15456,2019-08-01T09:06:42Z,78d5f60b36b59c06c3988b94e11744bb3aed5dcbc214f91f228bf892,60.16448,24.97323,0000000053c6c2be,20.28
15457,2019-08-01T09:06:42Z,7ea143c7b689f7c20c38e261a438c20bc2fabab41f1548561d65a3a5,60.16531,24.9442,00000000fdda10fe,33.81
15458,2019-08-01T09:06:42Z,84fdfd8881f633c5f0c71c1480053953ca4b05e848052d97c063ad38,60.1538,24.95595,0000000038bf9618,27.28
15459,2019-08-01T09:06:42Z,87dfaad29a9276ddddb1fa021d3bc23ad14824c1af16f7d87e713689,60.14951,24.92138,0000000006dd41f6,10.78
15460,2019-08-01T09:06:42Z,89982a6acf91b79a282a6b63978e946ee205f303fcd20e944e06baf0,60.16544,24.95398,0000000038d83d41,36.27
15461,2019-08-01T09:06:42Z,8c75c3289c84fe4493e1e272a77b615fe1985880c5dc68a7c1a17b53,60.16762,24.95415,000000006b44cce7,13.75
15462,2019-08-01T09:06:42Z,8cc6ddaa460aeae8cc9e8a33f91a01c8cd4c0c8bf8a943210a28c84d,60.1538,24.95595,0000000038bf9618,20.28
15463,2019-08-01T09:06:42Z,9843c6216661048343a0e49cf3d8aa2883cf77f452666a1c873a1052,60.16448,24.97323,0000000053c6c2be,8.38
15464,2019-08-01T09:06:42Z,9d03d14afa49576281aa26db60e517f7c1ec8aa36f7756959a860a8a,60.16629,24.95957,00000000fb7600be,12.69
15465,2019-08-01T09:06:42Z,9ff35a7f150d05ef75c3777dbae4f91e5b1a4d0830a984c50f6da1bc,60.16897,24.95222,00000000aa852af1,41.64
15466,2019-08-01T09:06:42Z,a5302e72a58b038ac7633e65863bac48d8153d8837533ac7b5409f37,60.16629,24.95957,00000000fb7600be,12.69
15467,2019-08-01T09:06:42Z,a794b5cd3dff23bb2fe621fa0fa64a9ad4be2ab820bff2b483489903,60.16897,24.95222,00000000aa852af1,38.87
15468,2019-08-01T09:06:42Z,a91d379a4b57c5df22db0d7a041ff69f657b4b31f28554b1011fc03c,60.16544,24.95398,0000000038d83d41,25.36
15469,2019-08-01T09:06:42Z,a9da1ee82e3b670e276c26b483dd50f4a6d0c6f77ef82245d3ae6086,60.18203,24.91341,00000000342570c2,9.92
15470,2019-08-01T09:06:42Z,ab0f67c0c0e1ba5eac9013f9c314feadf340ddf08543b91e70483594,60.16544,24.95398,0000000038d83d41,18.79
15471,2019-08-01T09:06:42Z,b33ae7715d6d2571066655c2c8954a5a364b5601869047de83410d9f,60.16629,24.95957,00000000fb7600be,23.56
15472,2019-08-01T09:06:42Z,b4faf2d3c4d2b199afeab6ab63b583fe3a2e81e14abbef6917f25129,60.15432,24.9211,0000000019fb59c4,25.36
15473,2019-08-01T09:06:42Z,b5fd6b317890e5ab2d79e2cd1abe61626d45a753c7337d0d40728898,60.16762,24.95415,000000006b44cce7,7.69
15474,2019-08-01T09:06:42Z,ba42c72ea7c2663b3ea5044faf12173ab18e523dc35de0e24bf374ac,60.16544,24.95398,0000000038d83d41,27.28
15475,2019-08-01T09:06:42Z,c40c37def6bf11a63a2556519a7c6233fd417cdeea2cf14f28e7c42c,60.16531,24.9442,00000000fdda10fe,25.36
15476,2019-08-01T09:06:42Z,cf05623e4d87ce0906c0b0b7dbf53aacc1228016cd27c341228b6e76,60.18203,24.91341,00000000342570c2,18.79
15477,2019-08-01T09:06:42Z,d127ead865385b64ae537a703a26be15fae4b5332ce0fbf03d5e0c23,60.1538,24.95595,0000000038bf9618,38.87
15478,2019-08-01T09:06:42Z,d178749a24c32676d0da0f51ae6ff63c456499d4b1814af8fa75ca9e,60.16448,24.97323,0000000053c6c2be,4.94
15479,2019-08-01T09:06:42Z,d79d022c8a242c83798d4cf5a6365a20f715d812ce928be39177407a,60.16448,24.97323,0000000053c6c2be,27.28
15480,2019-08-01T09:06:42Z,dd2c9c82cf3737146294aff6f814a1349fb0bc4bedf518715dacbe8f,60.18203,24.91341,00000000342570c2,16.1
15481,2019-08-01T09:06:42Z,ea2af410359f5c862dbc71554cc0b6ea29d823a91db3209fcd2a8c76,60.16762,24.95415,000000006b44cce7,20.28
15482,2019-08-01T09:06:42Z,ebd5792818b1818f5d1ea2cd8ef5e4b500cfc7a7fbb7be7907ce2d0c,60.16762,24.95415,000000006b44cce7,18.79
15483,2019-08-01T09:06:42Z,ec72ef080c605e71978aed0d3b5f22c3c3133677a43c614b72eedc6d,60.14699,24.922,00000000a53ed894,29.32
15484,2019-08-01T09:06:42Z,f1f7b52845876f30642a66e5014615e91d05b70e771d5ea25341dc8c,60.16448,24.97323,0000000053c6c2be,29.32
15485,2019-08-01T09:06:42Z,f22981c21af00fc334b3d8bdd523e23a50384666e97815f0ec1dc0ac,60.16897,24.95222,00000000aa852af1,9.12
15486,2019-08-01T09:06:42Z,f70a43051a4f59f5002c4018a464b44781f7f527861efda6626a2de4,60.16829,24.94214,00000000afef4555,21.87
15487,2019-08-01T09:06:42Z,f7e45613ad966fea53fab73b435ba3a087c774e36596b3a5156a3487,60.16829,24.94214,00000000afef4555,3.74
15488,2019-08-01T09:06:42Z,f99c5dd8cc08bd2353083d875ce8bc585fb2c2ff8427b90d92f571de,60.1538,24.95595,0000000038bf9618,29.32
15489,2019-08-01T09:06:42Z,fc4f3a44235f1cfc7b53f14ba2da599976a5a0a220d23b852688e485,60.17918,24.95141,00000000675d5200,17.4
15490,2019-08-01T09:06:42Z,0097b685a95e22fc898384590c0f5bf87d9831b8750326fbf9a740c3,60.16829,24.94214,00000000afef4555,33.81
15491,2019-08-01T09:06:42Z,011372b726688a0c953368b50bc5a1cb0212c17dbecc587d9f9d75ce,60.16629,24.95957,00000000fb7600be,14.89
15492,2019-08-01T09:06:42Z,02050a536056486b1bf139282f0d0a3af63def1d56ff0c73ac51bb19,60.14947,24.91438,000000004ef3150d,7.05
15493,2019-08-01T09:06:42Z,023083c44c772667f1727e01c74518889b2a82d78ceb28c08b6f8a20,60.16531,24.9442,00000000fdda10fe,17.4
15494,2019-08-01T09:06:42Z,0362cc670dcfab795a3911957b6a177416bf9b99d0e2732716796c4d,60.15432,24.9211,0000000019fb59c4,13.75
15495,2019-08-01T09:06:42Z,03f427d436ba092925de462b11374bdbdab0443620037675621fbc11,60.17918,24.95141,00000000675d5200,20.28
15496,2019-08-01T09:06:42Z,063935180fff0e58de5d319ecb9320cf794423e3c6aeac0cca8f1a9f,60.16897,24.95222,00000000aa852af1,12.69
15497,2019-08-01T09:06:42Z,0849a091b1aabe9b614b6b5c54dffd083dbb4473ca90dc972e4d37de,60.16829,24.94214,00000000afef4555,9.92
15498,2019-08-01T09:06:42Z,08f9fd60f852d3502bfa509c955e9963e73954f961d55ba8cd46cae9,60.16629,24.95957,00000000fb7600be,20.28
15499,2019-08-01T09:06:42Z,0951ec0c700dba7330b8e8181fc852becde054d0dc7474d1488db3cd,60.17065,24.93641,000000000f4919c9,14.89
15500,2019-08-01T09:06:42Z,0b3b301285fae363875718a7338dde0194def91b17f92d4553261ed2,60.16762,24.95415,000000006b44cce7,17.4
15501,2019-08-01T09:06:42Z,0c1684b697a63d7f47ebaedcfa060b3b4af294fec1e62d613699291a,60.16897,24.95222,00000000aa852af1,5.91
15502,2019-08-01T09:06:42Z,0c2d3bdaf0e8a9d6efcf95298acb85805b31c1c6618f00dd4489dddb,60.16762,24.95415,000000006b44cce7,20.28
15503,2019-08-01T09:06:42Z,0d2a30f4e69ed2b7c428129d550b561c93cfe41bbf290ae41a4343bc,60.16762,24.95415,000000006b44cce7,20.28
15504,2019-08-01T09:06:42Z,0e5b7c2239f30ae4c729c83c75e7cda2cb93eb5c32a5578b0945ddac,60.16762,24.95415,000000006b44cce7,21.87
15505,2019-08-01T09:06:42Z,0f0a47457083121cf6392eb1d6d9a764f269d3c0e33d76403c446678,60.16829,24.94214,00000000afef4555,25.36
15506,2019-08-01T09:06:42Z,0feb7de3b58597dd266ed606e8d3b6e2e4e0be942b17c15be984f51c,60.14951,24.92138,0000000006dd41f6,25.36
15507,2019-08-01T09:06:42Z,1069967e3921871955b1b2b42e60f829c593a3e024401bfe61ae410e,60.16629,24.95957,00000000fb7600be,17.4
15508,2019-08-01T09:06:42Z,10cd81594fd56fa1f2c4799419a45b70833d3d8583b817324ee96da7,60.16897,24.95222,00000000aa852af1,17.4
15509,2019-08-01T09:06:42Z,10d0fed0f7d40b253b5fc5a53297dc9af8bb76fa6f34d5e71383cb62,60.17918,24.95141,00000000675d5200,21.87
15510,2019-08-01T09:06:42Z,1134a082e36fe03359bac74c814a0ed20468c45230115d4e25aa230d,60.16829,24.94214,00000000afef4555,12.69
15511,2019-08-01T09:06:42Z,141ffc858c3ea6a2e69c954115114304736a35dc25ec947323090dc0,60.16762,24.95415,000000006b44cce7,4.5
15512,2019-08-01T09:06:42Z,1564db6ab71666bfe0865d19fd134f7018f49bc12ff1969853697784,60.16531,24.9442,00000000fdda10fe,25.36
15513,2019-08-01T09:06:42Z,15f0c7729a45bd0fc3da95ba2b96438413942d1d46ab4add644c9f45,60.16762,24.95415,000000006b44cce7,14.89
15514,2019-08-01T09:06:42Z,164d8280dbb888033f64368dd641bcef597fc327148fcf74374894c5,60.16544,24.95398,0000000038d83d41,14.89
15515,2019-08-01T09:06:42Z,16e18d478be872d2a9801fa885d08edeb3f5ae1840b38478f9baf535,60.17918,24.95141,00000000675d5200,13.75
15516,2019-08-01T09:06:42Z,171980d40f8d22e4729243ca1e6e18c1416a08d9e495829266ca211e,60.16897,24.95222,00000000aa852af1,17.4
15517,2019-08-01T09:06:42Z,185ef4052356a0469d4c21d263f6b6e9a82576a578f956fb05cf47d9,60.17002,24.94407,000000006b087f40,20.28
15518,2019-08-01T09:06:42Z,190cdde22bc3e3a41cd0f9da7efb3a917bc09e8034b05ca6064ea8a8,60.17918,24.95141,00000000675d5200,20.28
15519,2019-08-01T09:06:42Z,1ad9bdffafbbf8933ab6b3b695988ad31df32a874eddbf84de369e78,60.16448,24.97323,0000000053c6c2be,31.5
15520,2019-08-01T09:06:42Z,1ca38fda596b437fcaa63f5296adc43c90e729aa040f4b66265aff47,60.173,24.92524,0000000096918cfa,21.87
15521,2019-08-01T09:06:42Z,1cfafdaa3ff1975bcf6f699641431e88775ba2183074d825eeb81dd3,60.149,24.9843,00000000fffb8cf0,14.89
15522,2019-08-01T09:06:42Z,1d70ff49909e1d6fb653ae053aa78084daf385dbbd2ad22b05707309,60.16829,24.94214,00000000afef4555,14.89
15523,2019-08-01T09:06:42Z,1da40c618e0432bb037d08723b65821f6223509e8b4033a4b4190047,60.17065,24.93641,000000000f4919c9,27.28
15524,2019-08-01T09:06:42Z,1dcff36b6f83b08b6ea87c1c1018c542c270299839908ca446dffb39,60.16762,24.95415,000000006b44cce7,9.92
15525,2019-08-01T09:06:42Z,1e3044c19f6913531b6dd4bccb88ad02c1b39192513ccffa05444edb,60.1538,24.95595,0000000038bf9618,17.4
15526,2019-08-01T09:06:42Z,1e3af5697f0a2ae45f261da79e4ba71c868dc4d78008bd1995fe6259,60.16448,24.97323,0000000053c6c2be,10.78
15527,2019-08-01T09:06:42Z,1eb71232cacfabc37966931f8112e59acabc361048ad25dc2468949f,60.16762,24.95415,000000006b44cce7,13.75
15528,2019-08-01T09:06:42Z,1ecbc7c6afe89033252e5510cbb893666af2b3bc29f555a3a6287fdb,60.14951,24.92138,0000000006dd41f6,3.4
15529,2019-08-01T09:06:42Z,1f813dc10021899138c12ca17c58ab3dc24db1750dcb1790f9c20e8f,60.15133,24.92329,00000000e8a064a4,8.38
15530,2019-08-01T09:06:42Z,20b37aa6c3ad0dfea9c182498905a450537b0efbbd8563b205e93afd,60.16897,24.95222,00000000aa852af1,25.36
15531,2019-08-01T09:06:42Z,20ecc60ba6748bb4a65d10d3f27a3b928bcbc43ea0eab6ff9121c1bd,60.16829,24.94214,00000000afef4555,41.64
15532,2019-08-01T09:06:42Z,22ac1ab1c590ea19b44c61c42f5e8da29a6acbabf56676527811507a,60.15432,24.9211,0000000019fb59c4,27.28
15533,2019-08-01T09:06:42Z,25479245e5a8b0fe47e2bd590cdd63256d84afd6c164781dc64e527d,60.149,24.9843,00000000fffb8cf0,25.36
15534,2019-08-01T09:06:42Z,25d340d14d855b8c18b2c6f2551ec98a1eb047d1fd3457ba881ddf28,60.17918,24.95141,00000000675d5200,2.08
15535,2019-08-01T09:06:42Z,268870e6ad5719f4e5d3d1da9d7ca9ed0f383268a62497c59930f403,60.15432,24.9211,0000000019fb59c4,31.5
15536,2019-08-01T09:06:42Z,277fcf3cc917a89b46a34e0cf5164a78f5bcc88d92bb45ded60f1a91,60.17065,24.93641,000000000f4919c9,17.4
15537,2019-08-01T09:06:42Z,2823bf6afde4a5cc05342c15e7417c9590ba52264be5793bb688faab,60.17065,24.93641,000000000f4919c9,21.87
15538,2019-08-01T09:06:42Z,28ce50ca84cdcd4c17a36ac666e7ac0267b6ab5b77f4bfb08b2573a1,60.16762,24.95415,000000006b44cce7,7.05
15539,2019-08-01T09:06:42Z,28d50861d92f962c7a49eabaa524431aebf52870e44b79f77d7167c6,60.17918,24.95141,00000000675d5200,4.5
15540,2019-08-01T09:06:42Z,29ae3c5c3aeac0c607bc816f7e74c232a40142b79a52c43c7b1ed42f,60.16829,24.94214,00000000afef4555,3.09
15541,2019-08-01T09:06:42Z,2acb10e8d2001852ed5509e35d5d2db4dd0ad524df43f50896b7ec04,60.16629,24.95957,00000000fb7600be,23.56
15542,2019-08-01T09:06:42Z,2afa9ac588b2c55e8edf99ee96ecaf63451a7ab1e51571b7e2d1d491,60.16762,24.95415,000000006b44cce7,17.4
15543,2019-08-01T09:06:42Z,2c6810efb2565383ca0a554f3c51f3f7905484357f5e00756dbf091a,60.17918,24.95141,00000000675d5200,2.54
15544,2019-08-01T09:06:42Z,2c6f6440161f9061a850e8db96383d5eb111f0d1d8f0b666b7c49f22,60.16897,24.95222,00000000aa852af1,9.92
15545,2019-08-01T09:06:42Z,2cd1630b209fe260a2b08554ebbf46b801e6390566ac1d78e6514b11,60.16531,24.9442,00000000fdda10fe,25.36
15546,2019-08-01T09:06:42Z,2e769f8477e016d18ea363e3a5c44c29e08c17296c76513de680ff51,60.16531,24.9442,00000000fdda10fe,25.36
15547,2019-08-01T09:06:42Z,2f43b7a683b0d365a46b6259a032813c293472eaedcdbcc3507adee5,60.17918,24.95141,00000000675d5200,7.05
15548,2019-08-01T09:06:42Z,2f5bd339f1aa466a7eab54348ecb6614ab41fd76d300d0defda67505,60.1538,24.95595,0000000038bf9618,44.58
15549,2019-08-01T09:06:42Z,2f7636d34066fc720664bb0b85ba6e0a9db63eadebf93248bdf9e941,60.16762,24.95415,000000006b44cce7,12.69
15550,2019-08-01T09:06:42Z,2f79108a454c0072885ad1447280ed5098d061b229eaae61a8bb67be,60.15432,24.9211,0000000019fb59c4,9.92
15551,2019-08-01T09:06:42Z,2f82b3546af2df53b58cddc668c9aa196554108cdf39120ea40b417c,60.16629,24.95957,00000000fb7600be,3.74
15552,2019-08-01T09:06:42Z,2fb39eae730ec6f291700f841a64aaf680d52a8346399aec6ccb1dbb,60.17065,24.93641,000000000f4919c9,14.89
15553,2019-08-01T09:06:42Z,2ff189e5846383641192cafb595a7a8f77394239ee03aabd1bf3c49f,60.16829,24.94214,00000000afef4555,3.09
15554,2019-08-01T09:06:42Z,31b02b3b271f6feef9e49d9285929ff1c25a11e608fc5d70bc6a1fac,60.16897,24.95222,00000000aa852af1,21.87
15555,2019-08-01T09:06:42Z,3371cfaa0eed702110b1f5501d188c9e7424a2e018bb905af13896cc,60.16448,24.97323,0000000053c6c2be,21.87
15556,2019-08-01T09:06:42Z,33fa4cb82db5b44ffe6e7ae1039635187f90d1df328f8f139da0c693,60.17918,24.95141,00000000675d5200,4.94
15557,2019-08-01T09:06:42Z,3480c16a6649952c388d8902596e332f018e609b9585f483353ae026,60.17065,24.93641,000000000f4919c9,2.08
15558,2019-08-01T09:06:42Z,34e96c7caa63e7ede8f428b18e8fb556ac235d61a50c9d6ac7ff268f,60.17918,24.95141,00000000675d5200,9.92
15559,2019-08-01T09:06:42Z,359348d27f82b0270a68e954bff8bde5e1a2a32949c7088f12ce7dc8,60.15133,24.92329,00000000e8a064a4,31.5
15560,2019-08-01T09:06:42Z,3609f484ad7e56259f60a61aba44f22dfca5c8b2564fce7e802ad342,60.16829,24.94214,00000000afef4555,11.7
15561,2019-08-01T09:06:42Z,367b1989198ef11170dd9fcfa7e6ebb5ceb58aab87c613ee1bb86e8c,60.16531,24.9442,00000000fdda10fe,8.38
15562,2019-08-01T09:06:42Z,3685ee6d322dcb2ad0ae181f66c3c5427d4531d7896d2f5f7571bb6d,60.16762,24.95415,000000006b44cce7,7.05
15563,2019-08-01T09:06:42Z,370e50e1f77aeb2782c892f70147b6a5749ecd7e9ee41036f693ba0a,60.16762,24.95415,000000006b44cce7,11.7
15564,2019-08-01T09:06:42Z,39126ffb278f49e06180cc6abe5b31ab3acdce1534b5b6ffa0b6e567,60.18203,24.91341,00000000342570c2,25.36
15565,2019-08-01T09:06:42Z,39e9fa7033887b7ab339887aa68753ff94d4771cda2bb8ff4ea7aa0a,60.17918,24.95141,00000000675d5200,14.89
15566,2019-08-01T09:06:42Z,3a1afdcf7c2e5a52cdbcbbe29e8281c184037e8720920c6c75bee339,60.15133,24.92329,00000000e8a064a4,18.79
15567,2019-08-01T09:06:42Z,3a2f1a2c6c645bd161943b3f19c171d021512d7a8c4273ed3022f5df,60.16829,24.94214,00000000afef4555,33.81
15568,2019-08-01T09:06:42Z,3a38ba36c098f2741d6c5fb5a751fcd074d05d698ac592ca09ab443c,60.16448,24.97323,0000000053c6c2be,20.28
15569,2019-08-01T09:06:42Z,3a7b4023cee4b0d567a123a3d6aff0bc8f94663522bbdf0ea4306607,60.149,24.9843,00000000fffb8cf0,12.69
15570,2019-08-01T09:06:42Z,3b72559f8671f9bc77441302cc7d3167d5e13c8c4fb0a19edf83bed1,60.16629,24.95957,00000000fb7600be,29.32
15571,2019-08-01T09:06:42Z,3c864716e211395e6a02802fbf80abb7b7c4519243bea4994fca7720,60.16762,24.95415,000000006b44cce7,16.1
15572,2019-08-01T09:06:42Z,3eea43670f4f29a90ced59c1af122371340275fb61ff8f14c7120658,60.16762,24.95415,000000006b44cce7,4.5
15573,2019-08-01T09:06:42Z,40825cb0d315c92e0e0a73cc8e86c3b763bbf7ce226f112913e05e0f,60.17065,24.93641,000000000f4919c9,12.69
15574,2019-08-01T09:06:42Z,4256b81faf420b0636e1bfcf21e8b61482045aed964aae9089c67296,60.16829,24.94214,00000000afef4555,17.4
15575,2019-08-01T09:06:42Z,432417b4972b744ded3410777a6bbb583cf56172bf3436ddbe48a21d,60.16762,24.95415,000000006b44cce7,12.69
15576,2019-08-01T09:06:42Z,44334c68f3991fe858ac066726e0a884236a5d89fe94d917b48e857c,60.16829,24.94214,00000000afef4555,25.36
15577,2019-08-01T09:06:42Z,44e086520907fc0314474823b382bd86a08a7dffc64e851ddd993a56,60.16762,24.95415,000000006b44cce7,8.38
15578,2019-08-01T09:06:42Z,4642dfa1df839f11e64f68bca4e3dce7bde2ff6dd68c54959fcb4788,60.17918,24.95141,00000000675d5200,2.08
15579,2019-08-01T09:06:42Z,46c37bb9313fa511d142a461fb0eedda90bf18eb9016d20db109f6a4,60.16829,24.94214,00000000afef4555,12.69
15580,2019-08-01T09:06:42Z,47bd1492244c444d45674eb48dd2e6f222cb109d820ba807c4e18c1a,60.16629,24.95957,00000000fb7600be,12.69
15581,2019-08-01T09:06:42Z,48004849b2f48b2314aa9175433d754db1641b949bb8cf050e2dd128,60.17918,24.95141,00000000675d5200,23.56
15582,2019-08-01T09:06:42Z,484bbaa5a9d6bdd2259f022b6ea4e3c290985c13a1286bd7142d878f,60.16762,24.95415,000000006b44cce7,11.7
15583,2019-08-01T09:06:42Z,48c0ea6615ac4c02fc9bc0e06f9ea9309f9bf7e73b4324d7a6b14610,60.16829,24.94214,00000000afef4555,11.7
15584,2019-08-01T09:06:42Z,49bbad87e4d6cd03bdb073bde7be91193d74d29943badce7fc536916,60.16448,24.97323,0000000053c6c2be,4.94
15585,2019-08-01T09:06:42Z,49df780a7f20a99ad2810fa4bbb46b5fac9bc5cbe3fc800cd572f63a,60.14947,24.91438,000000004ef3150d,13.75
15586,2019-08-01T09:06:42Z,4ade4f0d92c6157a42d7fd8e353d1c93551324ba47cc134b840a6c63,60.16897,24.95222,00000000aa852af1,6.46
15587,2019-08-01T09:06:42Z,4ba529eeafb27285cbbade6e5ece0d4d04bd2d13c98b27a5d17abd22,60.16897,24.95222,00000000aa852af1,3.09
15588,2019-08-01T09:06:42Z,4c8696833edf46025bc9b5f589679b77a73c857736036aa9ef6696e5,60.17002,24.94407,000000006b087f40,18.79
15589,2019-08-01T09:06:42Z,4e262a07e1ea47350f808684444d1d8b3f223288fb219cca9f12af23,60.1538,24.95595,0000000038bf9618,27.28
15590,2019-08-01T09:06:42Z,4f2ee410fae343924332b7c45d23df66786e3599cf001d739702393e,60.16762,24.95415,000000006b44cce7,12.69
15591,2019-08-01T09:06:42Z,4f609afde0ba5cb017ba3c549bdd11ff322a2e0227a0f11a9d112220,60.16762,24.95415,000000006b44cce7,11.7
15592,2019-08-01T09:06:42Z,4f9125edf503fe3cb0ba1e1221fe6a67aafd99fcd89fd92d2bf20e97,60.16897,24.95222,00000000aa852af1,17.4
15593,2019-08-01T09:06:42Z,4fb4a3650a2a28469dde9c537458d24411aa6075666e047dd756fba9,60.17919,24.95181,000000007b5207b6,17.4
15594,2019-08-01T09:06:42Z,5001aabb6808b9fd96b705d1ebe8e7aca52713c2640100d81879dd86,60.17918,24.95141,00000000675d5200,4.94
15595,2019-08-01T09:06:42Z,504f910a0bd104a130b85d0c50467a15e74dc950bcc9eac3ebecc43e,60.16531,24.9442,00000000fdda10fe,17.4
15596,2019-08-01T09:06:42Z,5143af775374504a931805df3b7bc0712b2401f6a3ea2c49fd69cf6f,60.16829,24.94214,00000000afef4555,25.36
15597,2019-08-01T09:06:42Z,518381021c83c138e4a82160bc6cc947b3866647e3c5d6818bdd63bb,60.17002,24.94407,000000006b087f40,16.1
15598,2019-08-01T09:06:42Z,51ec42fdd85671ae93876c3d875b24e56cb45699e9c3d2b623dca70d,60.16762,24.95415,000000006b44cce7,11.7
15599,2019-08-01T09:06:42Z,5372348389197e6c4bc4c5e3dab047e7384d562220e6295904bbda1b,60.17065,24.93641,000000000f4919c9,3.74
15600,2019-08-01T09:06:42Z,5385ddf78e929052bb12c39651fb3ff99e3642aa079d49f687b4c73c,60.16762,24.95415,000000006b44cce7,10.78
15601,2019-08-01T09:06:42Z,53fb53be4440aecb1a1fa63a9da1db08182cc7e252da14685e63373d,60.16762,24.95415,000000006b44cce7,6.46
15602,2019-08-01T09:06:42Z,54bd709173219e8017f317b63ecc83d0a48f64542e6fa1b83c86a56c,60.17918,24.95141,00000000675d5200,14.89
15603,2019-08-01T09:06:42Z,556cae6b2e2dec6fe691a835e8e08bd016b1a65797c0aca46879329f,60.17918,24.95141,00000000675d5200,17.4
15604,2019-08-01T09:06:42Z,559429bba23762a872fc7b1e2219d42125ab101e4355d43fdb94ed7b,60.17918,24.95141,00000000675d5200,9.92
15605,2019-08-01T09:06:42Z,559e6a5225ce35ab844c63ea0d0c1695dc490a3d9cfbafa5d35ac8d8,60.14947,24.91438,000000004ef3150d,7.69
15606,2019-08-01T09:06:42Z,57c17edc71bbce06ad692952a1e05eaa77181884e580c0848f3a23fc,60.14951,24.92138,0000000006dd41f6,25.36
15607,2019-08-01T09:06:42Z,584cb0b0cdd14e608c8b57c8aecc9826f9b40027e365e2438a444ea2,60.16762,24.95415,000000006b44cce7,8.38
15608,2019-08-01T09:06:42Z,5865a27b5b56a60bca38e4a1403655e3e7fd0232a3ff2079965aff81,60.15432,24.9211,0000000019fb59c4,9.12
15609,2019-08-01T09:06:42Z,58754229cd3381042c5ffda79c0108c5f77aa1f0f6d1468b9cb42b4c,60.16829,24.94214,00000000afef4555,13.75
15610,2019-08-01T09:06:42Z,5978726eeef638856dafd3a8d199287f8daf9e90ddde750b402f8bb0,60.17065,24.93641,000000000f4919c9,0.59
15611,2019-08-01T09:06:42Z,5a34b02faac3189217466888ef1d31cc80f721ac2f18638c5db88d53,60.14947,24.91438,000000004ef3150d,11.7
15612,2019-08-01T09:06:42Z,5a857d46d2710076dd9ff377dc9ae0c17e4db2a46db79f1e8d158cfa,60.16829,24.94214,00000000afef4555,18.79
15613,2019-08-01T09:06:42Z,5a8d671a78b976d212d9746d88b9a754a2d9c8341c529e88b7c6b8f4,60.17065,24.93641,000000000f4919c9,18.79
15614,2019-08-01T09:06:42Z,5b06617477af6dcee75a94ac347364b50f6f3b5b7d747e5413d9ad58,60.14947,24.91438,000000004ef3150d,8.38
15615,2019-08-01T09:06:42Z,5b24733f1e45af711e2eebfb97b6b1467ca5cf1f466e6c8add4f7935,60.16762,24.95415,000000006b44cce7,10.78
15616,2019-08-01T09:06:42Z,5c1f71098d5d7258d2971061c791c94e0138c8e02225c5f60d6a0428,60.149,24.9843,00000000fffb8cf0,25.36
15617,2019-08-01T09:06:42Z,5daa76852f3e1be6c75fa2185d5787ab9010cf83d6671515769a8649,60.16531,24.9442,00000000fdda10fe,11.7
15618,2019-08-01T09:06:42Z,5e2c5c20c88ccf362ed8749d1ddc041b1cb1c38d8dbeac7870179322,60.16629,24.95957,00000000fb7600be,9.12
15619,2019-08-01T09:06:42Z,619c5b31af2a28703a837cc7974ef0d2c5bb6584ba0fcc03076218ac,60.17002,24.94407,000000006b087f40,29.32
15620,2019-08-01T09:06:42Z,61e4465b011a94bbf6341adebb1aed56100967cac117b368910b36de,60.16544,24.95398,0000000038d83d41,36.27
15621,2019-08-01T09:06:42Z,626bf35ce16dba1054cfd175d09475d3ee751bf70e56f984ff5c7ab6,60.15133,24.92329,00000000e8a064a4,20.28
15622,2019-08-01T09:06:42Z,63ff2439779051005c18876d20ed53ce060c1de9d7976821bd518fc6,60.15432,24.9211,0000000019fb59c4,10.78
15623,2019-08-01T09:06:42Z,65b6b62b547e11e10f7f83ad497446bee2bb9653097d9d62e9b1b817,60.17065,24.93641,000000000f4919c9,5.41
15624,2019-08-01T09:06:42Z,674355e17da9460e58566497be518f2eb537880c67c788fedb5067db,60.16629,24.95957,00000000fb7600be,11.7
15625,2019-08-01T09:06:42Z,67cf7d2881080aa59ed36a6d88ea1946d17e9d1d5e1ad9eee1851969,60.18203,24.91341,00000000342570c2,18.79
15626,2019-08-01T09:06:42Z,685af6b01bd180194d718801bb8b9c9de22050cc392d6c6441fe986b,60.18203,24.91341,00000000342570c2,18.79
15627,2019-08-01T09:06:42Z,69e2854c78a472b462941ef730aa9fa7a9dba9c1cc22996396d4c78a,60.17918,24.95141,00000000675d5200,5.41
15628,2019-08-01T09:06:42Z,6adce4d05e58232a97635a2fd7918e4e49d9295afc0989d727f9c712,60.17002,24.94407,000000006b087f40,4.11
15629,2019-08-01T09:06:42Z,6d5a8ded89f26533ed851d1a0894f0d9045e9cd4baed439f7d9a922b,60.16629,24.95957,00000000fb7600be,25.36
15630,2019-08-01T09:06:42Z,6d98ac1fea7056e5b96d6095caf0e3677a4ec30e9fbcc2e50ae1cf65,60.16629,24.95957,00000000fb7600be,11.7
15631,2019-08-01T09:06:42Z,6dd5463e670c352180c1e912300e21e59f5e2976266df8c3c92b0baf,60.16829,24.94214,00000000afef4555,9.92
15632,2019-08-01T09:06:42Z,6e80fcea10d21e1d5e672b554c0f3fe686dc58934f38c3391fd5c262,60.17002,24.94407,000000006b087f40,14.89
15633,2019-08-01T09:06:42Z,7003a7f6a5523b645634f014e04bea36016953a8af9324e35602bc2e,60.14947,24.91438,000000004ef3150d,20.28
15634,2019-08-01T09:06:42Z,701dc50417b28dba15ad9ff809844f1766b6579389a2e5ebb0562635,60.16629,24.95957,00000000fb7600be,13.75
15635,2019-08-01T09:06:42Z,704c3f3075f13713c363014fa828e4a932e7a05676813b9963a1e554,60.17918,24.95141,00000000675d5200,3.74
15636,2019-08-01T09:06:42Z,70d391038ec56b63a3737605c2c1db6ffbdca8e4490691776dc993f1,60.16829,24.94214,00000000afef4555,3.09
15637,2019-08-01T09:06:42Z,71b01bb8b8e877dc9ca40e756f441571d12ee3311a945417e8aaa116,60.16762,24.95415,000000006b44cce7,5.91
15638,2019-08-01T09:06:42Z,72439a1f997fd347d46394f31f5789edc877fe61ca34fcd31f9150b1,60.18203,24.91341,00000000342570c2,18.79
15639,2019-08-01T09:06:42Z,728325161f4ed691db3460f87a25ed4713580e50a53fd36dd265957f,60.16531,24.9442,00000000fdda10fe,18.79
15640,2019-08-01T09:06:42Z,7292a4a47ed655e0ce0ead026bb0ae4b8093342f87a9aed5665c1456,60.16762,24.95415,000000006b44cce7,14.89
15641,2019-08-01T09:06:42Z,74cb545f76f0bfc5498607247e26e814276a11ce91f77208054ecbc5,60.17002,24.94407,000000006b087f40,27.28
15642,2019-08-01T09:06:42Z,750297d0d8ff0ca837d9c2289c26302d62f38708617150431ab14509,60.16531,24.9442,00000000fdda10fe,21.87
15643,2019-08-01T09:06:42Z,7563b91d728fe470bc4d89aa18128a87b92c747336dd2c70cfbf9e84,60.1538,24.95595,0000000038bf9618,31.5
15644,2019-08-01T09:06:42Z,76c2f7b3773d4bebd4dabada1c2b98fe4ea9762e9c98b4a6371d7746,60.16762,24.95415,000000006b44cce7,9.12
15645,2019-08-01T09:06:42Z,7700297fec4982ad776529835e2ab46d4e5cbc889e26f368c19efeef,60.16829,24.94214,00000000afef4555,7.69
15646,2019-08-01T09:06:42Z,774131d73accbbb31ec3c43c3501b7969645eb65df1839ca8116526e,60.15432,24.9211,0000000019fb59c4,5.91
15647,2019-08-01T09:06:42Z,774bf331a7d205164487c930f8e043d9f4064d968a7f9cb28bfa5dc9,60.16762,24.95415,000000006b44cce7,16.1
15648,2019-08-01T09:06:42Z,7c1534082e86ff4387878d813207626d8f728aa26b97248e00a3b8d7,60.16629,24.95957,00000000fb7600be,13.75
15649,2019-08-01T09:06:42Z,7d12711d47425111a6dce413faa867542b9532f3b9c5a934b37a0bc8,60.17918,24.95141,00000000675d5200,27.28
15650,2019-08-01T09:06:42Z,7d415f4fd9093fb383b4ebb88961ad74e6a00d3ece39504712dad639,60.17918,24.95141,00000000675d5200,11.7
15651,2019-08-01T09:06:42Z,7e2e3d07c939e3e76e7ce87678faf64e056afe54215e00488839100f,60.14947,24.91438,000000004ef3150d,16.1
15652,2019-08-01T09:06:42Z,7eb4a715919b3eb4085270535ce4d7b57112591ad7242eb189bf652a,60.17065,24.93641,000000000f4919c9,11.7
15653,2019-08-01T09:06:42Z,7f59aaecea1eee6c703ec5d46d67b44289ddedf080defee495b73739,60.14947,24.91438,000000004ef3150d,9.92
15654,2019-08-01T09:06:42Z,7faf8705e89a761625aaed50b89538581e25d5950ec8f051d36ed829,60.14947,24.91438,000000004ef3150d,18.79
15655,2019-08-01T09:06:42Z,809bf2d7a0745ae512b934a578fd5fd47c13c5398b6d06ad350b9e7c,60.14947,24.91438,000000004ef3150d,16.1
15656,2019-08-01T09:06:42Z,8165c5f8d06298ffd56f071c0ad1cc9f1d4f08084936937d712d0b61,60.15133,24.92329,00000000e8a064a4,23.56
15657,2019-08-01T09:06:42Z,828afe5ee1f94b9afbfd61b9673b7c8b21457d11dafb1d2ad98dbd23,60.149,24.9843,00000000fffb8cf0,25.36
15658,2019-08-01T09:06:42Z,82b78c2220aee81a2744ddfaf7ed29663888987dba6b7cdda05731d9,60.14947,24.91438,000000004ef3150d,11.7
15659,2019-08-01T09:06:42Z,85bdce5b262dbd94adcff03e6cad26a1152828b6ab27e6fdd56b2b13,60.16762,24.95415,000000006b44cce7,3.4
15660,2019-08-01T09:06:42Z,86e7584bf95733cef59d74bb4955881e99dc86b73a0d5b4e3ef58b50,60.18203,24.91341,00000000342570c2,16.1
15661,2019-08-01T09:06:42Z,87f1cc4c4a9de1ab81fe39cf7fde6cf0d4778e690f1665b62231ce46,60.149,24.9843,00000000fffb8cf0,23.56
15662,2019-08-01T09:06:42Z,880f9cbb91b9caf48ea9c5dd1a0c8e1db72922b6dfcb647b102fc469,60.16629,24.95957,00000000fb7600be,4.11
15663,2019-08-01T09:06:42Z,88c2bc6310f27465b9f08b28fb52075d7703ce7b097e5beb37c7437c,60.14947,24.91438,000000004ef3150d,17.4
15664,2019-08-01T09:06:42Z,893080d82bb28aa3ab91e41ddd4569086c8135ade7be10aa644fca95,60.17065,24.93641,000000000f4919c9,27.28
15665,2019-08-01T09:06:42Z,8a70673a694137689441a8a18cff0044d959d5d1991c92c7b5fb8f0c,60.16829,24.94214,00000000afef4555,13.75
15666,2019-08-01T09:06:42Z,8b789024cc2e6b2143ce205690fe87cbdb761aa292e434010176906d,60.16629,24.95957,00000000fb7600be,21.87
15667,2019-08-01T09:06:42Z,8c2c35fb6ebc0f07014a3291523f291bea82160dee13d091314cde65,60.16762,24.95415,000000006b44cce7,14.89
15668,2019-08-01T09:06:42Z,8c571538c285dba9d77edacfb1829b282d54b772b62209c6e4004237,60.17919,24.95181,000000007b5207b6,8.38
15669,2019-08-01T09:06:42Z,8d5e893f77b3d167ebefad4ecab181fea08513599a6f9450f0b9a827,60.17919,24.95181,000000007b5207b6,21.87
15670,2019-08-01T09:06:42Z,8e20d0d67339e3cf43e77c3a340d9dc6766de8d079197a08a1343ff0,60.17065,24.93641,000000000f4919c9,29.32
15671,2019-08-01T09:06:42Z,8ff363623484e942b5555694468900717744f957e1a6221903490bac,60.16762,24.95415,000000006b44cce7,16.1
15672,2019-08-01T09:06:42Z,90a44cbd1a957cc59a6986cff9b6b7b8e151d379e17da645069428b8,60.173,24.92524,0000000096918cfa,21.87
15673,2019-08-01T09:06:42Z,941e13893853105c86bfbc6d31d62274937602143ce3bb530c8c17ed,60.17918,24.95141,00000000675d5200,21.87
15674,2019-08-01T09:06:42Z,94a511f0495a2cff2df26ded8f6da40e7a15287287ccf3125b5affd1,60.16897,24.95222,00000000aa852af1,31.5
15675,2019-08-01T09:06:42Z,9609babe3114439a82f93f797f4a6e779b6bab625488b8ff5b63e674,60.16829,24.94214,00000000afef4555,18.79
15676,2019-08-01T09:06:42Z,9998e64e3b5162fd8890fc4e2dfe41a3e875f08500f1cef0c4820855,60.16829,24.94214,00000000afef4555,14.89
15677,2019-08-01T09:06:42Z,99a026b5100e23129fa529e9a57a3dbc8490dc03b58f2193f03e2dcf,60.14951,24.92138,0000000006dd41f6,6.46
15678,2019-08-01T09:06:42Z,9b3e6848d8b34e802134d6da0e5a594897ec3fafbbf08b6d0b84068e,60.17918,24.95141,00000000675d5200,4.94
15679,2019-08-01T09:06:42Z,9bc129708b07f3c5bbf4195e83f0e5b9a663b6f371f416a8e3a605f0,60.16897,24.95222,00000000aa852af1,13.75
15680,2019-08-01T09:06:42Z,9bdb503344071eddd74d821f537246d8a6c19468b05d38d0170377f9,60.16897,24.95222,00000000aa852af1,29.32
15681,2019-08-01T09:06:42Z,9bef8b28ea93ecaee57d05b037edbfe7f80014aaf56343345fedd7be,60.17918,24.95141,00000000675d5200,14.89
15682,2019-08-01T09:06:42Z,9dfecc3e26cb27e4b80721e355ef0d6cb182ac2eebf66b006e2d9f8e,60.149,24.9843,00000000fffb8cf0,20.28
15683,2019-08-01T09:06:42Z,9e343a150f07bb3dcce5ecab8ac061b84d65b347b1af5a232e00eeb6,60.16829,24.94214,00000000afef4555,9.12
15684,2019-08-01T09:06:42Z,9eee6d740f1d483c484d02f0995f35550c09e6a8cf01f02680db5efc,60.16448,24.97323,0000000053c6c2be,23.56
15685,2019-08-01T09:06:42Z,9fa57cff946eb6b758bd810321b0bb80d6f0c46ca5fb40b0ec22ca0d,60.16762,24.95415,000000006b44cce7,20.28
15686,2019-08-01T09:06:42Z,a04214b56cac7d70680703ee6a28fac742f3c3190b55b46a79c1f76d,60.149,24.9843,00000000fffb8cf0,14.89
15687,2019-08-01T09:06:42Z,a09607edc17117a3069b79434e751f93a2a00d0d6f9aceb043e32074,60.16762,24.95415,000000006b44cce7,14.89
15688,2019-08-01T09:06:42Z,a0af15cb8910790ac8af904ddf7b0dbf5ef778ba6dd3b3e690926089,60.16762,24.95415,000000006b44cce7,18.79
15689,2019-08-01T09:06:42Z,a2c53a9ecb3dab08bc3bf70db35ea02e6f15cedb137ce7817751f27c,60.16829,24.94214,00000000afef4555,14.89
15690,2019-08-01T09:06:42Z,a2e761fd97d8bdf78601300822b531e306b9ab7a1a43b6bfb07eba52,60.14947,24.91438,000000004ef3150d,12.69
15691,2019-08-01T09:06:42Z,a47e8613674297dc49b26801b19d2110d009aaee57412f2127f3b093,60.16897,24.95222,00000000aa852af1,36.27
15692,2019-08-01T09:06:42Z,a498d82c0f9ea9674368f098ea32e98dabbe0c50bff45cb23a8882cf,60.17002,24.94407,000000006b087f40,13.75
15693,2019-08-01T09:06:42Z,a4b9f871dcc986c95f1e84fe203bb392ba0fe13164d89119bda2c94a,60.16762,24.95415,000000006b44cce7,8.38
15694,2019-08-01T09:06:42Z,a66eb6150c36b53f6240acfe16dd98ceb16c43b8e02d0b56993bac73,60.16897,24.95222,00000000aa852af1,21.87
15695,2019-08-01T09:06:42Z,a6d0dd9de406b1201a4e438ec7c5f4a467f38c41e2dec42ff6c71d50,60.16897,24.95222,00000000aa852af1,13.75
15696,2019-08-01T09:06:42Z,a808962cb511e5ed2d23e6e33efe252b1be29dc1d2f7c6154817f04f,60.16448,24.97323,0000000053c6c2be,23.56
15697,2019-08-01T09:06:42Z,a83415babca8eac00f69a32371a230fdadda29bf40fd69f75cf2e8fb,60.17919,24.95181,000000007b5207b6,9.92
15698,2019-08-01T09:06:42Z,a83703c80a4d58db87327a53b0d3664d23edf7350ff6b0afaa49c530,60.16629,24.95957,00000000fb7600be,14.89
15699,2019-08-01T09:06:42Z,a837f2314938b1510f3b4cc5900d5d67bc7212d234d9fed1c64f3861,60.16762,24.95415,000000006b44cce7,17.4
15700,2019-08-01T09:06:42Z,a8ca7fb815e707c04434a085c4f99e783d56372143afc92225eae622,60.15133,24.92329,00000000e8a064a4,12.69
15701,2019-08-01T09:06:42Z,a982f65ed2c57aff3f744dba9f5e9ca929c81c14883516889898f207,60.16762,24.95415,000000006b44cce7,13.75
15702,2019-08-01T09:06:42Z,a9ee2aabbd32919adf0325ca2f2c5f8e0ba801bc168e8756cda957da,60.16629,24.95957,00000000fb7600be,14.89
15703,2019-08-01T09:06:42Z,aa05a7036c3586a79d23f426b78bf158357208bc82d7ddf9a1326dd2,60.16531,24.9442,00000000fdda10fe,16.1
15704,2019-08-01T09:06:42Z,aa5281244780ac8f283c3452639d477cd76e31fc6f0b95b99c51a9b0,60.16762,24.95415,000000006b44cce7,2.3
15705,2019-08-01T09:06:42Z,ab615ee5bbf567aee3505fbb360d09fc6b851f93fb15aef778b57128,60.16531,24.9442,00000000fdda10fe,21.87
15706,2019-08-01T09:06:42Z,aca524ceb3c7373172ecd0d06b26e7d610d441f4a47ab78ae0ad3340,60.15133,24.92329,00000000e8a064a4,31.5
15707,2019-08-01T09:06:42Z,acb3f4b2a6b9fe720b98158caba37c1958df05919990f30368dbbd8b,60.16762,24.95415,000000006b44cce7,16.1
15708,2019-08-01T09:06:42Z,acbbe4765d72f36b0323407c7dbe43db7b4ad5e2da0a6a9e5966db0b,60.16897,24.95222,00000000aa852af1,11.7
15709,2019-08-01T09:06:42Z,ad22512fd6a5ad9e19fdfad7e02b2793ecb01875be243f894c637ae2,60.16829,24.94214,00000000afef4555,1.54
15710,2019-08-01T09:06:42Z,af67ffa8b538058603b74f48e04ab914e8f6cd450f53c47f8c3d683d,60.15432,24.9211,0000000019fb59c4,7.05
15711,2019-08-01T09:06:42Z,afaed9946dbc1509500c6f80f87eed8fe44a74ba3e14328c6efe3971,60.16829,24.94214,00000000afef4555,10.78
15712,2019-08-01T09:06:42Z,b09e9bb62cc49c085c1aee3b752af1bec69dabc939323e5733f73933,60.17065,24.93641,000000000f4919c9,17.4
15713,2019-08-01T09:06:42Z,b25339bfcf356e1460eec7d6494ab8fa8fe2ee363afb6496ab1a1fb9,60.16829,24.94214,00000000afef4555,5.41
15714,2019-08-01T09:06:42Z,b32d22dd18cf9161a46f185f162147d8f4d9f2f6e1d121c3e5b0714e,60.16629,24.95957,00000000fb7600be,18.79
15715,2019-08-01T09:06:42Z,b32e57a6f5865a23d7a0e9fa346d5ec4e975f99c4df815fe8b1449b2,60.17918,24.95141,00000000675d5200,18.79
15716,2019-08-01T09:06:42Z,b3d94dfd4a1393ebe6b450d53a8c1c172707ab9ae1ab42b50b5b31df,60.16829,24.94214,00000000afef4555,18.79
15717,2019-08-01T09:06:42Z,b474e34db18d21635ec9ea2654513e6759c326f3aaec96c25f9a204e,60.16897,24.95222,00000000aa852af1,12.69
15718,2019-08-01T09:06:42Z,b50a45ac0708e7b5cca42f3458430eb22ff70a81c575bafe99ffda23,60.17002,24.94407,000000006b087f40,9.92
15719,2019-08-01T09:06:42Z,b5603e758440226e490d1d7d7271a7b0d5c261eccbad198f81110136,60.15432,24.9211,0000000019fb59c4,4.94
15720,2019-08-01T09:06:42Z,b6c43126ca83e916a68e57d0178060c24fc61305836b6c8f188f7285,60.17918,24.95141,00000000675d5200,13.75
15721,2019-08-01T09:06:42Z,b8fb70225ee0a2d655e2809da07a2f8cd2feb7295aa256f8b35fcf1e,60.16629,24.95957,00000000fb7600be,4.11
15722,2019-08-01T09:06:42Z,bb2187a4e20012ad694c768ef2c47c9a9055671024ebf4855d4e6243,60.16531,24.9442,00000000fdda10fe,1.7
15723,2019-08-01T09:06:42Z,bc384bbbf1b2b631cf27066787a32985e9ede5c94a64dc3cab8b6855,60.14951,24.92138,0000000006dd41f6,29.32
15724,2019-08-01T09:06:42Z,bc6d5082ca52e6dae7a1689a835434f3f6341e90afea565480eb9674,60.16829,24.94214,00000000afef4555,13.75
15725,2019-08-01T09:06:42Z,bc82f76c979de19b559e9e3aa0cd6cbf5ac361e2d7b1ac9f81fe2f4f,60.17918,24.95141,00000000675d5200,4.5
15726,2019-08-01T09:06:42Z,bd17e41f002acd238070518ccfb611a42561023ceaefde667bf6fa55,60.17002,24.94407,000000006b087f40,20.28
15727,2019-08-01T09:06:42Z,be0aec7d0615ab2d3b044d4d86b1cc0c2e35603c8195665e854c25ae,60.16829,24.94214,00000000afef4555,9.12
15728,2019-08-01T09:06:42Z,be12d6aaccf354197284a8c92b960bd6a4e1705f7d948823e7891fde,60.16762,24.95415,000000006b44cce7,4.94
15729,2019-08-01T09:06:42Z,beaae42e2432399a2fe1038d7d9bc164f369b4ad61458aaa4fd733b6,60.16762,24.95415,000000006b44cce7,11.7
15730,2019-08-01T09:06:42Z,bf546b1abc8eba5c7f399f527508a7304dea62586aa297896d71ea5c,60.18203,24.91341,00000000342570c2,23.56
15731,2019-08-01T09:06:42Z,c004fa64cb7de7e87d3b91639ae5f95304fb1a90b0a0e927cea958af,60.16762,24.95415,000000006b44cce7,12.69
15732,2019-08-01T09:06:42Z,c0a0ca3433586ed2ae0e448f2406fabac7292ac79d49562e0bd5cef8,60.16762,24.95415,000000006b44cce7,17.4
15733,2019-08-01T09:06:42Z,c1674c59c49d5bf74e6808239a91d18a04e47697d298bc61a7618af2,60.16448,24.97323,0000000053c6c2be,14.89
15734,2019-08-01T09:06:42Z,c19294a0a6dd80604d1435e92cecc363af55f32ef9d41af8b67687e2,60.16897,24.95222,00000000aa852af1,14.89
15735,2019-08-01T09:06:42Z,c1bf1bf699e9bc78ca15c9490d1ef02e3323f0c2c76bf0fca7955a69,60.14947,24.91438,000000004ef3150d,23.56
15736,2019-08-01T09:06:42Z,c3320c19d0343faf8c298070dd061465dd6b2e745170ca7a14b0b01f,60.1538,24.95595,0000000038bf9618,33.81
15737,2019-08-01T09:06:42Z,c33f45721a01e84b9488b1f9b3b7d5ee5b3450e70eb4b9da508e1a94,60.18203,24.91341,00000000342570c2,17.4
15738,2019-08-01T09:06:42Z,c375f2dac85f963c33b2daf76ffb0c32d2c8fd08172419336e308686,60.14947,24.91438,000000004ef3150d,25.36
15739,2019-08-01T09:06:42Z,c434f18b802a764aad7a2dfb46e93546acb1b0975cf9b93fd47363f6,60.15432,24.9211,0000000019fb59c4,4.5
15740,2019-08-01T09:06:42Z,c872af9997af535c4615ee0b4194c7c8d644b7962afb3ca321eb386f,60.15133,24.92329,00000000e8a064a4,23.56
15741,2019-08-01T09:06:42Z,c8aef405537103b9d31a7e2dda43949f5844b9a36494f8defaf0d803,60.17002,24.94407,000000006b087f40,21.87
15742,2019-08-01T09:06:42Z,c8b9856a261673c3360915cd9a4dabb4afe22b63a86d7f59f7dc5f20,60.17002,24.94407,000000006b087f40,23.56
15743,2019-08-01T09:06:42Z,c8be2c26d4f0c9d399f32e84d95487a2644ffcb62681165be3d36a02,60.16762,24.95415,000000006b44cce7,10.78
15744,2019-08-01T09:06:42Z,c8df45d222b573af5441c1ec32616df82891a813c9217002a9d60846,60.16829,24.94214,00000000afef4555,23.56
15745,2019-08-01T09:06:42Z,c98bce1cc275ed0a1b833011f8cd251ac848fdc84501fe87eb8b5d54,60.17918,24.95141,00000000675d5200,17.4
15746,2019-08-01T09:06:42Z,ca7719c7cd8d4496b666f608fc07ba9930e362a0b2d96890b0778618,60.16629,24.95957,00000000fb7600be,9.92
15747,2019-08-01T09:06:42Z,cccf3ba2a9d11b9330c18af8064a20aca9995473495bf119162a1619,60.16897,24.95222,00000000aa852af1,9.12
15748,2019-08-01T09:06:42Z,cd24d4831d3c3e8dad5e555b47528aa6b11e307b2882be4f65dd4076,60.17002,24.94407,000000006b087f40,11.7
15749,2019-08-01T09:06:42Z,cf823e18aa21de251222a9ab70c1b76b6218dea694752d56f6f84082,60.149,24.9843,00000000fffb8cf0,29.32
15750,2019-08-01T09:06:42Z,d01ab2b99ca2d6e373c630bc0666c220aa0753785f57eba65dfab024,60.16544,24.95398,0000000038d83d41,31.5
15751,2019-08-01T09:06:42Z,d062562fed5ad0a61560e267310beb0b717d2a1e2a11d1d575507861,60.16897,24.95222,00000000aa852af1,14.89
15752,2019-08-01T09:06:42Z,d0ae4fabf429edbfdad59f8183cc6e5929f68633315448c9b83d4c16,60.16762,24.95415,000000006b44cce7,11.7
15753,2019-08-01T09:06:42Z,d0e607248d8728deb0b1b4f29fda6d8cd954a8c837fdebf9df54dc02,60.14947,24.91438,000000004ef3150d,27.28
15754,2019-08-01T09:06:42Z,d16e16def718519430296afa23976c226aaf720722bce3d92a2aad43,60.14947,24.91438,000000004ef3150d,11.7
15755,2019-08-01T09:06:42Z,d29a5ebd00326d5dedb6c60cab75fd238bdaa9d7f703f6b5974edbc7,60.16762,24.95415,000000006b44cce7,4.5
15756,2019-08-01T09:06:42Z,d31d6921eee92503b486a1b30f5330581c4744a82e6549f375544846,60.17918,24.95141,00000000675d5200,18.79
15757,2019-08-01T09:06:42Z,d48c8d6c9167c2eb6e1b8f9bd677138e52ac99b3f5bc81849215a6dd,60.16762,24.95415,000000006b44cce7,20.28
15758,2019-08-01T09:06:42Z,d562afdedae521be241c98441e436608a323fdb944dedc24c835e762,60.17065,24.93641,000000000f4919c9,5.91
15759,2019-08-01T09:06:42Z,d653ef8368d33df4fc7edeb5a381d5826be1471f1470aa9744d47901,60.173,24.92524,0000000096918cfa,2.3
15760,2019-08-01T09:06:42Z,d65b8625c1f24304ff0e3c4a4dce7aa5d434d36be87be41834a49420,60.16531,24.9442,00000000fdda10fe,3.09
15761,2019-08-01T09:06:42Z,d6e217c6592e449e2390b1a874e08cbc9126116901dbdbf84501c6b8,60.17065,24.93641,000000000f4919c9,27.28
15762,2019-08-01T09:06:42Z,d74ea3c9e0aaa523c791aa01f4f9a7c1c43f01f585dc4146b19edf83,60.17918,24.95141,00000000675d5200,13.75
15763,2019-08-01T09:06:42Z,da78c33b53b0b3a551adb83bc2953f20006ca37faff42dbdd687045c,60.17065,24.93641,000000000f4919c9,10.78
15764,2019-08-01T09:06:42Z,dbedd81db3d59ee0c6948187e396a34e2fa5dd6670cf8d862bf5e1ff,60.16762,24.95415,000000006b44cce7,8.38
15765,2019-08-01T09:06:42Z,deb8a213e1b4930e676ee8fdb394161ec46adb785171fa37437b4d44,60.15133,24.92329,00000000e8a064a4,25.36
15766,2019-08-01T09:06:42Z,dfe80baf219bd267a459c954a8e3027b3f1ed29fea2a5355456d5652,60.16897,24.95222,00000000aa852af1,9.92
15767,2019-08-01T09:06:42Z,e09515dbe1e90af07cb756a83c222c60f5f0566f94590848e72f6401,60.16762,24.95415,000000006b44cce7,10.78
15768,2019-08-01T09:06:42Z,e0fe7fe5854899c0eb42b75b300339808143419404558ed4d00b0f17,60.17918,24.95141,00000000675d5200,4.94
15769,2019-08-01T09:06:42Z,e17852aca7e43d18d7706d15f83ad1fd1bef34d1c94ddcb0ac31b967,60.15133,24.92329,00000000e8a064a4,27.28
15770,2019-08-01T09:06:42Z,e234769b1ce1634554f5fa4a290d11b2a30c3dfd009d4c39a2e9dd3d,60.17065,24.93641,000000000f4919c9,10.78
15771,2019-08-01T09:06:42Z,e294dde431d68c7b73efcf1f9b916e40bf408111c79228032c7830a4,60.16544,24.95398,0000000038d83d41,16.1
15772,2019-08-01T09:06:42Z,e2bb0ae74deee6cbc4f50c5f85da3f1779ca1db1ae7ff48ab4b33dbc,60.17918,24.95141,00000000675d5200,4.11
15773,2019-08-01T09:06:42Z,e2f445c6711e0e7d48a6a045bec347587f9f398e8928a171cfa2ca38,60.16762,24.95415,000000006b44cce7,10.78
15774,2019-08-01T09:06:42Z,e3f844c56875bd572c3b57a835b884f1060b467d3bbd25c50dcc7e28,60.16762,24.95415,000000006b44cce7,9.92
15775,2019-08-01T09:06:42Z,e508e239ba2ca68b34ad5074f3d7b013e72f6f7df36eb6cdf545be78,60.16762,24.95415,000000006b44cce7,7.05
15776,2019-08-01T09:06:42Z,e528235be3e5cc4945024d50d1ed43061e2e2f2845f2b41e081e1721,60.17918,24.95141,00000000675d5200,17.4
15777,2019-08-01T09:06:42Z,e5cad8bb9a6c8dcc067948d7f869033aca5bdd062da175c8734092e6,60.17918,24.95141,00000000675d5200,17.4
15778,2019-08-01T09:06:42Z,e73dcccbc4dd6af49316f19a34c347cc94ff7ab079a93a2672d78a16,60.14947,24.91438,000000004ef3150d,27.28
15779,2019-08-01T09:06:42Z,e8add7e8346b99cd4b67924113f3763441a1899897c6d1ac3a1a40a6,60.17918,24.95141,00000000675d5200,5.41
15780,2019-08-01T09:06:42Z,e8ed8051f57ad9d9029a5e3b443c5e93e5059f8c487ba45e2583d35a,60.16829,24.94214,00000000afef4555,16.1
15781,2019-08-01T09:06:42Z,e9275b4d525e0593374e00e9cf9885062a1699ecb3462c758a025ef1,60.16762,24.95415,000000006b44cce7,17.4
15782,2019-08-01T09:06:42Z,ea3f8412ed9c4d92448688dd9cc7ff9e3eeb5fe4373d0953bf0349c1,60.16531,24.9442,00000000fdda10fe,25.36
15783,2019-08-01T09:06:42Z,ea94130fbb3464dc656765cfddbad802ddfafb1af8007cb5f42cd41f,60.16829,24.94214,00000000afef4555,7.05
15784,2019-08-01T09:06:42Z,eaf572301dc5c1eaff007bc1886cce8f0f5e92a233b8686ed2a1a9cc,60.17065,24.93641,000000000f4919c9,14.89
15785,2019-08-01T09:06:42Z,ec2dd83e04d225caca9f6b9d28bd3080ed37c5bf42e5f65123fa2394,60.17065,24.93641,000000000f4919c9,8.38
15786,2019-08-01T09:06:42Z,ec7121833f0e4b509d683b00a9c5e992e4b84882cb857145102e14f4,60.16531,24.9442,00000000fdda10fe,2.08
15787,2019-08-01T09:06:42Z,ed86f884272a5a400b55bfd4f22bc8cc5d6fca7fe26eee3c39cb3c52,60.15432,24.9211,0000000019fb59c4,20.28
15788,2019-08-01T09:06:42Z,ee542e9785f3500077be302d904b99b5885a55592cca795a8a99ea2d,60.149,24.9843,00000000fffb8cf0,29.32
15789,2019-08-01T09:06:42Z,eef621895ee74145a6d76c5f5493a93d7c728c80abe45a2e1933ae9f,60.16897,24.95222,00000000aa852af1,14.89
15790,2019-08-01T09:06:42Z,ef620c567fe4adc1160d75daa4075a87a75acb4a956b68eb60da0690,60.17065,24.93641,000000000f4919c9,23.56
15791,2019-08-01T09:06:42Z,ef67b9e4617f284b84167b4bdaff71108579a33ced0a2450ff25a1a1,60.16629,24.95957,00000000fb7600be,7.05
15792,2019-08-01T09:06:42Z,efea2968b05cd9924e68d3fbaf8228870c4495f46133b86315804899,60.17002,24.94407,000000006b087f40,29.32
15793,2019-08-01T09:06:42Z,f1447725764ec0dca245fc67f2aa0a0c42e6b05808076aa74f0c1e7e,60.17918,24.95141,00000000675d5200,13.75
15794,2019-08-01T09:06:42Z,f18c0c32d067aecf5602d70693ac888cab1be6dbb0d154be5153dfcc,60.16829,24.94214,00000000afef4555,8.38
15795,2019-08-01T09:06:42Z,f1b28329fc91f4708ca34857c5582c0bf1b7d0ab06127746029cd72c,60.17918,24.95141,00000000675d5200,9.12
15796,2019-08-01T09:06:42Z,f20935810c1567a80c288016c4d4dd32fe86b3479f47ae7dd64d15cc,60.15432,24.9211,0000000019fb59c4,4.11
15797,2019-08-01T09:06:42Z,f29ed00b645af4bbf50174e71f58a9b691d2e2342e59eda242d97380,60.16829,24.94214,00000000afef4555,9.12
15798,2019-08-01T09:06:42Z,f4bbc3077da0455d4340da2eed204915327b75a792080724548b4956,60.17919,24.95181,000000007b5207b6,7.05
15799,2019-08-01T09:06:42Z,f503a41d3e8b9b57628f4f061c1d8e0c53c62dd8a6fe38d212958ee6,60.16075,24.95883,00000000f1124bca,16.1
15800,2019-08-01T09:06:42Z,f50fd3b1715a94dff67461f4b8f252ecaa6acc16459b3d021f34f15e,60.1538,24.95595,0000000038bf9618,31.5
15801,2019-08-01T09:06:42Z,f55165f87792f06aaca9b79eea536f4bd692c8ee806294be5fb014df,60.16829,24.94214,00000000afef4555,23.56
15802,2019-08-01T09:06:42Z,f587de6c8c03387c5e6a66cd7d20c45abad3668c8e2246611122547b,60.14947,24.91438,000000004ef3150d,16.1
15803,2019-08-01T09:06:42Z,f5c4e0083948ddd2cc19254413dec48f888a85bfe1f826a524e2a814,60.16075,24.95883,00000000f1124bca,18.79
15804,2019-08-01T09:06:42Z,f741519cf6f519194bb45b9da0e69bda8edb903e3c24d4140f340467,60.16762,24.95415,000000006b44cce7,7.05
15805,2019-08-01T09:06:42Z,f803aeb1f00a057ed31451d0f3d132f27fec17305dc699176ac5339a,60.16897,24.95222,00000000aa852af1,21.87
15806,2019-08-01T09:06:42Z,fa1a3814c680b20020a08346c37ee2853e895984574575312bf262e7,60.14947,24.91438,000000004ef3150d,21.87
15807,2019-08-01T09:06:42Z,fa9f19c58a086fde9429d732b1eec80eacf5fc1b2c0124d17243d008,60.17918,24.95141,00000000675d5200,3.74
15808,2019-08-01T09:06:42Z,fb2df85c8938d6a1bbd1ff0a1cd8aa23480ae08dc39d2b584ed35e14,60.16762,24.95415,000000006b44cce7,4.11
15809,2019-08-01T09:06:42Z,fc75e05a713e8733c512a31a3bebec0a122af3e7afb2c5059c3f1a3a,60.17002,24.94407,000000006b087f40,18.79
15810,2019-08-01T09:06:42Z,fdb3239bb0017def73005dc66a8d674c713493499c8feff7a6c01018,60.16762,24.95415,000000006b44cce7,17.4
15811,2019-08-01T09:06:42Z,fe191b6937595e5cf2ac1491e9056f0f9fb5bf66c0cb900df00b4c64,60.16829,24.94214,00000000afef4555,1.25
15812,2019-08-01T09:06:42Z,fea1453360073dfc1896bf1f005f51addb49661f953e16cffba3c63d,60.16531,24.9442,00000000fdda10fe,12.69
15813,2019-08-01T09:06:42Z,ff10218d9a15a3bf160a969fa266f197770d363bc52dce7fa08ae990,60.16762,24.95415,000000006b44cce7,7.05
15814,2019-08-01T09:06:43Z,03e0fc996a589ccdf1871b3c78e089c08c93ba1f2a02d740fb384aac,60.16531,24.9442,00000000fdda10fe,25.36
15815,2019-08-01T09:06:43Z,14c7e1511b70f4dd3359cbece1377aebb4d70531f5489eefe53d7c3c,60.16544,24.95398,0000000038d83d41,27.28
15816,2019-08-01T09:06:43Z,15918569de0a46a8eb56b43d8d39f7fc82619ff1006f00822c85745c,60.17918,24.95141,00000000675d5200,1.88
15817,2019-08-01T09:06:43Z,171d0bf49a26400390df42bc1c9af98d9279bf8ccee92f39288845e1,60.16762,24.95415,000000006b44cce7,2.3
15818,2019-08-01T09:06:43Z,1f0f0628cdc688d76bde2b82bee5b9b4916bf0bbdfe76cf3213e1c65,60.15432,24.9211,0000000019fb59c4,20.28
15819,2019-08-01T09:06:43Z,2a93b61a3863ace54349d7a0937e4134fcc6d4dfcf064eefae2b7cf8,60.15432,24.9211,0000000019fb59c4,16.1
15820,2019-08-01T09:06:43Z,2dd6ca2c889266702d554569764346cf583b74b0890b10e00ecd4f82,60.16544,24.95398,0000000038d83d41,29.32
15821,2019-08-01T09:06:43Z,5d65719c4cbf045f068d084b72302f447d5fd034413d97d13be00d0e,60.18203,24.91341,00000000342570c2,18.79
15822,2019-08-01T09:06:43Z,6a657079c1bdc8114c289be1ddd83e5846d4279a920d1697b8ff0033,60.18203,24.91341,00000000342570c2,23.56
15823,2019-08-01T09:06:43Z,6ff437688c444238352c28f64f9d2a7d0f14d19c9ea42c225380501e,60.16762,24.95415,000000006b44cce7,11.7
15824,2019-08-01T09:06:43Z,76c7f42283513d0e289bf786d89463b5025b2ae0f4e13519a4cf228b,60.15432,24.9211,0000000019fb59c4,20.28
15825,2019-08-01T09:06:43Z,7ea143c7b689f7c20c38e261a438c20bc2fabab41f1548561d65a3a5,60.16531,24.9442,00000000fdda10fe,31.5
15826,2019-08-01T09:06:43Z,84fdfd8881f633c5f0c71c1480053953ca4b05e848052d97c063ad38,60.1538,24.95595,0000000038bf9618,23.56
15827,2019-08-01T09:06:43Z,87dfaad29a9276ddddb1fa021d3bc23ad14824c1af16f7d87e713689,60.14951,24.92138,0000000006dd41f6,8.38
15828,2019-08-01T09:06:43Z,8cc6ddaa460aeae8cc9e8a33f91a01c8cd4c0c8bf8a943210a28c84d,60.1538,24.95595,0000000038bf9618,14.89
15829,2019-08-01T09:06:43Z,8ffeb52bff155eab19ca329d16be495cd44a08aa7f79b94db079caf9,60.15432,24.9211,0000000019fb59c4,25.36
15830,2019-08-01T09:06:43Z,9843c6216661048343a0e49cf3d8aa2883cf77f452666a1c873a1052,60.16448,24.97323,0000000053c6c2be,8.38
15831,2019-08-01T09:06:43Z,9d03d14afa49576281aa26db60e517f7c1ec8aa36f7756959a860a8a,60.16629,24.95957,00000000fb7600be,11.7
15832,2019-08-01T09:06:43Z,a5302e72a58b038ac7633e65863bac48d8153d8837533ac7b5409f37,60.16629,24.95957,00000000fb7600be,12.69
15833,2019-08-01T09:06:43Z,a9da1ee82e3b670e276c26b483dd50f4a6d0c6f77ef82245d3ae6086,60.18203,24.91341,00000000342570c2,10.78
15834,2019-08-01T09:06:43Z,ab0f67c0c0e1ba5eac9013f9c314feadf340ddf08543b91e70483594,60.16544,24.95398,0000000038d83d41,25.36
15835,2019-08-01T09:06:43Z,b1f358076ba79ef902a36ca8ae3f8ec7c93308a67c479345bfdbdecf,60.1538,24.95595,0000000038bf9618,44.58
15836,2019-08-01T09:06:43Z,b4faf2d3c4d2b199afeab6ab63b583fe3a2e81e14abbef6917f25129,60.15432,24.9211,0000000019fb59c4,25.36
15837,2019-08-01T09:06:43Z,b5fd6b317890e5ab2d79e2cd1abe61626d45a753c7337d0d40728898,60.16762,24.95415,000000006b44cce7,10.78
15838,2019-08-01T09:06:43Z,cf05623e4d87ce0906c0b0b7dbf53aacc1228016cd27c341228b6e76,60.18203,24.91341,00000000342570c2,17.4
15839,2019-08-01T09:06:43Z,d178749a24c32676d0da0f51ae6ff63c456499d4b1814af8fa75ca9e,60.16448,24.97323,0000000053c6c2be,5.41
15840,2019-08-01T09:06:43Z,dd2c9c82cf3737146294aff6f814a1349fb0bc4bedf518715dacbe8f,60.18203,24.91341,00000000342570c2,13.75
15841,2019-08-01T09:06:43Z,df89b51aeaaa1a8c64db45d6c35f918b650806b37aea9b50246a3267,60.16829,24.94214,00000000afef4555,25.36
15842,2019-08-01T09:06:43Z,ec72ef080c605e71978aed0d3b5f22c3c3133677a43c614b72eedc6d,60.14699,24.922,00000000a53ed894,33.81
15843,2019-08-01T09:06:43Z,efd1806e1eee5eca948bc2537df8d816e2cce41009b41189c350ce74,60.16531,24.9442,00000000fdda10fe,33.81
15844,2019-08-01T09:06:43Z,f088630d7476dae7d4b7e2bb1f10575f2c89acb4b6e061f3d57c2b40,60.16531,24.9442,00000000fdda10fe,25.36
15845,2019-08-01T09:06:43Z,f22981c21af00fc334b3d8bdd523e23a50384666e97815f0ec1dc0ac,60.16897,24.95222,00000000aa852af1,13.75
15846,2019-08-01T09:06:43Z,f70a43051a4f59f5002c4018a464b44781f7f527861efda6626a2de4,60.16829,24.94214,00000000afef4555,27.28
15847,2019-08-01T09:06:43Z,f7e45613ad966fea53fab73b435ba3a087c774e36596b3a5156a3487,60.16829,24.94214,00000000afef4555,10.78
15848,2019-08-01T09:06:43Z,f83d4b6b8ffbf8a674d212e32100b2360b80261b4e9207d77c0b0ed3,60.17918,24.95141,00000000675d5200,2.3
15849,2019-08-01T09:06:43Z,fc4f3a44235f1cfc7b53f14ba2da599976a5a0a220d23b852688e485,60.17918,24.95141,00000000675d5200,23.56
15850,2019-08-01T09:06:43Z,00787dad708490660b0b836fa415681cc57046fa521c0c0aaea14a9e,60.16762,24.95415,000000006b44cce7,4.5
15851,2019-08-01T09:06:43Z,02050a536056486b1bf139282f0d0a3af63def1d56ff0c73ac51bb19,60.14947,24.91438,000000004ef3150d,5.41
15852,2019-08-01T09:06:43Z,0362cc670dcfab795a3911957b6a177416bf9b99d0e2732716796c4d,60.15432,24.9211,0000000019fb59c4,14.89
15853,2019-08-01T09:06:43Z,03f427d436ba092925de462b11374bdbdab0443620037675621fbc11,60.17918,24.95141,00000000675d5200,17.4
15854,2019-08-01T09:06:43Z,05ea86e2217eb99bcf8140350112cb56bbca3592d62c5a39efe28768,60.16762,24.95415,000000006b44cce7,17.4
15855,2019-08-01T09:06:43Z,063935180fff0e58de5d319ecb9320cf794423e3c6aeac0cca8f1a9f,60.16897,24.95222,00000000aa852af1,11.7
15856,2019-08-01T09:06:43Z,06547206251ecb06fd1150b1d7f6ca88c024729906c319776c0d7e2d,60.16531,24.9442,00000000fdda10fe,27.28
15857,2019-08-01T09:06:43Z,0849a091b1aabe9b614b6b5c54dffd083dbb4473ca90dc972e4d37de,60.16829,24.94214,00000000afef4555,8.38
15858,2019-08-01T09:06:43Z,08f9fd60f852d3502bfa509c955e9963e73954f961d55ba8cd46cae9,60.16629,24.95957,00000000fb7600be,14.89
15859,2019-08-01T09:06:43Z,0951ec0c700dba7330b8e8181fc852becde054d0dc7474d1488db3cd,60.17065,24.93641,000000000f4919c9,17.4
15860,2019-08-01T09:06:43Z,0c1684b697a63d7f47ebaedcfa060b3b4af294fec1e62d613699291a,60.16897,24.95222,00000000aa852af1,12.69
15861,2019-08-01T09:06:43Z,0e62c7194170ff5abcdede8e7bb2dc9370e053dcd7957fc62f077453,60.16829,24.94214,00000000afef4555,21.87
15862,2019-08-01T09:06:43Z,1069967e3921871955b1b2b42e60f829c593a3e024401bfe61ae410e,60.16629,24.95957,00000000fb7600be,12.69
15863,2019-08-01T09:06:43Z,10d0fed0f7d40b253b5fc5a53297dc9af8bb76fa6f34d5e71383cb62,60.17918,24.95141,00000000675d5200,21.87
15864,2019-08-01T09:06:43Z,1134a082e36fe03359bac74c814a0ed20468c45230115d4e25aa230d,60.16829,24.94214,00000000afef4555,10.78
15865,2019-08-01T09:06:43Z,1190156a73bf59a847cf2ffe8e6c4216b8658b3898324d94a582c787,60.16762,24.95415,000000006b44cce7,11.7
15866,2019-08-01T09:06:43Z,13a759fd293cbde0d55db753d853768b718e59036c4007d2e3a8757a,60.16762,24.95415,000000006b44cce7,9.92
15867,2019-08-01T09:06:43Z,141a580597619f20b14d71a17562763921dafbb27c8aaaa8700fd522,60.16829,24.94214,00000000afef4555,21.87
15868,2019-08-01T09:06:43Z,141ffc858c3ea6a2e69c954115114304736a35dc25ec947323090dc0,60.16762,24.95415,000000006b44cce7,4.5
15869,2019-08-01T09:06:43Z,15a3cdd20e3ce88c179a07d78a2d5fdda854b0fef8441d8cb3aebde8,60.17065,24.93641,000000000f4919c9,21.87
15870,2019-08-01T09:06:43Z,164d8280dbb888033f64368dd641bcef597fc327148fcf74374894c5,60.16544,24.95398,0000000038d83d41,20.28
15871,2019-08-01T09:06:43Z,167a52adcdc4d9a7f697ffc5e058fcb79a22a32ba0b8ed45a36311f2,60.17002,24.94407,000000006b087f40,20.28
15872,2019-08-01T09:06:43Z,16e18d478be872d2a9801fa885d08edeb3f5ae1840b38478f9baf535,60.17918,24.95141,00000000675d5200,14.89
15873,2019-08-01T09:06:43Z,190cdde22bc3e3a41cd0f9da7efb3a917bc09e8034b05ca6064ea8a8,60.17918,24.95141,00000000675d5200,12.69
15874,2019-08-01T09:06:43Z,1ad9bdffafbbf8933ab6b3b695988ad31df32a874eddbf84de369e78,60.16448,24.97323,0000000053c6c2be,29.32
15875,2019-08-01T09:06:43Z,1ca38fda596b437fcaa63f5296adc43c90e729aa040f4b66265aff47,60.173,24.92524,0000000096918cfa,25.36
15876,2019-08-01T09:06:43Z,1cfafdaa3ff1975bcf6f699641431e88775ba2183074d825eeb81dd3,60.149,24.9843,00000000fffb8cf0,14.89
15877,2019-08-01T09:06:43Z,1d70ff49909e1d6fb653ae053aa78084daf385dbbd2ad22b05707309,60.16829,24.94214,00000000afef4555,18.79
15878,2019-08-01T09:06:43Z,1da40c618e0432bb037d08723b65821f6223509e8b4033a4b4190047,60.17065,24.93641,000000000f4919c9,20.28
15879,2019-08-01T09:06:43Z,1dbecade1f3540eb44c3d86cb1ffc73d5bf422ea0cf76927c2d5cd74,60.16829,24.94214,00000000afef4555,18.79
15880,2019-08-01T09:06:43Z,1dcff36b6f83b08b6ea87c1c1018c542c270299839908ca446dffb39,60.16762,24.95415,000000006b44cce7,12.69
15881,2019-08-01T09:06:43Z,1e3044c19f6913531b6dd4bccb88ad02c1b39192513ccffa05444edb,60.1538,24.95595,0000000038bf9618,31.5
15882,2019-08-01T09:06:43Z,1e3af5697f0a2ae45f261da79e4ba71c868dc4d78008bd1995fe6259,60.16448,24.97323,0000000053c6c2be,18.79
15883,2019-08-01T09:06:43Z,1eadb2c1984aa73c3c2f13eab0a2e793331443c617681e36887f0bcc,60.16629,24.95957,00000000fb7600be,18.79
15884,2019-08-01T09:06:43Z,1ecbc7c6afe89033252e5510cbb893666af2b3bc29f555a3a6287fdb,60.14951,24.92138,0000000006dd41f6,4.94
15885,2019-08-01T09:06:43Z,1f813dc10021899138c12ca17c58ab3dc24db1750dcb1790f9c20e8f,60.15133,24.92329,00000000e8a064a4,8.38
15886,2019-08-01T09:06:43Z,227fd98ceb97d84d0c2c3af35c32cee7a87aea62d71b1a5353ae3588,60.17065,24.93641,000000000f4919c9,27.28
15887,2019-08-01T09:06:43Z,2283762fe3af8329ae65aec44de728da8f383810e9f2a3d3b84fa031,60.16897,24.95222,00000000aa852af1,20.28
15888,2019-08-01T09:06:43Z,22ac1ab1c590ea19b44c61c42f5e8da29a6acbabf56676527811507a,60.15432,24.9211,0000000019fb59c4,13.75
15889,2019-08-01T09:06:43Z,25479245e5a8b0fe47e2bd590cdd63256d84afd6c164781dc64e527d,60.149,24.9843,00000000fffb8cf0,12.69
15890,2019-08-01T09:06:43Z,25d340d14d855b8c18b2c6f2551ec98a1eb047d1fd3457ba881ddf28,60.17918,24.95141,00000000675d5200,8.38
15891,2019-08-01T09:06:43Z,277fcf3cc917a89b46a34e0cf5164a78f5bcc88d92bb45ded60f1a91,60.17065,24.93641,000000000f4919c9,11.7
15892,2019-08-01T09:06:43Z,27b591b33a56a542440b53031a24f42290b0ec1a194af27700b75a3a,60.17919,24.95181,000000007b5207b6,21.87
15893,2019-08-01T09:06:43Z,2823bf6afde4a5cc05342c15e7417c9590ba52264be5793bb688faab,60.17065,24.93641,000000000f4919c9,23.56
15894,2019-08-01T09:06:43Z,28296ae2b460df2f6807f8a84b81e5ebd24677a05bded29111dc33a4,60.17002,24.94407,000000006b087f40,29.32
15895,2019-08-01T09:06:43Z,28ce50ca84cdcd4c17a36ac666e7ac0267b6ab5b77f4bfb08b2573a1,60.16762,24.95415,000000006b44cce7,4.11
15896,2019-08-01T09:06:43Z,28d50861d92f962c7a49eabaa524431aebf52870e44b79f77d7167c6,60.17918,24.95141,00000000675d5200,7.69
15897,2019-08-01T09:06:43Z,29ae3c5c3aeac0c607bc816f7e74c232a40142b79a52c43c7b1ed42f,60.16829,24.94214,00000000afef4555,13.75
15898,2019-08-01T09:06:43Z,2afa9ac588b2c55e8edf99ee96ecaf63451a7ab1e51571b7e2d1d491,60.16762,24.95415,000000006b44cce7,9.92
15899,2019-08-01T09:06:43Z,2c184c9cc9c9a744c6959766a13f23462ffce29c252d073a252b6a7a,60.16762,24.95415,000000006b44cce7,17.4
15900,2019-08-01T09:06:43Z,2c6810efb2565383ca0a554f3c51f3f7905484357f5e00756dbf091a,60.17918,24.95141,00000000675d5200,2.54
15901,2019-08-01T09:06:43Z,2c6f6440161f9061a850e8db96383d5eb111f0d1d8f0b666b7c49f22,60.16897,24.95222,00000000aa852af1,10.78
15902,2019-08-01T09:06:43Z,2cd1630b209fe260a2b08554ebbf46b801e6390566ac1d78e6514b11,60.16531,24.9442,00000000fdda10fe,31.5
15903,2019-08-01T09:06:43Z,2f43b7a683b0d365a46b6259a032813c293472eaedcdbcc3507adee5,60.17918,24.95141,00000000675d5200,5.41
15904,2019-08-01T09:06:43Z,2f79108a454c0072885ad1447280ed5098d061b229eaae61a8bb67be,60.15432,24.9211,0000000019fb59c4,9.12
15905,2019-08-01T09:06:43Z,2f82b3546af2df53b58cddc668c9aa196554108cdf39120ea40b417c,60.16629,24.95957,00000000fb7600be,3.4
15906,2019-08-01T09:06:43Z,2fb39eae730ec6f291700f841a64aaf680d52a8346399aec6ccb1dbb,60.17065,24.93641,000000000f4919c9,4.94
15907,2019-08-01T09:06:43Z,2ff189e5846383641192cafb595a7a8f77394239ee03aabd1bf3c49f,60.16829,24.94214,00000000afef4555,2.08
15908,2019-08-01T09:06:43Z,312e78d3624e87e1645e7d54f96facd8a2321d6e65a3ef0620fb1d42,60.16531,24.9442,00000000fdda10fe,20.28
15909,2019-08-01T09:06:43Z,31b02b3b271f6feef9e49d9285929ff1c25a11e608fc5d70bc6a1fac,60.16897,24.95222,00000000aa852af1,18.79
15910,2019-08-01T09:06:43Z,33fa4cb82db5b44ffe6e7ae1039635187f90d1df328f8f139da0c693,60.17918,24.95141,00000000675d5200,2.54
15911,2019-08-01T09:06:43Z,3480c16a6649952c388d8902596e332f018e609b9585f483353ae026,60.17065,24.93641,000000000f4919c9,3.09
15912,2019-08-01T09:06:43Z,34e96c7caa63e7ede8f428b18e8fb556ac235d61a50c9d6ac7ff268f,60.17918,24.95141,00000000675d5200,12.69
15913,2019-08-01T09:06:43Z,359348d27f82b0270a68e954bff8bde5e1a2a32949c7088f12ce7dc8,60.15133,24.92329,00000000e8a064a4,41.64
15914,2019-08-01T09:06:43Z,3609f484ad7e56259f60a61aba44f22dfca5c8b2564fce7e802ad342,60.16829,24.94214,00000000afef4555,14.89
15915,2019-08-01T09:06:43Z,367b1989198ef11170dd9fcfa7e6ebb5ceb58aab87c613ee1bb86e8c,60.16531,24.9442,00000000fdda10fe,9.12
15916,2019-08-01T09:06:43Z,3685ee6d322dcb2ad0ae181f66c3c5427d4531d7896d2f5f7571bb6d,60.16762,24.95415,000000006b44cce7,7.69
15917,2019-08-01T09:06:43Z,36fe97cd2ec69118778c771a87593630f8a6a2cb77d9ce72f845cd3c,60.16762,24.95415,000000006b44cce7,7.05
15918,2019-08-01T09:06:43Z,38fb20c6d55b10dd10a39c0fb41ad61297453e25afda81cf32313ae3,60.16531,24.9442,00000000fdda10fe,29.32
15919,2019-08-01T09:06:43Z,39126ffb278f49e06180cc6abe5b31ab3acdce1534b5b6ffa0b6e567,60.18203,24.91341,00000000342570c2,27.28
15920,2019-08-01T09:06:43Z,39c6456ee66fe96eee3d97cee2a70923cedb3da760bb5d4d413adb9c,60.17918,24.95141,00000000675d5200,2.8
15921,2019-08-01T09:06:43Z,39e9fa7033887b7ab339887aa68753ff94d4771cda2bb8ff4ea7aa0a,60.17918,24.95141,00000000675d5200,10.78
15922,2019-08-01T09:06:43Z,3a1afdcf7c2e5a52cdbcbbe29e8281c184037e8720920c6c75bee339,60.15133,24.92329,00000000e8a064a4,12.69
15923,2019-08-01T09:06:43Z,3a253f272d2781dc2001addfbddcac5f3dbf18610988531707b80b60,60.16829,24.94214,00000000afef4555,17.4
15924,2019-08-01T09:06:43Z,3a2f1a2c6c645bd161943b3f19c171d021512d7a8c4273ed3022f5df,60.16829,24.94214,00000000afef4555,14.89
15925,2019-08-01T09:06:43Z,3a38ba36c098f2741d6c5fb5a751fcd074d05d698ac592ca09ab443c,60.16448,24.97323,0000000053c6c2be,33.81
15926,2019-08-01T09:06:43Z,3a7b4023cee4b0d567a123a3d6aff0bc8f94663522bbdf0ea4306607,60.149,24.9843,00000000fffb8cf0,20.28
15927,2019-08-01T09:06:43Z,3a97ae4dcab31eb5e15e5d036d286e9764e25bcf0ad8afcfba854c90,60.16762,24.95415,000000006b44cce7,4.94
15928,2019-08-01T09:06:43Z,3be40c84926a525adbd09eeeb3a12b73b24c633942b2e1fbe8151ac3,60.16448,24.97323,0000000053c6c2be,12.69
15929,2019-08-01T09:06:43Z,3c84dc456230381a1e1358e89031487d34c88aaa31201204e58517b7,60.16762,24.95415,000000006b44cce7,18.79
15930,2019-08-01T09:06:43Z,3d0437a1d090cd3cad05629e69a61c519aa6218e1b7fb47811e5a4ae,60.16762,24.95415,000000006b44cce7,12.69
15931,2019-08-01T09:06:43Z,3eea43670f4f29a90ced59c1af122371340275fb61ff8f14c7120658,60.16762,24.95415,000000006b44cce7,5.41
15932,2019-08-01T09:06:43Z,40825cb0d315c92e0e0a73cc8e86c3b763bbf7ce226f112913e05e0f,60.17065,24.93641,000000000f4919c9,14.89
15933,2019-08-01T09:06:43Z,4470412c4b059a920f2699fbfb72b261e0847b3e1caa8c71d2edd5a2,60.16448,24.97323,0000000053c6c2be,20.28
15934,2019-08-01T09:06:43Z,4642dfa1df839f11e64f68bca4e3dce7bde2ff6dd68c54959fcb4788,60.17918,24.95141,00000000675d5200,9.92
15935,2019-08-01T09:06:43Z,4682d95464cedcc021f38271a51bab9c000762b4acf802070e259ba2,60.16629,24.95957,00000000fb7600be,9.92
15936,2019-08-01T09:06:43Z,47bd1492244c444d45674eb48dd2e6f222cb109d820ba807c4e18c1a,60.16629,24.95957,00000000fb7600be,12.69
15937,2019-08-01T09:06:43Z,48c0ea6615ac4c02fc9bc0e06f9ea9309f9bf7e73b4324d7a6b14610,60.16829,24.94214,00000000afef4555,11.7
15938,2019-08-01T09:06:43Z,49bbad87e4d6cd03bdb073bde7be91193d74d29943badce7fc536916,60.16448,24.97323,0000000053c6c2be,13.75
15939,2019-08-01T09:06:43Z,49df780a7f20a99ad2810fa4bbb46b5fac9bc5cbe3fc800cd572f63a,60.14947,24.91438,000000004ef3150d,18.79
15940,2019-08-01T09:06:43Z,4ade4f0d92c6157a42d7fd8e353d1c93551324ba47cc134b840a6c63,60.16897,24.95222,00000000aa852af1,6.46
15941,2019-08-01T09:06:43Z,4ba529eeafb27285cbbade6e5ece0d4d04bd2d13c98b27a5d17abd22,60.16897,24.95222,00000000aa852af1,3.09
15942,2019-08-01T09:06:43Z,4c85a4a0756c1707ca2f02a74870d1e1d1a90f1793d229dc3a2bbb63,60.16531,24.9442,00000000fdda10fe,20.28
15943,2019-08-01T09:06:43Z,4c8696833edf46025bc9b5f589679b77a73c857736036aa9ef6696e5,60.17002,24.94407,000000006b087f40,17.4
15944,2019-08-01T09:06:43Z,4e5e16adfd317b7f9617f681099821bae42d6f0dca51dfd0957c65b4,60.16762,24.95415,000000006b44cce7,8.38
15945,2019-08-01T09:06:43Z,4f609afde0ba5cb017ba3c549bdd11ff322a2e0227a0f11a9d112220,60.16762,24.95415,000000006b44cce7,9.92
15946,2019-08-01T09:06:43Z,4f9125edf503fe3cb0ba1e1221fe6a67aafd99fcd89fd92d2bf20e97,60.16897,24.95222,00000000aa852af1,12.69
15947,2019-08-01T09:06:43Z,4fb4a3650a2a28469dde9c537458d24411aa6075666e047dd756fba9,60.17918,24.95141,00000000675d5200,23.56
15948,2019-08-01T09:06:43Z,5001aabb6808b9fd96b705d1ebe8e7aca52713c2640100d81879dd86,60.17918,24.95141,00000000675d5200,5.41
15949,2019-08-01T09:06:43Z,5022acdb28a01d1a0b2077fc89c77bde277b7dd4f079b4fea30f75b9,60.16629,24.95957,00000000fb7600be,17.4
15950,2019-08-01T09:06:43Z,504f910a0bd104a130b85d0c50467a15e74dc950bcc9eac3ebecc43e,60.16531,24.9442,00000000fdda10fe,21.87
15951,2019-08-01T09:06:43Z,518381021c83c138e4a82160bc6cc947b3866647e3c5d6818bdd63bb,60.17002,24.94407,000000006b087f40,10.78
15952,2019-08-01T09:06:43Z,51ec42fdd85671ae93876c3d875b24e56cb45699e9c3d2b623dca70d,60.16762,24.95415,000000006b44cce7,21.87
15953,2019-08-01T09:06:43Z,525c62418d772acb3011be72f993d9157ca5069c4351d3559a5fd673,60.16448,24.97323,0000000053c6c2be,25.36
15954,2019-08-01T09:06:43Z,5372348389197e6c4bc4c5e3dab047e7384d562220e6295904bbda1b,60.17065,24.93641,000000000f4919c9,1.88
15955,2019-08-01T09:06:43Z,5385ddf78e929052bb12c39651fb3ff99e3642aa079d49f687b4c73c,60.16762,24.95415,000000006b44cce7,16.1
15956,2019-08-01T09:06:43Z,54bd709173219e8017f317b63ecc83d0a48f64542e6fa1b83c86a56c,60.17918,24.95141,00000000675d5200,9.12
15957,2019-08-01T09:06:43Z,556cae6b2e2dec6fe691a835e8e08bd016b1a65797c0aca46879329f,60.17918,24.95141,00000000675d5200,21.87
15958,2019-08-01T09:06:43Z,559429bba23762a872fc7b1e2219d42125ab101e4355d43fdb94ed7b,60.17918,24.95141,00000000675d5200,9.92
15959,2019-08-01T09:06:43Z,559e6a5225ce35ab844c63ea0d0c1695dc490a3d9cfbafa5d35ac8d8,60.14947,24.91438,000000004ef3150d,17.4
15960,2019-08-01T09:06:43Z,560816066eb4d44c34d0d56c57c994c0cccbd36fef545059b8e4d9d7,60.14947,24.91438,000000004ef3150d,8.38
15961,2019-08-01T09:06:43Z,57c17edc71bbce06ad692952a1e05eaa77181884e580c0848f3a23fc,60.14951,24.92138,0000000006dd41f6,31.5
15962,2019-08-01T09:06:43Z,5830a481876da00686f25b17dad06258a39212c0816ed04dda2df1bd,60.16531,24.9442,00000000fdda10fe,21.87
15963,2019-08-01T09:06:43Z,5865a27b5b56a60bca38e4a1403655e3e7fd0232a3ff2079965aff81,60.15432,24.9211,0000000019fb59c4,9.12
15964,2019-08-01T09:06:43Z,58754229cd3381042c5ffda79c0108c5f77aa1f0f6d1468b9cb42b4c,60.16829,24.94214,00000000afef4555,20.28
15965,2019-08-01T09:06:43Z,5978726eeef638856dafd3a8d199287f8daf9e90ddde750b402f8bb0,60.17065,24.93641,000000000f4919c9,2.8
15966,2019-08-01T09:06:43Z,5a3004325b5a058e02fb9f32ef4f7e9cc465240cbda7a7e4ec89d2de,60.16629,24.95957,00000000fb7600be,18.79
15967,2019-08-01T09:06:43Z,5a34b02faac3189217466888ef1d31cc80f721ac2f18638c5db88d53,60.14947,24.91438,000000004ef3150d,12.69
15968,2019-08-01T09:06:43Z,5a8d671a78b976d212d9746d88b9a754a2d9c8341c529e88b7c6b8f4,60.17065,24.93641,000000000f4919c9,25.36
15969,2019-08-01T09:06:43Z,5b06617477af6dcee75a94ac347364b50f6f3b5b7d747e5413d9ad58,60.14947,24.91438,000000004ef3150d,7.69
15970,2019-08-01T09:06:43Z,5c1f71098d5d7258d2971061c791c94e0138c8e02225c5f60d6a0428,60.149,24.9843,00000000fffb8cf0,18.79
15971,2019-08-01T09:06:43Z,5daa76852f3e1be6c75fa2185d5787ab9010cf83d6671515769a8649,60.16531,24.9442,00000000fdda10fe,23.56
15972,2019-08-01T09:06:43Z,5e2c5c20c88ccf362ed8749d1ddc041b1cb1c38d8dbeac7870179322,60.16629,24.95957,00000000fb7600be,3.74
15973,2019-08-01T09:06:43Z,6072bfb496e2b8a999c9edbda5b76fbc0e783ff2a439c4e6c881fabf,60.16829,24.94214,00000000afef4555,20.28
15974,2019-08-01T09:06:43Z,61267c0b8343a0506f17cee501b5a33952b38a1e8cf2e5aaf2961e0d,60.16762,24.95415,000000006b44cce7,27.28
15975,2019-08-01T09:06:43Z,619c5b31af2a28703a837cc7974ef0d2c5bb6584ba0fcc03076218ac,60.17002,24.94407,000000006b087f40,18.79
15976,2019-08-01T09:06:43Z,61e4465b011a94bbf6341adebb1aed56100967cac117b368910b36de,60.16544,24.95398,0000000038d83d41,23.56
15977,2019-08-01T09:06:43Z,626bf35ce16dba1054cfd175d09475d3ee751bf70e56f984ff5c7ab6,60.15133,24.92329,00000000e8a064a4,21.87
15978,2019-08-01T09:06:43Z,63ff2439779051005c18876d20ed53ce060c1de9d7976821bd518fc6,60.15432,24.9211,0000000019fb59c4,9.92
15979,2019-08-01T09:06:43Z,6565d00a13e173bc6e2f8805a61547d928440233513cac42029fa1f5,60.17065,24.93641,000000000f4919c9,27.28
15980,2019-08-01T09:06:43Z,65b6b62b547e11e10f7f83ad497446bee2bb9653097d9d62e9b1b817,60.17065,24.93641,000000000f4919c9,16.1
15981,2019-08-01T09:06:43Z,67cf7d2881080aa59ed36a6d88ea1946d17e9d1d5e1ad9eee1851969,60.18203,24.91341,00000000342570c2,18.79
15982,2019-08-01T09:06:43Z,685af6b01bd180194d718801bb8b9c9de22050cc392d6c6441fe986b,60.18203,24.91341,00000000342570c2,13.75
15983,2019-08-01T09:06:43Z,68d7ad8fab31b3c5967a814376d0ddc6cf42e1db0d9e09dfbba169bd,60.16762,24.95415,000000006b44cce7,16.1
15984,2019-08-01T09:06:43Z,69e2854c78a472b462941ef730aa9fa7a9dba9c1cc22996396d4c78a,60.17918,24.95141,00000000675d5200,5.41
15985,2019-08-01T09:06:43Z,6adce4d05e58232a97635a2fd7918e4e49d9295afc0989d727f9c712,60.17002,24.94407,000000006b087f40,5.91
15986,2019-08-01T09:06:43Z,6bf85f0a53af24876df8f58525129c375be7ecefbefc8551140529dd,60.1638,24.96846,00000000d747f075,36.27
15987,2019-08-01T09:06:43Z,6d98ac1fea7056e5b96d6095caf0e3677a4ec30e9fbcc2e50ae1cf65,60.16629,24.95957,00000000fb7600be,9.92
15988,2019-08-01T09:06:43Z,6dd5463e670c352180c1e912300e21e59f5e2976266df8c3c92b0baf,60.16829,24.94214,00000000afef4555,7.05
15989,2019-08-01T09:06:43Z,6eb390f743af2f8f87ce6c2ab53228450ccce1d21de54f8abba160df,60.16829,24.94214,00000000afef4555,18.79
15990,2019-08-01T09:06:43Z,6fe2cf6737d40d71251dac8ebef5356a2b765621e97a346c00a6031c,60.15432,24.9211,0000000019fb59c4,4.11
15991,2019-08-01T09:06:43Z,7003a7f6a5523b645634f014e04bea36016953a8af9324e35602bc2e,60.14947,24.91438,000000004ef3150d,18.79
15992,2019-08-01T09:06:43Z,701dc50417b28dba15ad9ff809844f1766b6579389a2e5ebb0562635,60.16629,24.95957,00000000fb7600be,13.75
15993,2019-08-01T09:06:43Z,704c3f3075f13713c363014fa828e4a932e7a05676813b9963a1e554,60.17918,24.95141,00000000675d5200,4.94
15994,2019-08-01T09:06:43Z,70d391038ec56b63a3737605c2c1db6ffbdca8e4490691776dc993f1,60.16829,24.94214,00000000afef4555,4.94
15995,2019-08-01T09:06:43Z,71b01bb8b8e877dc9ca40e756f441571d12ee3311a945417e8aaa116,60.16762,24.95415,000000006b44cce7,7.05
15996,2019-08-01T09:06:43Z,72439a1f997fd347d46394f31f5789edc877fe61ca34fcd31f9150b1,60.18203,24.91341,00000000342570c2,23.56
15997,2019-08-01T09:06:43Z,7292a4a47ed655e0ce0ead026bb0ae4b8093342f87a9aed5665c1456,60.16762,24.95415,000000006b44cce7,12.69
15998,2019-08-01T09:06:43Z,72f088587da3409c5a4bec360a52a230a7551c3671441baaaabc6357,60.16829,24.94214,00000000afef4555,14.89
15999,2019-08-01T09:06:43Z,73d6b97f785fc0a0a9ed2a397fe1bf1cfa199679f6262451d10e0382,60.16762,24.95415,000000006b44cce7,12.69
16000,2019-08-01T09:06:43Z,750297d0d8ff0ca837d9c2289c26302d62f38708617150431ab14509,60.16531,24.9442,00000000fdda10fe,29.32
16001,2019-08-01T09:06:43Z,7563b91d728fe470bc4d89aa18128a87b92c747336dd2c70cfbf9e84,60.1538,24.95595,0000000038bf9618,21.87
16002,2019-08-01T09:06:43Z,76c2f7b3773d4bebd4dabada1c2b98fe4ea9762e9c98b4a6371d7746,60.16762,24.95415,000000006b44cce7,9.92
16003,2019-08-01T09:06:43Z,7700297fec4982ad776529835e2ab46d4e5cbc889e26f368c19efeef,60.16829,24.94214,00000000afef4555,7.69
16004,2019-08-01T09:06:43Z,774131d73accbbb31ec3c43c3501b7969645eb65df1839ca8116526e,60.15432,24.9211,0000000019fb59c4,7.69
16005,2019-08-01T09:06:43Z,78609e8c2bd9c5464a2dcac1e41e4dedfa24ed31cca7098fd67c668b,60.16829,24.94214,00000000afef4555,20.28
16006,2019-08-01T09:06:43Z,7a2b35da2d6119549eacb416bea033d3d3eb6cbe4d4ff47c50c1fea1,60.16762,24.95415,000000006b44cce7,14.89
16007,2019-08-01T09:06:43Z,7c1534082e86ff4387878d813207626d8f728aa26b97248e00a3b8d7,60.16629,24.95957,00000000fb7600be,16.1
16008,2019-08-01T09:06:43Z,7cd51189de07d01882cf0a9346f0830a9b21764875334d45e143fbd5,60.17002,24.94407,000000006b087f40,14.89
16009,2019-08-01T09:06:43Z,7d12711d47425111a6dce413faa867542b9532f3b9c5a934b37a0bc8,60.17918,24.95141,00000000675d5200,20.28
16010,2019-08-01T09:06:43Z,7d415f4fd9093fb383b4ebb88961ad74e6a00d3ece39504712dad639,60.17918,24.95141,00000000675d5200,8.38
16011,2019-08-01T09:06:43Z,7e2e3d07c939e3e76e7ce87678faf64e056afe54215e00488839100f,60.14947,24.91438,000000004ef3150d,20.28
16012,2019-08-01T09:06:43Z,7eb4a715919b3eb4085270535ce4d7b57112591ad7242eb189bf652a,60.17065,24.93641,000000000f4919c9,9.92
16013,2019-08-01T09:06:43Z,7f59aaecea1eee6c703ec5d46d67b44289ddedf080defee495b73739,60.14947,24.91438,000000004ef3150d,18.79
16014,2019-08-01T09:06:43Z,7faf8705e89a761625aaed50b89538581e25d5950ec8f051d36ed829,60.14947,24.91438,000000004ef3150d,25.36
16015,2019-08-01T09:06:43Z,809bf2d7a0745ae512b934a578fd5fd47c13c5398b6d06ad350b9e7c,60.14947,24.91438,000000004ef3150d,10.78
16016,2019-08-01T09:06:43Z,814fca075a588ae71c130bafc9384a1c17e7bd8168994ae6fca55205,60.16829,24.94214,00000000afef4555,16.1
16017,2019-08-01T09:06:43Z,8165c5f8d06298ffd56f071c0ad1cc9f1d4f08084936937d712d0b61,60.15133,24.92329,00000000e8a064a4,17.4
16018,2019-08-01T09:06:43Z,828afe5ee1f94b9afbfd61b9673b7c8b21457d11dafb1d2ad98dbd23,60.149,24.9843,00000000fffb8cf0,17.4
16019,2019-08-01T09:06:43Z,82b78c2220aee81a2744ddfaf7ed29663888987dba6b7cdda05731d9,60.14947,24.91438,000000004ef3150d,12.69
16020,2019-08-01T09:06:43Z,82bab0a1bfd11576cf62159546b756e1da44125c76909e270ced391b,60.16897,24.95222,00000000aa852af1,18.79
16021,2019-08-01T09:06:43Z,82d5e55f1c1dd503d4aaa8804acff7cbaf416a9c58e0888fce7e0cb7,60.16531,24.9442,00000000fdda10fe,33.81
16022,2019-08-01T09:06:43Z,8524898e498c83bde4bc1848aa2b372da84e7b2266f36aabe128cc27,60.17919,24.95181,000000007b5207b6,12.69
16023,2019-08-01T09:06:43Z,85bdce5b262dbd94adcff03e6cad26a1152828b6ab27e6fdd56b2b13,60.16762,24.95415,000000006b44cce7,4.11
16024,2019-08-01T09:06:43Z,86e7584bf95733cef59d74bb4955881e99dc86b73a0d5b4e3ef58b50,60.18203,24.91341,00000000342570c2,23.56
16025,2019-08-01T09:06:43Z,880f9cbb91b9caf48ea9c5dd1a0c8e1db72922b6dfcb647b102fc469,60.16629,24.95957,00000000fb7600be,7.69
16026,2019-08-01T09:06:43Z,88c2bc6310f27465b9f08b28fb52075d7703ce7b097e5beb37c7437c,60.14947,24.91438,000000004ef3150d,14.89
16027,2019-08-01T09:06:43Z,893080d82bb28aa3ab91e41ddd4569086c8135ade7be10aa644fca95,60.17065,24.93641,000000000f4919c9,25.36
16028,2019-08-01T09:06:43Z,898cde3317c73907bb23b1b885828c4bf3187c3a757a18dc32abe970,60.16762,24.95415,000000006b44cce7,7.05
16029,2019-08-01T09:06:43Z,8a01e28fd327e5c56dcf2dc8b2b7762a96d77584c21990a073ceb11f,60.16829,24.94214,00000000afef4555,20.28
16030,2019-08-01T09:06:43Z,8a70673a694137689441a8a18cff0044d959d5d1991c92c7b5fb8f0c,60.16829,24.94214,00000000afef4555,13.75
16031,2019-08-01T09:06:43Z,8c571538c285dba9d77edacfb1829b282d54b772b62209c6e4004237,60.17918,24.95141,00000000675d5200,6.46
16032,2019-08-01T09:06:43Z,8d5e893f77b3d167ebefad4ecab181fea08513599a6f9450f0b9a827,60.17919,24.95181,000000007b5207b6,27.28
16033,2019-08-01T09:06:43Z,8e20d0d67339e3cf43e77c3a340d9dc6766de8d079197a08a1343ff0,60.17065,24.93641,000000000f4919c9,16.1
16034,2019-08-01T09:06:43Z,8e6caf283696ed75a4aff0c3f528dad5878f6f4b82cbd3eae1164484,60.16897,24.95222,00000000aa852af1,13.75
16035,2019-08-01T09:06:43Z,90a44cbd1a957cc59a6986cff9b6b7b8e151d379e17da645069428b8,60.173,24.92524,0000000096918cfa,10.78
16036,2019-08-01T09:06:43Z,90e21430874f84b949ab67b7487f5f566f99768f7f999a356bce1279,60.17002,24.94407,000000006b087f40,27.28
16037,2019-08-01T09:06:43Z,9236c27efd200a9ad94ce53d3d2cd84e25047b2280d7e96d6c4d971b,60.16897,24.95222,00000000aa852af1,13.75
16038,2019-08-01T09:06:43Z,92c8f3485bc9482ecb77e8659730c985bbb9278b4318620fca3566f9,60.16762,24.95415,000000006b44cce7,20.28
16039,2019-08-01T09:06:43Z,939c459d913b0b38838071a0d13671e83e4a751f44624b21e84daa69,60.16762,24.95415,000000006b44cce7,12.69
16040,2019-08-01T09:06:43Z,941e13893853105c86bfbc6d31d62274937602143ce3bb530c8c17ed,60.17918,24.95141,00000000675d5200,23.56
16041,2019-08-01T09:06:43Z,94d0134c78d883121a7e06e18094d572c8f674376c94be77cc087513,60.16762,24.95415,000000006b44cce7,11.7
16042,2019-08-01T09:06:43Z,94de25728748a75e0ae17bd3f75d246c22fa741c669973ccb86ea813,60.16531,24.9442,00000000fdda10fe,21.87
16043,2019-08-01T09:06:43Z,9609babe3114439a82f93f797f4a6e779b6bab625488b8ff5b63e674,60.16829,24.94214,00000000afef4555,17.4
16044,2019-08-01T09:06:43Z,99a026b5100e23129fa529e9a57a3dbc8490dc03b58f2193f03e2dcf,60.14951,24.92138,0000000006dd41f6,5.41
16045,2019-08-01T09:06:43Z,9b3e6848d8b34e802134d6da0e5a594897ec3fafbbf08b6d0b84068e,60.17918,24.95141,00000000675d5200,7.69
16046,2019-08-01T09:06:43Z,9bc129708b07f3c5bbf4195e83f0e5b9a663b6f371f416a8e3a605f0,60.16897,24.95222,00000000aa852af1,17.4
16047,2019-08-01T09:06:43Z,9bdb503344071eddd74d821f537246d8a6c19468b05d38d0170377f9,60.16897,24.95222,00000000aa852af1,18.79
16048,2019-08-01T09:06:43Z,9bef8b28ea93ecaee57d05b037edbfe7f80014aaf56343345fedd7be,60.17918,24.95141,00000000675d5200,8.38
16049,2019-08-01T09:06:43Z,9dfecc3e26cb27e4b80721e355ef0d6cb182ac2eebf66b006e2d9f8e,60.149,24.9843,00000000fffb8cf0,11.7
16050,2019-08-01T09:06:43Z,9e343a150f07bb3dcce5ecab8ac061b84d65b347b1af5a232e00eeb6,60.16829,24.94214,00000000afef4555,16.1
16051,2019-08-01T09:06:43Z,a04214b56cac7d70680703ee6a28fac742f3c3190b55b46a79c1f76d,60.149,24.9843,00000000fffb8cf0,17.4
16052,2019-08-01T09:06:43Z,a2333053951d093ef490bcc3b9455fa0ed512421b5b597602785ab28,60.16531,24.9442,00000000fdda10fe,16.1
16053,2019-08-01T09:06:43Z,a2c53a9ecb3dab08bc3bf70db35ea02e6f15cedb137ce7817751f27c,60.16829,24.94214,00000000afef4555,20.28
16054,2019-08-01T09:06:43Z,a2e761fd97d8bdf78601300822b531e306b9ab7a1a43b6bfb07eba52,60.14947,24.91438,000000004ef3150d,10.78
16055,2019-08-01T09:06:43Z,a38c11c450b472b9dad2f076e2d9a63651292d3de806331d06af7f46,60.16531,24.9442,00000000fdda10fe,23.56
16056,2019-08-01T09:06:43Z,a403dc1eebc5d130e12a4c3e4298737c9e00b25b1b6b2cc36a6979c9,60.16629,24.95957,00000000fb7600be,9.92
16057,2019-08-01T09:06:43Z,a47e8613674297dc49b26801b19d2110d009aaee57412f2127f3b093,60.16897,24.95222,00000000aa852af1,17.4
16058,2019-08-01T09:06:43Z,a4b9f871dcc986c95f1e84fe203bb392ba0fe13164d89119bda2c94a,60.16762,24.95415,000000006b44cce7,9.12
16059,2019-08-01T09:06:43Z,a6d0dd9de406b1201a4e438ec7c5f4a467f38c41e2dec42ff6c71d50,60.16897,24.95222,00000000aa852af1,31.5
16060,2019-08-01T09:06:43Z,a786eb3b8a25c58099a428799e99d0b86401f803ee38d3e5d20e59d3,60.15432,24.9211,0000000019fb59c4,10.78
16061,2019-08-01T09:06:43Z,a808962cb511e5ed2d23e6e33efe252b1be29dc1d2f7c6154817f04f,60.16448,24.97323,0000000053c6c2be,20.28
16062,2019-08-01T09:06:43Z,a83415babca8eac00f69a32371a230fdadda29bf40fd69f75cf2e8fb,60.17918,24.95141,00000000675d5200,16.1
16063,2019-08-01T09:06:43Z,a83703c80a4d58db87327a53b0d3664d23edf7350ff6b0afaa49c530,60.16629,24.95957,00000000fb7600be,14.89
16064,2019-08-01T09:06:43Z,a8ca7fb815e707c04434a085c4f99e783d56372143afc92225eae622,60.15133,24.92329,00000000e8a064a4,16.1
16065,2019-08-01T09:06:43Z,aa5281244780ac8f283c3452639d477cd76e31fc6f0b95b99c51a9b0,60.16762,24.95415,000000006b44cce7,2.8
16066,2019-08-01T09:06:43Z,ab615ee5bbf567aee3505fbb360d09fc6b851f93fb15aef778b57128,60.16531,24.9442,00000000fdda10fe,9.12
16067,2019-08-01T09:06:43Z,acb3f4b2a6b9fe720b98158caba37c1958df05919990f30368dbbd8b,60.16762,24.95415,000000006b44cce7,13.75
16068,2019-08-01T09:06:43Z,acbbe4765d72f36b0323407c7dbe43db7b4ad5e2da0a6a9e5966db0b,60.16897,24.95222,00000000aa852af1,20.28
16069,2019-08-01T09:06:43Z,ad22512fd6a5ad9e19fdfad7e02b2793ecb01875be243f894c637ae2,60.16829,24.94214,00000000afef4555,1.7
16070,2019-08-01T09:06:43Z,aed65b9d89b5809e51f2b345c656002ceeda94ae082ba254503d3368,60.17002,24.94407,000000006b087f40,29.32
16071,2019-08-01T09:06:43Z,af67ffa8b538058603b74f48e04ab914e8f6cd450f53c47f8c3d683d,60.15432,24.9211,0000000019fb59c4,10.78
16072,2019-08-01T09:06:43Z,afaed9946dbc1509500c6f80f87eed8fe44a74ba3e14328c6efe3971,60.16829,24.94214,00000000afef4555,11.7
16073,2019-08-01T09:06:43Z,b09e9bb62cc49c085c1aee3b752af1bec69dabc939323e5733f73933,60.17065,24.93641,000000000f4919c9,18.79
16074,2019-08-01T09:06:43Z,b25339bfcf356e1460eec7d6494ab8fa8fe2ee363afb6496ab1a1fb9,60.16829,24.94214,00000000afef4555,9.92
16075,2019-08-01T09:06:43Z,b28757d67868f9471f0d997a935e857fd0ff1095449820929597563b,60.16762,24.95415,000000006b44cce7,8.38
16076,2019-08-01T09:06:43Z,b32e57a6f5865a23d7a0e9fa346d5ec4e975f99c4df815fe8b1449b2,60.17918,24.95141,00000000675d5200,20.28
16077,2019-08-01T09:06:43Z,b474e34db18d21635ec9ea2654513e6759c326f3aaec96c25f9a204e,60.16897,24.95222,00000000aa852af1,20.28
16078,2019-08-01T09:06:43Z,b50a45ac0708e7b5cca42f3458430eb22ff70a81c575bafe99ffda23,60.17002,24.94407,000000006b087f40,10.78
16079,2019-08-01T09:06:43Z,b5603e758440226e490d1d7d7271a7b0d5c261eccbad198f81110136,60.15432,24.9211,0000000019fb59c4,3.09
16080,2019-08-01T09:06:43Z,b6c43126ca83e916a68e57d0178060c24fc61305836b6c8f188f7285,60.17918,24.95141,00000000675d5200,7.69
16081,2019-08-01T09:06:43Z,b8fb70225ee0a2d655e2809da07a2f8cd2feb7295aa256f8b35fcf1e,60.16629,24.95957,00000000fb7600be,7.69
16082,2019-08-01T09:06:43Z,bb2187a4e20012ad694c768ef2c47c9a9055671024ebf4855d4e6243,60.16531,24.9442,00000000fdda10fe,1.25
16083,2019-08-01T09:06:43Z,bc384bbbf1b2b631cf27066787a32985e9ede5c94a64dc3cab8b6855,60.14951,24.92138,0000000006dd41f6,38.87
16084,2019-08-01T09:06:43Z,bc6d5082ca52e6dae7a1689a835434f3f6341e90afea565480eb9674,60.16829,24.94214,00000000afef4555,13.75
16085,2019-08-01T09:06:43Z,bc82f76c979de19b559e9e3aa0cd6cbf5ac361e2d7b1ac9f81fe2f4f,60.17918,24.95141,00000000675d5200,7.05
16086,2019-08-01T09:06:43Z,bd23c66c4df0bd849266a4429a24f23f2c9503cf31eb0cd9780248e6,60.18203,24.91341,00000000342570c2,18.79
16087,2019-08-01T09:06:43Z,be0aec7d0615ab2d3b044d4d86b1cc0c2e35603c8195665e854c25ae,60.16829,24.94214,00000000afef4555,13.75
16088,2019-08-01T09:06:43Z,be12d6aaccf354197284a8c92b960bd6a4e1705f7d948823e7891fde,60.16762,24.95415,000000006b44cce7,3.4
16089,2019-08-01T09:06:43Z,bee144e090a471427ec7878609f2446cb79f4c8d7e3c3bf0f67cf8d2,60.16762,24.95415,000000006b44cce7,14.89
16090,2019-08-01T09:06:43Z,bf546b1abc8eba5c7f399f527508a7304dea62586aa297896d71ea5c,60.18203,24.91341,00000000342570c2,29.32
16091,2019-08-01T09:06:43Z,c004fa64cb7de7e87d3b91639ae5f95304fb1a90b0a0e927cea958af,60.16762,24.95415,000000006b44cce7,9.12
16092,2019-08-01T09:06:43Z,c15da9ed244b57a27a083919c67d0edde078a31b18cb58f13581f173,60.1538,24.95595,0000000038bf9618,9.92
16093,2019-08-01T09:06:43Z,c1674c59c49d5bf74e6808239a91d18a04e47697d298bc61a7618af2,60.16448,24.97323,0000000053c6c2be,14.89
16094,2019-08-01T09:06:43Z,c19294a0a6dd80604d1435e92cecc363af55f32ef9d41af8b67687e2,60.16897,24.95222,00000000aa852af1,18.79
16095,2019-08-01T09:06:43Z,c1bf1bf699e9bc78ca15c9490d1ef02e3323f0c2c76bf0fca7955a69,60.14947,24.91438,000000004ef3150d,25.36
16096,2019-08-01T09:06:43Z,c3320c19d0343faf8c298070dd061465dd6b2e745170ca7a14b0b01f,60.1538,24.95595,0000000038bf9618,25.36
16097,2019-08-01T09:06:43Z,c33f45721a01e84b9488b1f9b3b7d5ee5b3450e70eb4b9da508e1a94,60.18203,24.91341,00000000342570c2,18.79
16098,2019-08-01T09:06:43Z,c434f18b802a764aad7a2dfb46e93546acb1b0975cf9b93fd47363f6,60.15432,24.9211,0000000019fb59c4,13.75
16099,2019-08-01T09:06:43Z,c51beff15d228f2dab9416cadfcc60fe269ce3d9202a9cf2ec7e7647,60.16829,24.94214,00000000afef4555,27.28
16100,2019-08-01T09:06:43Z,c55f651c108f569fe59364de834d31b122908186d2f95d20ed519564,60.16762,24.95415,000000006b44cce7,13.75
16101,2019-08-01T09:06:43Z,c65c11ee6e8b5894ead3ea9b007a39127edb65a67be253aca6f78ed0,60.16448,24.97323,0000000053c6c2be,27.28
16102,2019-08-01T09:06:43Z,c872af9997af535c4615ee0b4194c7c8d644b7962afb3ca321eb386f,60.15133,24.92329,00000000e8a064a4,21.87
16103,2019-08-01T09:06:43Z,c8be2c26d4f0c9d399f32e84d95487a2644ffcb62681165be3d36a02,60.16762,24.95415,000000006b44cce7,16.1
16104,2019-08-01T09:06:43Z,c8df45d222b573af5441c1ec32616df82891a813c9217002a9d60846,60.16829,24.94214,00000000afef4555,27.28
16105,2019-08-01T09:06:43Z,c98bce1cc275ed0a1b833011f8cd251ac848fdc84501fe87eb8b5d54,60.17918,24.95141,00000000675d5200,18.79
16106,2019-08-01T09:06:43Z,ca7719c7cd8d4496b666f608fc07ba9930e362a0b2d96890b0778618,60.16629,24.95957,00000000fb7600be,10.78
16107,2019-08-01T09:06:43Z,cccf3ba2a9d11b9330c18af8064a20aca9995473495bf119162a1619,60.16897,24.95222,00000000aa852af1,9.12
16108,2019-08-01T09:06:43Z,cd24d4831d3c3e8dad5e555b47528aa6b11e307b2882be4f65dd4076,60.17002,24.94407,000000006b087f40,3.4
16109,2019-08-01T09:06:43Z,ce7de55c7709396c70ce5930097e84449a4889700e605a0b062aaeae,60.16531,24.9442,00000000fdda10fe,13.75
16110,2019-08-01T09:06:43Z,cf061f5093c857b2efc346d3ad51fd17cca7eb360060ba7875630cf5,60.16897,24.95222,00000000aa852af1,17.4
16111,2019-08-01T09:06:43Z,cf823e18aa21de251222a9ab70c1b76b6218dea694752d56f6f84082,60.149,24.9843,00000000fffb8cf0,29.32
16112,2019-08-01T09:06:43Z,cf9455daa4877b79636eca3ae57056b08dfc0b42f107cedb6f5a3f16,60.16829,24.94214,00000000afef4555,9.12
16113,2019-08-01T09:06:43Z,d062562fed5ad0a61560e267310beb0b717d2a1e2a11d1d575507861,60.16897,24.95222,00000000aa852af1,12.69
16114,2019-08-01T09:06:43Z,d0ae4fabf429edbfdad59f8183cc6e5929f68633315448c9b83d4c16,60.16762,24.95415,000000006b44cce7,7.69
16115,2019-08-01T09:06:43Z,d0e607248d8728deb0b1b4f29fda6d8cd954a8c837fdebf9df54dc02,60.14947,24.91438,000000004ef3150d,29.32
16116,2019-08-01T09:06:43Z,d16e16def718519430296afa23976c226aaf720722bce3d92a2aad43,60.14947,24.91438,000000004ef3150d,12.69
16117,2019-08-01T09:06:43Z,d29a5ebd00326d5dedb6c60cab75fd238bdaa9d7f703f6b5974edbc7,60.16762,24.95415,000000006b44cce7,5.41
16118,2019-08-01T09:06:43Z,d31d6921eee92503b486a1b30f5330581c4744a82e6549f375544846,60.17918,24.95141,00000000675d5200,36.27
16119,2019-08-01T09:06:43Z,d562afdedae521be241c98441e436608a323fdb944dedc24c835e762,60.17065,24.93641,000000000f4919c9,4.5
16120,2019-08-01T09:06:43Z,d653ef8368d33df4fc7edeb5a381d5826be1471f1470aa9744d47901,60.173,24.92524,0000000096918cfa,7.05
16121,2019-08-01T09:06:43Z,d65b8625c1f24304ff0e3c4a4dce7aa5d434d36be87be41834a49420,60.16531,24.9442,00000000fdda10fe,4.11
16122,2019-08-01T09:06:43Z,d6e217c6592e449e2390b1a874e08cbc9126116901dbdbf84501c6b8,60.17065,24.93641,000000000f4919c9,9.92
16123,2019-08-01T09:06:43Z,d74ea3c9e0aaa523c791aa01f4f9a7c1c43f01f585dc4146b19edf83,60.17918,24.95141,00000000675d5200,5.91
16124,2019-08-01T09:06:43Z,d7734ef0345fcffc0f4bd7579275af62987490aba012209832e92059,60.16629,24.95957,00000000fb7600be,16.1
16125,2019-08-01T09:06:43Z,d983db67d9cd171123ba12eeb19c11f34a3ad1d75fc9214ac3ae8a26,60.17002,24.94407,000000006b087f40,21.87
16126,2019-08-01T09:06:43Z,da78c33b53b0b3a551adb83bc2953f20006ca37faff42dbdd687045c,60.17065,24.93641,000000000f4919c9,14.89
16127,2019-08-01T09:06:43Z,dad9f0b8c733353e175a84c9ba4668db5e0974fe1e87754e1fee9084,60.16829,24.94214,00000000afef4555,29.32
16128,2019-08-01T09:06:43Z,dbedd81db3d59ee0c6948187e396a34e2fa5dd6670cf8d862bf5e1ff,60.16762,24.95415,000000006b44cce7,8.38
16129,2019-08-01T09:06:43Z,ddae2128c72cf011df2a698a8254b8738fd07a971349ea8a5e8bfa9f,60.16829,24.94214,00000000afef4555,9.12
16130,2019-08-01T09:06:43Z,deb8a213e1b4930e676ee8fdb394161ec46adb785171fa37437b4d44,60.15133,24.92329,00000000e8a064a4,17.4
16131,2019-08-01T09:06:43Z,ded712413bfc7de58a469fab75498089b2c3c6b5e0c9cae260102284,60.16829,24.94214,00000000afef4555,16.1
16132,2019-08-01T09:06:43Z,dfe80baf219bd267a459c954a8e3027b3f1ed29fea2a5355456d5652,60.16897,24.95222,00000000aa852af1,8.38
16133,2019-08-01T09:06:43Z,e09515dbe1e90af07cb756a83c222c60f5f0566f94590848e72f6401,60.16762,24.95415,000000006b44cce7,7.69
16134,2019-08-01T09:06:43Z,e0fe7fe5854899c0eb42b75b300339808143419404558ed4d00b0f17,60.17918,24.95141,00000000675d5200,4.94
16135,2019-08-01T09:06:43Z,e234769b1ce1634554f5fa4a290d11b2a30c3dfd009d4c39a2e9dd3d,60.17065,24.93641,000000000f4919c9,21.87
16136,2019-08-01T09:06:43Z,e294dde431d68c7b73efcf1f9b916e40bf408111c79228032c7830a4,60.16544,24.95398,0000000038d83d41,18.79
16137,2019-08-01T09:06:43Z,e2bb0ae74deee6cbc4f50c5f85da3f1779ca1db1ae7ff48ab4b33dbc,60.17918,24.95141,00000000675d5200,3.74
16138,2019-08-01T09:06:43Z,e2f445c6711e0e7d48a6a045bec347587f9f398e8928a171cfa2ca38,60.16762,24.95415,000000006b44cce7,9.12
16139,2019-08-01T09:06:43Z,e3f844c56875bd572c3b57a835b884f1060b467d3bbd25c50dcc7e28,60.16762,24.95415,000000006b44cce7,10.78
16140,2019-08-01T09:06:43Z,e528235be3e5cc4945024d50d1ed43061e2e2f2845f2b41e081e1721,60.17918,24.95141,00000000675d5200,16.1
16141,2019-08-01T09:06:43Z,e60dfd6fdae0694da3bbaca41506bcb6ca5f3ac39a1801d84a65751e,60.16762,24.95415,000000006b44cce7,23.56
16142,2019-08-01T09:06:43Z,e73dcccbc4dd6af49316f19a34c347cc94ff7ab079a93a2672d78a16,60.14947,24.91438,000000004ef3150d,17.4
16143,2019-08-01T09:06:43Z,e8add7e8346b99cd4b67924113f3763441a1899897c6d1ac3a1a40a6,60.17918,24.95141,00000000675d5200,11.7
16144,2019-08-01T09:06:43Z,e8ed8051f57ad9d9029a5e3b443c5e93e5059f8c487ba45e2583d35a,60.16829,24.94214,00000000afef4555,21.87
16145,2019-08-01T09:06:43Z,e9275b4d525e0593374e00e9cf9885062a1699ecb3462c758a025ef1,60.16762,24.95415,000000006b44cce7,11.7
16146,2019-08-01T09:06:43Z,e979a153601f7520f54d4733fe91f75f154c8f1c08dc3408dbba5345,60.15432,24.9211,0000000019fb59c4,7.05
16147,2019-08-01T09:06:43Z,e9e1a66ce9f699fc1713bb44cd67a332f584f0c51d18774fc72b8eea,60.16762,24.95415,000000006b44cce7,14.89
16148,2019-08-01T09:06:43Z,ea3f8412ed9c4d92448688dd9cc7ff9e3eeb5fe4373d0953bf0349c1,60.16531,24.9442,00000000fdda10fe,12.69
16149,2019-08-01T09:06:43Z,ea94130fbb3464dc656765cfddbad802ddfafb1af8007cb5f42cd41f,60.16829,24.94214,00000000afef4555,8.38
16150,2019-08-01T09:06:43Z,eaf572301dc5c1eaff007bc1886cce8f0f5e92a233b8686ed2a1a9cc,60.17065,24.93641,000000000f4919c9,13.75
16151,2019-08-01T09:06:43Z,ec2dd83e04d225caca9f6b9d28bd3080ed37c5bf42e5f65123fa2394,60.17065,24.93641,000000000f4919c9,9.12
16152,2019-08-01T09:06:43Z,ec7121833f0e4b509d683b00a9c5e992e4b84882cb857145102e14f4,60.16531,24.9442,00000000fdda10fe,1.88
16153,2019-08-01T09:06:43Z,ec8c0160ac1ee5aeaf6204956c9db2ee4f98f55ae3fe1ec0af07fab8,60.16762,24.95415,000000006b44cce7,9.92
16154,2019-08-01T09:06:43Z,ed86f884272a5a400b55bfd4f22bc8cc5d6fca7fe26eee3c39cb3c52,60.15432,24.9211,0000000019fb59c4,18.79
16155,2019-08-01T09:06:43Z,ee424f3045accaa01434f840d87b26b22f65fb6b2f8d34a4b94d6fcc,60.16762,24.95415,000000006b44cce7,13.75
16156,2019-08-01T09:06:43Z,eef621895ee74145a6d76c5f5493a93d7c728c80abe45a2e1933ae9f,60.16897,24.95222,00000000aa852af1,18.79
16157,2019-08-01T09:06:43Z,ef67b9e4617f284b84167b4bdaff71108579a33ced0a2450ff25a1a1,60.16629,24.95957,00000000fb7600be,12.69
16158,2019-08-01T09:06:43Z,efc51406db4c66b8a573ec325afe8a9258a04a71b46ff3aae1cfa696,60.16762,24.95415,000000006b44cce7,9.12
16159,2019-08-01T09:06:43Z,f1447725764ec0dca245fc67f2aa0a0c42e6b05808076aa74f0c1e7e,60.17918,24.95141,00000000675d5200,14.89
16160,2019-08-01T09:06:43Z,f18c0c32d067aecf5602d70693ac888cab1be6dbb0d154be5153dfcc,60.16829,24.94214,00000000afef4555,8.38
16161,2019-08-01T09:06:43Z,f1b28329fc91f4708ca34857c5582c0bf1b7d0ab06127746029cd72c,60.17918,24.95141,00000000675d5200,17.4
16162,2019-08-01T09:06:43Z,f20935810c1567a80c288016c4d4dd32fe86b3479f47ae7dd64d15cc,60.15432,24.9211,0000000019fb59c4,3.74
16163,2019-08-01T09:06:43Z,f27b93329546b5d9c00e9fc70d0df72440f620564e0fff5a89ff8276,60.17065,24.93641,000000000f4919c9,23.56
16164,2019-08-01T09:06:43Z,f29ed00b645af4bbf50174e71f58a9b691d2e2342e59eda242d97380,60.16829,24.94214,00000000afef4555,17.4
16165,2019-08-01T09:06:43Z,f4587b90aec9127805880f7c81fc03b9fb513fe363015399b895089f,60.16829,24.94214,00000000afef4555,18.79
16166,2019-08-01T09:06:43Z,f4bbc3077da0455d4340da2eed204915327b75a792080724548b4956,60.17918,24.95141,00000000675d5200,3.4
16167,2019-08-01T09:06:43Z,f503a41d3e8b9b57628f4f061c1d8e0c53c62dd8a6fe38d212958ee6,60.16075,24.95883,00000000f1124bca,17.4
16168,2019-08-01T09:06:43Z,f587de6c8c03387c5e6a66cd7d20c45abad3668c8e2246611122547b,60.14947,24.91438,000000004ef3150d,18.79
16169,2019-08-01T09:06:43Z,f5c4e0083948ddd2cc19254413dec48f888a85bfe1f826a524e2a814,60.16075,24.95883,00000000f1124bca,16.1
16170,2019-08-01T09:06:43Z,f5d9e90c37840670f09005aa28a20ca561c4d6bc36ffd28c9ca80584,60.16829,24.94214,00000000afef4555,25.36
16171,2019-08-01T09:06:43Z,f65d3110b508f50688a970043fd573f9fa05a0dbad4c2e07a1fec923,60.16829,24.94214,00000000afef4555,18.79
16172,2019-08-01T09:06:43Z,f665079710528911e7b7844aa55433e09506580c7fed342e1febfaa5,60.16762,24.95415,000000006b44cce7,16.1
16173,2019-08-01T09:06:43Z,f741519cf6f519194bb45b9da0e69bda8edb903e3c24d4140f340467,60.16762,24.95415,000000006b44cce7,7.69
16174,2019-08-01T09:06:43Z,f803aeb1f00a057ed31451d0f3d132f27fec17305dc699176ac5339a,60.16897,24.95222,00000000aa852af1,13.75
16175,2019-08-01T09:06:43Z,f9e527876f8dfe750fd29bc42664bbf572aed5d09d344a8934a83d90,60.17065,24.93641,000000000f4919c9,4.11
16176,2019-08-01T09:06:43Z,fa1a3814c680b20020a08346c37ee2853e895984574575312bf262e7,60.14947,24.91438,000000004ef3150d,6.46
16177,2019-08-01T09:06:43Z,fa9f19c58a086fde9429d732b1eec80eacf5fc1b2c0124d17243d008,60.17918,24.95141,00000000675d5200,7.05
16178,2019-08-01T09:06:43Z,fb2df85c8938d6a1bbd1ff0a1cd8aa23480ae08dc39d2b584ed35e14,60.16762,24.95415,000000006b44cce7,5.91
16179,2019-08-01T09:06:43Z,fba6e66dd09200012637e0b454c96fd7a5459b7e8b0ba01863cdbd77,60.16762,24.95415,000000006b44cce7,3.09
16180,2019-08-01T09:06:43Z,fc75e05a713e8733c512a31a3bebec0a122af3e7afb2c5059c3f1a3a,60.17002,24.94407,000000006b087f40,21.87
16181,2019-08-01T09:06:43Z,fdb3239bb0017def73005dc66a8d674c713493499c8feff7a6c01018,60.16762,24.95415,000000006b44cce7,9.12
16182,2019-08-01T09:06:43Z,fe191b6937595e5cf2ac1491e9056f0f9fb5bf66c0cb900df00b4c64,60.16829,24.94214,00000000afef4555,2.08
16183,2019-08-01T09:06:43Z,fea1453360073dfc1896bf1f005f51addb49661f953e16cffba3c63d,60.16531,24.9442,00000000fdda10fe,8.38
16184,2019-08-01T09:06:43Z,ff10218d9a15a3bf160a969fa266f197770d363bc52dce7fa08ae990,60.16762,24.95415,000000006b44cce7,9.12
16185,2019-08-01T09:06:44Z,0fff89885f08417f20aadfdbf62a372277e9085bcd024374b772ecac,60.16531,24.9442,00000000fdda10fe,25.36
16186,2019-08-01T09:06:44Z,144afc51fc2443c7031a2912566eff2ce60226a49d6d2bd7c2923700,60.16544,24.95398,0000000038d83d41,21.87
16187,2019-08-01T09:06:44Z,14c7e1511b70f4dd3359cbece1377aebb4d70531f5489eefe53d7c3c,60.16544,24.95398,0000000038d83d41,27.28
16188,2019-08-01T09:06:44Z,15918569de0a46a8eb56b43d8d39f7fc82619ff1006f00822c85745c,60.17919,24.95181,000000007b5207b6,6.46
16189,2019-08-01T09:06:44Z,165ebbb4090d47319ae370f0d0854fdc1f6b79499f8b2e4d3c3533c0,60.16544,24.95398,0000000038d83d41,31.5
16190,2019-08-01T09:06:44Z,171d0bf49a26400390df42bc1c9af98d9279bf8ccee92f39288845e1,60.16762,24.95415,000000006b44cce7,2.8
16191,2019-08-01T09:06:44Z,1951291ca064d0fb480d958037c1477427d2ca8db455fef0b741bf9f,60.16448,24.97323,0000000053c6c2be,21.87
16192,2019-08-01T09:06:44Z,1f0f0628cdc688d76bde2b82bee5b9b4916bf0bbdfe76cf3213e1c65,60.15432,24.9211,0000000019fb59c4,17.4
16193,2019-08-01T09:06:44Z,35c6573a3fdd07d91dacb331df71f349703fbecb50875602452d3b83,60.16762,24.95415,000000006b44cce7,17.4
16194,2019-08-01T09:06:44Z,4bbbd31369584c03769c2d0dc01e34a75cc22ae1352f831f62696d2b,60.16762,24.95415,000000006b44cce7,7.05
16195,2019-08-01T09:06:44Z,5d65719c4cbf045f068d084b72302f447d5fd034413d97d13be00d0e,60.18203,24.91341,00000000342570c2,23.56
16196,2019-08-01T09:06:44Z,5eed115a984d490b02b602d73787aee8dc8c4e9365b77fbff3818a76,60.16629,24.95957,00000000fb7600be,25.36
16197,2019-08-01T09:06:44Z,6a657079c1bdc8114c289be1ddd83e5846d4279a920d1697b8ff0033,60.18203,24.91341,00000000342570c2,21.87
16198,2019-08-01T09:06:44Z,6d22b751ff5173035dc85c52c3dff0780126adae67fe33dc62dd45ef,60.16531,24.9442,00000000fdda10fe,18.79
16199,2019-08-01T09:06:44Z,6f06341f358e61699fe1e55e986dd0554bc8da28b91daf0c5ad99db6,60.16629,24.95957,00000000fb7600be,18.79
16200,2019-08-01T09:06:44Z,6ff437688c444238352c28f64f9d2a7d0f14d19c9ea42c225380501e,60.16762,24.95415,000000006b44cce7,16.1
16201,2019-08-01T09:06:44Z,76c7f42283513d0e289bf786d89463b5025b2ae0f4e13519a4cf228b,60.15432,24.9211,0000000019fb59c4,17.4
16202,2019-08-01T09:06:44Z,78d5f60b36b59c06c3988b94e11744bb3aed5dcbc214f91f228bf892,60.16448,24.97323,0000000053c6c2be,21.87
16203,2019-08-01T09:06:44Z,7ea143c7b689f7c20c38e261a438c20bc2fabab41f1548561d65a3a5,60.16531,24.9442,00000000fdda10fe,33.81
16204,2019-08-01T09:06:44Z,84fdfd8881f633c5f0c71c1480053953ca4b05e848052d97c063ad38,60.1538,24.95595,0000000038bf9618,21.87
16205,2019-08-01T09:06:44Z,87dfaad29a9276ddddb1fa021d3bc23ad14824c1af16f7d87e713689,60.14951,24.92138,0000000006dd41f6,9.92
16206,2019-08-01T09:06:44Z,89982a6acf91b79a282a6b63978e946ee205f303fcd20e944e06baf0,60.16544,24.95398,0000000038d83d41,23.56
16207,2019-08-01T09:06:44Z,8c75c3289c84fe4493e1e272a77b615fe1985880c5dc68a7c1a17b53,60.16762,24.95415,000000006b44cce7,9.92
16208,2019-08-01T09:06:44Z,8cc6ddaa460aeae8cc9e8a33f91a01c8cd4c0c8bf8a943210a28c84d,60.1538,24.95595,0000000038bf9618,16.1
16209,2019-08-01T09:06:44Z,9843c6216661048343a0e49cf3d8aa2883cf77f452666a1c873a1052,60.16448,24.97323,0000000053c6c2be,13.75
16210,2019-08-01T09:06:44Z,9d03d14afa49576281aa26db60e517f7c1ec8aa36f7756959a860a8a,60.16629,24.95957,00000000fb7600be,9.92
16211,2019-08-01T09:06:44Z,a08cae03363d2e483a6ea717973088f4bd4276de96a9d438a7358ff4,60.16897,24.95222,00000000aa852af1,33.81
16212,2019-08-01T09:06:44Z,a91d379a4b57c5df22db0d7a041ff69f657b4b31f28554b1011fc03c,60.16544,24.95398,0000000038d83d41,36.27
16213,2019-08-01T09:06:44Z,a9da1ee82e3b670e276c26b483dd50f4a6d0c6f77ef82245d3ae6086,60.18203,24.91341,00000000342570c2,17.4
16214,2019-08-01T09:06:44Z,ab0f67c0c0e1ba5eac9013f9c314feadf340ddf08543b91e70483594,60.16544,24.95398,0000000038d83d41,23.56
16215,2019-08-01T09:06:44Z,b4faf2d3c4d2b199afeab6ab63b583fe3a2e81e14abbef6917f25129,60.15432,24.9211,0000000019fb59c4,27.28
16216,2019-08-01T09:06:44Z,b5fd6b317890e5ab2d79e2cd1abe61626d45a753c7337d0d40728898,60.16762,24.95415,000000006b44cce7,9.12
16217,2019-08-01T09:06:44Z,ba42c72ea7c2663b3ea5044faf12173ab18e523dc35de0e24bf374ac,60.16544,24.95398,0000000038d83d41,23.56
16218,2019-08-01T09:06:44Z,cf05623e4d87ce0906c0b0b7dbf53aacc1228016cd27c341228b6e76,60.18203,24.91341,00000000342570c2,20.28
16219,2019-08-01T09:06:44Z,d127ead865385b64ae537a703a26be15fae4b5332ce0fbf03d5e0c23,60.1538,24.95595,0000000038bf9618,33.81
16220,2019-08-01T09:06:44Z,d178749a24c32676d0da0f51ae6ff63c456499d4b1814af8fa75ca9e,60.16448,24.97323,0000000053c6c2be,7.69
16221,2019-08-01T09:06:44Z,dd2c9c82cf3737146294aff6f814a1349fb0bc4bedf518715dacbe8f,60.18203,24.91341,00000000342570c2,16.1
16222,2019-08-01T09:06:44Z,ebd5792818b1818f5d1ea2cd8ef5e4b500cfc7a7fbb7be7907ce2d0c,60.16762,24.95415,000000006b44cce7,18.79
16223,2019-08-01T09:06:44Z,ec72ef080c605e71978aed0d3b5f22c3c3133677a43c614b72eedc6d,60.14699,24.922,00000000a53ed894,20.28
16224,2019-08-01T09:06:44Z,ed70dda6b7faebd4340dacdb452ab224d9d3c308df417b7fa76f54e8,60.14951,24.92138,0000000006dd41f6,25.36
16225,2019-08-01T09:06:44Z,f22981c21af00fc334b3d8bdd523e23a50384666e97815f0ec1dc0ac,60.16897,24.95222,00000000aa852af1,9.12
16226,2019-08-01T09:06:44Z,f70a43051a4f59f5002c4018a464b44781f7f527861efda6626a2de4,60.16829,24.94214,00000000afef4555,31.5
16227,2019-08-01T09:06:44Z,f7e45613ad966fea53fab73b435ba3a087c774e36596b3a5156a3487,60.16829,24.94214,00000000afef4555,5.41
16228,2019-08-01T09:06:44Z,f83d4b6b8ffbf8a674d212e32100b2360b80261b4e9207d77c0b0ed3,60.17918,24.95141,00000000675d5200,2.08
16229,2019-08-01T09:06:44Z,f99c5dd8cc08bd2353083d875ce8bc585fb2c2ff8427b90d92f571de,60.1538,24.95595,0000000038bf9618,31.5
16230,2019-08-01T09:06:44Z,fc4f3a44235f1cfc7b53f14ba2da599976a5a0a220d23b852688e485,60.17918,24.95141,00000000675d5200,17.4
16231,2019-08-01T09:06:44Z,00787dad708490660b0b836fa415681cc57046fa521c0c0aaea14a9e,60.16762,24.95415,000000006b44cce7,5.91
16232,2019-08-01T09:06:44Z,011372b726688a0c953368b50bc5a1cb0212c17dbecc587d9f9d75ce,60.16629,24.95957,00000000fb7600be,23.56
16233,2019-08-01T09:06:44Z,02050a536056486b1bf139282f0d0a3af63def1d56ff0c73ac51bb19,60.14947,24.91438,000000004ef3150d,11.7
16234,2019-08-01T09:06:44Z,023083c44c772667f1727e01c74518889b2a82d78ceb28c08b6f8a20,60.16531,24.9442,00000000fdda10fe,10.78
16235,2019-08-01T09:06:44Z,026f61905925674212a1c7d1e14b2ee5d1039bb4ecb5159f7d522150,60.16762,24.95415,000000006b44cce7,9.12
16236,2019-08-01T09:06:44Z,0362cc670dcfab795a3911957b6a177416bf9b99d0e2732716796c4d,60.15432,24.9211,0000000019fb59c4,16.1
16237,2019-08-01T09:06:44Z,03f427d436ba092925de462b11374bdbdab0443620037675621fbc11,60.17918,24.95141,00000000675d5200,17.4
16238,2019-08-01T09:06:44Z,0483eb7342f4e704caa76b9bc3d6a7bd836282960dafc2c756247134,60.16762,24.95415,000000006b44cce7,18.79
16239,2019-08-01T09:06:44Z,063935180fff0e58de5d319ecb9320cf794423e3c6aeac0cca8f1a9f,60.16897,24.95222,00000000aa852af1,33.81
16240,2019-08-01T09:06:44Z,0849a091b1aabe9b614b6b5c54dffd083dbb4473ca90dc972e4d37de,60.16829,24.94214,00000000afef4555,7.69
16241,2019-08-01T09:06:44Z,08f10568d1e90d000e41196f141e0c1a52bab88fcf08f4753a3c055e,60.16897,24.95222,00000000aa852af1,20.28
16242,2019-08-01T09:06:44Z,08f9fd60f852d3502bfa509c955e9963e73954f961d55ba8cd46cae9,60.16629,24.95957,00000000fb7600be,13.75
16243,2019-08-01T09:06:44Z,0951ec0c700dba7330b8e8181fc852becde054d0dc7474d1488db3cd,60.17065,24.93641,000000000f4919c9,13.75
16244,2019-08-01T09:06:44Z,0c1684b697a63d7f47ebaedcfa060b3b4af294fec1e62d613699291a,60.16897,24.95222,00000000aa852af1,11.7
16245,2019-08-01T09:06:44Z,0feb7de3b58597dd266ed606e8d3b6e2e4e0be942b17c15be984f51c,60.14951,24.92138,0000000006dd41f6,17.4
16246,2019-08-01T09:06:44Z,1069967e3921871955b1b2b42e60f829c593a3e024401bfe61ae410e,60.16629,24.95957,00000000fb7600be,9.92
16247,2019-08-01T09:06:44Z,10d0fed0f7d40b253b5fc5a53297dc9af8bb76fa6f34d5e71383cb62,60.17918,24.95141,00000000675d5200,14.89
16248,2019-08-01T09:06:44Z,1134a082e36fe03359bac74c814a0ed20468c45230115d4e25aa230d,60.16829,24.94214,00000000afef4555,6.46
16249,2019-08-01T09:06:44Z,1190156a73bf59a847cf2ffe8e6c4216b8658b3898324d94a582c787,60.16762,24.95415,000000006b44cce7,9.92
16250,2019-08-01T09:06:44Z,13a759fd293cbde0d55db753d853768b718e59036c4007d2e3a8757a,60.16762,24.95415,000000006b44cce7,8.38
16251,2019-08-01T09:06:44Z,141a580597619f20b14d71a17562763921dafbb27c8aaaa8700fd522,60.16829,24.94214,00000000afef4555,16.1
16252,2019-08-01T09:06:44Z,141ffc858c3ea6a2e69c954115114304736a35dc25ec947323090dc0,60.16762,24.95415,000000006b44cce7,4.5
16253,2019-08-01T09:06:44Z,1564db6ab71666bfe0865d19fd134f7018f49bc12ff1969853697784,60.16531,24.9442,00000000fdda10fe,17.4
16254,2019-08-01T09:06:44Z,164d8280dbb888033f64368dd641bcef597fc327148fcf74374894c5,60.16544,24.95398,0000000038d83d41,8.38
16255,2019-08-01T09:06:44Z,167a52adcdc4d9a7f697ffc5e058fcb79a22a32ba0b8ed45a36311f2,60.17002,24.94407,000000006b087f40,17.4
16256,2019-08-01T09:06:44Z,16e18d478be872d2a9801fa885d08edeb3f5ae1840b38478f9baf535,60.17919,24.95181,000000007b5207b6,16.1
16257,2019-08-01T09:06:44Z,171980d40f8d22e4729243ca1e6e18c1416a08d9e495829266ca211e,60.16897,24.95222,00000000aa852af1,21.87
16258,2019-08-01T09:06:44Z,190cdde22bc3e3a41cd0f9da7efb3a917bc09e8034b05ca6064ea8a8,60.17918,24.95141,00000000675d5200,11.7
16259,2019-08-01T09:06:44Z,1a057a74ec50ab7dac4f29547e82a9c7f37192d592a42f63379e1d8f,60.16448,24.97323,0000000053c6c2be,31.5
16260,2019-08-01T09:06:44Z,1b68a6bcf7b740e0c437e0976d4900f31368afcb2c757bba30e0a249,60.16829,24.94214,00000000afef4555,14.89
16261,2019-08-01T09:06:44Z,1cfafdaa3ff1975bcf6f699641431e88775ba2183074d825eeb81dd3,60.149,24.9843,00000000fffb8cf0,14.89
16262,2019-08-01T09:06:44Z,1d70ff49909e1d6fb653ae053aa78084daf385dbbd2ad22b05707309,60.16829,24.94214,00000000afef4555,14.89
16263,2019-08-01T09:06:44Z,1da40c618e0432bb037d08723b65821f6223509e8b4033a4b4190047,60.17065,24.93641,000000000f4919c9,25.36
16264,2019-08-01T09:06:44Z,1dcff36b6f83b08b6ea87c1c1018c542c270299839908ca446dffb39,60.16762,24.95415,000000006b44cce7,14.89
16265,2019-08-01T09:06:44Z,1eadb2c1984aa73c3c2f13eab0a2e793331443c617681e36887f0bcc,60.16629,24.95957,00000000fb7600be,21.87
16266,2019-08-01T09:06:44Z,1ecbc7c6afe89033252e5510cbb893666af2b3bc29f555a3a6287fdb,60.14951,24.92138,0000000006dd41f6,3.09
16267,2019-08-01T09:06:44Z,1f813dc10021899138c12ca17c58ab3dc24db1750dcb1790f9c20e8f,60.15133,24.92329,00000000e8a064a4,12.69
16268,2019-08-01T09:06:44Z,22ac1ab1c590ea19b44c61c42f5e8da29a6acbabf56676527811507a,60.15432,24.9211,0000000019fb59c4,23.56
16269,2019-08-01T09:06:44Z,22b68b1dc6e6d815ca8e6afbd434ae0e229670798c443052e7444648,60.16762,24.95415,000000006b44cce7,18.79
16270,2019-08-01T09:06:44Z,25479245e5a8b0fe47e2bd590cdd63256d84afd6c164781dc64e527d,60.149,24.9843,00000000fffb8cf0,12.69
16271,2019-08-01T09:06:44Z,25d340d14d855b8c18b2c6f2551ec98a1eb047d1fd3457ba881ddf28,60.17918,24.95141,00000000675d5200,4.94
16272,2019-08-01T09:06:44Z,277fcf3cc917a89b46a34e0cf5164a78f5bcc88d92bb45ded60f1a91,60.17065,24.93641,000000000f4919c9,10.78
16273,2019-08-01T09:06:44Z,27b591b33a56a542440b53031a24f42290b0ec1a194af27700b75a3a,60.17918,24.95141,00000000675d5200,14.89
16274,2019-08-01T09:06:44Z,2823bf6afde4a5cc05342c15e7417c9590ba52264be5793bb688faab,60.17065,24.93641,000000000f4919c9,16.1
16275,2019-08-01T09:06:44Z,28296ae2b460df2f6807f8a84b81e5ebd24677a05bded29111dc33a4,60.17002,24.94407,000000006b087f40,23.56
16276,2019-08-01T09:06:44Z,2851f1c6f7f1a08c1f0a282a34a8f383121075c15cf18ea40d134972,60.16531,24.9442,00000000fdda10fe,21.87
16277,2019-08-01T09:06:44Z,28ce50ca84cdcd4c17a36ac666e7ac0267b6ab5b77f4bfb08b2573a1,60.16762,24.95415,000000006b44cce7,2.08
16278,2019-08-01T09:06:44Z,28d50861d92f962c7a49eabaa524431aebf52870e44b79f77d7167c6,60.17919,24.95181,000000007b5207b6,7.69
16279,2019-08-01T09:06:44Z,2949e68aa577c4837fb826dbf743795ddc51d679e4cdca8ee32e331d,60.16762,24.95415,000000006b44cce7,9.92
16280,2019-08-01T09:06:44Z,29ae3c5c3aeac0c607bc816f7e74c232a40142b79a52c43c7b1ed42f,60.16829,24.94214,00000000afef4555,3.4
16281,2019-08-01T09:06:44Z,2afa9ac588b2c55e8edf99ee96ecaf63451a7ab1e51571b7e2d1d491,60.16762,24.95415,000000006b44cce7,6.46
16282,2019-08-01T09:06:44Z,2c184c9cc9c9a744c6959766a13f23462ffce29c252d073a252b6a7a,60.16762,24.95415,000000006b44cce7,16.1
16283,2019-08-01T09:06:44Z,2c6810efb2565383ca0a554f3c51f3f7905484357f5e00756dbf091a,60.17919,24.95181,000000007b5207b6,16.1
16284,2019-08-01T09:06:44Z,2c6f6440161f9061a850e8db96383d5eb111f0d1d8f0b666b7c49f22,60.16897,24.95222,00000000aa852af1,14.89
16285,2019-08-01T09:06:44Z,2ea9a23b1a04016fb4810d1ceb5731d90774224fd9235877005a4e1c,60.16897,24.95222,00000000aa852af1,33.81
16286,2019-08-01T09:06:44Z,2f43b7a683b0d365a46b6259a032813c293472eaedcdbcc3507adee5,60.17918,24.95141,00000000675d5200,8.38
16287,2019-08-01T09:06:44Z,2f7636d34066fc720664bb0b85ba6e0a9db63eadebf93248bdf9e941,60.16762,24.95415,000000006b44cce7,10.78
16288,2019-08-01T09:06:44Z,2f82b3546af2df53b58cddc668c9aa196554108cdf39120ea40b417c,60.16629,24.95957,00000000fb7600be,1.38
16289,2019-08-01T09:06:44Z,2fb39eae730ec6f291700f841a64aaf680d52a8346399aec6ccb1dbb,60.17065,24.93641,000000000f4919c9,6.46
16290,2019-08-01T09:06:44Z,2fb6d9d46ec584d1f1d7b67e7650ff7a665788f4000a4b39dc16a4e1,60.16829,24.94214,00000000afef4555,31.5
16291,2019-08-01T09:06:44Z,2ff189e5846383641192cafb595a7a8f77394239ee03aabd1bf3c49f,60.16829,24.94214,00000000afef4555,0.71
16292,2019-08-01T09:06:44Z,312e78d3624e87e1645e7d54f96facd8a2321d6e65a3ef0620fb1d42,60.16531,24.9442,00000000fdda10fe,14.89
16293,2019-08-01T09:06:44Z,31b02b3b271f6feef9e49d9285929ff1c25a11e608fc5d70bc6a1fac,60.16897,24.95222,00000000aa852af1,20.28
16294,2019-08-01T09:06:44Z,33fa4cb82db5b44ffe6e7ae1039635187f90d1df328f8f139da0c693,60.17919,24.95181,000000007b5207b6,6.46
16295,2019-08-01T09:06:44Z,3480c16a6649952c388d8902596e332f018e609b9585f483353ae026,60.17065,24.93641,000000000f4919c9,1.7
16296,2019-08-01T09:06:44Z,34aa4c3c2f71b736426f6819c09b12c961bc996110fe1fa7c9772c5d,60.15432,24.9211,0000000019fb59c4,9.12
16297,2019-08-01T09:06:44Z,34e96c7caa63e7ede8f428b18e8fb556ac235d61a50c9d6ac7ff268f,60.17918,24.95141,00000000675d5200,10.78
16298,2019-08-01T09:06:44Z,359348d27f82b0270a68e954bff8bde5e1a2a32949c7088f12ce7dc8,60.15133,24.92329,00000000e8a064a4,18.79
16299,2019-08-01T09:06:44Z,367b1989198ef11170dd9fcfa7e6ebb5ceb58aab87c613ee1bb86e8c,60.16531,24.9442,00000000fdda10fe,10.78
16300,2019-08-01T09:06:44Z,3685ee6d322dcb2ad0ae181f66c3c5427d4531d7896d2f5f7571bb6d,60.16762,24.95415,000000006b44cce7,5.91
16301,2019-08-01T09:06:44Z,36fe97cd2ec69118778c771a87593630f8a6a2cb77d9ce72f845cd3c,60.16762,24.95415,000000006b44cce7,5.91
16302,2019-08-01T09:06:44Z,38fb20c6d55b10dd10a39c0fb41ad61297453e25afda81cf32313ae3,60.16531,24.9442,00000000fdda10fe,21.87
16303,2019-08-01T09:06:44Z,39126ffb278f49e06180cc6abe5b31ab3acdce1534b5b6ffa0b6e567,60.18203,24.91341,00000000342570c2,27.28
16304,2019-08-01T09:06:44Z,39c6456ee66fe96eee3d97cee2a70923cedb3da760bb5d4d413adb9c,60.17919,24.95181,000000007b5207b6,6.46
16305,2019-08-01T09:06:44Z,39e9fa7033887b7ab339887aa68753ff94d4771cda2bb8ff4ea7aa0a,60.17919,24.95181,000000007b5207b6,2.3
16306,2019-08-01T09:06:44Z,3a1afdcf7c2e5a52cdbcbbe29e8281c184037e8720920c6c75bee339,60.15133,24.92329,00000000e8a064a4,5.91
16307,2019-08-01T09:06:44Z,3a253f272d2781dc2001addfbddcac5f3dbf18610988531707b80b60,60.16829,24.94214,00000000afef4555,7.05
16308,2019-08-01T09:06:44Z,3a38ba36c098f2741d6c5fb5a751fcd074d05d698ac592ca09ab443c,60.16448,24.97323,0000000053c6c2be,20.28
16309,2019-08-01T09:06:44Z,3a7b4023cee4b0d567a123a3d6aff0bc8f94663522bbdf0ea4306607,60.149,24.9843,00000000fffb8cf0,14.89
16310,2019-08-01T09:06:44Z,3a97ae4dcab31eb5e15e5d036d286e9764e25bcf0ad8afcfba854c90,60.16762,24.95415,000000006b44cce7,9.92
16311,2019-08-01T09:06:44Z,3b124e1851087531134d5e5d0a10b6afe3551982609a81a19dd969dd,60.16829,24.94214,00000000afef4555,16.1
16312,2019-08-01T09:06:44Z,3be40c84926a525adbd09eeeb3a12b73b24c633942b2e1fbe8151ac3,60.16448,24.97323,0000000053c6c2be,14.89
16313,2019-08-01T09:06:44Z,3c864716e211395e6a02802fbf80abb7b7c4519243bea4994fca7720,60.16762,24.95415,000000006b44cce7,9.92
16314,2019-08-01T09:06:44Z,3eea43670f4f29a90ced59c1af122371340275fb61ff8f14c7120658,60.16762,24.95415,000000006b44cce7,5.91
16315,2019-08-01T09:06:44Z,40825cb0d315c92e0e0a73cc8e86c3b763bbf7ce226f112913e05e0f,60.17065,24.93641,000000000f4919c9,23.56
16316,2019-08-01T09:06:44Z,40dc9402556d3dbb11c7f8919225178116092f92d29166bb853a14a9,60.16762,24.95415,000000006b44cce7,13.75
16317,2019-08-01T09:06:44Z,41f455676c61a2d8e1658c60afd7984613a3bc84daac78079c0d8b0c,60.16829,24.94214,00000000afef4555,14.89
16318,2019-08-01T09:06:44Z,42844e90c7134ebb3ec325f57cd27cd24711c779548ebc8692a820d5,60.14951,24.92138,0000000006dd41f6,3.4
16319,2019-08-01T09:06:44Z,432417b4972b744ded3410777a6bbb583cf56172bf3436ddbe48a21d,60.16762,24.95415,000000006b44cce7,5.41
16320,2019-08-01T09:06:44Z,44334c68f3991fe858ac066726e0a884236a5d89fe94d917b48e857c,60.16829,24.94214,00000000afef4555,12.69
16321,2019-08-01T09:06:44Z,4470412c4b059a920f2699fbfb72b261e0847b3e1caa8c71d2edd5a2,60.16448,24.97323,0000000053c6c2be,18.79
16322,2019-08-01T09:06:44Z,4642dfa1df839f11e64f68bca4e3dce7bde2ff6dd68c54959fcb4788,60.17918,24.95141,00000000675d5200,2.3
16323,2019-08-01T09:06:44Z,4682d95464cedcc021f38271a51bab9c000762b4acf802070e259ba2,60.16629,24.95957,00000000fb7600be,7.69
16324,2019-08-01T09:06:44Z,46c37bb9313fa511d142a461fb0eedda90bf18eb9016d20db109f6a4,60.16829,24.94214,00000000afef4555,20.28
16325,2019-08-01T09:06:44Z,47bd1492244c444d45674eb48dd2e6f222cb109d820ba807c4e18c1a,60.16629,24.95957,00000000fb7600be,12.69
16326,2019-08-01T09:06:44Z,48004849b2f48b2314aa9175433d754db1641b949bb8cf050e2dd128,60.17918,24.95141,00000000675d5200,18.79
16327,2019-08-01T09:06:44Z,484bbaa5a9d6bdd2259f022b6ea4e3c290985c13a1286bd7142d878f,60.16762,24.95415,000000006b44cce7,12.69
16328,2019-08-01T09:06:44Z,48c0ea6615ac4c02fc9bc0e06f9ea9309f9bf7e73b4324d7a6b14610,60.16829,24.94214,00000000afef4555,18.79
16329,2019-08-01T09:06:44Z,49bbad87e4d6cd03bdb073bde7be91193d74d29943badce7fc536916,60.16448,24.97323,0000000053c6c2be,5.41
16330,2019-08-01T09:06:44Z,49df780a7f20a99ad2810fa4bbb46b5fac9bc5cbe3fc800cd572f63a,60.14947,24.91438,000000004ef3150d,16.1
16331,2019-08-01T09:06:44Z,4ade4f0d92c6157a42d7fd8e353d1c93551324ba47cc134b840a6c63,60.16897,24.95222,00000000aa852af1,8.38
16332,2019-08-01T09:06:44Z,4afcc27c652d3d50a44d060f84e33dd4b17529d982928dae936cf10f,60.16448,24.97323,0000000053c6c2be,23.56
16333,2019-08-01T09:06:44Z,4b2a76fb26f6b1d599420f6c7f92f900a455b7f2b707ffccb12020b1,60.16531,24.9442,00000000fdda10fe,27.28
16334,2019-08-01T09:06:44Z,4ba529eeafb27285cbbade6e5ece0d4d04bd2d13c98b27a5d17abd22,60.16897,24.95222,00000000aa852af1,3.4
16335,2019-08-01T09:06:44Z,4c85a4a0756c1707ca2f02a74870d1e1d1a90f1793d229dc3a2bbb63,60.16531,24.9442,00000000fdda10fe,20.28
16336,2019-08-01T09:06:44Z,4c8696833edf46025bc9b5f589679b77a73c857736036aa9ef6696e5,60.17002,24.94407,000000006b087f40,23.56
16337,2019-08-01T09:06:44Z,4f609afde0ba5cb017ba3c549bdd11ff322a2e0227a0f11a9d112220,60.16762,24.95415,000000006b44cce7,11.7
16338,2019-08-01T09:06:44Z,4f9125edf503fe3cb0ba1e1221fe6a67aafd99fcd89fd92d2bf20e97,60.16897,24.95222,00000000aa852af1,14.89
16339,2019-08-01T09:06:44Z,5001aabb6808b9fd96b705d1ebe8e7aca52713c2640100d81879dd86,60.17919,24.95181,000000007b5207b6,6.46
16340,2019-08-01T09:06:44Z,5022acdb28a01d1a0b2077fc89c77bde277b7dd4f079b4fea30f75b9,60.16629,24.95957,00000000fb7600be,20.28
16341,2019-08-01T09:06:44Z,504f910a0bd104a130b85d0c50467a15e74dc950bcc9eac3ebecc43e,60.16531,24.9442,00000000fdda10fe,25.36
16342,2019-08-01T09:06:44Z,518381021c83c138e4a82160bc6cc947b3866647e3c5d6818bdd63bb,60.17002,24.94407,000000006b087f40,12.69
16343,2019-08-01T09:06:44Z,51ec42fdd85671ae93876c3d875b24e56cb45699e9c3d2b623dca70d,60.16762,24.95415,000000006b44cce7,9.12
16344,2019-08-01T09:06:44Z,529623421e226c215bcca0b1388813e291d3d13ed1d8465f0ab69147,60.16629,24.95957,00000000fb7600be,17.4
16345,2019-08-01T09:06:44Z,5372348389197e6c4bc4c5e3dab047e7384d562220e6295904bbda1b,60.17065,24.93641,000000000f4919c9,1.54
16346,2019-08-01T09:06:44Z,5385ddf78e929052bb12c39651fb3ff99e3642aa079d49f687b4c73c,60.16762,24.95415,000000006b44cce7,12.69
16347,2019-08-01T09:06:44Z,53d8fd3162d3b72ea9f77159ab356b46d40de1758d6388e60fe70985,60.16629,24.95957,00000000fb7600be,18.79
16348,2019-08-01T09:06:44Z,54b89ed12e25892c9160e029a0379d61425b88db1aa30b06f9ea2d8b,60.17002,24.94407,000000006b087f40,20.28
16349,2019-08-01T09:06:44Z,54bd709173219e8017f317b63ecc83d0a48f64542e6fa1b83c86a56c,60.17919,24.95181,000000007b5207b6,13.75
16350,2019-08-01T09:06:44Z,556cae6b2e2dec6fe691a835e8e08bd016b1a65797c0aca46879329f,60.17918,24.95141,00000000675d5200,20.28
16351,2019-08-01T09:06:44Z,559429bba23762a872fc7b1e2219d42125ab101e4355d43fdb94ed7b,60.17919,24.95181,000000007b5207b6,6.46
16352,2019-08-01T09:06:44Z,559e6a5225ce35ab844c63ea0d0c1695dc490a3d9cfbafa5d35ac8d8,60.14947,24.91438,000000004ef3150d,8.38
16353,2019-08-01T09:06:44Z,57c17edc71bbce06ad692952a1e05eaa77181884e580c0848f3a23fc,60.14951,24.92138,0000000006dd41f6,27.28
16354,2019-08-01T09:06:44Z,57ce2ff7da47050689b3a97be36b0e0f481dc4e87d42df594f74bc2c,60.16829,24.94214,00000000afef4555,25.36
16355,2019-08-01T09:06:44Z,5830a481876da00686f25b17dad06258a39212c0816ed04dda2df1bd,60.16531,24.9442,00000000fdda10fe,16.1
16356,2019-08-01T09:06:44Z,584cb0b0cdd14e608c8b57c8aecc9826f9b40027e365e2438a444ea2,60.16762,24.95415,000000006b44cce7,9.92
16357,2019-08-01T09:06:44Z,5865a27b5b56a60bca38e4a1403655e3e7fd0232a3ff2079965aff81,60.15432,24.9211,0000000019fb59c4,7.05
16358,2019-08-01T09:06:44Z,58754229cd3381042c5ffda79c0108c5f77aa1f0f6d1468b9cb42b4c,60.16829,24.94214,00000000afef4555,17.4
16359,2019-08-01T09:06:44Z,5978726eeef638856dafd3a8d199287f8daf9e90ddde750b402f8bb0,60.17065,24.93641,000000000f4919c9,1.25
16360,2019-08-01T09:06:44Z,5a3004325b5a058e02fb9f32ef4f7e9cc465240cbda7a7e4ec89d2de,60.16629,24.95957,00000000fb7600be,17.4
16361,2019-08-01T09:06:44Z,5a34b02faac3189217466888ef1d31cc80f721ac2f18638c5db88d53,60.14947,24.91438,000000004ef3150d,16.1
16362,2019-08-01T09:06:44Z,5a857d46d2710076dd9ff377dc9ae0c17e4db2a46db79f1e8d158cfa,60.16829,24.94214,00000000afef4555,17.4
16363,2019-08-01T09:06:44Z,5b06617477af6dcee75a94ac347364b50f6f3b5b7d747e5413d9ad58,60.14947,24.91438,000000004ef3150d,5.91
16364,2019-08-01T09:06:44Z,5c1f71098d5d7258d2971061c791c94e0138c8e02225c5f60d6a0428,60.149,24.9843,00000000fffb8cf0,14.89
16365,2019-08-01T09:06:44Z,619c5b31af2a28703a837cc7974ef0d2c5bb6584ba0fcc03076218ac,60.17002,24.94407,000000006b087f40,21.87
16366,2019-08-01T09:06:44Z,626bf35ce16dba1054cfd175d09475d3ee751bf70e56f984ff5c7ab6,60.15133,24.92329,00000000e8a064a4,20.28
16367,2019-08-01T09:06:44Z,63ff2439779051005c18876d20ed53ce060c1de9d7976821bd518fc6,60.15432,24.9211,0000000019fb59c4,14.89
16368,2019-08-01T09:06:44Z,6565d00a13e173bc6e2f8805a61547d928440233513cac42029fa1f5,60.17065,24.93641,000000000f4919c9,13.75
16369,2019-08-01T09:06:44Z,65b6b62b547e11e10f7f83ad497446bee2bb9653097d9d62e9b1b817,60.17065,24.93641,000000000f4919c9,11.7
16370,2019-08-01T09:06:44Z,67cf7d2881080aa59ed36a6d88ea1946d17e9d1d5e1ad9eee1851969,60.18203,24.91341,00000000342570c2,13.75
16371,2019-08-01T09:06:44Z,685af6b01bd180194d718801bb8b9c9de22050cc392d6c6441fe986b,60.18203,24.91341,00000000342570c2,16.1
16372,2019-08-01T09:06:44Z,68d7ad8fab31b3c5967a814376d0ddc6cf42e1db0d9e09dfbba169bd,60.16762,24.95415,000000006b44cce7,10.78
16373,2019-08-01T09:06:44Z,69e2854c78a472b462941ef730aa9fa7a9dba9c1cc22996396d4c78a,60.17918,24.95141,00000000675d5200,3.74
16374,2019-08-01T09:06:44Z,6a75294b52678d021371b3f955224c3b5d0006997eb0dbc03f980a89,60.16762,24.95415,000000006b44cce7,18.79
16375,2019-08-01T09:06:44Z,6adce4d05e58232a97635a2fd7918e4e49d9295afc0989d727f9c712,60.17002,24.94407,000000006b087f40,5.91
16376,2019-08-01T09:06:44Z,6d56491192fa27047948db939f9876a2ce68a0ea1413bd8ce174e0e0,60.16762,24.95415,000000006b44cce7,20.28
16377,2019-08-01T09:06:44Z,6d5a8ded89f26533ed851d1a0894f0d9045e9cd4baed439f7d9a922b,60.16629,24.95957,00000000fb7600be,13.75
16378,2019-08-01T09:06:44Z,6d98ac1fea7056e5b96d6095caf0e3677a4ec30e9fbcc2e50ae1cf65,60.16629,24.95957,00000000fb7600be,10.78
16379,2019-08-01T09:06:44Z,6dca84ddf4be668487766d17c5d13961ed713d24032f709ae87a497f,60.16829,24.94214,00000000afef4555,18.79
16380,2019-08-01T09:06:44Z,6dd5463e670c352180c1e912300e21e59f5e2976266df8c3c92b0baf,60.16829,24.94214,00000000afef4555,10.78
16381,2019-08-01T09:06:44Z,6e80fcea10d21e1d5e672b554c0f3fe686dc58934f38c3391fd5c262,60.17002,24.94407,000000006b087f40,23.56
16382,2019-08-01T09:06:44Z,6eb390f743af2f8f87ce6c2ab53228450ccce1d21de54f8abba160df,60.16829,24.94214,00000000afef4555,25.36
16383,2019-08-01T09:06:44Z,6fe2cf6737d40d71251dac8ebef5356a2b765621e97a346c00a6031c,60.15432,24.9211,0000000019fb59c4,4.11
16384,2019-08-01T09:06:44Z,7003a7f6a5523b645634f014e04bea36016953a8af9324e35602bc2e,60.14947,24.91438,000000004ef3150d,18.79
16385,2019-08-01T09:06:44Z,704c3f3075f13713c363014fa828e4a932e7a05676813b9963a1e554,60.17919,24.95181,000000007b5207b6,1.54
16386,2019-08-01T09:06:44Z,70d391038ec56b63a3737605c2c1db6ffbdca8e4490691776dc993f1,60.16829,24.94214,00000000afef4555,4.94
16387,2019-08-01T09:06:44Z,71b01bb8b8e877dc9ca40e756f441571d12ee3311a945417e8aaa116,60.16762,24.95415,000000006b44cce7,9.92
16388,2019-08-01T09:06:44Z,72439a1f997fd347d46394f31f5789edc877fe61ca34fcd31f9150b1,60.18203,24.91341,00000000342570c2,13.75
16389,2019-08-01T09:06:44Z,72f088587da3409c5a4bec360a52a230a7551c3671441baaaabc6357,60.16829,24.94214,00000000afef4555,16.1
16390,2019-08-01T09:06:44Z,73d6b97f785fc0a0a9ed2a397fe1bf1cfa199679f6262451d10e0382,60.16762,24.95415,000000006b44cce7,18.79
16391,2019-08-01T09:06:44Z,744ee2f27ae01e2a36d93a868b9fafc4de75e33615c32429b561962b,60.17918,24.95141,00000000675d5200,23.56
16392,2019-08-01T09:06:44Z,750297d0d8ff0ca837d9c2289c26302d62f38708617150431ab14509,60.16531,24.9442,00000000fdda10fe,17.4
16393,2019-08-01T09:06:44Z,7700297fec4982ad776529835e2ab46d4e5cbc889e26f368c19efeef,60.16829,24.94214,00000000afef4555,5.91
16394,2019-08-01T09:06:44Z,774131d73accbbb31ec3c43c3501b7969645eb65df1839ca8116526e,60.15432,24.9211,0000000019fb59c4,7.05
16395,2019-08-01T09:06:44Z,774bf331a7d205164487c930f8e043d9f4064d968a7f9cb28bfa5dc9,60.16762,24.95415,000000006b44cce7,10.78
16396,2019-08-01T09:06:44Z,7803e2d46157a5482e745447d4c2c332fbd818d87a20b0f6187c628d,60.17065,24.93641,000000000f4919c9,23.56
16397,2019-08-01T09:06:44Z,7a2b35da2d6119549eacb416bea033d3d3eb6cbe4d4ff47c50c1fea1,60.16762,24.95415,000000006b44cce7,16.1
16398,2019-08-01T09:06:44Z,7c1534082e86ff4387878d813207626d8f728aa26b97248e00a3b8d7,60.16629,24.95957,00000000fb7600be,16.1
16399,2019-08-01T09:06:44Z,7d415f4fd9093fb383b4ebb88961ad74e6a00d3ece39504712dad639,60.17918,24.95141,00000000675d5200,7.69
16400,2019-08-01T09:06:44Z,7e2e3d07c939e3e76e7ce87678faf64e056afe54215e00488839100f,60.14947,24.91438,000000004ef3150d,23.56
16401,2019-08-01T09:06:44Z,7eb4a715919b3eb4085270535ce4d7b57112591ad7242eb189bf652a,60.17065,24.93641,000000000f4919c9,9.92
16402,2019-08-01T09:06:44Z,7f59aaecea1eee6c703ec5d46d67b44289ddedf080defee495b73739,60.14947,24.91438,000000004ef3150d,7.05
16403,2019-08-01T09:06:44Z,7faf8705e89a761625aaed50b89538581e25d5950ec8f051d36ed829,60.14947,24.91438,000000004ef3150d,23.56
16404,2019-08-01T09:06:44Z,809bf2d7a0745ae512b934a578fd5fd47c13c5398b6d06ad350b9e7c,60.14947,24.91438,000000004ef3150d,14.89
16405,2019-08-01T09:06:44Z,814fca075a588ae71c130bafc9384a1c17e7bd8168994ae6fca55205,60.16829,24.94214,00000000afef4555,29.32
16406,2019-08-01T09:06:44Z,8165c5f8d06298ffd56f071c0ad1cc9f1d4f08084936937d712d0b61,60.15133,24.92329,00000000e8a064a4,20.28
16407,2019-08-01T09:06:44Z,828afe5ee1f94b9afbfd61b9673b7c8b21457d11dafb1d2ad98dbd23,60.149,24.9843,00000000fffb8cf0,10.78
16408,2019-08-01T09:06:44Z,82b78c2220aee81a2744ddfaf7ed29663888987dba6b7cdda05731d9,60.14947,24.91438,000000004ef3150d,17.4
16409,2019-08-01T09:06:44Z,82bab0a1bfd11576cf62159546b756e1da44125c76909e270ced391b,60.16897,24.95222,00000000aa852af1,17.4
16410,2019-08-01T09:06:44Z,8524898e498c83bde4bc1848aa2b372da84e7b2266f36aabe128cc27,60.17919,24.95181,000000007b5207b6,17.4
16411,2019-08-01T09:06:44Z,85bdce5b262dbd94adcff03e6cad26a1152828b6ab27e6fdd56b2b13,60.16762,24.95415,000000006b44cce7,2.54
16412,2019-08-01T09:06:44Z,87f1cc4c4a9de1ab81fe39cf7fde6cf0d4778e690f1665b62231ce46,60.149,24.9843,00000000fffb8cf0,27.28
16413,2019-08-01T09:06:44Z,880f9cbb91b9caf48ea9c5dd1a0c8e1db72922b6dfcb647b102fc469,60.16629,24.95957,00000000fb7600be,3.4
16414,2019-08-01T09:06:44Z,882b4e8c11d5289859a9b04eee03db7d8d641b175ed0315b25d4ed76,60.16531,24.9442,00000000fdda10fe,23.56
16415,2019-08-01T09:06:44Z,88c2bc6310f27465b9f08b28fb52075d7703ce7b097e5beb37c7437c,60.14947,24.91438,000000004ef3150d,14.89
16416,2019-08-01T09:06:44Z,898cde3317c73907bb23b1b885828c4bf3187c3a757a18dc32abe970,60.16762,24.95415,000000006b44cce7,9.92
16417,2019-08-01T09:06:44Z,8a01e28fd327e5c56dcf2dc8b2b7762a96d77584c21990a073ceb11f,60.16829,24.94214,00000000afef4555,20.28
16418,2019-08-01T09:06:44Z,8a70673a694137689441a8a18cff0044d959d5d1991c92c7b5fb8f0c,60.16829,24.94214,00000000afef4555,13.75
16419,2019-08-01T09:06:44Z,8c571538c285dba9d77edacfb1829b282d54b772b62209c6e4004237,60.17919,24.95181,000000007b5207b6,13.75
16420,2019-08-01T09:06:44Z,8e20d0d67339e3cf43e77c3a340d9dc6766de8d079197a08a1343ff0,60.17065,24.93641,000000000f4919c9,17.4
16421,2019-08-01T09:06:44Z,8e6caf283696ed75a4aff0c3f528dad5878f6f4b82cbd3eae1164484,60.16897,24.95222,00000000aa852af1,16.1
16422,2019-08-01T09:06:44Z,8ff038d2521ba9895dd51ec173283988249667ca25f11a1486edd49e,60.16829,24.94214,00000000afef4555,20.28
16423,2019-08-01T09:06:44Z,90a44cbd1a957cc59a6986cff9b6b7b8e151d379e17da645069428b8,60.173,24.92524,0000000096918cfa,14.89
16424,2019-08-01T09:06:44Z,92d558faaf274f5fac1ccabea7bd30042fdd6fee95770c60123653a3,60.16762,24.95415,000000006b44cce7,17.4
16425,2019-08-01T09:06:44Z,941e13893853105c86bfbc6d31d62274937602143ce3bb530c8c17ed,60.17919,24.95181,000000007b5207b6,3.74
16426,2019-08-01T09:06:44Z,94a511f0495a2cff2df26ded8f6da40e7a15287287ccf3125b5affd1,60.16897,24.95222,00000000aa852af1,29.32
16427,2019-08-01T09:06:44Z,94d0134c78d883121a7e06e18094d572c8f674376c94be77cc087513,60.16762,24.95415,000000006b44cce7,17.4
16428,2019-08-01T09:06:44Z,9998e64e3b5162fd8890fc4e2dfe41a3e875f08500f1cef0c4820855,60.16829,24.94214,00000000afef4555,9.12
16429,2019-08-01T09:06:44Z,99a026b5100e23129fa529e9a57a3dbc8490dc03b58f2193f03e2dcf,60.14951,24.92138,0000000006dd41f6,5.91
16430,2019-08-01T09:06:44Z,9abbc86fb0fc1c0532042814af76a97e6a17121831d4394749a290a6,60.16762,24.95415,000000006b44cce7,9.12
16431,2019-08-01T09:06:44Z,9b3e6848d8b34e802134d6da0e5a594897ec3fafbbf08b6d0b84068e,60.17919,24.95181,000000007b5207b6,3.74
16432,2019-08-01T09:06:44Z,9bc129708b07f3c5bbf4195e83f0e5b9a663b6f371f416a8e3a605f0,60.16897,24.95222,00000000aa852af1,14.89
16433,2019-08-01T09:06:44Z,9bef8b28ea93ecaee57d05b037edbfe7f80014aaf56343345fedd7be,60.17919,24.95181,000000007b5207b6,4.11
16434,2019-08-01T09:06:44Z,9dfecc3e26cb27e4b80721e355ef0d6cb182ac2eebf66b006e2d9f8e,60.149,24.9843,00000000fffb8cf0,21.87
16435,2019-08-01T09:06:44Z,9e343a150f07bb3dcce5ecab8ac061b84d65b347b1af5a232e00eeb6,60.16829,24.94214,00000000afef4555,14.89
16436,2019-08-01T09:06:44Z,9e927b1e87f45b2c89a694c49da8922ce180a737f0e8a7cd1476ad29,60.14951,24.92138,0000000006dd41f6,29.32
16437,2019-08-01T09:06:44Z,9ea5b6d54523458f864e06efb821b4738fd3c80375601ea47524a04b,60.16544,24.95398,0000000038d83d41,23.56
16438,2019-08-01T09:06:44Z,a04214b56cac7d70680703ee6a28fac742f3c3190b55b46a79c1f76d,60.149,24.9843,00000000fffb8cf0,29.32
16439,2019-08-01T09:06:44Z,a1049deed97cd1989c882cb47bb39f0d93d1fddbac4e9307e8a4249e,60.16544,24.95398,0000000038d83d41,25.36
16440,2019-08-01T09:06:44Z,a2333053951d093ef490bcc3b9455fa0ed512421b5b597602785ab28,60.16531,24.9442,00000000fdda10fe,8.38
16441,2019-08-01T09:06:44Z,a2c53a9ecb3dab08bc3bf70db35ea02e6f15cedb137ce7817751f27c,60.16829,24.94214,00000000afef4555,10.78
16442,2019-08-01T09:06:44Z,a2e761fd97d8bdf78601300822b531e306b9ab7a1a43b6bfb07eba52,60.14947,24.91438,000000004ef3150d,9.92
16443,2019-08-01T09:06:44Z,a38c11c450b472b9dad2f076e2d9a63651292d3de806331d06af7f46,60.16531,24.9442,00000000fdda10fe,21.87
16444,2019-08-01T09:06:44Z,a403dc1eebc5d130e12a4c3e4298737c9e00b25b1b6b2cc36a6979c9,60.16629,24.95957,00000000fb7600be,12.69
16445,2019-08-01T09:06:44Z,a47e8613674297dc49b26801b19d2110d009aaee57412f2127f3b093,60.16897,24.95222,00000000aa852af1,17.4
16446,2019-08-01T09:06:44Z,a4b9f871dcc986c95f1e84fe203bb392ba0fe13164d89119bda2c94a,60.16762,24.95415,000000006b44cce7,13.75
16447,2019-08-01T09:06:44Z,a66eb6150c36b53f6240acfe16dd98ceb16c43b8e02d0b56993bac73,60.16897,24.95222,00000000aa852af1,17.4
16448,2019-08-01T09:06:44Z,a6d0dd9de406b1201a4e438ec7c5f4a467f38c41e2dec42ff6c71d50,60.16897,24.95222,00000000aa852af1,12.69
16449,2019-08-01T09:06:44Z,a786eb3b8a25c58099a428799e99d0b86401f803ee38d3e5d20e59d3,60.15432,24.9211,0000000019fb59c4,7.05
16450,2019-08-01T09:06:44Z,a808962cb511e5ed2d23e6e33efe252b1be29dc1d2f7c6154817f04f,60.16448,24.97323,0000000053c6c2be,16.1
16451,2019-08-01T09:06:44Z,a83415babca8eac00f69a32371a230fdadda29bf40fd69f75cf2e8fb,60.17919,24.95181,000000007b5207b6,12.69
16452,2019-08-01T09:06:44Z,a83703c80a4d58db87327a53b0d3664d23edf7350ff6b0afaa49c530,60.16629,24.95957,00000000fb7600be,14.89
16453,2019-08-01T09:06:44Z,a8ca7fb815e707c04434a085c4f99e783d56372143afc92225eae622,60.15133,24.92329,00000000e8a064a4,18.79
16454,2019-08-01T09:06:44Z,aa05a7036c3586a79d23f426b78bf158357208bc82d7ddf9a1326dd2,60.16531,24.9442,00000000fdda10fe,20.28
16455,2019-08-01T09:06:44Z,aa5281244780ac8f283c3452639d477cd76e31fc6f0b95b99c51a9b0,60.16762,24.95415,000000006b44cce7,1.7
16456,2019-08-01T09:06:44Z,ab615ee5bbf567aee3505fbb360d09fc6b851f93fb15aef778b57128,60.16531,24.9442,00000000fdda10fe,7.69
16457,2019-08-01T09:06:44Z,acb3f4b2a6b9fe720b98158caba37c1958df05919990f30368dbbd8b,60.16762,24.95415,000000006b44cce7,16.1
16458,2019-08-01T09:06:44Z,acbbe4765d72f36b0323407c7dbe43db7b4ad5e2da0a6a9e5966db0b,60.16897,24.95222,00000000aa852af1,16.1
16459,2019-08-01T09:06:44Z,ad22512fd6a5ad9e19fdfad7e02b2793ecb01875be243f894c637ae2,60.16829,24.94214,00000000afef4555,0.34
16460,2019-08-01T09:06:44Z,af67ffa8b538058603b74f48e04ab914e8f6cd450f53c47f8c3d683d,60.15432,24.9211,0000000019fb59c4,7.69
16461,2019-08-01T09:06:44Z,afaed9946dbc1509500c6f80f87eed8fe44a74ba3e14328c6efe3971,60.16829,24.94214,00000000afef4555,8.38
16462,2019-08-01T09:06:44Z,b09e9bb62cc49c085c1aee3b752af1bec69dabc939323e5733f73933,60.17065,24.93641,000000000f4919c9,21.87
16463,2019-08-01T09:06:44Z,b25339bfcf356e1460eec7d6494ab8fa8fe2ee363afb6496ab1a1fb9,60.16829,24.94214,00000000afef4555,4.94
16464,2019-08-01T09:06:44Z,b32e57a6f5865a23d7a0e9fa346d5ec4e975f99c4df815fe8b1449b2,60.17919,24.95181,000000007b5207b6,8.38
16465,2019-08-01T09:06:44Z,b474e34db18d21635ec9ea2654513e6759c326f3aaec96c25f9a204e,60.16897,24.95222,00000000aa852af1,7.69
16466,2019-08-01T09:06:44Z,b50a45ac0708e7b5cca42f3458430eb22ff70a81c575bafe99ffda23,60.17002,24.94407,000000006b087f40,7.05
16467,2019-08-01T09:06:44Z,b5603e758440226e490d1d7d7271a7b0d5c261eccbad198f81110136,60.15432,24.9211,0000000019fb59c4,4.5
16468,2019-08-01T09:06:44Z,b6c43126ca83e916a68e57d0178060c24fc61305836b6c8f188f7285,60.17919,24.95181,000000007b5207b6,9.92
16469,2019-08-01T09:06:44Z,b8fb70225ee0a2d655e2809da07a2f8cd2feb7295aa256f8b35fcf1e,60.16629,24.95957,00000000fb7600be,14.89
16470,2019-08-01T09:06:44Z,bb2187a4e20012ad694c768ef2c47c9a9055671024ebf4855d4e6243,60.16531,24.9442,00000000fdda10fe,1.7
16471,2019-08-01T09:06:44Z,bc20b3b236588d3632c07aba05bd43ff4ec70f10290f2feb5175b8ab,60.16762,24.95415,000000006b44cce7,16.1
16472,2019-08-01T09:06:44Z,bc6d5082ca52e6dae7a1689a835434f3f6341e90afea565480eb9674,60.16829,24.94214,00000000afef4555,18.79
16473,2019-08-01T09:06:44Z,bc82f76c979de19b559e9e3aa0cd6cbf5ac361e2d7b1ac9f81fe2f4f,60.17918,24.95141,00000000675d5200,5.91
16474,2019-08-01T09:06:44Z,be12d6aaccf354197284a8c92b960bd6a4e1705f7d948823e7891fde,60.16762,24.95415,000000006b44cce7,3.4
16475,2019-08-01T09:06:44Z,beaae42e2432399a2fe1038d7d9bc164f369b4ad61458aaa4fd733b6,60.16762,24.95415,000000006b44cce7,14.89
16476,2019-08-01T09:06:44Z,bee144e090a471427ec7878609f2446cb79f4c8d7e3c3bf0f67cf8d2,60.16762,24.95415,000000006b44cce7,13.75
16477,2019-08-01T09:06:44Z,bf49d47a337e26ce22d9f900a012f227185efed1dc30802b35273839,60.16762,24.95415,000000006b44cce7,20.28
16478,2019-08-01T09:06:44Z,c15da9ed244b57a27a083919c67d0edde078a31b18cb58f13581f173,60.1538,24.95595,0000000038bf9618,25.36
16479,2019-08-01T09:06:44Z,c1674c59c49d5bf74e6808239a91d18a04e47697d298bc61a7618af2,60.16448,24.97323,0000000053c6c2be,12.69
16480,2019-08-01T09:06:44Z,c19294a0a6dd80604d1435e92cecc363af55f32ef9d41af8b67687e2,60.16897,24.95222,00000000aa852af1,25.36
16481,2019-08-01T09:06:44Z,c1bf1bf699e9bc78ca15c9490d1ef02e3323f0c2c76bf0fca7955a69,60.14947,24.91438,000000004ef3150d,23.56
16482,2019-08-01T09:06:44Z,c3320c19d0343faf8c298070dd061465dd6b2e745170ca7a14b0b01f,60.1538,24.95595,0000000038bf9618,25.36
16483,2019-08-01T09:06:44Z,c33f45721a01e84b9488b1f9b3b7d5ee5b3450e70eb4b9da508e1a94,60.18203,24.91341,00000000342570c2,25.36
16484,2019-08-01T09:06:44Z,c434f18b802a764aad7a2dfb46e93546acb1b0975cf9b93fd47363f6,60.15432,24.9211,0000000019fb59c4,12.69
16485,2019-08-01T09:06:44Z,c4c936ac80b0ae54c0c8423657bd882256a046f8cc9416db5a725204,60.15432,24.9211,0000000019fb59c4,27.28
16486,2019-08-01T09:06:44Z,c51beff15d228f2dab9416cadfcc60fe269ce3d9202a9cf2ec7e7647,60.16829,24.94214,00000000afef4555,17.4
16487,2019-08-01T09:06:44Z,c52245cb14f76d85d0f0d0f8aec1489c497f4d47271b5745576e7d70,60.16829,24.94214,00000000afef4555,29.32
16488,2019-08-01T09:06:44Z,c65c11ee6e8b5894ead3ea9b007a39127edb65a67be253aca6f78ed0,60.16448,24.97323,0000000053c6c2be,18.79
16489,2019-08-01T09:06:44Z,c872af9997af535c4615ee0b4194c7c8d644b7962afb3ca321eb386f,60.15133,24.92329,00000000e8a064a4,21.87
16490,2019-08-01T09:06:44Z,ca7719c7cd8d4496b666f608fc07ba9930e362a0b2d96890b0778618,60.16629,24.95957,00000000fb7600be,11.7
16491,2019-08-01T09:06:44Z,cc1fcf6550ac1eee3eceef1f35de652b641407007a7c0464ac54fdbd,60.16897,24.95222,00000000aa852af1,20.28
16492,2019-08-01T09:06:44Z,cccf3ba2a9d11b9330c18af8064a20aca9995473495bf119162a1619,60.16897,24.95222,00000000aa852af1,10.78
16493,2019-08-01T09:06:44Z,cd24d4831d3c3e8dad5e555b47528aa6b11e307b2882be4f65dd4076,60.17002,24.94407,000000006b087f40,4.5
16494,2019-08-01T09:06:44Z,cd36467a9e57a5646d6d8d587b8089c12074243a9ac10ee83b37fbac,60.16629,24.95957,00000000fb7600be,13.75
16495,2019-08-01T09:06:44Z,ce7de55c7709396c70ce5930097e84449a4889700e605a0b062aaeae,60.16531,24.9442,00000000fdda10fe,9.92
16496,2019-08-01T09:06:44Z,cf061f5093c857b2efc346d3ad51fd17cca7eb360060ba7875630cf5,60.16897,24.95222,00000000aa852af1,23.56
16497,2019-08-01T09:06:44Z,cf9455daa4877b79636eca3ae57056b08dfc0b42f107cedb6f5a3f16,60.16829,24.94214,00000000afef4555,14.89
16498,2019-08-01T09:06:44Z,d01ab2b99ca2d6e373c630bc0666c220aa0753785f57eba65dfab024,60.16544,24.95398,0000000038d83d41,33.81
16499,2019-08-01T09:06:44Z,d062562fed5ad0a61560e267310beb0b717d2a1e2a11d1d575507861,60.16897,24.95222,00000000aa852af1,20.28
16500,2019-08-01T09:06:44Z,d0ae4fabf429edbfdad59f8183cc6e5929f68633315448c9b83d4c16,60.16762,24.95415,000000006b44cce7,8.38
16501,2019-08-01T09:06:44Z,d0e607248d8728deb0b1b4f29fda6d8cd954a8c837fdebf9df54dc02,60.14947,24.91438,000000004ef3150d,23.56
16502,2019-08-01T09:06:44Z,d16e16def718519430296afa23976c226aaf720722bce3d92a2aad43,60.14947,24.91438,000000004ef3150d,13.75
16503,2019-08-01T09:06:44Z,d1d09b38a1ae08dab2a5a984989b4a95c7d48a752c12076eae9c5d11,60.16531,24.9442,00000000fdda10fe,27.28
16504,2019-08-01T09:06:44Z,d31d6921eee92503b486a1b30f5330581c4744a82e6549f375544846,60.17918,24.95141,00000000675d5200,17.4
16505,2019-08-01T09:06:44Z,d562afdedae521be241c98441e436608a323fdb944dedc24c835e762,60.17065,24.93641,000000000f4919c9,6.46
16506,2019-08-01T09:06:44Z,d653ef8368d33df4fc7edeb5a381d5826be1471f1470aa9744d47901,60.173,24.92524,0000000096918cfa,2.3
16507,2019-08-01T09:06:44Z,d65b8625c1f24304ff0e3c4a4dce7aa5d434d36be87be41834a49420,60.16531,24.9442,00000000fdda10fe,5.91
16508,2019-08-01T09:06:44Z,d6e217c6592e449e2390b1a874e08cbc9126116901dbdbf84501c6b8,60.17065,24.93641,000000000f4919c9,9.92
16509,2019-08-01T09:06:44Z,d74ea3c9e0aaa523c791aa01f4f9a7c1c43f01f585dc4146b19edf83,60.17918,24.95141,00000000675d5200,7.69
16510,2019-08-01T09:06:44Z,d7734ef0345fcffc0f4bd7579275af62987490aba012209832e92059,60.16629,24.95957,00000000fb7600be,13.75
16511,2019-08-01T09:06:44Z,d87c4d5dc2cd620de54fdd076d4f9b35245053d65b644d9e01f558b5,60.16762,24.95415,000000006b44cce7,6.46
16512,2019-08-01T09:06:44Z,da78c33b53b0b3a551adb83bc2953f20006ca37faff42dbdd687045c,60.17065,24.93641,000000000f4919c9,12.69
16513,2019-08-01T09:06:44Z,ddae2128c72cf011df2a698a8254b8738fd07a971349ea8a5e8bfa9f,60.16829,24.94214,00000000afef4555,18.79
16514,2019-08-01T09:06:44Z,deb8a213e1b4930e676ee8fdb394161ec46adb785171fa37437b4d44,60.15133,24.92329,00000000e8a064a4,9.92
16515,2019-08-01T09:06:44Z,dfe80baf219bd267a459c954a8e3027b3f1ed29fea2a5355456d5652,60.16897,24.95222,00000000aa852af1,12.69
16516,2019-08-01T09:06:44Z,e0fe7fe5854899c0eb42b75b300339808143419404558ed4d00b0f17,60.17918,24.95141,00000000675d5200,7.69
16517,2019-08-01T09:06:44Z,e234769b1ce1634554f5fa4a290d11b2a30c3dfd009d4c39a2e9dd3d,60.17065,24.93641,000000000f4919c9,21.87
16518,2019-08-01T09:06:44Z,e28f7f19e0b38def43dfc7679b1bbb29e7db0f57d31509b9202bf608,60.17918,24.95141,00000000675d5200,29.32
16519,2019-08-01T09:06:44Z,e2bb0ae74deee6cbc4f50c5f85da3f1779ca1db1ae7ff48ab4b33dbc,60.17918,24.95141,00000000675d5200,12.69
16520,2019-08-01T09:06:44Z,e2f8b065913423b6cd370ba12adba60bad68b6ff2a97fbcb1d1614bf,60.16897,24.95222,00000000aa852af1,16.1
16521,2019-08-01T09:06:44Z,e528235be3e5cc4945024d50d1ed43061e2e2f2845f2b41e081e1721,60.17919,24.95181,000000007b5207b6,9.12
16522,2019-08-01T09:06:44Z,e5cad8bb9a6c8dcc067948d7f869033aca5bdd062da175c8734092e6,60.17919,24.95181,000000007b5207b6,17.4
16523,2019-08-01T09:06:44Z,e73dcccbc4dd6af49316f19a34c347cc94ff7ab079a93a2672d78a16,60.14947,24.91438,000000004ef3150d,17.4
16524,2019-08-01T09:06:44Z,e8add7e8346b99cd4b67924113f3763441a1899897c6d1ac3a1a40a6,60.17919,24.95181,000000007b5207b6,16.1
16525,2019-08-01T09:06:44Z,e979a153601f7520f54d4733fe91f75f154c8f1c08dc3408dbba5345,60.15432,24.9211,0000000019fb59c4,2.8
16526,2019-08-01T09:06:44Z,e9e1a66ce9f699fc1713bb44cd67a332f584f0c51d18774fc72b8eea,60.16762,24.95415,000000006b44cce7,13.75
16527,2019-08-01T09:06:44Z,ea3f8412ed9c4d92448688dd9cc7ff9e3eeb5fe4373d0953bf0349c1,60.16531,24.9442,00000000fdda10fe,14.89
16528,2019-08-01T09:06:44Z,ea94130fbb3464dc656765cfddbad802ddfafb1af8007cb5f42cd41f,60.16829,24.94214,00000000afef4555,7.69
16529,2019-08-01T09:06:44Z,eaf572301dc5c1eaff007bc1886cce8f0f5e92a233b8686ed2a1a9cc,60.17065,24.93641,000000000f4919c9,23.56
16530,2019-08-01T09:06:44Z,ec2dd83e04d225caca9f6b9d28bd3080ed37c5bf42e5f65123fa2394,60.17065,24.93641,000000000f4919c9,20.28
16531,2019-08-01T09:06:44Z,ec7121833f0e4b509d683b00a9c5e992e4b84882cb857145102e14f4,60.16531,24.9442,00000000fdda10fe,1.88
16532,2019-08-01T09:06:44Z,ec8c0160ac1ee5aeaf6204956c9db2ee4f98f55ae3fe1ec0af07fab8,60.16762,24.95415,000000006b44cce7,14.89
16533,2019-08-01T09:06:44Z,ed86f884272a5a400b55bfd4f22bc8cc5d6fca7fe26eee3c39cb3c52,60.15432,24.9211,0000000019fb59c4,12.69
16534,2019-08-01T09:06:44Z,ee424f3045accaa01434f840d87b26b22f65fb6b2f8d34a4b94d6fcc,60.16762,24.95415,000000006b44cce7,13.75
16535,2019-08-01T09:06:44Z,eef621895ee74145a6d76c5f5493a93d7c728c80abe45a2e1933ae9f,60.16897,24.95222,00000000aa852af1,21.87
16536,2019-08-01T09:06:44Z,ef67b9e4617f284b84167b4bdaff71108579a33ced0a2450ff25a1a1,60.16629,24.95957,00000000fb7600be,10.78
16537,2019-08-01T09:06:44Z,ef6e7d641ebef891165f5f8178b3195fbc6c86dc5f904ca2cca43e32,60.16897,24.95222,00000000aa852af1,29.32
16538,2019-08-01T09:06:44Z,efb0235d2d9cd06b8377959fc3e5e144c222db88b6578a8fa7a48475,60.16762,24.95415,000000006b44cce7,12.69
16539,2019-08-01T09:06:44Z,f1447725764ec0dca245fc67f2aa0a0c42e6b05808076aa74f0c1e7e,60.17918,24.95141,00000000675d5200,18.79
16540,2019-08-01T09:06:44Z,f18c0c32d067aecf5602d70693ac888cab1be6dbb0d154be5153dfcc,60.16829,24.94214,00000000afef4555,4.94
16541,2019-08-01T09:06:44Z,f1b28329fc91f4708ca34857c5582c0bf1b7d0ab06127746029cd72c,60.17919,24.95181,000000007b5207b6,4.11
16542,2019-08-01T09:06:44Z,f1c56657bd75e6e3cc93071935fa8b624843fa039b798109ad3f9ffe,60.16762,24.95415,000000006b44cce7,13.75
16543,2019-08-01T09:06:44Z,f20935810c1567a80c288016c4d4dd32fe86b3479f47ae7dd64d15cc,60.15432,24.9211,0000000019fb59c4,10.78
16544,2019-08-01T09:06:44Z,f27b93329546b5d9c00e9fc70d0df72440f620564e0fff5a89ff8276,60.17065,24.93641,000000000f4919c9,14.89
16545,2019-08-01T09:06:44Z,f29ed00b645af4bbf50174e71f58a9b691d2e2342e59eda242d97380,60.16829,24.94214,00000000afef4555,9.12
16546,2019-08-01T09:06:44Z,f4587b90aec9127805880f7c81fc03b9fb513fe363015399b895089f,60.16829,24.94214,00000000afef4555,18.79
16547,2019-08-01T09:06:44Z,f4bbc3077da0455d4340da2eed204915327b75a792080724548b4956,60.17919,24.95181,000000007b5207b6,13.75
16548,2019-08-01T09:06:44Z,f503a41d3e8b9b57628f4f061c1d8e0c53c62dd8a6fe38d212958ee6,60.16075,24.95883,00000000f1124bca,7.05
16549,2019-08-01T09:06:44Z,f50fd3b1715a94dff67461f4b8f252ecaa6acc16459b3d021f34f15e,60.1538,24.95595,0000000038bf9618,33.81
16550,2019-08-01T09:06:44Z,f55165f87792f06aaca9b79eea536f4bd692c8ee806294be5fb014df,60.16829,24.94214,00000000afef4555,25.36
16551,2019-08-01T09:06:44Z,f587de6c8c03387c5e6a66cd7d20c45abad3668c8e2246611122547b,60.14947,24.91438,000000004ef3150d,9.92
16552,2019-08-01T09:06:44Z,f665079710528911e7b7844aa55433e09506580c7fed342e1febfaa5,60.16762,24.95415,000000006b44cce7,14.89
16553,2019-08-01T09:06:44Z,f7f8272d0f5b75ba15174fd69f84bd80cad47290165ec2a6cd06a5cd,60.16829,24.94214,00000000afef4555,18.79
16554,2019-08-01T09:06:44Z,fa1016533e6b342eda22eaa9712c1a492e8e52d6cb7197a7507ad569,60.16762,24.95415,000000006b44cce7,25.36
16555,2019-08-01T09:06:44Z,fa1a3814c680b20020a08346c37ee2853e895984574575312bf262e7,60.14947,24.91438,000000004ef3150d,11.7
16556,2019-08-01T09:06:44Z,fa9f19c58a086fde9429d732b1eec80eacf5fc1b2c0124d17243d008,60.17918,24.95141,00000000675d5200,6.46
16557,2019-08-01T09:06:44Z,fb2df85c8938d6a1bbd1ff0a1cd8aa23480ae08dc39d2b584ed35e14,60.16762,24.95415,000000006b44cce7,9.92
16558,2019-08-01T09:06:44Z,fba6e66dd09200012637e0b454c96fd7a5459b7e8b0ba01863cdbd77,60.16762,24.95415,000000006b44cce7,6.46
16559,2019-08-01T09:06:44Z,fc75e05a713e8733c512a31a3bebec0a122af3e7afb2c5059c3f1a3a,60.17002,24.94407,000000006b087f40,21.87
16560,2019-08-01T09:06:44Z,fdb3239bb0017def73005dc66a8d674c713493499c8feff7a6c01018,60.16762,24.95415,000000006b44cce7,8.38
16561,2019-08-01T09:06:44Z,fe191b6937595e5cf2ac1491e9056f0f9fb5bf66c0cb900df00b4c64,60.16829,24.94214,00000000afef4555,3.09
16562,2019-08-01T09:06:44Z,fea1453360073dfc1896bf1f005f51addb49661f953e16cffba3c63d,60.16531,24.9442,00000000fdda10fe,7.05
16563,2019-08-01T09:06:45Z,0fff89885f08417f20aadfdbf62a372277e9085bcd024374b772ecac,60.16531,24.9442,00000000fdda10fe,29.32
16564,2019-08-01T09:06:45Z,14c7e1511b70f4dd3359cbece1377aebb4d70531f5489eefe53d7c3c,60.16544,24.95398,0000000038d83d41,21.87
16565,2019-08-01T09:06:45Z,15918569de0a46a8eb56b43d8d39f7fc82619ff1006f00822c85745c,60.17919,24.95181,000000007b5207b6,9.92
16566,2019-08-01T09:06:45Z,165ebbb4090d47319ae370f0d0854fdc1f6b79499f8b2e4d3c3533c0,60.16544,24.95398,0000000038d83d41,27.28
16567,2019-08-01T09:06:45Z,1f0f0628cdc688d76bde2b82bee5b9b4916bf0bbdfe76cf3213e1c65,60.15432,24.9211,0000000019fb59c4,17.4
16568,2019-08-01T09:06:45Z,1fdda4c2884e3254418c088e71dea3d2c474714fdba7d0d12c487ce5,60.16829,24.94214,00000000afef4555,3.4
16569,2019-08-01T09:06:45Z,2a93b61a3863ace54349d7a0937e4134fcc6d4dfcf064eefae2b7cf8,60.15432,24.9211,0000000019fb59c4,31.5
16570,2019-08-01T09:06:45Z,43b676ed3aef4c2d8846694817e76117873be52e7f788e0cb366c1c4,60.16629,24.95957,00000000fb7600be,25.36
16571,2019-08-01T09:06:45Z,5d65719c4cbf045f068d084b72302f447d5fd034413d97d13be00d0e,60.18203,24.91341,00000000342570c2,20.28
16572,2019-08-01T09:06:45Z,6a657079c1bdc8114c289be1ddd83e5846d4279a920d1697b8ff0033,60.18203,24.91341,00000000342570c2,20.28
16573,2019-08-01T09:06:45Z,6d22b751ff5173035dc85c52c3dff0780126adae67fe33dc62dd45ef,60.16531,24.9442,00000000fdda10fe,27.28
16574,2019-08-01T09:06:45Z,6f06341f358e61699fe1e55e986dd0554bc8da28b91daf0c5ad99db6,60.16629,24.95957,00000000fb7600be,21.87
16575,2019-08-01T09:06:45Z,6ff437688c444238352c28f64f9d2a7d0f14d19c9ea42c225380501e,60.16762,24.95415,000000006b44cce7,9.92
16576,2019-08-01T09:06:45Z,84fdfd8881f633c5f0c71c1480053953ca4b05e848052d97c063ad38,60.1538,24.95595,0000000038bf9618,29.32
16577,2019-08-01T09:06:45Z,87dfaad29a9276ddddb1fa021d3bc23ad14824c1af16f7d87e713689,60.14951,24.92138,0000000006dd41f6,9.12
16578,2019-08-01T09:06:45Z,8c75c3289c84fe4493e1e272a77b615fe1985880c5dc68a7c1a17b53,60.16762,24.95415,000000006b44cce7,13.75
16579,2019-08-01T09:06:45Z,8cc6ddaa460aeae8cc9e8a33f91a01c8cd4c0c8bf8a943210a28c84d,60.1538,24.95595,0000000038bf9618,17.4
16580,2019-08-01T09:06:45Z,9843c6216661048343a0e49cf3d8aa2883cf77f452666a1c873a1052,60.16448,24.97323,0000000053c6c2be,13.75
16581,2019-08-01T09:06:45Z,9d03d14afa49576281aa26db60e517f7c1ec8aa36f7756959a860a8a,60.16629,24.95957,00000000fb7600be,11.7
16582,2019-08-01T09:06:45Z,a9da1ee82e3b670e276c26b483dd50f4a6d0c6f77ef82245d3ae6086,60.18203,24.91341,00000000342570c2,12.69
16583,2019-08-01T09:06:45Z,ab0f67c0c0e1ba5eac9013f9c314feadf340ddf08543b91e70483594,60.16544,24.95398,0000000038d83d41,20.28
16584,2019-08-01T09:06:45Z,b4faf2d3c4d2b199afeab6ab63b583fe3a2e81e14abbef6917f25129,60.15432,24.9211,0000000019fb59c4,13.75
16585,2019-08-01T09:06:45Z,b5fd6b317890e5ab2d79e2cd1abe61626d45a753c7337d0d40728898,60.16762,24.95415,000000006b44cce7,10.78
16586,2019-08-01T09:06:45Z,c40c37def6bf11a63a2556519a7c6233fd417cdeea2cf14f28e7c42c,60.16531,24.9442,00000000fdda10fe,23.56
16587,2019-08-01T09:06:45Z,cb65d9149ed0c4b936fa3dd930cf98d16ea7610207135a6f1689be01,60.18203,24.91341,00000000342570c2,20.28
16588,2019-08-01T09:06:45Z,cf05623e4d87ce0906c0b0b7dbf53aacc1228016cd27c341228b6e76,60.18203,24.91341,00000000342570c2,18.79
16589,2019-08-01T09:06:45Z,dd2c9c82cf3737146294aff6f814a1349fb0bc4bedf518715dacbe8f,60.18203,24.91341,00000000342570c2,20.28
16590,2019-08-01T09:06:45Z,ebd5792818b1818f5d1ea2cd8ef5e4b500cfc7a7fbb7be7907ce2d0c,60.16762,24.95415,000000006b44cce7,20.28
16591,2019-08-01T09:06:45Z,ec72ef080c605e71978aed0d3b5f22c3c3133677a43c614b72eedc6d,60.14699,24.922,00000000a53ed894,21.87
16592,2019-08-01T09:06:45Z,f0658ab84466fd2b70b305787976c9cc96062ec03a830710452e9a77,60.16762,24.95415,000000006b44cce7,17.4
16593,2019-08-01T09:06:45Z,f088630d7476dae7d4b7e2bb1f10575f2c89acb4b6e061f3d57c2b40,60.16531,24.9442,00000000fdda10fe,20.28
16594,2019-08-01T09:06:45Z,f22981c21af00fc334b3d8bdd523e23a50384666e97815f0ec1dc0ac,60.16897,24.95222,00000000aa852af1,5.91
16595,2019-08-01T09:06:45Z,f7e45613ad966fea53fab73b435ba3a087c774e36596b3a5156a3487,60.16829,24.94214,00000000afef4555,3.74
16596,2019-08-01T09:06:45Z,f83d4b6b8ffbf8a674d212e32100b2360b80261b4e9207d77c0b0ed3,60.17919,24.95181,000000007b5207b6,11.7
16597,2019-08-01T09:06:45Z,fc4f3a44235f1cfc7b53f14ba2da599976a5a0a220d23b852688e485,60.17919,24.95181,000000007b5207b6,11.7
16598,2019-08-01T09:06:45Z,00787dad708490660b0b836fa415681cc57046fa521c0c0aaea14a9e,60.16762,24.95415,000000006b44cce7,4.11
16599,2019-08-01T09:06:45Z,0097b685a95e22fc898384590c0f5bf87d9831b8750326fbf9a740c3,60.16829,24.94214,00000000afef4555,21.87
16600,2019-08-01T09:06:45Z,02050a536056486b1bf139282f0d0a3af63def1d56ff0c73ac51bb19,60.14947,24.91438,000000004ef3150d,20.28
16601,2019-08-01T09:06:45Z,023083c44c772667f1727e01c74518889b2a82d78ceb28c08b6f8a20,60.16531,24.9442,00000000fdda10fe,9.92
16602,2019-08-01T09:06:45Z,026f61905925674212a1c7d1e14b2ee5d1039bb4ecb5159f7d522150,60.16762,24.95415,000000006b44cce7,9.92
16603,2019-08-01T09:06:45Z,0362cc670dcfab795a3911957b6a177416bf9b99d0e2732716796c4d,60.15432,24.9211,0000000019fb59c4,14.89
16604,2019-08-01T09:06:45Z,03f427d436ba092925de462b11374bdbdab0443620037675621fbc11,60.17919,24.95181,000000007b5207b6,10.78
16605,2019-08-01T09:06:45Z,05ea86e2217eb99bcf8140350112cb56bbca3592d62c5a39efe28768,60.16762,24.95415,000000006b44cce7,13.75
16606,2019-08-01T09:06:45Z,063935180fff0e58de5d319ecb9320cf794423e3c6aeac0cca8f1a9f,60.16897,24.95222,00000000aa852af1,13.75
16607,2019-08-01T09:06:45Z,0849a091b1aabe9b614b6b5c54dffd083dbb4473ca90dc972e4d37de,60.16829,24.94214,00000000afef4555,14.89
16608,2019-08-01T09:06:45Z,08f9fd60f852d3502bfa509c955e9963e73954f961d55ba8cd46cae9,60.16629,24.95957,00000000fb7600be,10.78
16609,2019-08-01T09:06:45Z,09cfe3ccea2138f9a7a14b633026c75879d915955e4d18d8913efebf,60.14951,24.92138,0000000006dd41f6,33.81
16610,2019-08-01T09:06:45Z,0aed3b59894ec0158d98d84a4e1f81b9f9422992834d532ee2804e35,60.16762,24.95415,000000006b44cce7,17.4
16611,2019-08-01T09:06:45Z,0bbf3e8a8b496959ba413e4ebbe23719511fa4c9dd914960054d7c7f,60.16762,24.95415,000000006b44cce7,14.89
16612,2019-08-01T09:06:45Z,0c1684b697a63d7f47ebaedcfa060b3b4af294fec1e62d613699291a,60.16897,24.95222,00000000aa852af1,5.91
16613,2019-08-01T09:06:45Z,0d36588b0274c7fc1c33ed938ed6883bd98d7e2d5a66328940df8a94,60.14947,24.91438,000000004ef3150d,17.4
16614,2019-08-01T09:06:45Z,0feb7de3b58597dd266ed606e8d3b6e2e4e0be942b17c15be984f51c,60.14951,24.92138,0000000006dd41f6,16.1
16615,2019-08-01T09:06:45Z,1069967e3921871955b1b2b42e60f829c593a3e024401bfe61ae410e,60.16629,24.95957,00000000fb7600be,12.69
16616,2019-08-01T09:06:45Z,10cd81594fd56fa1f2c4799419a45b70833d3d8583b817324ee96da7,60.16897,24.95222,00000000aa852af1,25.36
16617,2019-08-01T09:06:45Z,10d0fed0f7d40b253b5fc5a53297dc9af8bb76fa6f34d5e71383cb62,60.17918,24.95141,00000000675d5200,14.89
16618,2019-08-01T09:06:45Z,1134a082e36fe03359bac74c814a0ed20468c45230115d4e25aa230d,60.16829,24.94214,00000000afef4555,8.38
16619,2019-08-01T09:06:45Z,11402877d08ee84d016ef8e86d3033bf6da0948f6e6bd2defce32338,60.16762,24.95415,000000006b44cce7,17.4
16620,2019-08-01T09:06:45Z,1190156a73bf59a847cf2ffe8e6c4216b8658b3898324d94a582c787,60.16762,24.95415,000000006b44cce7,13.75
16621,2019-08-01T09:06:45Z,1271bcd33c0056265a5bdf6df4092a3c9e2209abee80570cb172031b,60.16897,24.95222,00000000aa852af1,18.79
16622,2019-08-01T09:06:45Z,13a759fd293cbde0d55db753d853768b718e59036c4007d2e3a8757a,60.16762,24.95415,000000006b44cce7,9.12
16623,2019-08-01T09:06:45Z,141a580597619f20b14d71a17562763921dafbb27c8aaaa8700fd522,60.16829,24.94214,00000000afef4555,13.75
16624,2019-08-01T09:06:45Z,141ffc858c3ea6a2e69c954115114304736a35dc25ec947323090dc0,60.16762,24.95415,000000006b44cce7,4.11
16625,2019-08-01T09:06:45Z,15a3cdd20e3ce88c179a07d78a2d5fdda854b0fef8441d8cb3aebde8,60.17065,24.93641,000000000f4919c9,25.36
16626,2019-08-01T09:06:45Z,164d8280dbb888033f64368dd641bcef597fc327148fcf74374894c5,60.16544,24.95398,0000000038d83d41,13.75
16627,2019-08-01T09:06:45Z,167a52adcdc4d9a7f697ffc5e058fcb79a22a32ba0b8ed45a36311f2,60.17002,24.94407,000000006b087f40,16.1
16628,2019-08-01T09:06:45Z,16e18d478be872d2a9801fa885d08edeb3f5ae1840b38478f9baf535,60.17919,24.95181,000000007b5207b6,17.4
16629,2019-08-01T09:06:45Z,190cdde22bc3e3a41cd0f9da7efb3a917bc09e8034b05ca6064ea8a8,60.17919,24.95181,000000007b5207b6,20.28
16630,2019-08-01T09:06:45Z,1b68a6bcf7b740e0c437e0976d4900f31368afcb2c757bba30e0a249,60.16829,24.94214,00000000afef4555,9.92
16631,2019-08-01T09:06:45Z,1cfafdaa3ff1975bcf6f699641431e88775ba2183074d825eeb81dd3,60.149,24.9843,00000000fffb8cf0,18.79
16632,2019-08-01T09:06:45Z,1d70ff49909e1d6fb653ae053aa78084daf385dbbd2ad22b05707309,60.16829,24.94214,00000000afef4555,11.7
16633,2019-08-01T09:06:45Z,1da40c618e0432bb037d08723b65821f6223509e8b4033a4b4190047,60.17065,24.93641,000000000f4919c9,31.5
16634,2019-08-01T09:06:45Z,1dbecade1f3540eb44c3d86cb1ffc73d5bf422ea0cf76927c2d5cd74,60.16829,24.94214,00000000afef4555,23.56
16635,2019-08-01T09:06:45Z,1dcff36b6f83b08b6ea87c1c1018c542c270299839908ca446dffb39,60.16762,24.95415,000000006b44cce7,14.89
16636,2019-08-01T09:06:45Z,1e3044c19f6913531b6dd4bccb88ad02c1b39192513ccffa05444edb,60.1538,24.95595,0000000038bf9618,17.4
16637,2019-08-01T09:06:45Z,1eadb2c1984aa73c3c2f13eab0a2e793331443c617681e36887f0bcc,60.16629,24.95957,00000000fb7600be,18.79
16638,2019-08-01T09:06:45Z,1eb71232cacfabc37966931f8112e59acabc361048ad25dc2468949f,60.16762,24.95415,000000006b44cce7,29.32
16639,2019-08-01T09:06:45Z,1ecbc7c6afe89033252e5510cbb893666af2b3bc29f555a3a6287fdb,60.14951,24.92138,0000000006dd41f6,3.4
16640,2019-08-01T09:06:45Z,1f813dc10021899138c12ca17c58ab3dc24db1750dcb1790f9c20e8f,60.15133,24.92329,00000000e8a064a4,10.78
16641,2019-08-01T09:06:45Z,25479245e5a8b0fe47e2bd590cdd63256d84afd6c164781dc64e527d,60.149,24.9843,00000000fffb8cf0,20.28
16642,2019-08-01T09:06:45Z,25d340d14d855b8c18b2c6f2551ec98a1eb047d1fd3457ba881ddf28,60.17919,24.95181,000000007b5207b6,10.78
16643,2019-08-01T09:06:45Z,277fcf3cc917a89b46a34e0cf5164a78f5bcc88d92bb45ded60f1a91,60.17065,24.93641,000000000f4919c9,21.87
16644,2019-08-01T09:06:45Z,27b591b33a56a542440b53031a24f42290b0ec1a194af27700b75a3a,60.17919,24.95181,000000007b5207b6,21.87
16645,2019-08-01T09:06:45Z,2823bf6afde4a5cc05342c15e7417c9590ba52264be5793bb688faab,60.17065,24.93641,000000000f4919c9,31.5
16646,2019-08-01T09:06:45Z,28296ae2b460df2f6807f8a84b81e5ebd24677a05bded29111dc33a4,60.17002,24.94407,000000006b087f40,25.36
16647,2019-08-01T09:06:45Z,28ce50ca84cdcd4c17a36ac666e7ac0267b6ab5b77f4bfb08b2573a1,60.16762,24.95415,000000006b44cce7,1.88
16648,2019-08-01T09:06:45Z,28d50861d92f962c7a49eabaa524431aebf52870e44b79f77d7167c6,60.17919,24.95181,000000007b5207b6,3.74
16649,2019-08-01T09:06:45Z,29ae3c5c3aeac0c607bc816f7e74c232a40142b79a52c43c7b1ed42f,60.16829,24.94214,00000000afef4555,4.5
16650,2019-08-01T09:06:45Z,2afa9ac588b2c55e8edf99ee96ecaf63451a7ab1e51571b7e2d1d491,60.16762,24.95415,000000006b44cce7,7.05
16651,2019-08-01T09:06:45Z,2c6810efb2565383ca0a554f3c51f3f7905484357f5e00756dbf091a,60.17919,24.95181,000000007b5207b6,17.4
16652,2019-08-01T09:06:45Z,2c6f6440161f9061a850e8db96383d5eb111f0d1d8f0b666b7c49f22,60.16897,24.95222,00000000aa852af1,13.75
16653,2019-08-01T09:06:45Z,2f43b7a683b0d365a46b6259a032813c293472eaedcdbcc3507adee5,60.17919,24.95181,000000007b5207b6,5.41
16654,2019-08-01T09:06:45Z,2f82b3546af2df53b58cddc668c9aa196554108cdf39120ea40b417c,60.16629,24.95957,00000000fb7600be,1.88
16655,2019-08-01T09:06:45Z,2fb39eae730ec6f291700f841a64aaf680d52a8346399aec6ccb1dbb,60.17065,24.93641,000000000f4919c9,6.46
16656,2019-08-01T09:06:45Z,2ff189e5846383641192cafb595a7a8f77394239ee03aabd1bf3c49f,60.16829,24.94214,00000000afef4555,8.38
16657,2019-08-01T09:06:45Z,312e78d3624e87e1645e7d54f96facd8a2321d6e65a3ef0620fb1d42,60.16531,24.9442,00000000fdda10fe,16.1
16658,2019-08-01T09:06:45Z,31b02b3b271f6feef9e49d9285929ff1c25a11e608fc5d70bc6a1fac,60.16897,24.95222,00000000aa852af1,20.28
16659,2019-08-01T09:06:45Z,3371cfaa0eed702110b1f5501d188c9e7424a2e018bb905af13896cc,60.16448,24.97323,0000000053c6c2be,27.28
16660,2019-08-01T09:06:45Z,33fa4cb82db5b44ffe6e7ae1039635187f90d1df328f8f139da0c693,60.17919,24.95181,000000007b5207b6,7.69
16661,2019-08-01T09:06:45Z,3480c16a6649952c388d8902596e332f018e609b9585f483353ae026,60.17065,24.93641,000000000f4919c9,4.5
16662,2019-08-01T09:06:45Z,34aa4c3c2f71b736426f6819c09b12c961bc996110fe1fa7c9772c5d,60.15432,24.9211,0000000019fb59c4,13.75
16663,2019-08-01T09:06:45Z,34cdc3630624c211194acb463285c3b512788b2045daf479b9ba3bfd,60.16829,24.94214,00000000afef4555,23.56
16664,2019-08-01T09:06:45Z,34e96c7caa63e7ede8f428b18e8fb556ac235d61a50c9d6ac7ff268f,60.17919,24.95181,000000007b5207b6,4.11
16665,2019-08-01T09:06:45Z,359348d27f82b0270a68e954bff8bde5e1a2a32949c7088f12ce7dc8,60.15133,24.92329,00000000e8a064a4,29.32
16666,2019-08-01T09:06:45Z,3609f484ad7e56259f60a61aba44f22dfca5c8b2564fce7e802ad342,60.16829,24.94214,00000000afef4555,7.69
16667,2019-08-01T09:06:45Z,367b1989198ef11170dd9fcfa7e6ebb5ceb58aab87c613ee1bb86e8c,60.16531,24.9442,00000000fdda10fe,7.05
16668,2019-08-01T09:06:45Z,3685ee6d322dcb2ad0ae181f66c3c5427d4531d7896d2f5f7571bb6d,60.16762,24.95415,000000006b44cce7,5.91
16669,2019-08-01T09:06:45Z,36fe97cd2ec69118778c771a87593630f8a6a2cb77d9ce72f845cd3c,60.16762,24.95415,000000006b44cce7,4.94
16670,2019-08-01T09:06:45Z,370e50e1f77aeb2782c892f70147b6a5749ecd7e9ee41036f693ba0a,60.16762,24.95415,000000006b44cce7,17.4
16671,2019-08-01T09:06:45Z,38190c2dce75fa123a6f809785373b382763836876c926c5a78c1939,60.16544,24.95398,0000000038d83d41,20.28
16672,2019-08-01T09:06:45Z,39c6456ee66fe96eee3d97cee2a70923cedb3da760bb5d4d413adb9c,60.17919,24.95181,000000007b5207b6,9.12
16673,2019-08-01T09:06:45Z,39e9fa7033887b7ab339887aa68753ff94d4771cda2bb8ff4ea7aa0a,60.17919,24.95181,000000007b5207b6,2.54
16674,2019-08-01T09:06:45Z,3a1afdcf7c2e5a52cdbcbbe29e8281c184037e8720920c6c75bee339,60.15133,24.92329,00000000e8a064a4,7.05
16675,2019-08-01T09:06:45Z,3a253f272d2781dc2001addfbddcac5f3dbf18610988531707b80b60,60.16829,24.94214,00000000afef4555,7.05
16676,2019-08-01T09:06:45Z,3a7b4023cee4b0d567a123a3d6aff0bc8f94663522bbdf0ea4306607,60.149,24.9843,00000000fffb8cf0,21.87
16677,2019-08-01T09:06:45Z,3a97ae4dcab31eb5e15e5d036d286e9764e25bcf0ad8afcfba854c90,60.16762,24.95415,000000006b44cce7,9.12
16678,2019-08-01T09:06:45Z,3c036825d813d9d5a26c9215a7ff281310a8ba69609f8067f117a116,60.16762,24.95415,000000006b44cce7,14.89
16679,2019-08-01T09:06:45Z,3c3110ece83318c92f1593798ea2f6d2060002d20fce8b830234e82e,60.16544,24.95398,0000000038d83d41,33.81
16680,2019-08-01T09:06:45Z,3cc82d532d2a768e0c987e2653e32825a8b11fc2f7ba36388535f6e2,60.16075,24.95883,00000000f1124bca,27.28
16681,2019-08-01T09:06:45Z,3d0437a1d090cd3cad05629e69a61c519aa6218e1b7fb47811e5a4ae,60.16762,24.95415,000000006b44cce7,14.89
16682,2019-08-01T09:06:45Z,3eea43670f4f29a90ced59c1af122371340275fb61ff8f14c7120658,60.16762,24.95415,000000006b44cce7,4.94
16683,2019-08-01T09:06:45Z,406156ac46d079cd8ac496c365d55b690cd14f22f6efb7e96337ff2a,60.149,24.9843,00000000fffb8cf0,36.27
16684,2019-08-01T09:06:45Z,40646914186edc6142b7fc3daf766121b55f5bb36ea38facff686ea5,60.16897,24.95222,00000000aa852af1,14.89
16685,2019-08-01T09:06:45Z,41a0ca2955e0ae0324f6e14aeb77ebfaac5305e31d86c42a20277b94,60.15133,24.92329,00000000e8a064a4,23.56
16686,2019-08-01T09:06:45Z,41f455676c61a2d8e1658c60afd7984613a3bc84daac78079c0d8b0c,60.16829,24.94214,00000000afef4555,21.87
16687,2019-08-01T09:06:45Z,432417b4972b744ded3410777a6bbb583cf56172bf3436ddbe48a21d,60.16762,24.95415,000000006b44cce7,7.05
16688,2019-08-01T09:06:45Z,4393fccdbc9fb22fab14f03ea52183ad558bcd436202e69f56a7b77a,60.16762,24.95415,000000006b44cce7,10.78
16689,2019-08-01T09:06:45Z,43e023a8726ec4c53a8cea6dcaa79e722da4677e37f3f6c9d3cc9873,60.16544,24.95398,0000000038d83d41,27.28
16690,2019-08-01T09:06:45Z,4470412c4b059a920f2699fbfb72b261e0847b3e1caa8c71d2edd5a2,60.16448,24.97323,0000000053c6c2be,20.28
16691,2019-08-01T09:06:45Z,44a120ac90dacb4d43fe4d38ee859a1015bcd226ff3d946a1e44c4ca,60.16531,24.9442,00000000fdda10fe,20.28
16692,2019-08-01T09:06:45Z,4642dfa1df839f11e64f68bca4e3dce7bde2ff6dd68c54959fcb4788,60.17918,24.95141,00000000675d5200,1.88
16693,2019-08-01T09:06:45Z,4682d95464cedcc021f38271a51bab9c000762b4acf802070e259ba2,60.16629,24.95957,00000000fb7600be,18.79
16694,2019-08-01T09:06:45Z,48004849b2f48b2314aa9175433d754db1641b949bb8cf050e2dd128,60.17918,24.95141,00000000675d5200,9.92
16695,2019-08-01T09:06:45Z,484bbaa5a9d6bdd2259f022b6ea4e3c290985c13a1286bd7142d878f,60.16762,24.95415,000000006b44cce7,8.38
16696,2019-08-01T09:06:45Z,48c0ea6615ac4c02fc9bc0e06f9ea9309f9bf7e73b4324d7a6b14610,60.16829,24.94214,00000000afef4555,13.75
16697,2019-08-01T09:06:45Z,49bbad87e4d6cd03bdb073bde7be91193d74d29943badce7fc536916,60.16448,24.97323,0000000053c6c2be,5.41
16698,2019-08-01T09:06:45Z,49df780a7f20a99ad2810fa4bbb46b5fac9bc5cbe3fc800cd572f63a,60.14947,24.91438,000000004ef3150d,12.69
16699,2019-08-01T09:06:45Z,4ade4f0d92c6157a42d7fd8e353d1c93551324ba47cc134b840a6c63,60.16897,24.95222,00000000aa852af1,7.69
16700,2019-08-01T09:06:45Z,4ba529eeafb27285cbbade6e5ece0d4d04bd2d13c98b27a5d17abd22,60.16897,24.95222,00000000aa852af1,3.09
16701,2019-08-01T09:06:45Z,4c449b1b7d2aa2e3000f5d5069ea6adf43e4bf4e9d65a1df47334af2,60.16762,24.95415,000000006b44cce7,23.56
16702,2019-08-01T09:06:45Z,4c85a4a0756c1707ca2f02a74870d1e1d1a90f1793d229dc3a2bbb63,60.16531,24.9442,00000000fdda10fe,18.79
16703,2019-08-01T09:06:45Z,4e5e16adfd317b7f9617f681099821bae42d6f0dca51dfd0957c65b4,60.16762,24.95415,000000006b44cce7,10.78
16704,2019-08-01T09:06:45Z,4eedcf0e4f6f8553eb2cfd7474a44c617bbb2eed3a06c66aad521947,60.16762,24.95415,000000006b44cce7,21.87
16705,2019-08-01T09:06:45Z,4f9125edf503fe3cb0ba1e1221fe6a67aafd99fcd89fd92d2bf20e97,60.16897,24.95222,00000000aa852af1,14.89
16706,2019-08-01T09:06:45Z,4fb4a3650a2a28469dde9c537458d24411aa6075666e047dd756fba9,60.17919,24.95181,000000007b5207b6,18.79
16707,2019-08-01T09:06:45Z,5001aabb6808b9fd96b705d1ebe8e7aca52713c2640100d81879dd86,60.17919,24.95181,000000007b5207b6,5.41
16708,2019-08-01T09:06:45Z,518381021c83c138e4a82160bc6cc947b3866647e3c5d6818bdd63bb,60.17002,24.94407,000000006b087f40,13.75
16709,2019-08-01T09:06:45Z,51ec42fdd85671ae93876c3d875b24e56cb45699e9c3d2b623dca70d,60.16762,24.95415,000000006b44cce7,12.69
16710,2019-08-01T09:06:45Z,529623421e226c215bcca0b1388813e291d3d13ed1d8465f0ab69147,60.16629,24.95957,00000000fb7600be,25.36
16711,2019-08-01T09:06:45Z,52d04561c07e0aab4f89e343cff0691d714ec5284ffb9a71954c93d8,60.16762,24.95415,000000006b44cce7,17.4
16712,2019-08-01T09:06:45Z,5328327c1bd91c38f3e3d1200d630dcc186849d71a76e63154527d36,60.16829,24.94214,00000000afef4555,17.4
16713,2019-08-01T09:06:45Z,5372348389197e6c4bc4c5e3dab047e7384d562220e6295904bbda1b,60.17065,24.93641,000000000f4919c9,2.8
16714,2019-08-01T09:06:45Z,5385ddf78e929052bb12c39651fb3ff99e3642aa079d49f687b4c73c,60.16762,24.95415,000000006b44cce7,11.7
16715,2019-08-01T09:06:45Z,54bd709173219e8017f317b63ecc83d0a48f64542e6fa1b83c86a56c,60.17919,24.95181,000000007b5207b6,11.7
16716,2019-08-01T09:06:45Z,556cae6b2e2dec6fe691a835e8e08bd016b1a65797c0aca46879329f,60.17919,24.95181,000000007b5207b6,11.7
16717,2019-08-01T09:06:45Z,559429bba23762a872fc7b1e2219d42125ab101e4355d43fdb94ed7b,60.17919,24.95181,000000007b5207b6,7.05
16718,2019-08-01T09:06:45Z,559e6a5225ce35ab844c63ea0d0c1695dc490a3d9cfbafa5d35ac8d8,60.14947,24.91438,000000004ef3150d,18.79
16719,2019-08-01T09:06:45Z,57c17edc71bbce06ad692952a1e05eaa77181884e580c0848f3a23fc,60.14951,24.92138,0000000006dd41f6,25.36
16720,2019-08-01T09:06:45Z,57ce2ff7da47050689b3a97be36b0e0f481dc4e87d42df594f74bc2c,60.16829,24.94214,00000000afef4555,21.87
16721,2019-08-01T09:06:45Z,5830a481876da00686f25b17dad06258a39212c0816ed04dda2df1bd,60.16531,24.9442,00000000fdda10fe,20.28
16722,2019-08-01T09:06:45Z,584cb0b0cdd14e608c8b57c8aecc9826f9b40027e365e2438a444ea2,60.16762,24.95415,000000006b44cce7,9.92
16723,2019-08-01T09:06:45Z,5865a27b5b56a60bca38e4a1403655e3e7fd0232a3ff2079965aff81,60.15432,24.9211,0000000019fb59c4,7.69
16724,2019-08-01T09:06:45Z,58754229cd3381042c5ffda79c0108c5f77aa1f0f6d1468b9cb42b4c,60.16829,24.94214,00000000afef4555,14.89
16725,2019-08-01T09:06:45Z,5978726eeef638856dafd3a8d199287f8daf9e90ddde750b402f8bb0,60.17065,24.93641,000000000f4919c9,2.3
16726,2019-08-01T09:06:45Z,5a3004325b5a058e02fb9f32ef4f7e9cc465240cbda7a7e4ec89d2de,60.16629,24.95957,00000000fb7600be,16.1
16727,2019-08-01T09:06:45Z,5a34b02faac3189217466888ef1d31cc80f721ac2f18638c5db88d53,60.14947,24.91438,000000004ef3150d,13.75
16728,2019-08-01T09:06:45Z,5a8d671a78b976d212d9746d88b9a754a2d9c8341c529e88b7c6b8f4,60.17065,24.93641,000000000f4919c9,20.28
16729,2019-08-01T09:06:45Z,5b06617477af6dcee75a94ac347364b50f6f3b5b7d747e5413d9ad58,60.14947,24.91438,000000004ef3150d,7.69
16730,2019-08-01T09:06:45Z,5b24733f1e45af711e2eebfb97b6b1467ca5cf1f466e6c8add4f7935,60.16762,24.95415,000000006b44cce7,7.05
16731,2019-08-01T09:06:45Z,5c1f71098d5d7258d2971061c791c94e0138c8e02225c5f60d6a0428,60.149,24.9843,00000000fffb8cf0,17.4
16732,2019-08-01T09:06:45Z,5daa76852f3e1be6c75fa2185d5787ab9010cf83d6671515769a8649,60.16531,24.9442,00000000fdda10fe,20.28
16733,2019-08-01T09:06:45Z,5e2c5c20c88ccf362ed8749d1ddc041b1cb1c38d8dbeac7870179322,60.16629,24.95957,00000000fb7600be,9.12
16734,2019-08-01T09:06:45Z,6051ed50496b74a6ff68c86205d23971fcaccd6c91edfe7d78fa71b0,60.16897,24.95222,00000000aa852af1,31.5
16735,2019-08-01T09:06:45Z,61267c0b8343a0506f17cee501b5a33952b38a1e8cf2e5aaf2961e0d,60.16762,24.95415,000000006b44cce7,25.36
16736,2019-08-01T09:06:45Z,619c5b31af2a28703a837cc7974ef0d2c5bb6584ba0fcc03076218ac,60.17002,24.94407,000000006b087f40,20.28
16737,2019-08-01T09:06:45Z,626bf35ce16dba1054cfd175d09475d3ee751bf70e56f984ff5c7ab6,60.15133,24.92329,00000000e8a064a4,21.87
16738,2019-08-01T09:06:45Z,63772dde2b965499d69051c0e72aa8a027619a55f9a6d6043886bedd,60.16762,24.95415,000000006b44cce7,17.4
16739,2019-08-01T09:06:45Z,63ff2439779051005c18876d20ed53ce060c1de9d7976821bd518fc6,60.15432,24.9211,0000000019fb59c4,9.92
16740,2019-08-01T09:06:45Z,6565d00a13e173bc6e2f8805a61547d928440233513cac42029fa1f5,60.17065,24.93641,000000000f4919c9,23.56
16741,2019-08-01T09:06:45Z,65b6b62b547e11e10f7f83ad497446bee2bb9653097d9d62e9b1b817,60.17065,24.93641,000000000f4919c9,9.12
16742,2019-08-01T09:06:45Z,674355e17da9460e58566497be518f2eb537880c67c788fedb5067db,60.16629,24.95957,00000000fb7600be,7.05
16743,2019-08-01T09:06:45Z,67cf7d2881080aa59ed36a6d88ea1946d17e9d1d5e1ad9eee1851969,60.18203,24.91341,00000000342570c2,27.28
16744,2019-08-01T09:06:45Z,685af6b01bd180194d718801bb8b9c9de22050cc392d6c6441fe986b,60.18203,24.91341,00000000342570c2,9.92
16745,2019-08-01T09:06:45Z,69e2854c78a472b462941ef730aa9fa7a9dba9c1cc22996396d4c78a,60.17919,24.95181,000000007b5207b6,17.4
16746,2019-08-01T09:06:45Z,6adce4d05e58232a97635a2fd7918e4e49d9295afc0989d727f9c712,60.17002,24.94407,000000006b087f40,8.38
16747,2019-08-01T09:06:45Z,6d5a8ded89f26533ed851d1a0894f0d9045e9cd4baed439f7d9a922b,60.16629,24.95957,00000000fb7600be,16.1
16748,2019-08-01T09:06:45Z,6d98ac1fea7056e5b96d6095caf0e3677a4ec30e9fbcc2e50ae1cf65,60.16629,24.95957,00000000fb7600be,11.7
16749,2019-08-01T09:06:45Z,6dd5463e670c352180c1e912300e21e59f5e2976266df8c3c92b0baf,60.16829,24.94214,00000000afef4555,8.38
16750,2019-08-01T09:06:45Z,6e80fcea10d21e1d5e672b554c0f3fe686dc58934f38c3391fd5c262,60.17002,24.94407,000000006b087f40,18.79
16751,2019-08-01T09:06:45Z,6fe2cf6737d40d71251dac8ebef5356a2b765621e97a346c00a6031c,60.15432,24.9211,0000000019fb59c4,4.11
16752,2019-08-01T09:06:45Z,7003a7f6a5523b645634f014e04bea36016953a8af9324e35602bc2e,60.14947,24.91438,000000004ef3150d,11.7
16753,2019-08-01T09:06:45Z,704c3f3075f13713c363014fa828e4a932e7a05676813b9963a1e554,60.17919,24.95181,000000007b5207b6,2.08
16754,2019-08-01T09:06:45Z,70d391038ec56b63a3737605c2c1db6ffbdca8e4490691776dc993f1,60.16829,24.94214,00000000afef4555,7.69
16755,2019-08-01T09:06:45Z,7105a68b527be40338bcf13245fe1975a15988a3c557bbb24fd26422,60.16762,24.95415,000000006b44cce7,18.79
16756,2019-08-01T09:06:45Z,71b01bb8b8e877dc9ca40e756f441571d12ee3311a945417e8aaa116,60.16762,24.95415,000000006b44cce7,13.75
16757,2019-08-01T09:06:45Z,72439a1f997fd347d46394f31f5789edc877fe61ca34fcd31f9150b1,60.18203,24.91341,00000000342570c2,20.28
16758,2019-08-01T09:06:45Z,7292a4a47ed655e0ce0ead026bb0ae4b8093342f87a9aed5665c1456,60.16762,24.95415,000000006b44cce7,11.7
16759,2019-08-01T09:06:45Z,72f088587da3409c5a4bec360a52a230a7551c3671441baaaabc6357,60.16829,24.94214,00000000afef4555,12.69
16760,2019-08-01T09:06:45Z,73d6b97f785fc0a0a9ed2a397fe1bf1cfa199679f6262451d10e0382,60.16762,24.95415,000000006b44cce7,16.1
16761,2019-08-01T09:06:45Z,744ee2f27ae01e2a36d93a868b9fafc4de75e33615c32429b561962b,60.17918,24.95141,00000000675d5200,13.75
16762,2019-08-01T09:06:45Z,750297d0d8ff0ca837d9c2289c26302d62f38708617150431ab14509,60.16531,24.9442,00000000fdda10fe,13.75
16763,2019-08-01T09:06:45Z,76c2f7b3773d4bebd4dabada1c2b98fe4ea9762e9c98b4a6371d7746,60.16762,24.95415,000000006b44cce7,10.78
16764,2019-08-01T09:06:45Z,7700297fec4982ad776529835e2ab46d4e5cbc889e26f368c19efeef,60.16829,24.94214,00000000afef4555,8.38
16765,2019-08-01T09:06:45Z,774131d73accbbb31ec3c43c3501b7969645eb65df1839ca8116526e,60.15432,24.9211,0000000019fb59c4,2.54
16766,2019-08-01T09:06:45Z,78ec3b06e6504f54673ca689d2a31a647973ada7b757f2139ecb9f8e,60.16897,24.95222,00000000aa852af1,38.87
16767,2019-08-01T09:06:45Z,7a6e7ba82e6b0c07f13302099a2ffb55e08a56850ee8c1c6c1bd65d3,60.17065,24.93641,000000000f4919c9,23.56
16768,2019-08-01T09:06:45Z,7c1534082e86ff4387878d813207626d8f728aa26b97248e00a3b8d7,60.16629,24.95957,00000000fb7600be,14.89
16769,2019-08-01T09:06:45Z,7cd51189de07d01882cf0a9346f0830a9b21764875334d45e143fbd5,60.17002,24.94407,000000006b087f40,16.1
16770,2019-08-01T09:06:45Z,7d12711d47425111a6dce413faa867542b9532f3b9c5a934b37a0bc8,60.17918,24.95141,00000000675d5200,16.1
16771,2019-08-01T09:06:45Z,7d415f4fd9093fb383b4ebb88961ad74e6a00d3ece39504712dad639,60.17919,24.95181,000000007b5207b6,16.1
16772,2019-08-01T09:06:45Z,7e2e3d07c939e3e76e7ce87678faf64e056afe54215e00488839100f,60.14947,24.91438,000000004ef3150d,16.1
16773,2019-08-01T09:06:45Z,7eb4a715919b3eb4085270535ce4d7b57112591ad7242eb189bf652a,60.17065,24.93641,000000000f4919c9,17.4
16774,2019-08-01T09:06:45Z,7efa1cf3118062946e8958e89ffe767322a7bbf0d35d9d76b711e3b5,60.16762,24.95415,000000006b44cce7,13.75
16775,2019-08-01T09:06:45Z,7f59aaecea1eee6c703ec5d46d67b44289ddedf080defee495b73739,60.14947,24.91438,000000004ef3150d,13.75
16776,2019-08-01T09:06:45Z,7faf8705e89a761625aaed50b89538581e25d5950ec8f051d36ed829,60.14947,24.91438,000000004ef3150d,17.4
16777,2019-08-01T09:06:45Z,809bf2d7a0745ae512b934a578fd5fd47c13c5398b6d06ad350b9e7c,60.14947,24.91438,000000004ef3150d,9.92
16778,2019-08-01T09:06:45Z,814fca075a588ae71c130bafc9384a1c17e7bd8168994ae6fca55205,60.16829,24.94214,00000000afef4555,18.79
16779,2019-08-01T09:06:45Z,8165c5f8d06298ffd56f071c0ad1cc9f1d4f08084936937d712d0b61,60.15133,24.92329,00000000e8a064a4,21.87
16780,2019-08-01T09:06:45Z,828afe5ee1f94b9afbfd61b9673b7c8b21457d11dafb1d2ad98dbd23,60.149,24.9843,00000000fffb8cf0,17.4
16781,2019-08-01T09:06:45Z,82b78c2220aee81a2744ddfaf7ed29663888987dba6b7cdda05731d9,60.14947,24.91438,000000004ef3150d,12.69
16782,2019-08-01T09:06:45Z,82bab0a1bfd11576cf62159546b756e1da44125c76909e270ced391b,60.16897,24.95222,00000000aa852af1,20.28
16783,2019-08-01T09:06:45Z,85bdce5b262dbd94adcff03e6cad26a1152828b6ab27e6fdd56b2b13,60.16762,24.95415,000000006b44cce7,2.3
16784,2019-08-01T09:06:45Z,86e7584bf95733cef59d74bb4955881e99dc86b73a0d5b4e3ef58b50,60.18203,24.91341,00000000342570c2,18.79
16785,2019-08-01T09:06:45Z,87f1cc4c4a9de1ab81fe39cf7fde6cf0d4778e690f1665b62231ce46,60.149,24.9843,00000000fffb8cf0,33.81
16786,2019-08-01T09:06:45Z,880f9cbb91b9caf48ea9c5dd1a0c8e1db72922b6dfcb647b102fc469,60.16629,24.95957,00000000fb7600be,2.54
16787,2019-08-01T09:06:45Z,88c2bc6310f27465b9f08b28fb52075d7703ce7b097e5beb37c7437c,60.14947,24.91438,000000004ef3150d,7.69
16788,2019-08-01T09:06:45Z,893080d82bb28aa3ab91e41ddd4569086c8135ade7be10aa644fca95,60.17065,24.93641,000000000f4919c9,25.36
16789,2019-08-01T09:06:45Z,898cde3317c73907bb23b1b885828c4bf3187c3a757a18dc32abe970,60.16762,24.95415,000000006b44cce7,7.05
16790,2019-08-01T09:06:45Z,8a70673a694137689441a8a18cff0044d959d5d1991c92c7b5fb8f0c,60.16829,24.94214,00000000afef4555,11.7
16791,2019-08-01T09:06:45Z,8c571538c285dba9d77edacfb1829b282d54b772b62209c6e4004237,60.17919,24.95181,000000007b5207b6,6.46
16792,2019-08-01T09:06:45Z,8d9b5a8f82e38c3e5ed65f32ef5dc48f78165d87fc84c732bc1648f8,60.16448,24.97323,0000000053c6c2be,38.87
16793,2019-08-01T09:06:45Z,8e20d0d67339e3cf43e77c3a340d9dc6766de8d079197a08a1343ff0,60.17065,24.93641,000000000f4919c9,11.7
16794,2019-08-01T09:06:45Z,8e6caf283696ed75a4aff0c3f528dad5878f6f4b82cbd3eae1164484,60.16897,24.95222,00000000aa852af1,20.28
16795,2019-08-01T09:06:45Z,90a44cbd1a957cc59a6986cff9b6b7b8e151d379e17da645069428b8,60.173,24.92524,0000000096918cfa,25.36
16796,2019-08-01T09:06:45Z,9236c27efd200a9ad94ce53d3d2cd84e25047b2280d7e96d6c4d971b,60.16897,24.95222,00000000aa852af1,14.89
16797,2019-08-01T09:06:45Z,92c8f3485bc9482ecb77e8659730c985bbb9278b4318620fca3566f9,60.16762,24.95415,000000006b44cce7,17.4
16798,2019-08-01T09:06:45Z,941e13893853105c86bfbc6d31d62274937602143ce3bb530c8c17ed,60.17919,24.95181,000000007b5207b6,3.4
16799,2019-08-01T09:06:45Z,94cf492b77d181655514c7a3d8a0801af08b791ce038ffe4a29e0afb,60.16762,24.95415,000000006b44cce7,16.1
16800,2019-08-01T09:06:45Z,9609babe3114439a82f93f797f4a6e779b6bab625488b8ff5b63e674,60.16829,24.94214,00000000afef4555,18.79
16801,2019-08-01T09:06:45Z,9998e64e3b5162fd8890fc4e2dfe41a3e875f08500f1cef0c4820855,60.16829,24.94214,00000000afef4555,23.56
16802,2019-08-01T09:06:45Z,9abbc86fb0fc1c0532042814af76a97e6a17121831d4394749a290a6,60.16762,24.95415,000000006b44cce7,7.69
16803,2019-08-01T09:06:45Z,9b3e6848d8b34e802134d6da0e5a594897ec3fafbbf08b6d0b84068e,60.17919,24.95181,000000007b5207b6,8.38
16804,2019-08-01T09:06:45Z,9bc129708b07f3c5bbf4195e83f0e5b9a663b6f371f416a8e3a605f0,60.16897,24.95222,00000000aa852af1,20.28
16805,2019-08-01T09:06:45Z,9bef8b28ea93ecaee57d05b037edbfe7f80014aaf56343345fedd7be,60.17919,24.95181,000000007b5207b6,4.5
16806,2019-08-01T09:06:45Z,9eee6d740f1d483c484d02f0995f35550c09e6a8cf01f02680db5efc,60.16448,24.97323,0000000053c6c2be,23.56
16807,2019-08-01T09:06:45Z,a04214b56cac7d70680703ee6a28fac742f3c3190b55b46a79c1f76d,60.149,24.9843,00000000fffb8cf0,29.32
16808,2019-08-01T09:06:45Z,a2c53a9ecb3dab08bc3bf70db35ea02e6f15cedb137ce7817751f27c,60.16829,24.94214,00000000afef4555,8.38
16809,2019-08-01T09:06:45Z,a2e761fd97d8bdf78601300822b531e306b9ab7a1a43b6bfb07eba52,60.14947,24.91438,000000004ef3150d,9.92
16810,2019-08-01T09:06:45Z,a38c11c450b472b9dad2f076e2d9a63651292d3de806331d06af7f46,60.16531,24.9442,00000000fdda10fe,27.28
16811,2019-08-01T09:06:45Z,a403dc1eebc5d130e12a4c3e4298737c9e00b25b1b6b2cc36a6979c9,60.16629,24.95957,00000000fb7600be,9.92
16812,2019-08-01T09:06:45Z,a47e8613674297dc49b26801b19d2110d009aaee57412f2127f3b093,60.16897,24.95222,00000000aa852af1,25.36
16813,2019-08-01T09:06:45Z,a4b9f871dcc986c95f1e84fe203bb392ba0fe13164d89119bda2c94a,60.16762,24.95415,000000006b44cce7,11.7
16814,2019-08-01T09:06:45Z,a66eb6150c36b53f6240acfe16dd98ceb16c43b8e02d0b56993bac73,60.16897,24.95222,00000000aa852af1,20.28
16815,2019-08-01T09:06:45Z,a6d0dd9de406b1201a4e438ec7c5f4a467f38c41e2dec42ff6c71d50,60.16897,24.95222,00000000aa852af1,13.75
16816,2019-08-01T09:06:45Z,a786eb3b8a25c58099a428799e99d0b86401f803ee38d3e5d20e59d3,60.15432,24.9211,0000000019fb59c4,6.46
16817,2019-08-01T09:06:45Z,a808962cb511e5ed2d23e6e33efe252b1be29dc1d2f7c6154817f04f,60.16448,24.97323,0000000053c6c2be,17.4
16818,2019-08-01T09:06:45Z,a83415babca8eac00f69a32371a230fdadda29bf40fd69f75cf2e8fb,60.17919,24.95181,000000007b5207b6,17.4
16819,2019-08-01T09:06:45Z,a83703c80a4d58db87327a53b0d3664d23edf7350ff6b0afaa49c530,60.16629,24.95957,00000000fb7600be,16.1
16820,2019-08-01T09:06:45Z,a837f2314938b1510f3b4cc5900d5d67bc7212d234d9fed1c64f3861,60.16762,24.95415,000000006b44cce7,13.75
16821,2019-08-01T09:06:45Z,a8ca7fb815e707c04434a085c4f99e783d56372143afc92225eae622,60.15133,24.92329,00000000e8a064a4,23.56
16822,2019-08-01T09:06:45Z,aa05a7036c3586a79d23f426b78bf158357208bc82d7ddf9a1326dd2,60.16531,24.9442,00000000fdda10fe,11.7
16823,2019-08-01T09:06:45Z,aa5281244780ac8f283c3452639d477cd76e31fc6f0b95b99c51a9b0,60.16762,24.95415,000000006b44cce7,3.09
16824,2019-08-01T09:06:45Z,ab615ee5bbf567aee3505fbb360d09fc6b851f93fb15aef778b57128,60.16531,24.9442,00000000fdda10fe,8.38
16825,2019-08-01T09:06:45Z,aca524ceb3c7373172ecd0d06b26e7d610d441f4a47ab78ae0ad3340,60.15133,24.92329,00000000e8a064a4,25.36
16826,2019-08-01T09:06:45Z,acbbe4765d72f36b0323407c7dbe43db7b4ad5e2da0a6a9e5966db0b,60.16897,24.95222,00000000aa852af1,11.7
16827,2019-08-01T09:06:45Z,ad22512fd6a5ad9e19fdfad7e02b2793ecb01875be243f894c637ae2,60.16829,24.94214,00000000afef4555,3.4
16828,2019-08-01T09:06:45Z,af67ffa8b538058603b74f48e04ab914e8f6cd450f53c47f8c3d683d,60.15432,24.9211,0000000019fb59c4,11.7
16829,2019-08-01T09:06:45Z,afaed9946dbc1509500c6f80f87eed8fe44a74ba3e14328c6efe3971,60.16829,24.94214,00000000afef4555,16.1
16830,2019-08-01T09:06:45Z,b09e9bb62cc49c085c1aee3b752af1bec69dabc939323e5733f73933,60.17065,24.93641,000000000f4919c9,25.36
16831,2019-08-01T09:06:45Z,b25339bfcf356e1460eec7d6494ab8fa8fe2ee363afb6496ab1a1fb9,60.16829,24.94214,00000000afef4555,5.91
16832,2019-08-01T09:06:45Z,b32e57a6f5865a23d7a0e9fa346d5ec4e975f99c4df815fe8b1449b2,60.17919,24.95181,000000007b5207b6,11.7
16833,2019-08-01T09:06:45Z,b474e34db18d21635ec9ea2654513e6759c326f3aaec96c25f9a204e,60.16897,24.95222,00000000aa852af1,7.69
16834,2019-08-01T09:06:45Z,b50a45ac0708e7b5cca42f3458430eb22ff70a81c575bafe99ffda23,60.17002,24.94407,000000006b087f40,7.05
16835,2019-08-01T09:06:45Z,b5603e758440226e490d1d7d7271a7b0d5c261eccbad198f81110136,60.15432,24.9211,0000000019fb59c4,9.92
16836,2019-08-01T09:06:45Z,b6c43126ca83e916a68e57d0178060c24fc61305836b6c8f188f7285,60.17919,24.95181,000000007b5207b6,11.7
16837,2019-08-01T09:06:45Z,b6f0f4101a1a258dcb1d82d77ca91000694d4fed15bd882a8e3bfe66,60.149,24.9843,00000000fffb8cf0,16.1
16838,2019-08-01T09:06:45Z,b8fb70225ee0a2d655e2809da07a2f8cd2feb7295aa256f8b35fcf1e,60.16629,24.95957,00000000fb7600be,14.89
16839,2019-08-01T09:06:45Z,bb2187a4e20012ad694c768ef2c47c9a9055671024ebf4855d4e6243,60.16531,24.9442,00000000fdda10fe,1.38
16840,2019-08-01T09:06:45Z,bc20b3b236588d3632c07aba05bd43ff4ec70f10290f2feb5175b8ab,60.16762,24.95415,000000006b44cce7,12.69
16841,2019-08-01T09:06:45Z,bc6d5082ca52e6dae7a1689a835434f3f6341e90afea565480eb9674,60.16829,24.94214,00000000afef4555,9.12
16842,2019-08-01T09:06:45Z,bc82f76c979de19b559e9e3aa0cd6cbf5ac361e2d7b1ac9f81fe2f4f,60.17919,24.95181,000000007b5207b6,18.79
16843,2019-08-01T09:06:45Z,be12d6aaccf354197284a8c92b960bd6a4e1705f7d948823e7891fde,60.16762,24.95415,000000006b44cce7,2.8
16844,2019-08-01T09:06:45Z,bf546b1abc8eba5c7f399f527508a7304dea62586aa297896d71ea5c,60.18203,24.91341,00000000342570c2,20.28
16845,2019-08-01T09:06:45Z,c15da9ed244b57a27a083919c67d0edde078a31b18cb58f13581f173,60.1538,24.95595,0000000038bf9618,31.5
16846,2019-08-01T09:06:45Z,c1674c59c49d5bf74e6808239a91d18a04e47697d298bc61a7618af2,60.16448,24.97323,0000000053c6c2be,16.1
16847,2019-08-01T09:06:45Z,c1bf1bf699e9bc78ca15c9490d1ef02e3323f0c2c76bf0fca7955a69,60.14947,24.91438,000000004ef3150d,23.56
16848,2019-08-01T09:06:45Z,c434f18b802a764aad7a2dfb46e93546acb1b0975cf9b93fd47363f6,60.15432,24.9211,0000000019fb59c4,16.1
16849,2019-08-01T09:06:45Z,c51beff15d228f2dab9416cadfcc60fe269ce3d9202a9cf2ec7e7647,60.16829,24.94214,00000000afef4555,23.56
16850,2019-08-01T09:06:45Z,c65c11ee6e8b5894ead3ea9b007a39127edb65a67be253aca6f78ed0,60.16448,24.97323,0000000053c6c2be,21.87
16851,2019-08-01T09:06:45Z,c8aef405537103b9d31a7e2dda43949f5844b9a36494f8defaf0d803,60.17002,24.94407,000000006b087f40,27.28
16852,2019-08-01T09:06:45Z,c8be2c26d4f0c9d399f32e84d95487a2644ffcb62681165be3d36a02,60.16762,24.95415,000000006b44cce7,10.78
16853,2019-08-01T09:06:45Z,c8df45d222b573af5441c1ec32616df82891a813c9217002a9d60846,60.16829,24.94214,00000000afef4555,20.28
16854,2019-08-01T09:06:45Z,ca7719c7cd8d4496b666f608fc07ba9930e362a0b2d96890b0778618,60.16629,24.95957,00000000fb7600be,13.75
16855,2019-08-01T09:06:45Z,cc1fcf6550ac1eee3eceef1f35de652b641407007a7c0464ac54fdbd,60.16897,24.95222,00000000aa852af1,27.28
16856,2019-08-01T09:06:45Z,cccf3ba2a9d11b9330c18af8064a20aca9995473495bf119162a1619,60.16897,24.95222,00000000aa852af1,12.69
16857,2019-08-01T09:06:45Z,cd24d4831d3c3e8dad5e555b47528aa6b11e307b2882be4f65dd4076,60.17002,24.94407,000000006b087f40,9.92
16858,2019-08-01T09:06:45Z,cf061f5093c857b2efc346d3ad51fd17cca7eb360060ba7875630cf5,60.16897,24.95222,00000000aa852af1,20.28
16859,2019-08-01T09:06:45Z,cf823e18aa21de251222a9ab70c1b76b6218dea694752d56f6f84082,60.149,24.9843,00000000fffb8cf0,33.81
16860,2019-08-01T09:06:45Z,cf9455daa4877b79636eca3ae57056b08dfc0b42f107cedb6f5a3f16,60.16829,24.94214,00000000afef4555,16.1
16861,2019-08-01T09:06:45Z,d0ae4fabf429edbfdad59f8183cc6e5929f68633315448c9b83d4c16,60.16762,24.95415,000000006b44cce7,13.75
16862,2019-08-01T09:06:45Z,d16e16def718519430296afa23976c226aaf720722bce3d92a2aad43,60.14947,24.91438,000000004ef3150d,14.89
16863,2019-08-01T09:06:45Z,d1d09b38a1ae08dab2a5a984989b4a95c7d48a752c12076eae9c5d11,60.16531,24.9442,00000000fdda10fe,38.87
16864,2019-08-01T09:06:45Z,d31d6921eee92503b486a1b30f5330581c4744a82e6549f375544846,60.17919,24.95181,000000007b5207b6,14.89
16865,2019-08-01T09:06:45Z,d562afdedae521be241c98441e436608a323fdb944dedc24c835e762,60.17065,24.93641,000000000f4919c9,5.41
16866,2019-08-01T09:06:45Z,d653ef8368d33df4fc7edeb5a381d5826be1471f1470aa9744d47901,60.173,24.92524,0000000096918cfa,7.05
16867,2019-08-01T09:06:45Z,d65b8625c1f24304ff0e3c4a4dce7aa5d434d36be87be41834a49420,60.16531,24.9442,00000000fdda10fe,4.5
16868,2019-08-01T09:06:45Z,d6e217c6592e449e2390b1a874e08cbc9126116901dbdbf84501c6b8,60.17065,24.93641,000000000f4919c9,14.89
16869,2019-08-01T09:06:45Z,d74ea3c9e0aaa523c791aa01f4f9a7c1c43f01f585dc4146b19edf83,60.17919,24.95181,000000007b5207b6,4.11
16870,2019-08-01T09:06:45Z,d7734ef0345fcffc0f4bd7579275af62987490aba012209832e92059,60.16629,24.95957,00000000fb7600be,13.75
16871,2019-08-01T09:06:45Z,d87c4d5dc2cd620de54fdd076d4f9b35245053d65b644d9e01f558b5,60.16762,24.95415,000000006b44cce7,9.12
16872,2019-08-01T09:06:45Z,dbedd81db3d59ee0c6948187e396a34e2fa5dd6670cf8d862bf5e1ff,60.16762,24.95415,000000006b44cce7,25.36
16873,2019-08-01T09:06:45Z,deb8a213e1b4930e676ee8fdb394161ec46adb785171fa37437b4d44,60.15133,24.92329,00000000e8a064a4,9.12
16874,2019-08-01T09:06:45Z,dfdad4781845931b68b01bf5d5e24743edd54d7c151a45be8a4db2ca,60.16544,24.95398,0000000038d83d41,25.36
16875,2019-08-01T09:06:45Z,dfe80baf219bd267a459c954a8e3027b3f1ed29fea2a5355456d5652,60.16897,24.95222,00000000aa852af1,9.92
16876,2019-08-01T09:06:45Z,e09515dbe1e90af07cb756a83c222c60f5f0566f94590848e72f6401,60.16762,24.95415,000000006b44cce7,10.78
16877,2019-08-01T09:06:45Z,e0fe7fe5854899c0eb42b75b300339808143419404558ed4d00b0f17,60.17918,24.95141,00000000675d5200,7.05
16878,2019-08-01T09:06:45Z,e234769b1ce1634554f5fa4a290d11b2a30c3dfd009d4c39a2e9dd3d,60.17065,24.93641,000000000f4919c9,17.4
16879,2019-08-01T09:06:45Z,e2bb0ae74deee6cbc4f50c5f85da3f1779ca1db1ae7ff48ab4b33dbc,60.17919,24.95181,000000007b5207b6,8.38
16880,2019-08-01T09:06:45Z,e2f8b065913423b6cd370ba12adba60bad68b6ff2a97fbcb1d1614bf,60.16897,24.95222,00000000aa852af1,16.1
16881,2019-08-01T09:06:45Z,e3f844c56875bd572c3b57a835b884f1060b467d3bbd25c50dcc7e28,60.16762,24.95415,000000006b44cce7,7.69
16882,2019-08-01T09:06:45Z,e508e239ba2ca68b34ad5074f3d7b013e72f6f7df36eb6cdf545be78,60.16762,24.95415,000000006b44cce7,11.7
16883,2019-08-01T09:06:45Z,e528235be3e5cc4945024d50d1ed43061e2e2f2845f2b41e081e1721,60.17919,24.95181,000000007b5207b6,16.1
16884,2019-08-01T09:06:45Z,e8add7e8346b99cd4b67924113f3763441a1899897c6d1ac3a1a40a6,60.17919,24.95181,000000007b5207b6,9.92
16885,2019-08-01T09:06:45Z,e8ed8051f57ad9d9029a5e3b443c5e93e5059f8c487ba45e2583d35a,60.16829,24.94214,00000000afef4555,21.87
16886,2019-08-01T09:06:45Z,e979a153601f7520f54d4733fe91f75f154c8f1c08dc3408dbba5345,60.15432,24.9211,0000000019fb59c4,4.11
16887,2019-08-01T09:06:45Z,ea94130fbb3464dc656765cfddbad802ddfafb1af8007cb5f42cd41f,60.16829,24.94214,00000000afef4555,9.92
16888,2019-08-01T09:06:45Z,eaf572301dc5c1eaff007bc1886cce8f0f5e92a233b8686ed2a1a9cc,60.17065,24.93641,000000000f4919c9,17.4
16889,2019-08-01T09:06:45Z,ec2dd83e04d225caca9f6b9d28bd3080ed37c5bf42e5f65123fa2394,60.17065,24.93641,000000000f4919c9,11.7
16890,2019-08-01T09:06:45Z,ec7121833f0e4b509d683b00a9c5e992e4b84882cb857145102e14f4,60.16531,24.9442,00000000fdda10fe,1.7
16891,2019-08-01T09:06:45Z,ee424f3045accaa01434f840d87b26b22f65fb6b2f8d34a4b94d6fcc,60.16762,24.95415,000000006b44cce7,17.4
16892,2019-08-01T09:06:45Z,eef621895ee74145a6d76c5f5493a93d7c728c80abe45a2e1933ae9f,60.16897,24.95222,00000000aa852af1,23.56
16893,2019-08-01T09:06:45Z,ef67b9e4617f284b84167b4bdaff71108579a33ced0a2450ff25a1a1,60.16629,24.95957,00000000fb7600be,12.69
16894,2019-08-01T09:06:45Z,ef6e7d641ebef891165f5f8178b3195fbc6c86dc5f904ca2cca43e32,60.16897,24.95222,00000000aa852af1,23.56
16895,2019-08-01T09:06:45Z,f1447725764ec0dca245fc67f2aa0a0c42e6b05808076aa74f0c1e7e,60.17919,24.95181,000000007b5207b6,16.1
16896,2019-08-01T09:06:45Z,f18c0c32d067aecf5602d70693ac888cab1be6dbb0d154be5153dfcc,60.16829,24.94214,00000000afef4555,5.91
16897,2019-08-01T09:06:45Z,f1b28329fc91f4708ca34857c5582c0bf1b7d0ab06127746029cd72c,60.17919,24.95181,000000007b5207b6,4.94
16898,2019-08-01T09:06:45Z,f20935810c1567a80c288016c4d4dd32fe86b3479f47ae7dd64d15cc,60.15432,24.9211,0000000019fb59c4,3.74
16899,2019-08-01T09:06:45Z,f27b93329546b5d9c00e9fc70d0df72440f620564e0fff5a89ff8276,60.17065,24.93641,000000000f4919c9,21.87
16900,2019-08-01T09:06:45Z,f4131e8c526b295b32dc9448a2a43ec900e25e8914003a963782e36c,60.16829,24.94214,00000000afef4555,13.75
16901,2019-08-01T09:06:45Z,f4587b90aec9127805880f7c81fc03b9fb513fe363015399b895089f,60.16829,24.94214,00000000afef4555,8.38
16902,2019-08-01T09:06:45Z,f4bbc3077da0455d4340da2eed204915327b75a792080724548b4956,60.17919,24.95181,000000007b5207b6,4.5
16903,2019-08-01T09:06:45Z,f503a41d3e8b9b57628f4f061c1d8e0c53c62dd8a6fe38d212958ee6,60.16075,24.95883,00000000f1124bca,10.78
16904,2019-08-01T09:06:45Z,f50fd3b1715a94dff67461f4b8f252ecaa6acc16459b3d021f34f15e,60.1538,24.95595,0000000038bf9618,21.87
16905,2019-08-01T09:06:45Z,f55165f87792f06aaca9b79eea536f4bd692c8ee806294be5fb014df,60.16829,24.94214,00000000afef4555,20.28
16906,2019-08-01T09:06:45Z,f587de6c8c03387c5e6a66cd7d20c45abad3668c8e2246611122547b,60.14947,24.91438,000000004ef3150d,11.7
16907,2019-08-01T09:06:45Z,f5c4e0083948ddd2cc19254413dec48f888a85bfe1f826a524e2a814,60.16075,24.95883,00000000f1124bca,29.32
16908,2019-08-01T09:06:45Z,f65d3110b508f50688a970043fd573f9fa05a0dbad4c2e07a1fec923,60.16829,24.94214,00000000afef4555,27.28
16909,2019-08-01T09:06:45Z,f665079710528911e7b7844aa55433e09506580c7fed342e1febfaa5,60.16762,24.95415,000000006b44cce7,17.4
16910,2019-08-01T09:06:45Z,f741519cf6f519194bb45b9da0e69bda8edb903e3c24d4140f340467,60.16762,24.95415,000000006b44cce7,9.92
16911,2019-08-01T09:06:45Z,f803aeb1f00a057ed31451d0f3d132f27fec17305dc699176ac5339a,60.16897,24.95222,00000000aa852af1,17.4
16912,2019-08-01T09:06:45Z,f9e527876f8dfe750fd29bc42664bbf572aed5d09d344a8934a83d90,60.17065,24.93641,000000000f4919c9,3.4
16913,2019-08-01T09:06:45Z,fa1a3814c680b20020a08346c37ee2853e895984574575312bf262e7,60.14947,24.91438,000000004ef3150d,9.12
16914,2019-08-01T09:06:45Z,fa9f19c58a086fde9429d732b1eec80eacf5fc1b2c0124d17243d008,60.17919,24.95181,000000007b5207b6,11.7
16915,2019-08-01T09:06:45Z,fb2df85c8938d6a1bbd1ff0a1cd8aa23480ae08dc39d2b584ed35e14,60.16762,24.95415,000000006b44cce7,14.89
16916,2019-08-01T09:06:45Z,fba6e66dd09200012637e0b454c96fd7a5459b7e8b0ba01863cdbd77,60.16762,24.95415,000000006b44cce7,4.94
16917,2019-08-01T09:06:45Z,fe191b6937595e5cf2ac1491e9056f0f9fb5bf66c0cb900df00b4c64,60.16829,24.94214,00000000afef4555,0.59
16918,2019-08-01T09:06:45Z,fea1453360073dfc1896bf1f005f51addb49661f953e16cffba3c63d,60.16531,24.9442,00000000fdda10fe,7.05
16919,2019-08-01T09:06:45Z,ff10218d9a15a3bf160a969fa266f197770d363bc52dce7fa08ae990,60.16762,24.95415,000000006b44cce7,5.41
16920,2019-08-01T09:06:46Z,0fff89885f08417f20aadfdbf62a372277e9085bcd024374b772ecac,60.16531,24.9442,00000000fdda10fe,27.28
16921,2019-08-01T09:06:46Z,144afc51fc2443c7031a2912566eff2ce60226a49d6d2bd7c2923700,60.16544,24.95398,0000000038d83d41,23.56
16922,2019-08-01T09:06:46Z,14c7e1511b70f4dd3359cbece1377aebb4d70531f5489eefe53d7c3c,60.16544,24.95398,0000000038d83d41,29.32
16923,2019-08-01T09:06:46Z,15918569de0a46a8eb56b43d8d39f7fc82619ff1006f00822c85745c,60.17919,24.95181,000000007b5207b6,9.92
16924,2019-08-01T09:06:46Z,165ebbb4090d47319ae370f0d0854fdc1f6b79499f8b2e4d3c3533c0,60.16544,24.95398,0000000038d83d41,23.56
16925,2019-08-01T09:06:46Z,187e6d60389911b42d458c417ec912241546398dfe203ef7cef357c8,60.16544,24.95398,0000000038d83d41,36.27
16926,2019-08-01T09:06:46Z,1951291ca064d0fb480d958037c1477427d2ca8db455fef0b741bf9f,60.16448,24.97323,0000000053c6c2be,21.87
16927,2019-08-01T09:06:46Z,1f0f0628cdc688d76bde2b82bee5b9b4916bf0bbdfe76cf3213e1c65,60.15432,24.9211,0000000019fb59c4,17.4
16928,2019-08-01T09:06:46Z,2359f881a4fe8163beed82355aabbba0b00b99f1e4a2a4ccd7186bc4,60.16897,24.95222,00000000aa852af1,17.4
16929,2019-08-01T09:06:46Z,2a93b61a3863ace54349d7a0937e4134fcc6d4dfcf064eefae2b7cf8,60.15432,24.9211,0000000019fb59c4,21.87
16930,2019-08-01T09:06:46Z,5d65719c4cbf045f068d084b72302f447d5fd034413d97d13be00d0e,60.18203,24.91341,00000000342570c2,20.28
16931,2019-08-01T09:06:46Z,6a657079c1bdc8114c289be1ddd83e5846d4279a920d1697b8ff0033,60.18203,24.91341,00000000342570c2,27.28
16932,2019-08-01T09:06:46Z,6d22b751ff5173035dc85c52c3dff0780126adae67fe33dc62dd45ef,60.16531,24.9442,00000000fdda10fe,20.28
16933,2019-08-01T09:06:46Z,6ff437688c444238352c28f64f9d2a7d0f14d19c9ea42c225380501e,60.16762,24.95415,000000006b44cce7,11.7
16934,2019-08-01T09:06:46Z,76c7f42283513d0e289bf786d89463b5025b2ae0f4e13519a4cf228b,60.15432,24.9211,0000000019fb59c4,23.56
16935,2019-08-01T09:06:46Z,78d5f60b36b59c06c3988b94e11744bb3aed5dcbc214f91f228bf892,60.16448,24.97323,0000000053c6c2be,20.28
16936,2019-08-01T09:06:46Z,79f136afa0dd8717337c01c70b457c464aaf0fa25b440f51a394ec23,60.16762,24.95415,000000006b44cce7,20.28
16937,2019-08-01T09:06:46Z,84fdfd8881f633c5f0c71c1480053953ca4b05e848052d97c063ad38,60.1538,24.95595,0000000038bf9618,27.28
16938,2019-08-01T09:06:46Z,87dfaad29a9276ddddb1fa021d3bc23ad14824c1af16f7d87e713689,60.14951,24.92138,0000000006dd41f6,9.12
16939,2019-08-01T09:06:46Z,8c75c3289c84fe4493e1e272a77b615fe1985880c5dc68a7c1a17b53,60.16762,24.95415,000000006b44cce7,11.7
16940,2019-08-01T09:06:46Z,8cc6ddaa460aeae8cc9e8a33f91a01c8cd4c0c8bf8a943210a28c84d,60.1538,24.95595,0000000038bf9618,38.87
16941,2019-08-01T09:06:46Z,8ffeb52bff155eab19ca329d16be495cd44a08aa7f79b94db079caf9,60.15432,24.9211,0000000019fb59c4,25.36
16942,2019-08-01T09:06:46Z,9843c6216661048343a0e49cf3d8aa2883cf77f452666a1c873a1052,60.16448,24.97323,0000000053c6c2be,9.92
16943,2019-08-01T09:06:46Z,9d03d14afa49576281aa26db60e517f7c1ec8aa36f7756959a860a8a,60.16629,24.95957,00000000fb7600be,9.12
16944,2019-08-01T09:06:46Z,a5302e72a58b038ac7633e65863bac48d8153d8837533ac7b5409f37,60.16629,24.95957,00000000fb7600be,8.38
16945,2019-08-01T09:06:46Z,a91d379a4b57c5df22db0d7a041ff69f657b4b31f28554b1011fc03c,60.16544,24.95398,0000000038d83d41,29.32
16946,2019-08-01T09:06:46Z,a9da1ee82e3b670e276c26b483dd50f4a6d0c6f77ef82245d3ae6086,60.18203,24.91341,00000000342570c2,25.36
16947,2019-08-01T09:06:46Z,ab0f67c0c0e1ba5eac9013f9c314feadf340ddf08543b91e70483594,60.16544,24.95398,0000000038d83d41,18.79
16948,2019-08-01T09:06:46Z,b4faf2d3c4d2b199afeab6ab63b583fe3a2e81e14abbef6917f25129,60.15432,24.9211,0000000019fb59c4,17.4
16949,2019-08-01T09:06:46Z,b5fd6b317890e5ab2d79e2cd1abe61626d45a753c7337d0d40728898,60.16762,24.95415,000000006b44cce7,8.38
16950,2019-08-01T09:06:46Z,ba42c72ea7c2663b3ea5044faf12173ab18e523dc35de0e24bf374ac,60.16544,24.95398,0000000038d83d41,23.56
16951,2019-08-01T09:06:46Z,caf8b6928c79628e5e39196e3f0877551608d215c6d43cb58bb7bbbe,60.16762,24.95415,000000006b44cce7,11.7
16952,2019-08-01T09:06:46Z,cf05623e4d87ce0906c0b0b7dbf53aacc1228016cd27c341228b6e76,60.18203,24.91341,00000000342570c2,41.64
16953,2019-08-01T09:06:46Z,d127ead865385b64ae537a703a26be15fae4b5332ce0fbf03d5e0c23,60.1538,24.95595,0000000038bf9618,27.28
16954,2019-08-01T09:06:46Z,d178749a24c32676d0da0f51ae6ff63c456499d4b1814af8fa75ca9e,60.16448,24.97323,0000000053c6c2be,4.5
16955,2019-08-01T09:06:46Z,dd2c9c82cf3737146294aff6f814a1349fb0bc4bedf518715dacbe8f,60.18203,24.91341,00000000342570c2,13.75
16956,2019-08-01T09:06:46Z,ec72ef080c605e71978aed0d3b5f22c3c3133677a43c614b72eedc6d,60.14699,24.922,00000000a53ed894,25.36
16957,2019-08-01T09:06:46Z,ed70dda6b7faebd4340dacdb452ab224d9d3c308df417b7fa76f54e8,60.14951,24.92138,0000000006dd41f6,25.36
16958,2019-08-01T09:06:46Z,f22981c21af00fc334b3d8bdd523e23a50384666e97815f0ec1dc0ac,60.16897,24.95222,00000000aa852af1,7.05
16959,2019-08-01T09:06:46Z,f25a4905c697c095786bda33ab81333cd0ff077e14c1c968a9d46609,60.17065,24.93641,000000000f4919c9,29.32
16960,2019-08-01T09:06:46Z,f7e45613ad966fea53fab73b435ba3a087c774e36596b3a5156a3487,60.16829,24.94214,00000000afef4555,2.8
16961,2019-08-01T09:06:46Z,f83d4b6b8ffbf8a674d212e32100b2360b80261b4e9207d77c0b0ed3,60.17918,24.95141,00000000675d5200,4.11
16962,2019-08-01T09:06:46Z,f99c5dd8cc08bd2353083d875ce8bc585fb2c2ff8427b90d92f571de,60.1538,24.95595,0000000038bf9618,29.32
16963,2019-08-01T09:06:46Z,fc4f3a44235f1cfc7b53f14ba2da599976a5a0a220d23b852688e485,60.17919,24.95181,000000007b5207b6,9.12
16964,2019-08-01T09:06:46Z,00787dad708490660b0b836fa415681cc57046fa521c0c0aaea14a9e,60.16762,24.95415,000000006b44cce7,2.3
16965,2019-08-01T09:06:46Z,011372b726688a0c953368b50bc5a1cb0212c17dbecc587d9f9d75ce,60.16629,24.95957,00000000fb7600be,14.89
16966,2019-08-01T09:06:46Z,02050a536056486b1bf139282f0d0a3af63def1d56ff0c73ac51bb19,60.14947,24.91438,000000004ef3150d,12.69
16967,2019-08-01T09:06:46Z,023083c44c772667f1727e01c74518889b2a82d78ceb28c08b6f8a20,60.16531,24.9442,00000000fdda10fe,17.4
16968,2019-08-01T09:06:46Z,028149b8bfaf37d1f064cb0b4f23ae118f00d8eff41679fb8830396a,60.16531,24.9442,00000000fdda10fe,23.56
16969,2019-08-01T09:06:46Z,0362cc670dcfab795a3911957b6a177416bf9b99d0e2732716796c4d,60.15432,24.9211,0000000019fb59c4,12.69
16970,2019-08-01T09:06:46Z,03f427d436ba092925de462b11374bdbdab0443620037675621fbc11,60.17919,24.95181,000000007b5207b6,16.1
16971,2019-08-01T09:06:46Z,0483eb7342f4e704caa76b9bc3d6a7bd836282960dafc2c756247134,60.16762,24.95415,000000006b44cce7,8.38
16972,2019-08-01T09:06:46Z,0849a091b1aabe9b614b6b5c54dffd083dbb4473ca90dc972e4d37de,60.16829,24.94214,00000000afef4555,12.69
16973,2019-08-01T09:06:46Z,08f9fd60f852d3502bfa509c955e9963e73954f961d55ba8cd46cae9,60.16629,24.95957,00000000fb7600be,11.7
16974,2019-08-01T09:06:46Z,0c1684b697a63d7f47ebaedcfa060b3b4af294fec1e62d613699291a,60.16897,24.95222,00000000aa852af1,6.46
16975,2019-08-01T09:06:46Z,0d36588b0274c7fc1c33ed938ed6883bd98d7e2d5a66328940df8a94,60.14947,24.91438,000000004ef3150d,9.92
16976,2019-08-01T09:06:46Z,0f8637c1e98f21a79714a4d84d3453ac1b96b2bf4ef2361119067e39,60.16629,24.95957,00000000fb7600be,21.87
16977,2019-08-01T09:06:46Z,0feb7de3b58597dd266ed606e8d3b6e2e4e0be942b17c15be984f51c,60.14951,24.92138,0000000006dd41f6,16.1
16978,2019-08-01T09:06:46Z,1069967e3921871955b1b2b42e60f829c593a3e024401bfe61ae410e,60.16629,24.95957,00000000fb7600be,12.69
16979,2019-08-01T09:06:46Z,10cd81594fd56fa1f2c4799419a45b70833d3d8583b817324ee96da7,60.16897,24.95222,00000000aa852af1,20.28
16980,2019-08-01T09:06:46Z,10d0fed0f7d40b253b5fc5a53297dc9af8bb76fa6f34d5e71383cb62,60.17918,24.95141,00000000675d5200,18.79
16981,2019-08-01T09:06:46Z,1134a082e36fe03359bac74c814a0ed20468c45230115d4e25aa230d,60.16829,24.94214,00000000afef4555,7.05
16982,2019-08-01T09:06:46Z,1190156a73bf59a847cf2ffe8e6c4216b8658b3898324d94a582c787,60.16762,24.95415,000000006b44cce7,16.1
16983,2019-08-01T09:06:46Z,141ffc858c3ea6a2e69c954115114304736a35dc25ec947323090dc0,60.16762,24.95415,000000006b44cce7,4.5
16984,2019-08-01T09:06:46Z,14b431f72fc7a1705dec55f60900c3104cc3eab2bed0b01ad6745910,60.173,24.92524,0000000096918cfa,25.36
16985,2019-08-01T09:06:46Z,164d8280dbb888033f64368dd641bcef597fc327148fcf74374894c5,60.16544,24.95398,0000000038d83d41,11.7
16986,2019-08-01T09:06:46Z,167a52adcdc4d9a7f697ffc5e058fcb79a22a32ba0b8ed45a36311f2,60.17002,24.94407,000000006b087f40,25.36
16987,2019-08-01T09:06:46Z,16e18d478be872d2a9801fa885d08edeb3f5ae1840b38478f9baf535,60.17919,24.95181,000000007b5207b6,23.56
16988,2019-08-01T09:06:46Z,190cdde22bc3e3a41cd0f9da7efb3a917bc09e8034b05ca6064ea8a8,60.17918,24.95141,00000000675d5200,11.7
16989,2019-08-01T09:06:46Z,1ca38fda596b437fcaa63f5296adc43c90e729aa040f4b66265aff47,60.173,24.92524,0000000096918cfa,31.5
16990,2019-08-01T09:06:46Z,1cfafdaa3ff1975bcf6f699641431e88775ba2183074d825eeb81dd3,60.149,24.9843,00000000fffb8cf0,25.36
16991,2019-08-01T09:06:46Z,1d70ff49909e1d6fb653ae053aa78084daf385dbbd2ad22b05707309,60.16829,24.94214,00000000afef4555,14.89
16992,2019-08-01T09:06:46Z,1da40c618e0432bb037d08723b65821f6223509e8b4033a4b4190047,60.17065,24.93641,000000000f4919c9,21.87
16993,2019-08-01T09:06:46Z,1dacfb371d75dd4f90f447aac2a00faad98beb4188a6971c19eb2375,60.16629,24.95957,00000000fb7600be,20.28
16994,2019-08-01T09:06:46Z,1dbecade1f3540eb44c3d86cb1ffc73d5bf422ea0cf76927c2d5cd74,60.16829,24.94214,00000000afef4555,18.79
16995,2019-08-01T09:06:46Z,1e3044c19f6913531b6dd4bccb88ad02c1b39192513ccffa05444edb,60.1538,24.95595,0000000038bf9618,21.87
16996,2019-08-01T09:06:46Z,1e3af5697f0a2ae45f261da79e4ba71c868dc4d78008bd1995fe6259,60.16448,24.97323,0000000053c6c2be,13.75
16997,2019-08-01T09:06:46Z,1eadb2c1984aa73c3c2f13eab0a2e793331443c617681e36887f0bcc,60.16629,24.95957,00000000fb7600be,17.4
16998,2019-08-01T09:06:46Z,1f813dc10021899138c12ca17c58ab3dc24db1750dcb1790f9c20e8f,60.15133,24.92329,00000000e8a064a4,6.46
16999,2019-08-01T09:06:46Z,2283762fe3af8329ae65aec44de728da8f383810e9f2a3d3b84fa031,60.16897,24.95222,00000000aa852af1,21.87
17000,2019-08-01T09:06:46Z,22ac1ab1c590ea19b44c61c42f5e8da29a6acbabf56676527811507a,60.15432,24.9211,0000000019fb59c4,14.89
17001,2019-08-01T09:06:46Z,2552cb43d7990bde838673115a742078e343ce93f96257728311655d,60.16897,24.95222,00000000aa852af1,23.56
17002,2019-08-01T09:06:46Z,25d340d14d855b8c18b2c6f2551ec98a1eb047d1fd3457ba881ddf28,60.17918,24.95141,00000000675d5200,14.89
17003,2019-08-01T09:06:46Z,277fcf3cc917a89b46a34e0cf5164a78f5bcc88d92bb45ded60f1a91,60.17065,24.93641,000000000f4919c9,9.12
17004,2019-08-01T09:06:46Z,27b591b33a56a542440b53031a24f42290b0ec1a194af27700b75a3a,60.17919,24.95181,000000007b5207b6,23.56
17005,2019-08-01T09:06:46Z,28296ae2b460df2f6807f8a84b81e5ebd24677a05bded29111dc33a4,60.17002,24.94407,000000006b087f40,23.56
17006,2019-08-01T09:06:46Z,2851f1c6f7f1a08c1f0a282a34a8f383121075c15cf18ea40d134972,60.16531,24.9442,00000000fdda10fe,23.56
17007,2019-08-01T09:06:46Z,28ce50ca84cdcd4c17a36ac666e7ac0267b6ab5b77f4bfb08b2573a1,60.16762,24.95415,000000006b44cce7,4.11
17008,2019-08-01T09:06:46Z,28d50861d92f962c7a49eabaa524431aebf52870e44b79f77d7167c6,60.17919,24.95181,000000007b5207b6,3.74
17009,2019-08-01T09:06:46Z,29795b9ff1f5a6605d8cd112953fbcc6f466c5eed26286a73fffba91,60.16544,24.95398,0000000038d83d41,31.5
17010,2019-08-01T09:06:46Z,29ae3c5c3aeac0c607bc816f7e74c232a40142b79a52c43c7b1ed42f,60.16829,24.94214,00000000afef4555,4.5
17011,2019-08-01T09:06:46Z,2afa9ac588b2c55e8edf99ee96ecaf63451a7ab1e51571b7e2d1d491,60.16762,24.95415,000000006b44cce7,9.92
17012,2019-08-01T09:06:46Z,2c6810efb2565383ca0a554f3c51f3f7905484357f5e00756dbf091a,60.17919,24.95181,000000007b5207b6,14.89
17013,2019-08-01T09:06:46Z,2c6f6440161f9061a850e8db96383d5eb111f0d1d8f0b666b7c49f22,60.16897,24.95222,00000000aa852af1,18.79
17014,2019-08-01T09:06:46Z,2ea9a23b1a04016fb4810d1ceb5731d90774224fd9235877005a4e1c,60.16897,24.95222,00000000aa852af1,25.36
17015,2019-08-01T09:06:46Z,2f43b7a683b0d365a46b6259a032813c293472eaedcdbcc3507adee5,60.17919,24.95181,000000007b5207b6,12.69
17016,2019-08-01T09:06:46Z,2f5bd339f1aa466a7eab54348ecb6614ab41fd76d300d0defda67505,60.1538,24.95595,0000000038bf9618,23.56
17017,2019-08-01T09:06:46Z,2f79108a454c0072885ad1447280ed5098d061b229eaae61a8bb67be,60.15432,24.9211,0000000019fb59c4,8.38
17018,2019-08-01T09:06:46Z,2f82b3546af2df53b58cddc668c9aa196554108cdf39120ea40b417c,60.16629,24.95957,00000000fb7600be,1.88
17019,2019-08-01T09:06:46Z,2fb39eae730ec6f291700f841a64aaf680d52a8346399aec6ccb1dbb,60.17065,24.93641,000000000f4919c9,14.89
17020,2019-08-01T09:06:46Z,2ff189e5846383641192cafb595a7a8f77394239ee03aabd1bf3c49f,60.16829,24.94214,00000000afef4555,1.88
17021,2019-08-01T09:06:46Z,312e78d3624e87e1645e7d54f96facd8a2321d6e65a3ef0620fb1d42,60.16531,24.9442,00000000fdda10fe,27.28
17022,2019-08-01T09:06:46Z,31b02b3b271f6feef9e49d9285929ff1c25a11e608fc5d70bc6a1fac,60.16897,24.95222,00000000aa852af1,17.4
17023,2019-08-01T09:06:46Z,32fcb1ab3a9fde533916ca28a0d5b56bbb45fd171dd5bae91f66ec6c,60.16897,24.95222,00000000aa852af1,11.7
17024,2019-08-01T09:06:46Z,33fa4cb82db5b44ffe6e7ae1039635187f90d1df328f8f139da0c693,60.17919,24.95181,000000007b5207b6,14.89
17025,2019-08-01T09:06:46Z,3480c16a6649952c388d8902596e332f018e609b9585f483353ae026,60.17065,24.93641,000000000f4919c9,3.74
17026,2019-08-01T09:06:46Z,34aa4c3c2f71b736426f6819c09b12c961bc996110fe1fa7c9772c5d,60.15432,24.9211,0000000019fb59c4,11.7
17027,2019-08-01T09:06:46Z,34e96c7caa63e7ede8f428b18e8fb556ac235d61a50c9d6ac7ff268f,60.17919,24.95181,000000007b5207b6,5.91
17028,2019-08-01T09:06:46Z,360014d393398eb7d323a49a4a361f65cb58921de972f4c4193ace50,60.16544,24.95398,0000000038d83d41,27.28
17029,2019-08-01T09:06:46Z,3609f484ad7e56259f60a61aba44f22dfca5c8b2564fce7e802ad342,60.16829,24.94214,00000000afef4555,16.1
17030,2019-08-01T09:06:46Z,367b1989198ef11170dd9fcfa7e6ebb5ceb58aab87c613ee1bb86e8c,60.16531,24.9442,00000000fdda10fe,7.05
17031,2019-08-01T09:06:46Z,36fe97cd2ec69118778c771a87593630f8a6a2cb77d9ce72f845cd3c,60.16762,24.95415,000000006b44cce7,7.05
17032,2019-08-01T09:06:46Z,39c6456ee66fe96eee3d97cee2a70923cedb3da760bb5d4d413adb9c,60.17919,24.95181,000000007b5207b6,10.78
17033,2019-08-01T09:06:46Z,39e9fa7033887b7ab339887aa68753ff94d4771cda2bb8ff4ea7aa0a,60.17919,24.95181,000000007b5207b6,4.5
17034,2019-08-01T09:06:46Z,3a1afdcf7c2e5a52cdbcbbe29e8281c184037e8720920c6c75bee339,60.15133,24.92329,00000000e8a064a4,10.78
17035,2019-08-01T09:06:46Z,3a253f272d2781dc2001addfbddcac5f3dbf18610988531707b80b60,60.16829,24.94214,00000000afef4555,29.32
17036,2019-08-01T09:06:46Z,3a2f1a2c6c645bd161943b3f19c171d021512d7a8c4273ed3022f5df,60.16829,24.94214,00000000afef4555,29.32
17037,2019-08-01T09:06:46Z,3a38ba36c098f2741d6c5fb5a751fcd074d05d698ac592ca09ab443c,60.16448,24.97323,0000000053c6c2be,25.36
17038,2019-08-01T09:06:46Z,3a40ef839ab39dbb6eef8f00b0de30062b8cc56391e3303f762004a3,60.16762,24.95415,000000006b44cce7,14.89
17039,2019-08-01T09:06:46Z,3a7b4023cee4b0d567a123a3d6aff0bc8f94663522bbdf0ea4306607,60.149,24.9843,00000000fffb8cf0,10.78
17040,2019-08-01T09:06:46Z,3a97ae4dcab31eb5e15e5d036d286e9764e25bcf0ad8afcfba854c90,60.16762,24.95415,000000006b44cce7,10.78
17041,2019-08-01T09:06:46Z,3be40c84926a525adbd09eeeb3a12b73b24c633942b2e1fbe8151ac3,60.16448,24.97323,0000000053c6c2be,21.87
17042,2019-08-01T09:06:46Z,3c864716e211395e6a02802fbf80abb7b7c4519243bea4994fca7720,60.16762,24.95415,000000006b44cce7,14.89
17043,2019-08-01T09:06:46Z,3eea43670f4f29a90ced59c1af122371340275fb61ff8f14c7120658,60.16762,24.95415,000000006b44cce7,5.91
17044,2019-08-01T09:06:46Z,40646914186edc6142b7fc3daf766121b55f5bb36ea38facff686ea5,60.16897,24.95222,00000000aa852af1,18.79
17045,2019-08-01T09:06:46Z,41a0ca2955e0ae0324f6e14aeb77ebfaac5305e31d86c42a20277b94,60.15133,24.92329,00000000e8a064a4,27.28
17046,2019-08-01T09:06:46Z,41f455676c61a2d8e1658c60afd7984613a3bc84daac78079c0d8b0c,60.16829,24.94214,00000000afef4555,10.78
17047,2019-08-01T09:06:46Z,42844e90c7134ebb3ec325f57cd27cd24711c779548ebc8692a820d5,60.14951,24.92138,0000000006dd41f6,3.4
17048,2019-08-01T09:06:46Z,432417b4972b744ded3410777a6bbb583cf56172bf3436ddbe48a21d,60.16762,24.95415,000000006b44cce7,6.46
17049,2019-08-01T09:06:46Z,4393fccdbc9fb22fab14f03ea52183ad558bcd436202e69f56a7b77a,60.16762,24.95415,000000006b44cce7,11.7
17050,2019-08-01T09:06:46Z,43e023a8726ec4c53a8cea6dcaa79e722da4677e37f3f6c9d3cc9873,60.16544,24.95398,0000000038d83d41,21.87
17051,2019-08-01T09:06:46Z,44a120ac90dacb4d43fe4d38ee859a1015bcd226ff3d946a1e44c4ca,60.16531,24.9442,00000000fdda10fe,18.79
17052,2019-08-01T09:06:46Z,4642dfa1df839f11e64f68bca4e3dce7bde2ff6dd68c54959fcb4788,60.17918,24.95141,00000000675d5200,7.05
17053,2019-08-01T09:06:46Z,4682d95464cedcc021f38271a51bab9c000762b4acf802070e259ba2,60.16629,24.95957,00000000fb7600be,14.89
17054,2019-08-01T09:06:46Z,47bd1492244c444d45674eb48dd2e6f222cb109d820ba807c4e18c1a,60.16629,24.95957,00000000fb7600be,9.92
17055,2019-08-01T09:06:46Z,48004849b2f48b2314aa9175433d754db1641b949bb8cf050e2dd128,60.17918,24.95141,00000000675d5200,9.92
17056,2019-08-01T09:06:46Z,484bbaa5a9d6bdd2259f022b6ea4e3c290985c13a1286bd7142d878f,60.16762,24.95415,000000006b44cce7,9.92
17057,2019-08-01T09:06:46Z,49bbad87e4d6cd03bdb073bde7be91193d74d29943badce7fc536916,60.16448,24.97323,0000000053c6c2be,14.89
17058,2019-08-01T09:06:46Z,49df780a7f20a99ad2810fa4bbb46b5fac9bc5cbe3fc800cd572f63a,60.14947,24.91438,000000004ef3150d,16.1
17059,2019-08-01T09:06:46Z,4ade4f0d92c6157a42d7fd8e353d1c93551324ba47cc134b840a6c63,60.16897,24.95222,00000000aa852af1,7.05
17060,2019-08-01T09:06:46Z,4ba529eeafb27285cbbade6e5ece0d4d04bd2d13c98b27a5d17abd22,60.16897,24.95222,00000000aa852af1,3.09
17061,2019-08-01T09:06:46Z,4c85a4a0756c1707ca2f02a74870d1e1d1a90f1793d229dc3a2bbb63,60.16531,24.9442,00000000fdda10fe,20.28
17062,2019-08-01T09:06:46Z,4c8696833edf46025bc9b5f589679b77a73c857736036aa9ef6696e5,60.17002,24.94407,000000006b087f40,18.79
17063,2019-08-01T09:06:46Z,4dcb265525b1855a42a4dedd433986f0816ee2a6d0e3ef29050d37b5,60.16762,24.95415,000000006b44cce7,31.5
17064,2019-08-01T09:06:46Z,4e5e16adfd317b7f9617f681099821bae42d6f0dca51dfd0957c65b4,60.16762,24.95415,000000006b44cce7,9.12
17065,2019-08-01T09:06:46Z,4eedcf0e4f6f8553eb2cfd7474a44c617bbb2eed3a06c66aad521947,60.16762,24.95415,000000006b44cce7,23.56
17066,2019-08-01T09:06:46Z,4f609afde0ba5cb017ba3c549bdd11ff322a2e0227a0f11a9d112220,60.16762,24.95415,000000006b44cce7,10.78
17067,2019-08-01T09:06:46Z,4f9125edf503fe3cb0ba1e1221fe6a67aafd99fcd89fd92d2bf20e97,60.16897,24.95222,00000000aa852af1,10.78
17068,2019-08-01T09:06:46Z,4f93c5c493e876fd65b50774e1c92d808bcddb72337905c0c6bb385b,60.16829,24.94214,00000000afef4555,25.36
17069,2019-08-01T09:06:46Z,4fb4a3650a2a28469dde9c537458d24411aa6075666e047dd756fba9,60.17919,24.95181,000000007b5207b6,13.75
17070,2019-08-01T09:06:46Z,5001aabb6808b9fd96b705d1ebe8e7aca52713c2640100d81879dd86,60.17919,24.95181,000000007b5207b6,5.91
17071,2019-08-01T09:06:46Z,504f910a0bd104a130b85d0c50467a15e74dc950bcc9eac3ebecc43e,60.16531,24.9442,00000000fdda10fe,14.89
17072,2019-08-01T09:06:46Z,518381021c83c138e4a82160bc6cc947b3866647e3c5d6818bdd63bb,60.17002,24.94407,000000006b087f40,14.89
17073,2019-08-01T09:06:46Z,51ec42fdd85671ae93876c3d875b24e56cb45699e9c3d2b623dca70d,60.16762,24.95415,000000006b44cce7,7.05
17074,2019-08-01T09:06:46Z,529623421e226c215bcca0b1388813e291d3d13ed1d8465f0ab69147,60.16629,24.95957,00000000fb7600be,16.1
17075,2019-08-01T09:06:46Z,5372348389197e6c4bc4c5e3dab047e7384d562220e6295904bbda1b,60.17065,24.93641,000000000f4919c9,1.54
17076,2019-08-01T09:06:46Z,5385ddf78e929052bb12c39651fb3ff99e3642aa079d49f687b4c73c,60.16762,24.95415,000000006b44cce7,11.7
17077,2019-08-01T09:06:46Z,53fb53be4440aecb1a1fa63a9da1db08182cc7e252da14685e63373d,60.16762,24.95415,000000006b44cce7,21.87
17078,2019-08-01T09:06:46Z,54bd709173219e8017f317b63ecc83d0a48f64542e6fa1b83c86a56c,60.17919,24.95181,000000007b5207b6,18.79
17079,2019-08-01T09:06:46Z,556cae6b2e2dec6fe691a835e8e08bd016b1a65797c0aca46879329f,60.17919,24.95181,000000007b5207b6,10.78
17080,2019-08-01T09:06:46Z,559429bba23762a872fc7b1e2219d42125ab101e4355d43fdb94ed7b,60.17919,24.95181,000000007b5207b6,14.89
17081,2019-08-01T09:06:46Z,559e6a5225ce35ab844c63ea0d0c1695dc490a3d9cfbafa5d35ac8d8,60.14947,24.91438,000000004ef3150d,9.92
17082,2019-08-01T09:06:46Z,57c17edc71bbce06ad692952a1e05eaa77181884e580c0848f3a23fc,60.14951,24.92138,0000000006dd41f6,31.5
17083,2019-08-01T09:06:46Z,5830a481876da00686f25b17dad06258a39212c0816ed04dda2df1bd,60.16531,24.9442,00000000fdda10fe,21.87
17084,2019-08-01T09:06:46Z,5865a27b5b56a60bca38e4a1403655e3e7fd0232a3ff2079965aff81,60.15432,24.9211,0000000019fb59c4,3.74
17085,2019-08-01T09:06:46Z,58754229cd3381042c5ffda79c0108c5f77aa1f0f6d1468b9cb42b4c,60.16829,24.94214,00000000afef4555,12.69
17086,2019-08-01T09:06:46Z,5978726eeef638856dafd3a8d199287f8daf9e90ddde750b402f8bb0,60.17065,24.93641,000000000f4919c9,1.12
17087,2019-08-01T09:06:46Z,5a3004325b5a058e02fb9f32ef4f7e9cc465240cbda7a7e4ec89d2de,60.16629,24.95957,00000000fb7600be,23.56
17088,2019-08-01T09:06:46Z,5a34b02faac3189217466888ef1d31cc80f721ac2f18638c5db88d53,60.14947,24.91438,000000004ef3150d,29.32
17089,2019-08-01T09:06:46Z,5a8d671a78b976d212d9746d88b9a754a2d9c8341c529e88b7c6b8f4,60.17065,24.93641,000000000f4919c9,12.69
17090,2019-08-01T09:06:46Z,5b06617477af6dcee75a94ac347364b50f6f3b5b7d747e5413d9ad58,60.14947,24.91438,000000004ef3150d,11.7
17091,2019-08-01T09:06:46Z,5b24733f1e45af711e2eebfb97b6b1467ca5cf1f466e6c8add4f7935,60.16762,24.95415,000000006b44cce7,6.46
17092,2019-08-01T09:06:46Z,5c1f71098d5d7258d2971061c791c94e0138c8e02225c5f60d6a0428,60.149,24.9843,00000000fffb8cf0,17.4
17093,2019-08-01T09:06:46Z,5daa76852f3e1be6c75fa2185d5787ab9010cf83d6671515769a8649,60.16531,24.9442,00000000fdda10fe,21.87
17094,2019-08-01T09:06:46Z,5e2c5c20c88ccf362ed8749d1ddc041b1cb1c38d8dbeac7870179322,60.16629,24.95957,00000000fb7600be,7.05
17095,2019-08-01T09:06:46Z,619c5b31af2a28703a837cc7974ef0d2c5bb6584ba0fcc03076218ac,60.17002,24.94407,000000006b087f40,16.1
17096,2019-08-01T09:06:46Z,6210685a7cc26d002029c337ad346daa55e0a72bff908c34ac93a1be,60.16544,24.95398,0000000038d83d41,21.87
17097,2019-08-01T09:06:46Z,626bf35ce16dba1054cfd175d09475d3ee751bf70e56f984ff5c7ab6,60.15133,24.92329,00000000e8a064a4,21.87
17098,2019-08-01T09:06:46Z,63ff2439779051005c18876d20ed53ce060c1de9d7976821bd518fc6,60.15432,24.9211,0000000019fb59c4,9.92
17099,2019-08-01T09:06:46Z,6565d00a13e173bc6e2f8805a61547d928440233513cac42029fa1f5,60.17065,24.93641,000000000f4919c9,21.87
17100,2019-08-01T09:06:46Z,65b6b62b547e11e10f7f83ad497446bee2bb9653097d9d62e9b1b817,60.17065,24.93641,000000000f4919c9,5.41
17101,2019-08-01T09:06:46Z,674355e17da9460e58566497be518f2eb537880c67c788fedb5067db,60.16629,24.95957,00000000fb7600be,9.12
17102,2019-08-01T09:06:46Z,67cf7d2881080aa59ed36a6d88ea1946d17e9d1d5e1ad9eee1851969,60.18203,24.91341,00000000342570c2,16.1
17103,2019-08-01T09:06:46Z,685af6b01bd180194d718801bb8b9c9de22050cc392d6c6441fe986b,60.18203,24.91341,00000000342570c2,13.75
17104,2019-08-01T09:06:46Z,68d7ad8fab31b3c5967a814376d0ddc6cf42e1db0d9e09dfbba169bd,60.16762,24.95415,000000006b44cce7,21.87
17105,2019-08-01T09:06:46Z,69e0d90b6108e76911a28f3eee4ff844015ee575067411f513aa75c1,60.16448,24.97323,0000000053c6c2be,31.5
17106,2019-08-01T09:06:46Z,69e2854c78a472b462941ef730aa9fa7a9dba9c1cc22996396d4c78a,60.17919,24.95181,000000007b5207b6,9.12
17107,2019-08-01T09:06:46Z,6adce4d05e58232a97635a2fd7918e4e49d9295afc0989d727f9c712,60.17002,24.94407,000000006b087f40,9.12
17108,2019-08-01T09:06:46Z,6dca84ddf4be668487766d17c5d13961ed713d24032f709ae87a497f,60.16829,24.94214,00000000afef4555,27.28
17109,2019-08-01T09:06:46Z,6dd5463e670c352180c1e912300e21e59f5e2976266df8c3c92b0baf,60.16829,24.94214,00000000afef4555,6.46
17110,2019-08-01T09:06:46Z,6e80fcea10d21e1d5e672b554c0f3fe686dc58934f38c3391fd5c262,60.17002,24.94407,000000006b087f40,23.56
17111,2019-08-01T09:06:46Z,7003a7f6a5523b645634f014e04bea36016953a8af9324e35602bc2e,60.14947,24.91438,000000004ef3150d,18.79
17112,2019-08-01T09:06:46Z,704c3f3075f13713c363014fa828e4a932e7a05676813b9963a1e554,60.17919,24.95181,000000007b5207b6,2.3
17113,2019-08-01T09:06:46Z,70d391038ec56b63a3737605c2c1db6ffbdca8e4490691776dc993f1,60.16829,24.94214,00000000afef4555,8.38
17114,2019-08-01T09:06:46Z,7176ddd6f2dc9be71319e3a2ea67061af7b5277adc890f23882c0afd,60.16829,24.94214,00000000afef4555,18.79
17115,2019-08-01T09:06:46Z,71b01bb8b8e877dc9ca40e756f441571d12ee3311a945417e8aaa116,60.16762,24.95415,000000006b44cce7,8.38
17116,2019-08-01T09:06:46Z,72439a1f997fd347d46394f31f5789edc877fe61ca34fcd31f9150b1,60.18203,24.91341,00000000342570c2,21.87
17117,2019-08-01T09:06:46Z,7292a4a47ed655e0ce0ead026bb0ae4b8093342f87a9aed5665c1456,60.16762,24.95415,000000006b44cce7,14.89
17118,2019-08-01T09:06:46Z,744ee2f27ae01e2a36d93a868b9fafc4de75e33615c32429b561962b,60.17919,24.95181,000000007b5207b6,23.56
17119,2019-08-01T09:06:46Z,74cb545f76f0bfc5498607247e26e814276a11ce91f77208054ecbc5,60.17002,24.94407,000000006b087f40,27.28
17120,2019-08-01T09:06:46Z,750297d0d8ff0ca837d9c2289c26302d62f38708617150431ab14509,60.16531,24.9442,00000000fdda10fe,23.56
17121,2019-08-01T09:06:46Z,7563b91d728fe470bc4d89aa18128a87b92c747336dd2c70cfbf9e84,60.1538,24.95595,0000000038bf9618,27.28
17122,2019-08-01T09:06:46Z,76c2f7b3773d4bebd4dabada1c2b98fe4ea9762e9c98b4a6371d7746,60.16762,24.95415,000000006b44cce7,11.7
17123,2019-08-01T09:06:46Z,7700297fec4982ad776529835e2ab46d4e5cbc889e26f368c19efeef,60.16829,24.94214,00000000afef4555,4.11
17124,2019-08-01T09:06:46Z,774131d73accbbb31ec3c43c3501b7969645eb65df1839ca8116526e,60.15432,24.9211,0000000019fb59c4,3.4
17125,2019-08-01T09:06:46Z,7c1534082e86ff4387878d813207626d8f728aa26b97248e00a3b8d7,60.16629,24.95957,00000000fb7600be,13.75
17126,2019-08-01T09:06:46Z,7d12711d47425111a6dce413faa867542b9532f3b9c5a934b37a0bc8,60.17918,24.95141,00000000675d5200,18.79
17127,2019-08-01T09:06:46Z,7d415f4fd9093fb383b4ebb88961ad74e6a00d3ece39504712dad639,60.17918,24.95141,00000000675d5200,7.69
17128,2019-08-01T09:06:46Z,7e2e3d07c939e3e76e7ce87678faf64e056afe54215e00488839100f,60.14947,24.91438,000000004ef3150d,13.75
17129,2019-08-01T09:06:46Z,7eb4a715919b3eb4085270535ce4d7b57112591ad7242eb189bf652a,60.17065,24.93641,000000000f4919c9,8.38
17130,2019-08-01T09:06:46Z,7efa1cf3118062946e8958e89ffe767322a7bbf0d35d9d76b711e3b5,60.16762,24.95415,000000006b44cce7,12.69
17131,2019-08-01T09:06:46Z,7f59aaecea1eee6c703ec5d46d67b44289ddedf080defee495b73739,60.14947,24.91438,000000004ef3150d,10.78
17132,2019-08-01T09:06:46Z,809bf2d7a0745ae512b934a578fd5fd47c13c5398b6d06ad350b9e7c,60.14947,24.91438,000000004ef3150d,9.12
17133,2019-08-01T09:06:46Z,814fca075a588ae71c130bafc9384a1c17e7bd8168994ae6fca55205,60.16829,24.94214,00000000afef4555,20.28
17134,2019-08-01T09:06:46Z,8165c5f8d06298ffd56f071c0ad1cc9f1d4f08084936937d712d0b61,60.15133,24.92329,00000000e8a064a4,18.79
17135,2019-08-01T09:06:46Z,828afe5ee1f94b9afbfd61b9673b7c8b21457d11dafb1d2ad98dbd23,60.149,24.9843,00000000fffb8cf0,17.4
17136,2019-08-01T09:06:46Z,82bab0a1bfd11576cf62159546b756e1da44125c76909e270ced391b,60.16897,24.95222,00000000aa852af1,20.28
17137,2019-08-01T09:06:46Z,8524898e498c83bde4bc1848aa2b372da84e7b2266f36aabe128cc27,60.17919,24.95181,000000007b5207b6,16.1
17138,2019-08-01T09:06:46Z,85bdce5b262dbd94adcff03e6cad26a1152828b6ab27e6fdd56b2b13,60.16762,24.95415,000000006b44cce7,2.3
17139,2019-08-01T09:06:46Z,86b066ea755e9fd56188a608365c78bc7873db821770bdcfc83ed149,60.16762,24.95415,000000006b44cce7,9.92
17140,2019-08-01T09:06:46Z,86e7584bf95733cef59d74bb4955881e99dc86b73a0d5b4e3ef58b50,60.18203,24.91341,00000000342570c2,23.56
17141,2019-08-01T09:06:46Z,880f9cbb91b9caf48ea9c5dd1a0c8e1db72922b6dfcb647b102fc469,60.16629,24.95957,00000000fb7600be,4.94
17142,2019-08-01T09:06:46Z,88c2bc6310f27465b9f08b28fb52075d7703ce7b097e5beb37c7437c,60.14947,24.91438,000000004ef3150d,7.69
17143,2019-08-01T09:06:46Z,893080d82bb28aa3ab91e41ddd4569086c8135ade7be10aa644fca95,60.17065,24.93641,000000000f4919c9,18.79
17144,2019-08-01T09:06:46Z,898cde3317c73907bb23b1b885828c4bf3187c3a757a18dc32abe970,60.16762,24.95415,000000006b44cce7,5.91
17145,2019-08-01T09:06:46Z,8a01e28fd327e5c56dcf2dc8b2b7762a96d77584c21990a073ceb11f,60.16829,24.94214,00000000afef4555,21.87
17146,2019-08-01T09:06:46Z,8a70673a694137689441a8a18cff0044d959d5d1991c92c7b5fb8f0c,60.16829,24.94214,00000000afef4555,18.79
17147,2019-08-01T09:06:46Z,8b789024cc2e6b2143ce205690fe87cbdb761aa292e434010176906d,60.16629,24.95957,00000000fb7600be,20.28
17148,2019-08-01T09:06:46Z,8c571538c285dba9d77edacfb1829b282d54b772b62209c6e4004237,60.17919,24.95181,000000007b5207b6,18.79
17149,2019-08-01T09:06:46Z,8e20d0d67339e3cf43e77c3a340d9dc6766de8d079197a08a1343ff0,60.17065,24.93641,000000000f4919c9,9.12
17150,2019-08-01T09:06:46Z,8ff363623484e942b5555694468900717744f957e1a6221903490bac,60.16762,24.95415,000000006b44cce7,13.75
17151,2019-08-01T09:06:46Z,90904790fa0d1342b63a88112d3f801ca8fdc72ab4386fe1125ddd83,60.17065,24.93641,000000000f4919c9,23.56
17152,2019-08-01T09:06:46Z,90a44cbd1a957cc59a6986cff9b6b7b8e151d379e17da645069428b8,60.173,24.92524,0000000096918cfa,16.1
17153,2019-08-01T09:06:46Z,91deffb31a198a250cab767f56dfaa0452c84a6bc95e3d49d52dceb7,60.17002,24.94407,000000006b087f40,31.5
17154,2019-08-01T09:06:46Z,9236c27efd200a9ad94ce53d3d2cd84e25047b2280d7e96d6c4d971b,60.16897,24.95222,00000000aa852af1,11.7
17155,2019-08-01T09:06:46Z,941e13893853105c86bfbc6d31d62274937602143ce3bb530c8c17ed,60.17919,24.95181,000000007b5207b6,3.4
17156,2019-08-01T09:06:46Z,9609babe3114439a82f93f797f4a6e779b6bab625488b8ff5b63e674,60.16829,24.94214,00000000afef4555,21.87
17157,2019-08-01T09:06:46Z,96fe6f46ee651c416e8582b7158344011d0d2c74518a8df4be8791dd,60.16544,24.95398,0000000038d83d41,36.27
17158,2019-08-01T09:06:46Z,9998e64e3b5162fd8890fc4e2dfe41a3e875f08500f1cef0c4820855,60.16829,24.94214,00000000afef4555,12.69
17159,2019-08-01T09:06:46Z,99a026b5100e23129fa529e9a57a3dbc8490dc03b58f2193f03e2dcf,60.14951,24.92138,0000000006dd41f6,6.46
17160,2019-08-01T09:06:46Z,9abbc86fb0fc1c0532042814af76a97e6a17121831d4394749a290a6,60.16762,24.95415,000000006b44cce7,5.41
17161,2019-08-01T09:06:46Z,9b3e6848d8b34e802134d6da0e5a594897ec3fafbbf08b6d0b84068e,60.17919,24.95181,000000007b5207b6,3.09
17162,2019-08-01T09:06:46Z,9bef8b28ea93ecaee57d05b037edbfe7f80014aaf56343345fedd7be,60.17919,24.95181,000000007b5207b6,5.41
17163,2019-08-01T09:06:46Z,9dfecc3e26cb27e4b80721e355ef0d6cb182ac2eebf66b006e2d9f8e,60.149,24.9843,00000000fffb8cf0,27.28
17164,2019-08-01T09:06:46Z,9e343a150f07bb3dcce5ecab8ac061b84d65b347b1af5a232e00eeb6,60.16829,24.94214,00000000afef4555,12.69
17165,2019-08-01T09:06:46Z,9e927b1e87f45b2c89a694c49da8922ce180a737f0e8a7cd1476ad29,60.14951,24.92138,0000000006dd41f6,29.32
17166,2019-08-01T09:06:46Z,9ea5b6d54523458f864e06efb821b4738fd3c80375601ea47524a04b,60.16544,24.95398,0000000038d83d41,21.87
17167,2019-08-01T09:06:46Z,9fe150ec915809e658e73e8d7076541dd0ae11c3374241f41adbb90b,60.16629,24.95957,00000000fb7600be,14.89
17168,2019-08-01T09:06:46Z,a04214b56cac7d70680703ee6a28fac742f3c3190b55b46a79c1f76d,60.149,24.9843,00000000fffb8cf0,29.32
17169,2019-08-01T09:06:46Z,a09607edc17117a3069b79434e751f93a2a00d0d6f9aceb043e32074,60.16762,24.95415,000000006b44cce7,13.75
17170,2019-08-01T09:06:46Z,a2c53a9ecb3dab08bc3bf70db35ea02e6f15cedb137ce7817751f27c,60.16829,24.94214,00000000afef4555,16.1
17171,2019-08-01T09:06:46Z,a2e761fd97d8bdf78601300822b531e306b9ab7a1a43b6bfb07eba52,60.14947,24.91438,000000004ef3150d,11.7
17172,2019-08-01T09:06:46Z,a38c11c450b472b9dad2f076e2d9a63651292d3de806331d06af7f46,60.16531,24.9442,00000000fdda10fe,25.36
17173,2019-08-01T09:06:46Z,a403dc1eebc5d130e12a4c3e4298737c9e00b25b1b6b2cc36a6979c9,60.16629,24.95957,00000000fb7600be,8.38
17174,2019-08-01T09:06:46Z,a4b9f871dcc986c95f1e84fe203bb392ba0fe13164d89119bda2c94a,60.16762,24.95415,000000006b44cce7,13.75
17175,2019-08-01T09:06:46Z,a61a6156cbe24f1f3fc8708456044502186478f34ecccb0620788ac3,60.16762,24.95415,000000006b44cce7,11.7
17176,2019-08-01T09:06:46Z,a66eb6150c36b53f6240acfe16dd98ceb16c43b8e02d0b56993bac73,60.16897,24.95222,00000000aa852af1,16.1
17177,2019-08-01T09:06:46Z,a6d0dd9de406b1201a4e438ec7c5f4a467f38c41e2dec42ff6c71d50,60.16897,24.95222,00000000aa852af1,11.7
17178,2019-08-01T09:06:46Z,a786eb3b8a25c58099a428799e99d0b86401f803ee38d3e5d20e59d3,60.15432,24.9211,0000000019fb59c4,12.69
17179,2019-08-01T09:06:46Z,a808962cb511e5ed2d23e6e33efe252b1be29dc1d2f7c6154817f04f,60.16448,24.97323,0000000053c6c2be,17.4
17180,2019-08-01T09:06:46Z,a83415babca8eac00f69a32371a230fdadda29bf40fd69f75cf2e8fb,60.17919,24.95181,000000007b5207b6,13.75
17181,2019-08-01T09:06:46Z,a83703c80a4d58db87327a53b0d3664d23edf7350ff6b0afaa49c530,60.16629,24.95957,00000000fb7600be,17.4
17182,2019-08-01T09:06:46Z,a837f2314938b1510f3b4cc5900d5d67bc7212d234d9fed1c64f3861,60.16762,24.95415,000000006b44cce7,14.89
17183,2019-08-01T09:06:46Z,a8ca7fb815e707c04434a085c4f99e783d56372143afc92225eae622,60.15133,24.92329,00000000e8a064a4,18.79
17184,2019-08-01T09:06:46Z,a9ee2aabbd32919adf0325ca2f2c5f8e0ba801bc168e8756cda957da,60.16629,24.95957,00000000fb7600be,12.69
17185,2019-08-01T09:06:46Z,aa05a7036c3586a79d23f426b78bf158357208bc82d7ddf9a1326dd2,60.16531,24.9442,00000000fdda10fe,21.87
17186,2019-08-01T09:06:46Z,aa5281244780ac8f283c3452639d477cd76e31fc6f0b95b99c51a9b0,60.16762,24.95415,000000006b44cce7,2.8
17187,2019-08-01T09:06:46Z,ab615ee5bbf567aee3505fbb360d09fc6b851f93fb15aef778b57128,60.16531,24.9442,00000000fdda10fe,23.56
17188,2019-08-01T09:06:46Z,aca524ceb3c7373172ecd0d06b26e7d610d441f4a47ab78ae0ad3340,60.15133,24.92329,00000000e8a064a4,25.36
17189,2019-08-01T09:06:46Z,acbbe4765d72f36b0323407c7dbe43db7b4ad5e2da0a6a9e5966db0b,60.16897,24.95222,00000000aa852af1,14.89
17190,2019-08-01T09:06:46Z,ad22512fd6a5ad9e19fdfad7e02b2793ecb01875be243f894c637ae2,60.16829,24.94214,00000000afef4555,0.41
17191,2019-08-01T09:06:46Z,af67ffa8b538058603b74f48e04ab914e8f6cd450f53c47f8c3d683d,60.15432,24.9211,0000000019fb59c4,10.78
17192,2019-08-01T09:06:46Z,afaed9946dbc1509500c6f80f87eed8fe44a74ba3e14328c6efe3971,60.16829,24.94214,00000000afef4555,12.69
17193,2019-08-01T09:06:46Z,b09e9bb62cc49c085c1aee3b752af1bec69dabc939323e5733f73933,60.17065,24.93641,000000000f4919c9,27.28
17194,2019-08-01T09:06:46Z,b25339bfcf356e1460eec7d6494ab8fa8fe2ee363afb6496ab1a1fb9,60.16829,24.94214,00000000afef4555,7.05
17195,2019-08-01T09:06:46Z,b28757d67868f9471f0d997a935e857fd0ff1095449820929597563b,60.16762,24.95415,000000006b44cce7,9.12
17196,2019-08-01T09:06:46Z,b32e57a6f5865a23d7a0e9fa346d5ec4e975f99c4df815fe8b1449b2,60.17919,24.95181,000000007b5207b6,9.92
17197,2019-08-01T09:06:46Z,b474e34db18d21635ec9ea2654513e6759c326f3aaec96c25f9a204e,60.16897,24.95222,00000000aa852af1,9.12
17198,2019-08-01T09:06:46Z,b50a45ac0708e7b5cca42f3458430eb22ff70a81c575bafe99ffda23,60.17002,24.94407,000000006b087f40,5.91
17199,2019-08-01T09:06:46Z,b5603e758440226e490d1d7d7271a7b0d5c261eccbad198f81110136,60.15432,24.9211,0000000019fb59c4,2.08
17200,2019-08-01T09:06:46Z,b6b32d1744cab38523e13d061fa256f05d6e01d920275907327c3083,60.16829,24.94214,00000000afef4555,47.69
17201,2019-08-01T09:06:46Z,b6c43126ca83e916a68e57d0178060c24fc61305836b6c8f188f7285,60.17919,24.95181,000000007b5207b6,17.4
17202,2019-08-01T09:06:46Z,b6f0f4101a1a258dcb1d82d77ca91000694d4fed15bd882a8e3bfe66,60.149,24.9843,00000000fffb8cf0,23.56
17203,2019-08-01T09:06:46Z,b8fb70225ee0a2d655e2809da07a2f8cd2feb7295aa256f8b35fcf1e,60.16629,24.95957,00000000fb7600be,12.69
17204,2019-08-01T09:06:46Z,baca220bc4dd6e05e27f7b99db1588e9c29a5e18a36a70622dea1e65,60.17065,24.93641,000000000f4919c9,25.36
17205,2019-08-01T09:06:46Z,bb2187a4e20012ad694c768ef2c47c9a9055671024ebf4855d4e6243,60.16531,24.9442,00000000fdda10fe,2.08
17206,2019-08-01T09:06:46Z,bbb86467d71e5ec5bd140995d266fd33a85efe89654eb13ee0471416,60.17002,24.94407,000000006b087f40,29.32
17207,2019-08-01T09:06:46Z,bc384bbbf1b2b631cf27066787a32985e9ede5c94a64dc3cab8b6855,60.14951,24.92138,0000000006dd41f6,29.32
17208,2019-08-01T09:06:46Z,bc6d5082ca52e6dae7a1689a835434f3f6341e90afea565480eb9674,60.16829,24.94214,00000000afef4555,17.4
17209,2019-08-01T09:06:46Z,bc82f76c979de19b559e9e3aa0cd6cbf5ac361e2d7b1ac9f81fe2f4f,60.17919,24.95181,000000007b5207b6,7.69
17210,2019-08-01T09:06:46Z,be0aec7d0615ab2d3b044d4d86b1cc0c2e35603c8195665e854c25ae,60.16829,24.94214,00000000afef4555,18.79
17211,2019-08-01T09:06:46Z,be12d6aaccf354197284a8c92b960bd6a4e1705f7d948823e7891fde,60.16762,24.95415,000000006b44cce7,4.5
17212,2019-08-01T09:06:46Z,c004fa64cb7de7e87d3b91639ae5f95304fb1a90b0a0e927cea958af,60.16762,24.95415,000000006b44cce7,11.7
17213,2019-08-01T09:06:46Z,c0a0ca3433586ed2ae0e448f2406fabac7292ac79d49562e0bd5cef8,60.16762,24.95415,000000006b44cce7,16.1
17214,2019-08-01T09:06:46Z,c1674c59c49d5bf74e6808239a91d18a04e47697d298bc61a7618af2,60.16448,24.97323,0000000053c6c2be,14.89
17215,2019-08-01T09:06:46Z,c19294a0a6dd80604d1435e92cecc363af55f32ef9d41af8b67687e2,60.16897,24.95222,00000000aa852af1,20.28
17216,2019-08-01T09:06:46Z,c1bf1bf699e9bc78ca15c9490d1ef02e3323f0c2c76bf0fca7955a69,60.14947,24.91438,000000004ef3150d,16.1
17217,2019-08-01T09:06:46Z,c434f18b802a764aad7a2dfb46e93546acb1b0975cf9b93fd47363f6,60.15432,24.9211,0000000019fb59c4,17.4
17218,2019-08-01T09:06:46Z,c55f651c108f569fe59364de834d31b122908186d2f95d20ed519564,60.16762,24.95415,000000006b44cce7,13.75
17219,2019-08-01T09:06:46Z,c65c11ee6e8b5894ead3ea9b007a39127edb65a67be253aca6f78ed0,60.16448,24.97323,0000000053c6c2be,21.87
17220,2019-08-01T09:06:46Z,c872af9997af535c4615ee0b4194c7c8d644b7962afb3ca321eb386f,60.15133,24.92329,00000000e8a064a4,23.56
17221,2019-08-01T09:06:46Z,c8b9856a261673c3360915cd9a4dabb4afe22b63a86d7f59f7dc5f20,60.17002,24.94407,000000006b087f40,17.4
17222,2019-08-01T09:06:46Z,c8be2c26d4f0c9d399f32e84d95487a2644ffcb62681165be3d36a02,60.16762,24.95415,000000006b44cce7,9.12
17223,2019-08-01T09:06:46Z,c98bce1cc275ed0a1b833011f8cd251ac848fdc84501fe87eb8b5d54,60.17918,24.95141,00000000675d5200,25.36
17224,2019-08-01T09:06:46Z,ca7719c7cd8d4496b666f608fc07ba9930e362a0b2d96890b0778618,60.16629,24.95957,00000000fb7600be,14.89
17225,2019-08-01T09:06:46Z,cc1fcf6550ac1eee3eceef1f35de652b641407007a7c0464ac54fdbd,60.16897,24.95222,00000000aa852af1,27.28
17226,2019-08-01T09:06:46Z,cccf3ba2a9d11b9330c18af8064a20aca9995473495bf119162a1619,60.16897,24.95222,00000000aa852af1,11.7
17227,2019-08-01T09:06:46Z,cd24d4831d3c3e8dad5e555b47528aa6b11e307b2882be4f65dd4076,60.17002,24.94407,000000006b087f40,7.05
17228,2019-08-01T09:06:46Z,cf061f5093c857b2efc346d3ad51fd17cca7eb360060ba7875630cf5,60.16897,24.95222,00000000aa852af1,13.75
17229,2019-08-01T09:06:46Z,cf823e18aa21de251222a9ab70c1b76b6218dea694752d56f6f84082,60.149,24.9843,00000000fffb8cf0,27.28
17230,2019-08-01T09:06:46Z,cf9455daa4877b79636eca3ae57056b08dfc0b42f107cedb6f5a3f16,60.16829,24.94214,00000000afef4555,20.28
17231,2019-08-01T09:06:46Z,d062562fed5ad0a61560e267310beb0b717d2a1e2a11d1d575507861,60.16897,24.95222,00000000aa852af1,10.78
17232,2019-08-01T09:06:46Z,d0ae4fabf429edbfdad59f8183cc6e5929f68633315448c9b83d4c16,60.16762,24.95415,000000006b44cce7,9.12
17233,2019-08-01T09:06:46Z,d16e16def718519430296afa23976c226aaf720722bce3d92a2aad43,60.14947,24.91438,000000004ef3150d,12.69
17234,2019-08-01T09:06:46Z,d1d09b38a1ae08dab2a5a984989b4a95c7d48a752c12076eae9c5d11,60.16531,24.9442,00000000fdda10fe,29.32
17235,2019-08-01T09:06:46Z,d29a5ebd00326d5dedb6c60cab75fd238bdaa9d7f703f6b5974edbc7,60.16762,24.95415,000000006b44cce7,14.89
17236,2019-08-01T09:06:46Z,d562afdedae521be241c98441e436608a323fdb944dedc24c835e762,60.17065,24.93641,000000000f4919c9,4.5
17237,2019-08-01T09:06:46Z,d653ef8368d33df4fc7edeb5a381d5826be1471f1470aa9744d47901,60.173,24.92524,0000000096918cfa,3.74
17238,2019-08-01T09:06:46Z,d65b8625c1f24304ff0e3c4a4dce7aa5d434d36be87be41834a49420,60.16531,24.9442,00000000fdda10fe,6.46
17239,2019-08-01T09:06:46Z,d6e217c6592e449e2390b1a874e08cbc9126116901dbdbf84501c6b8,60.17065,24.93641,000000000f4919c9,23.56
17240,2019-08-01T09:06:46Z,d74ea3c9e0aaa523c791aa01f4f9a7c1c43f01f585dc4146b19edf83,60.17919,24.95181,000000007b5207b6,6.46
17241,2019-08-01T09:06:46Z,d87c4d5dc2cd620de54fdd076d4f9b35245053d65b644d9e01f558b5,60.16762,24.95415,000000006b44cce7,7.05
17242,2019-08-01T09:06:46Z,d8e192aeb0216a9b0596cedcf42e1b5140d6cfbbc830edc10f50c3d1,60.16762,24.95415,000000006b44cce7,14.89
17243,2019-08-01T09:06:46Z,da78c33b53b0b3a551adb83bc2953f20006ca37faff42dbdd687045c,60.17065,24.93641,000000000f4919c9,23.56
17244,2019-08-01T09:06:46Z,dbedd81db3d59ee0c6948187e396a34e2fa5dd6670cf8d862bf5e1ff,60.16762,24.95415,000000006b44cce7,10.78
17245,2019-08-01T09:06:46Z,dc00d45c0dd506326fb4dd3692d409df80cb3d871341ffff720dc834,60.16762,24.95415,000000006b44cce7,14.89
17246,2019-08-01T09:06:46Z,ddae2128c72cf011df2a698a8254b8738fd07a971349ea8a5e8bfa9f,60.16829,24.94214,00000000afef4555,23.56
17247,2019-08-01T09:06:46Z,deb8a213e1b4930e676ee8fdb394161ec46adb785171fa37437b4d44,60.15133,24.92329,00000000e8a064a4,7.69
17248,2019-08-01T09:06:46Z,dfe80baf219bd267a459c954a8e3027b3f1ed29fea2a5355456d5652,60.16897,24.95222,00000000aa852af1,7.69
17249,2019-08-01T09:06:46Z,e09515dbe1e90af07cb756a83c222c60f5f0566f94590848e72f6401,60.16762,24.95415,000000006b44cce7,9.12
17250,2019-08-01T09:06:46Z,e0fe7fe5854899c0eb42b75b300339808143419404558ed4d00b0f17,60.17919,24.95181,000000007b5207b6,29.32
17251,2019-08-01T09:06:46Z,e234769b1ce1634554f5fa4a290d11b2a30c3dfd009d4c39a2e9dd3d,60.17065,24.93641,000000000f4919c9,17.4
17252,2019-08-01T09:06:46Z,e28f7f19e0b38def43dfc7679b1bbb29e7db0f57d31509b9202bf608,60.17918,24.95141,00000000675d5200,18.79
17253,2019-08-01T09:06:46Z,e294dde431d68c7b73efcf1f9b916e40bf408111c79228032c7830a4,60.16544,24.95398,0000000038d83d41,20.28
17254,2019-08-01T09:06:46Z,e2bb0ae74deee6cbc4f50c5f85da3f1779ca1db1ae7ff48ab4b33dbc,60.17919,24.95181,000000007b5207b6,11.7
17255,2019-08-01T09:06:46Z,e2f445c6711e0e7d48a6a045bec347587f9f398e8928a171cfa2ca38,60.16762,24.95415,000000006b44cce7,6.46
17256,2019-08-01T09:06:46Z,e3f844c56875bd572c3b57a835b884f1060b467d3bbd25c50dcc7e28,60.16762,24.95415,000000006b44cce7,11.7
17257,2019-08-01T09:06:46Z,e508e239ba2ca68b34ad5074f3d7b013e72f6f7df36eb6cdf545be78,60.16762,24.95415,000000006b44cce7,10.78
17258,2019-08-01T09:06:46Z,e528235be3e5cc4945024d50d1ed43061e2e2f2845f2b41e081e1721,60.17919,24.95181,000000007b5207b6,17.4
17259,2019-08-01T09:06:46Z,e60dfd6fdae0694da3bbaca41506bcb6ca5f3ac39a1801d84a65751e,60.16762,24.95415,000000006b44cce7,9.92
17260,2019-08-01T09:06:46Z,e6b4461f3fc3ee8613bfea0937b5fd730d6686a68a65ed6fecc1dd9f,60.16629,24.95957,00000000fb7600be,16.1
17261,2019-08-01T09:06:46Z,e73dcccbc4dd6af49316f19a34c347cc94ff7ab079a93a2672d78a16,60.14947,24.91438,000000004ef3150d,31.5
17262,2019-08-01T09:06:46Z,e8add7e8346b99cd4b67924113f3763441a1899897c6d1ac3a1a40a6,60.17918,24.95141,00000000675d5200,9.12
17263,2019-08-01T09:06:46Z,e8ed8051f57ad9d9029a5e3b443c5e93e5059f8c487ba45e2583d35a,60.16829,24.94214,00000000afef4555,17.4
17264,2019-08-01T09:06:46Z,e979a153601f7520f54d4733fe91f75f154c8f1c08dc3408dbba5345,60.15432,24.9211,0000000019fb59c4,5.41
17265,2019-08-01T09:06:46Z,ea1b1a8ba1c01fdd1e098c585b133fc3d60f7c2458e7c2726e2df8ee,60.16629,24.95957,00000000fb7600be,27.28
17266,2019-08-01T09:06:46Z,ea3f8412ed9c4d92448688dd9cc7ff9e3eeb5fe4373d0953bf0349c1,60.16531,24.9442,00000000fdda10fe,14.89
17267,2019-08-01T09:06:46Z,ea94130fbb3464dc656765cfddbad802ddfafb1af8007cb5f42cd41f,60.16829,24.94214,00000000afef4555,9.92
17268,2019-08-01T09:06:46Z,eaf572301dc5c1eaff007bc1886cce8f0f5e92a233b8686ed2a1a9cc,60.17065,24.93641,000000000f4919c9,12.69
17269,2019-08-01T09:06:46Z,ec2dd83e04d225caca9f6b9d28bd3080ed37c5bf42e5f65123fa2394,60.17065,24.93641,000000000f4919c9,10.78
17270,2019-08-01T09:06:46Z,ec7121833f0e4b509d683b00a9c5e992e4b84882cb857145102e14f4,60.16531,24.9442,00000000fdda10fe,2.08
17271,2019-08-01T09:06:46Z,ee06dc571acc6f8cad13e6cd588349958dc601934f851b25d2ebee6c,60.16762,24.95415,000000006b44cce7,18.79
17272,2019-08-01T09:06:46Z,ee424f3045accaa01434f840d87b26b22f65fb6b2f8d34a4b94d6fcc,60.16762,24.95415,000000006b44cce7,13.75
17273,2019-08-01T09:06:46Z,eef621895ee74145a6d76c5f5493a93d7c728c80abe45a2e1933ae9f,60.16897,24.95222,00000000aa852af1,20.28
17274,2019-08-01T09:06:46Z,ef67b9e4617f284b84167b4bdaff71108579a33ced0a2450ff25a1a1,60.16629,24.95957,00000000fb7600be,12.69
17275,2019-08-01T09:06:46Z,ef6e7d641ebef891165f5f8178b3195fbc6c86dc5f904ca2cca43e32,60.16897,24.95222,00000000aa852af1,17.4
17276,2019-08-01T09:06:46Z,efb0235d2d9cd06b8377959fc3e5e144c222db88b6578a8fa7a48475,60.16762,24.95415,000000006b44cce7,13.75
17277,2019-08-01T09:06:46Z,f1447725764ec0dca245fc67f2aa0a0c42e6b05808076aa74f0c1e7e,60.17918,24.95141,00000000675d5200,11.7
17278,2019-08-01T09:06:46Z,f18c0c32d067aecf5602d70693ac888cab1be6dbb0d154be5153dfcc,60.16829,24.94214,00000000afef4555,7.69
17279,2019-08-01T09:06:46Z,f1b28329fc91f4708ca34857c5582c0bf1b7d0ab06127746029cd72c,60.17919,24.95181,000000007b5207b6,3.74
17280,2019-08-01T09:06:46Z,f1c56657bd75e6e3cc93071935fa8b624843fa039b798109ad3f9ffe,60.16762,24.95415,000000006b44cce7,14.89
17281,2019-08-01T09:06:46Z,f20935810c1567a80c288016c4d4dd32fe86b3479f47ae7dd64d15cc,60.15432,24.9211,0000000019fb59c4,10.78
17282,2019-08-01T09:06:46Z,f29ed00b645af4bbf50174e71f58a9b691d2e2342e59eda242d97380,60.16829,24.94214,00000000afef4555,9.92
17283,2019-08-01T09:06:46Z,f2a253f2741501e675bd4bc055e22329fb09089d8bbe9813fc170cdb,60.16762,24.95415,000000006b44cce7,17.4
17284,2019-08-01T09:06:46Z,f4587b90aec9127805880f7c81fc03b9fb513fe363015399b895089f,60.16829,24.94214,00000000afef4555,7.05
17285,2019-08-01T09:06:46Z,f4bbc3077da0455d4340da2eed204915327b75a792080724548b4956,60.17919,24.95181,000000007b5207b6,11.7
17286,2019-08-01T09:06:46Z,f503a41d3e8b9b57628f4f061c1d8e0c53c62dd8a6fe38d212958ee6,60.16075,24.95883,00000000f1124bca,10.78
17287,2019-08-01T09:06:46Z,f52cde4e27717d6fcbbb45f656803df20a2692a8067620706a521dd7,60.16897,24.95222,00000000aa852af1,27.28
17288,2019-08-01T09:06:46Z,f562b1903f67e226973ef1d1beaa993d24ca93d25d025c5224650c27,60.16448,24.97323,0000000053c6c2be,27.28
17289,2019-08-01T09:06:46Z,f587de6c8c03387c5e6a66cd7d20c45abad3668c8e2246611122547b,60.14947,24.91438,000000004ef3150d,12.69
17290,2019-08-01T09:06:46Z,f665079710528911e7b7844aa55433e09506580c7fed342e1febfaa5,60.16762,24.95415,000000006b44cce7,17.4
17291,2019-08-01T09:06:46Z,f6cf28e5c5a403b1d1d98d925536c19ef5861ddbd1a345e11d477896,60.18203,24.91341,00000000342570c2,21.87
17292,2019-08-01T09:06:46Z,f77f8836e641389801309c311e926c1662264ab16efd01cd5bf27baf,60.16762,24.95415,000000006b44cce7,4.11
17293,2019-08-01T09:06:46Z,f803aeb1f00a057ed31451d0f3d132f27fec17305dc699176ac5339a,60.16897,24.95222,00000000aa852af1,17.4
17294,2019-08-01T09:06:46Z,fa1a3814c680b20020a08346c37ee2853e895984574575312bf262e7,60.14947,24.91438,000000004ef3150d,8.38
17295,2019-08-01T09:06:46Z,fa9f19c58a086fde9429d732b1eec80eacf5fc1b2c0124d17243d008,60.17919,24.95181,000000007b5207b6,20.28
17296,2019-08-01T09:06:46Z,fb2df85c8938d6a1bbd1ff0a1cd8aa23480ae08dc39d2b584ed35e14,60.16762,24.95415,000000006b44cce7,13.75
17297,2019-08-01T09:06:46Z,fba6e66dd09200012637e0b454c96fd7a5459b7e8b0ba01863cdbd77,60.16762,24.95415,000000006b44cce7,1.7
17298,2019-08-01T09:06:46Z,fc75e05a713e8733c512a31a3bebec0a122af3e7afb2c5059c3f1a3a,60.17002,24.94407,000000006b087f40,29.32
17299,2019-08-01T09:06:46Z,fdb3239bb0017def73005dc66a8d674c713493499c8feff7a6c01018,60.16762,24.95415,000000006b44cce7,11.7
17300,2019-08-01T09:06:46Z,fe191b6937595e5cf2ac1491e9056f0f9fb5bf66c0cb900df00b4c64,60.16829,24.94214,00000000afef4555,3.74
17301,2019-08-01T09:06:46Z,fea1453360073dfc1896bf1f005f51addb49661f953e16cffba3c63d,60.16531,24.9442,00000000fdda10fe,9.92
17302,2019-08-01T09:06:46Z,ff10218d9a15a3bf160a969fa266f197770d363bc52dce7fa08ae990,60.16762,24.95415,000000006b44cce7,5.91
17303,2019-08-01T09:06:46Z,ff3580f7bd2e1882c23d4afbfcaa5eb85473ce822d5833faecefdd31,60.16897,24.95222,00000000aa852af1,18.79
17304,2019-08-01T09:06:47Z,0fff89885f08417f20aadfdbf62a372277e9085bcd024374b772ecac,60.16531,24.9442,00000000fdda10fe,25.36
17305,2019-08-01T09:06:47Z,144afc51fc2443c7031a2912566eff2ce60226a49d6d2bd7c2923700,60.16544,24.95398,0000000038d83d41,21.87
17306,2019-08-01T09:06:47Z,14c7e1511b70f4dd3359cbece1377aebb4d70531f5489eefe53d7c3c,60.16544,24.95398,0000000038d83d41,25.36
17307,2019-08-01T09:06:47Z,15918569de0a46a8eb56b43d8d39f7fc82619ff1006f00822c85745c,60.17919,24.95181,000000007b5207b6,9.92
17308,2019-08-01T09:06:47Z,165ebbb4090d47319ae370f0d0854fdc1f6b79499f8b2e4d3c3533c0,60.16544,24.95398,0000000038d83d41,33.81
17309,2019-08-01T09:06:47Z,187e6d60389911b42d458c417ec912241546398dfe203ef7cef357c8,60.16544,24.95398,0000000038d83d41,25.36
17310,2019-08-01T09:06:47Z,1f0f0628cdc688d76bde2b82bee5b9b4916bf0bbdfe76cf3213e1c65,60.15432,24.9211,0000000019fb59c4,18.79
17311,2019-08-01T09:06:47Z,1fdda4c2884e3254418c088e71dea3d2c474714fdba7d0d12c487ce5,60.16829,24.94214,00000000afef4555,11.7
17312,2019-08-01T09:06:47Z,2359f881a4fe8163beed82355aabbba0b00b99f1e4a2a4ccd7186bc4,60.16897,24.95222,00000000aa852af1,17.4
17313,2019-08-01T09:06:47Z,292606f67d727ffe99f3d106b447f4be48f7a9d57bab0871c46eeb58,60.1538,24.95595,0000000038bf9618,25.36
17314,2019-08-01T09:06:47Z,2a93b61a3863ace54349d7a0937e4134fcc6d4dfcf064eefae2b7cf8,60.15432,24.9211,0000000019fb59c4,18.79
17315,2019-08-01T09:06:47Z,5d65719c4cbf045f068d084b72302f447d5fd034413d97d13be00d0e,60.18203,24.91341,00000000342570c2,20.28
17316,2019-08-01T09:06:47Z,6a657079c1bdc8114c289be1ddd83e5846d4279a920d1697b8ff0033,60.18203,24.91341,00000000342570c2,18.79
17317,2019-08-01T09:06:47Z,6d22b751ff5173035dc85c52c3dff0780126adae67fe33dc62dd45ef,60.16531,24.9442,00000000fdda10fe,17.4
17318,2019-08-01T09:06:47Z,6f06341f358e61699fe1e55e986dd0554bc8da28b91daf0c5ad99db6,60.16629,24.95957,00000000fb7600be,21.87
17319,2019-08-01T09:06:47Z,6ff437688c444238352c28f64f9d2a7d0f14d19c9ea42c225380501e,60.16762,24.95415,000000006b44cce7,18.79
17320,2019-08-01T09:06:47Z,76c7f42283513d0e289bf786d89463b5025b2ae0f4e13519a4cf228b,60.15432,24.9211,0000000019fb59c4,27.28
17321,2019-08-01T09:06:47Z,78d5f60b36b59c06c3988b94e11744bb3aed5dcbc214f91f228bf892,60.16448,24.97323,0000000053c6c2be,17.4
17322,2019-08-01T09:06:47Z,84fdfd8881f633c5f0c71c1480053953ca4b05e848052d97c063ad38,60.1538,24.95595,0000000038bf9618,25.36
17323,2019-08-01T09:06:47Z,87dfaad29a9276ddddb1fa021d3bc23ad14824c1af16f7d87e713689,60.14951,24.92138,0000000006dd41f6,9.92
17324,2019-08-01T09:06:47Z,8c75c3289c84fe4493e1e272a77b615fe1985880c5dc68a7c1a17b53,60.16762,24.95415,000000006b44cce7,9.12
17325,2019-08-01T09:06:47Z,8cc6ddaa460aeae8cc9e8a33f91a01c8cd4c0c8bf8a943210a28c84d,60.1538,24.95595,0000000038bf9618,18.79
17326,2019-08-01T09:06:47Z,9500bab795f51bdd64c3f0f2cd00ad5aa6d9b93195c29484e6e5f92a,60.16762,24.95415,000000006b44cce7,18.79
17327,2019-08-01T09:06:47Z,9843c6216661048343a0e49cf3d8aa2883cf77f452666a1c873a1052,60.16448,24.97323,0000000053c6c2be,9.12
17328,2019-08-01T09:06:47Z,9d03d14afa49576281aa26db60e517f7c1ec8aa36f7756959a860a8a,60.16629,24.95957,00000000fb7600be,13.75
17329,2019-08-01T09:06:47Z,a08cae03363d2e483a6ea717973088f4bd4276de96a9d438a7358ff4,60.16897,24.95222,00000000aa852af1,27.28
17330,2019-08-01T09:06:47Z,a794b5cd3dff23bb2fe621fa0fa64a9ad4be2ab820bff2b483489903,60.16897,24.95222,00000000aa852af1,21.87
17331,2019-08-01T09:06:47Z,a9da1ee82e3b670e276c26b483dd50f4a6d0c6f77ef82245d3ae6086,60.18203,24.91341,00000000342570c2,11.7
17332,2019-08-01T09:06:47Z,ab0f67c0c0e1ba5eac9013f9c314feadf340ddf08543b91e70483594,60.16544,24.95398,0000000038d83d41,17.4
17333,2019-08-01T09:06:47Z,b4faf2d3c4d2b199afeab6ab63b583fe3a2e81e14abbef6917f25129,60.15432,24.9211,0000000019fb59c4,18.79
17334,2019-08-01T09:06:47Z,b5fd6b317890e5ab2d79e2cd1abe61626d45a753c7337d0d40728898,60.16762,24.95415,000000006b44cce7,8.38
17335,2019-08-01T09:06:47Z,ba42c72ea7c2663b3ea5044faf12173ab18e523dc35de0e24bf374ac,60.16544,24.95398,0000000038d83d41,25.36
17336,2019-08-01T09:06:47Z,c40c37def6bf11a63a2556519a7c6233fd417cdeea2cf14f28e7c42c,60.16531,24.9442,00000000fdda10fe,38.87
17337,2019-08-01T09:06:47Z,cf05623e4d87ce0906c0b0b7dbf53aacc1228016cd27c341228b6e76,60.18203,24.91341,00000000342570c2,18.79
17338,2019-08-01T09:06:47Z,d178749a24c32676d0da0f51ae6ff63c456499d4b1814af8fa75ca9e,60.16448,24.97323,0000000053c6c2be,6.46
17339,2019-08-01T09:06:47Z,dd2c9c82cf3737146294aff6f814a1349fb0bc4bedf518715dacbe8f,60.18203,24.91341,00000000342570c2,18.79
17340,2019-08-01T09:06:47Z,ec72ef080c605e71978aed0d3b5f22c3c3133677a43c614b72eedc6d,60.14699,24.922,00000000a53ed894,21.87
17341,2019-08-01T09:06:47Z,f22981c21af00fc334b3d8bdd523e23a50384666e97815f0ec1dc0ac,60.16897,24.95222,00000000aa852af1,10.78
17342,2019-08-01T09:06:47Z,f7e45613ad966fea53fab73b435ba3a087c774e36596b3a5156a3487,60.16829,24.94214,00000000afef4555,1.54
17343,2019-08-01T09:06:47Z,f83d4b6b8ffbf8a674d212e32100b2360b80261b4e9207d77c0b0ed3,60.17918,24.95141,00000000675d5200,5.91
17344,2019-08-01T09:06:47Z,f99c5dd8cc08bd2353083d875ce8bc585fb2c2ff8427b90d92f571de,60.1538,24.95595,0000000038bf9618,29.32
17345,2019-08-01T09:06:47Z,fc4f3a44235f1cfc7b53f14ba2da599976a5a0a220d23b852688e485,60.17919,24.95181,000000007b5207b6,9.92
17346,2019-08-01T09:06:47Z,00787dad708490660b0b836fa415681cc57046fa521c0c0aaea14a9e,60.16762,24.95415,000000006b44cce7,7.05
17347,2019-08-01T09:06:47Z,0097b685a95e22fc898384590c0f5bf87d9831b8750326fbf9a740c3,60.16829,24.94214,00000000afef4555,14.89
17348,2019-08-01T09:06:47Z,011372b726688a0c953368b50bc5a1cb0212c17dbecc587d9f9d75ce,60.16629,24.95957,00000000fb7600be,13.75
17349,2019-08-01T09:06:47Z,02050a536056486b1bf139282f0d0a3af63def1d56ff0c73ac51bb19,60.14947,24.91438,000000004ef3150d,14.89
17350,2019-08-01T09:06:47Z,023083c44c772667f1727e01c74518889b2a82d78ceb28c08b6f8a20,60.16531,24.9442,00000000fdda10fe,17.4
17351,2019-08-01T09:06:47Z,026f61905925674212a1c7d1e14b2ee5d1039bb4ecb5159f7d522150,60.16762,24.95415,000000006b44cce7,7.69
17352,2019-08-01T09:06:47Z,028149b8bfaf37d1f064cb0b4f23ae118f00d8eff41679fb8830396a,60.16531,24.9442,00000000fdda10fe,20.28
17353,2019-08-01T09:06:47Z,0362cc670dcfab795a3911957b6a177416bf9b99d0e2732716796c4d,60.15432,24.9211,0000000019fb59c4,25.36
17354,2019-08-01T09:06:47Z,03f427d436ba092925de462b11374bdbdab0443620037675621fbc11,60.17919,24.95181,000000007b5207b6,11.7
17355,2019-08-01T09:06:47Z,0483eb7342f4e704caa76b9bc3d6a7bd836282960dafc2c756247134,60.16762,24.95415,000000006b44cce7,8.38
17356,2019-08-01T09:06:47Z,063935180fff0e58de5d319ecb9320cf794423e3c6aeac0cca8f1a9f,60.16897,24.95222,00000000aa852af1,17.4
17357,2019-08-01T09:06:47Z,0849a091b1aabe9b614b6b5c54dffd083dbb4473ca90dc972e4d37de,60.16829,24.94214,00000000afef4555,12.69
17358,2019-08-01T09:06:47Z,08f9fd60f852d3502bfa509c955e9963e73954f961d55ba8cd46cae9,60.16629,24.95957,00000000fb7600be,23.56
17359,2019-08-01T09:06:47Z,09cfe3ccea2138f9a7a14b633026c75879d915955e4d18d8913efebf,60.14951,24.92138,0000000006dd41f6,27.28
17360,2019-08-01T09:06:47Z,0a2bac0ea204a448436e02ba19830fea1ec2c88eb2e5d7abe5c09f78,60.17065,24.93641,000000000f4919c9,27.28
17361,2019-08-01T09:06:47Z,0c1684b697a63d7f47ebaedcfa060b3b4af294fec1e62d613699291a,60.16897,24.95222,00000000aa852af1,7.69
17362,2019-08-01T09:06:47Z,0d36588b0274c7fc1c33ed938ed6883bd98d7e2d5a66328940df8a94,60.14947,24.91438,000000004ef3150d,9.92
17363,2019-08-01T09:06:47Z,0e62c7194170ff5abcdede8e7bb2dc9370e053dcd7957fc62f077453,60.16829,24.94214,00000000afef4555,23.56
17364,2019-08-01T09:06:47Z,0ff494fbdd49a307cefdfdc536de069f9e8a04a1a61e279217af85e1,60.16897,24.95222,00000000aa852af1,20.28
17365,2019-08-01T09:06:47Z,1069967e3921871955b1b2b42e60f829c593a3e024401bfe61ae410e,60.16629,24.95957,00000000fb7600be,16.1
17366,2019-08-01T09:06:47Z,10cd81594fd56fa1f2c4799419a45b70833d3d8583b817324ee96da7,60.16897,24.95222,00000000aa852af1,21.87
17367,2019-08-01T09:06:47Z,10d0fed0f7d40b253b5fc5a53297dc9af8bb76fa6f34d5e71383cb62,60.17918,24.95141,00000000675d5200,21.87
17368,2019-08-01T09:06:47Z,12b9b313e577dbbb9619247e0a5ded14c2b56bede5b421cac44f9597,60.16448,24.97323,0000000053c6c2be,33.81
17369,2019-08-01T09:06:47Z,13a759fd293cbde0d55db753d853768b718e59036c4007d2e3a8757a,60.16762,24.95415,000000006b44cce7,7.05
17370,2019-08-01T09:06:47Z,141ffc858c3ea6a2e69c954115114304736a35dc25ec947323090dc0,60.16762,24.95415,000000006b44cce7,7.05
17371,2019-08-01T09:06:47Z,15a3cdd20e3ce88c179a07d78a2d5fdda854b0fef8441d8cb3aebde8,60.17065,24.93641,000000000f4919c9,23.56
17372,2019-08-01T09:06:47Z,15f0c7729a45bd0fc3da95ba2b96438413942d1d46ab4add644c9f45,60.16762,24.95415,000000006b44cce7,18.79
17373,2019-08-01T09:06:47Z,160e77433af9ad22911458abcb358d35b410e2640131e6fabe54c071,60.17002,24.94407,000000006b087f40,38.87
17374,2019-08-01T09:06:47Z,164d8280dbb888033f64368dd641bcef597fc327148fcf74374894c5,60.16544,24.95398,0000000038d83d41,9.92
17375,2019-08-01T09:06:47Z,16e18d478be872d2a9801fa885d08edeb3f5ae1840b38478f9baf535,60.17918,24.95141,00000000675d5200,18.79
17376,2019-08-01T09:06:47Z,190cdde22bc3e3a41cd0f9da7efb3a917bc09e8034b05ca6064ea8a8,60.17919,24.95181,000000007b5207b6,21.87
17377,2019-08-01T09:06:47Z,1b68a6bcf7b740e0c437e0976d4900f31368afcb2c757bba30e0a249,60.16829,24.94214,00000000afef4555,12.69
17378,2019-08-01T09:06:47Z,1cfafdaa3ff1975bcf6f699641431e88775ba2183074d825eeb81dd3,60.149,24.9843,00000000fffb8cf0,13.75
17379,2019-08-01T09:06:47Z,1d70ff49909e1d6fb653ae053aa78084daf385dbbd2ad22b05707309,60.16829,24.94214,00000000afef4555,14.89
17380,2019-08-01T09:06:47Z,1dbecade1f3540eb44c3d86cb1ffc73d5bf422ea0cf76927c2d5cd74,60.16829,24.94214,00000000afef4555,20.28
17381,2019-08-01T09:06:47Z,1dcff36b6f83b08b6ea87c1c1018c542c270299839908ca446dffb39,60.16762,24.95415,000000006b44cce7,9.92
17382,2019-08-01T09:06:47Z,1e3044c19f6913531b6dd4bccb88ad02c1b39192513ccffa05444edb,60.1538,24.95595,0000000038bf9618,21.87
17383,2019-08-01T09:06:47Z,1e3af5697f0a2ae45f261da79e4ba71c868dc4d78008bd1995fe6259,60.16448,24.97323,0000000053c6c2be,12.69
17384,2019-08-01T09:06:47Z,1eadb2c1984aa73c3c2f13eab0a2e793331443c617681e36887f0bcc,60.16629,24.95957,00000000fb7600be,18.79
17385,2019-08-01T09:06:47Z,1ecbc7c6afe89033252e5510cbb893666af2b3bc29f555a3a6287fdb,60.14951,24.92138,0000000006dd41f6,3.4
17386,2019-08-01T09:06:47Z,1f813dc10021899138c12ca17c58ab3dc24db1750dcb1790f9c20e8f,60.15133,24.92329,00000000e8a064a4,9.92
17387,2019-08-01T09:06:47Z,2097e80493c3daf0acedfe0cc3433a1324783c9bd9cb1be7eb8be669,60.16629,24.95957,00000000fb7600be,25.36
17388,2019-08-01T09:06:47Z,20b37aa6c3ad0dfea9c182498905a450537b0efbbd8563b205e93afd,60.16897,24.95222,00000000aa852af1,23.56
17389,2019-08-01T09:06:47Z,2283762fe3af8329ae65aec44de728da8f383810e9f2a3d3b84fa031,60.16897,24.95222,00000000aa852af1,25.36
17390,2019-08-01T09:06:47Z,25479245e5a8b0fe47e2bd590cdd63256d84afd6c164781dc64e527d,60.149,24.9843,00000000fffb8cf0,17.4
17391,2019-08-01T09:06:47Z,25cb2083e37b94c494721a209c618536fa197160b36f5c57394e1077,60.16762,24.95415,000000006b44cce7,17.4
17392,2019-08-01T09:06:47Z,277fcf3cc917a89b46a34e0cf5164a78f5bcc88d92bb45ded60f1a91,60.17065,24.93641,000000000f4919c9,14.89
17393,2019-08-01T09:06:47Z,27b591b33a56a542440b53031a24f42290b0ec1a194af27700b75a3a,60.17919,24.95181,000000007b5207b6,18.79
17394,2019-08-01T09:06:47Z,2823bf6afde4a5cc05342c15e7417c9590ba52264be5793bb688faab,60.17065,24.93641,000000000f4919c9,29.32
17395,2019-08-01T09:06:47Z,28296ae2b460df2f6807f8a84b81e5ebd24677a05bded29111dc33a4,60.17002,24.94407,000000006b087f40,23.56
17396,2019-08-01T09:06:47Z,2832565094d8e4bd54c7a2442ac8807d97669bc460c1cb75a831bbb8,60.16762,24.95415,000000006b44cce7,14.89
17397,2019-08-01T09:06:47Z,2851f1c6f7f1a08c1f0a282a34a8f383121075c15cf18ea40d134972,60.16531,24.9442,00000000fdda10fe,17.4
17398,2019-08-01T09:06:47Z,28ce50ca84cdcd4c17a36ac666e7ac0267b6ab5b77f4bfb08b2573a1,60.16762,24.95415,000000006b44cce7,3.09
17399,2019-08-01T09:06:47Z,28d50861d92f962c7a49eabaa524431aebf52870e44b79f77d7167c6,60.17919,24.95181,000000007b5207b6,2.54
17400,2019-08-01T09:06:47Z,29795b9ff1f5a6605d8cd112953fbcc6f466c5eed26286a73fffba91,60.16544,24.95398,0000000038d83d41,21.87
17401,2019-08-01T09:06:47Z,29ae3c5c3aeac0c607bc816f7e74c232a40142b79a52c43c7b1ed42f,60.16829,24.94214,00000000afef4555,3.4
17402,2019-08-01T09:06:47Z,2afa9ac588b2c55e8edf99ee96ecaf63451a7ab1e51571b7e2d1d491,60.16762,24.95415,000000006b44cce7,4.94
17403,2019-08-01T09:06:47Z,2c184c9cc9c9a744c6959766a13f23462ffce29c252d073a252b6a7a,60.16762,24.95415,000000006b44cce7,17.4
17404,2019-08-01T09:06:47Z,2c1dcbe1930bbd0596b8dea9e2abc4e49a10db5a1fbd25f103aaf5a4,60.16762,24.95415,000000006b44cce7,6.46
17405,2019-08-01T09:06:47Z,2c6810efb2565383ca0a554f3c51f3f7905484357f5e00756dbf091a,60.17919,24.95181,000000007b5207b6,11.7
17406,2019-08-01T09:06:47Z,2c6f6440161f9061a850e8db96383d5eb111f0d1d8f0b666b7c49f22,60.16897,24.95222,00000000aa852af1,14.89
17407,2019-08-01T09:06:47Z,2ea9a23b1a04016fb4810d1ceb5731d90774224fd9235877005a4e1c,60.16897,24.95222,00000000aa852af1,20.28
17408,2019-08-01T09:06:47Z,2f5bd339f1aa466a7eab54348ecb6614ab41fd76d300d0defda67505,60.1538,24.95595,0000000038bf9618,16.1
17409,2019-08-01T09:06:47Z,2f79108a454c0072885ad1447280ed5098d061b229eaae61a8bb67be,60.15432,24.9211,0000000019fb59c4,8.38
17410,2019-08-01T09:06:47Z,2f82b3546af2df53b58cddc668c9aa196554108cdf39120ea40b417c,60.16629,24.95957,00000000fb7600be,4.5
17411,2019-08-01T09:06:47Z,2fb39eae730ec6f291700f841a64aaf680d52a8346399aec6ccb1dbb,60.17065,24.93641,000000000f4919c9,8.38
17412,2019-08-01T09:06:47Z,2ff189e5846383641192cafb595a7a8f77394239ee03aabd1bf3c49f,60.16829,24.94214,00000000afef4555,10.78
17413,2019-08-01T09:06:47Z,312e78d3624e87e1645e7d54f96facd8a2321d6e65a3ef0620fb1d42,60.16531,24.9442,00000000fdda10fe,23.56
17414,2019-08-01T09:06:47Z,31b02b3b271f6feef9e49d9285929ff1c25a11e608fc5d70bc6a1fac,60.16897,24.95222,00000000aa852af1,17.4
17415,2019-08-01T09:06:47Z,32fcb1ab3a9fde533916ca28a0d5b56bbb45fd171dd5bae91f66ec6c,60.16897,24.95222,00000000aa852af1,13.75
17416,2019-08-01T09:06:47Z,33fa4cb82db5b44ffe6e7ae1039635187f90d1df328f8f139da0c693,60.17919,24.95181,000000007b5207b6,5.91
17417,2019-08-01T09:06:47Z,3480c16a6649952c388d8902596e332f018e609b9585f483353ae026,60.17065,24.93641,000000000f4919c9,3.4
17418,2019-08-01T09:06:47Z,34aa4c3c2f71b736426f6819c09b12c961bc996110fe1fa7c9772c5d,60.15432,24.9211,0000000019fb59c4,13.75
17419,2019-08-01T09:06:47Z,34e96c7caa63e7ede8f428b18e8fb556ac235d61a50c9d6ac7ff268f,60.17919,24.95181,000000007b5207b6,5.41
17420,2019-08-01T09:06:47Z,359348d27f82b0270a68e954bff8bde5e1a2a32949c7088f12ce7dc8,60.15133,24.92329,00000000e8a064a4,25.36
17421,2019-08-01T09:06:47Z,3609f484ad7e56259f60a61aba44f22dfca5c8b2564fce7e802ad342,60.16829,24.94214,00000000afef4555,18.79
17422,2019-08-01T09:06:47Z,367b1989198ef11170dd9fcfa7e6ebb5ceb58aab87c613ee1bb86e8c,60.16531,24.9442,00000000fdda10fe,8.38
17423,2019-08-01T09:06:47Z,36fe97cd2ec69118778c771a87593630f8a6a2cb77d9ce72f845cd3c,60.16762,24.95415,000000006b44cce7,4.5
17424,2019-08-01T09:06:47Z,370e50e1f77aeb2782c892f70147b6a5749ecd7e9ee41036f693ba0a,60.16762,24.95415,000000006b44cce7,14.89
17425,2019-08-01T09:06:47Z,38fb20c6d55b10dd10a39c0fb41ad61297453e25afda81cf32313ae3,60.16531,24.9442,00000000fdda10fe,20.28
17426,2019-08-01T09:06:47Z,39c6456ee66fe96eee3d97cee2a70923cedb3da760bb5d4d413adb9c,60.17919,24.95181,000000007b5207b6,13.75
17427,2019-08-01T09:06:47Z,39e9fa7033887b7ab339887aa68753ff94d4771cda2bb8ff4ea7aa0a,60.17919,24.95181,000000007b5207b6,2.54
17428,2019-08-01T09:06:47Z,3a1afdcf7c2e5a52cdbcbbe29e8281c184037e8720920c6c75bee339,60.15133,24.92329,00000000e8a064a4,11.7
17429,2019-08-01T09:06:47Z,3a253f272d2781dc2001addfbddcac5f3dbf18610988531707b80b60,60.16829,24.94214,00000000afef4555,14.89
17430,2019-08-01T09:06:47Z,3a2f1a2c6c645bd161943b3f19c171d021512d7a8c4273ed3022f5df,60.16829,24.94214,00000000afef4555,13.75
17431,2019-08-01T09:06:47Z,3a7b4023cee4b0d567a123a3d6aff0bc8f94663522bbdf0ea4306607,60.149,24.9843,00000000fffb8cf0,20.28
17432,2019-08-01T09:06:47Z,3a97ae4dcab31eb5e15e5d036d286e9764e25bcf0ad8afcfba854c90,60.16762,24.95415,000000006b44cce7,10.78
17433,2019-08-01T09:06:47Z,3be40c84926a525adbd09eeeb3a12b73b24c633942b2e1fbe8151ac3,60.16448,24.97323,0000000053c6c2be,16.1
17434,2019-08-01T09:06:47Z,3c84dc456230381a1e1358e89031487d34c88aaa31201204e58517b7,60.16762,24.95415,000000006b44cce7,17.4
17435,2019-08-01T09:06:47Z,3c864716e211395e6a02802fbf80abb7b7c4519243bea4994fca7720,60.16762,24.95415,000000006b44cce7,16.1
17436,2019-08-01T09:06:47Z,3d0437a1d090cd3cad05629e69a61c519aa6218e1b7fb47811e5a4ae,60.16762,24.95415,000000006b44cce7,13.75
17437,2019-08-01T09:06:47Z,3eea43670f4f29a90ced59c1af122371340275fb61ff8f14c7120658,60.16762,24.95415,000000006b44cce7,4.11
17438,2019-08-01T09:06:47Z,41a0ca2955e0ae0324f6e14aeb77ebfaac5305e31d86c42a20277b94,60.15133,24.92329,00000000e8a064a4,16.1
17439,2019-08-01T09:06:47Z,41f455676c61a2d8e1658c60afd7984613a3bc84daac78079c0d8b0c,60.16829,24.94214,00000000afef4555,18.79
17440,2019-08-01T09:06:47Z,42844e90c7134ebb3ec325f57cd27cd24711c779548ebc8692a820d5,60.14951,24.92138,0000000006dd41f6,3.74
17441,2019-08-01T09:06:47Z,432417b4972b744ded3410777a6bbb583cf56172bf3436ddbe48a21d,60.16762,24.95415,000000006b44cce7,5.91
17442,2019-08-01T09:06:47Z,4393fccdbc9fb22fab14f03ea52183ad558bcd436202e69f56a7b77a,60.16762,24.95415,000000006b44cce7,11.7
17443,2019-08-01T09:06:47Z,4470412c4b059a920f2699fbfb72b261e0847b3e1caa8c71d2edd5a2,60.16448,24.97323,0000000053c6c2be,12.69
17444,2019-08-01T09:06:47Z,44a120ac90dacb4d43fe4d38ee859a1015bcd226ff3d946a1e44c4ca,60.16531,24.9442,00000000fdda10fe,18.79
17445,2019-08-01T09:06:47Z,4642dfa1df839f11e64f68bca4e3dce7bde2ff6dd68c54959fcb4788,60.17919,24.95181,000000007b5207b6,18.79
17446,2019-08-01T09:06:47Z,4682d95464cedcc021f38271a51bab9c000762b4acf802070e259ba2,60.16629,24.95957,00000000fb7600be,18.79
17447,2019-08-01T09:06:47Z,46c37bb9313fa511d142a461fb0eedda90bf18eb9016d20db109f6a4,60.16829,24.94214,00000000afef4555,16.1
17448,2019-08-01T09:06:47Z,478830e26b1b9314c3f35b4ca62aba9828872733abbc7f32b78daac3,60.16531,24.9442,00000000fdda10fe,25.36
17449,2019-08-01T09:06:47Z,47bd1492244c444d45674eb48dd2e6f222cb109d820ba807c4e18c1a,60.16629,24.95957,00000000fb7600be,14.89
17450,2019-08-01T09:06:47Z,48004849b2f48b2314aa9175433d754db1641b949bb8cf050e2dd128,60.17918,24.95141,00000000675d5200,16.1
17451,2019-08-01T09:06:47Z,48c0ea6615ac4c02fc9bc0e06f9ea9309f9bf7e73b4324d7a6b14610,60.16829,24.94214,00000000afef4555,17.4
17452,2019-08-01T09:06:47Z,49bbad87e4d6cd03bdb073bde7be91193d74d29943badce7fc536916,60.16448,24.97323,0000000053c6c2be,12.69
17453,2019-08-01T09:06:47Z,49df780a7f20a99ad2810fa4bbb46b5fac9bc5cbe3fc800cd572f63a,60.14947,24.91438,000000004ef3150d,21.87
17454,2019-08-01T09:06:47Z,49f30a741207cbfec775d36d911b5e67735df0f53762d3d5e0de05a8,60.16531,24.9442,00000000fdda10fe,29.32
17455,2019-08-01T09:06:47Z,4ade4f0d92c6157a42d7fd8e353d1c93551324ba47cc134b840a6c63,60.16897,24.95222,00000000aa852af1,7.05
17456,2019-08-01T09:06:47Z,4afcc27c652d3d50a44d060f84e33dd4b17529d982928dae936cf10f,60.16448,24.97323,0000000053c6c2be,23.56
17457,2019-08-01T09:06:47Z,4ba529eeafb27285cbbade6e5ece0d4d04bd2d13c98b27a5d17abd22,60.16897,24.95222,00000000aa852af1,3.09
17458,2019-08-01T09:06:47Z,4c85a4a0756c1707ca2f02a74870d1e1d1a90f1793d229dc3a2bbb63,60.16531,24.9442,00000000fdda10fe,20.28
17459,2019-08-01T09:06:47Z,4c8696833edf46025bc9b5f589679b77a73c857736036aa9ef6696e5,60.17002,24.94407,000000006b087f40,14.89
17460,2019-08-01T09:06:47Z,4e262a07e1ea47350f808684444d1d8b3f223288fb219cca9f12af23,60.1538,24.95595,0000000038bf9618,29.32
17461,2019-08-01T09:06:47Z,4e5e16adfd317b7f9617f681099821bae42d6f0dca51dfd0957c65b4,60.16762,24.95415,000000006b44cce7,7.69
17462,2019-08-01T09:06:47Z,4f014b8e8ae9762c62d43d6e283cc003675980c0519bf122c51d1a21,60.16762,24.95415,000000006b44cce7,27.28
17463,2019-08-01T09:06:47Z,4f609afde0ba5cb017ba3c549bdd11ff322a2e0227a0f11a9d112220,60.16762,24.95415,000000006b44cce7,11.7
17464,2019-08-01T09:06:47Z,4f9125edf503fe3cb0ba1e1221fe6a67aafd99fcd89fd92d2bf20e97,60.16897,24.95222,00000000aa852af1,17.4
17465,2019-08-01T09:06:47Z,5001aabb6808b9fd96b705d1ebe8e7aca52713c2640100d81879dd86,60.17918,24.95141,00000000675d5200,9.92
17466,2019-08-01T09:06:47Z,5022acdb28a01d1a0b2077fc89c77bde277b7dd4f079b4fea30f75b9,60.16629,24.95957,00000000fb7600be,25.36
17467,2019-08-01T09:06:47Z,518381021c83c138e4a82160bc6cc947b3866647e3c5d6818bdd63bb,60.17002,24.94407,000000006b087f40,13.75
17468,2019-08-01T09:06:47Z,5372348389197e6c4bc4c5e3dab047e7384d562220e6295904bbda1b,60.17065,24.93641,000000000f4919c9,2.08
17469,2019-08-01T09:06:47Z,5385ddf78e929052bb12c39651fb3ff99e3642aa079d49f687b4c73c,60.16762,24.95415,000000006b44cce7,10.78
17470,2019-08-01T09:06:47Z,53d8fd3162d3b72ea9f77159ab356b46d40de1758d6388e60fe70985,60.16629,24.95957,00000000fb7600be,18.79
17471,2019-08-01T09:06:47Z,54bd709173219e8017f317b63ecc83d0a48f64542e6fa1b83c86a56c,60.17919,24.95181,000000007b5207b6,13.75
17472,2019-08-01T09:06:47Z,556cae6b2e2dec6fe691a835e8e08bd016b1a65797c0aca46879329f,60.17919,24.95181,000000007b5207b6,5.91
17473,2019-08-01T09:06:47Z,559429bba23762a872fc7b1e2219d42125ab101e4355d43fdb94ed7b,60.17918,24.95141,00000000675d5200,4.5
17474,2019-08-01T09:06:47Z,559e6a5225ce35ab844c63ea0d0c1695dc490a3d9cfbafa5d35ac8d8,60.14947,24.91438,000000004ef3150d,20.28
17475,2019-08-01T09:06:47Z,560816066eb4d44c34d0d56c57c994c0cccbd36fef545059b8e4d9d7,60.14947,24.91438,000000004ef3150d,11.7
17476,2019-08-01T09:06:47Z,57c17edc71bbce06ad692952a1e05eaa77181884e580c0848f3a23fc,60.14951,24.92138,0000000006dd41f6,16.1
17477,2019-08-01T09:06:47Z,584cb0b0cdd14e608c8b57c8aecc9826f9b40027e365e2438a444ea2,60.16762,24.95415,000000006b44cce7,11.7
17478,2019-08-01T09:06:47Z,5865a27b5b56a60bca38e4a1403655e3e7fd0232a3ff2079965aff81,60.15432,24.9211,0000000019fb59c4,3.09
17479,2019-08-01T09:06:47Z,58754229cd3381042c5ffda79c0108c5f77aa1f0f6d1468b9cb42b4c,60.16829,24.94214,00000000afef4555,16.1
17480,2019-08-01T09:06:47Z,5978726eeef638856dafd3a8d199287f8daf9e90ddde750b402f8bb0,60.17065,24.93641,000000000f4919c9,0.71
17481,2019-08-01T09:06:47Z,5a34b02faac3189217466888ef1d31cc80f721ac2f18638c5db88d53,60.14947,24.91438,000000004ef3150d,23.56
17482,2019-08-01T09:06:47Z,5a8d671a78b976d212d9746d88b9a754a2d9c8341c529e88b7c6b8f4,60.17065,24.93641,000000000f4919c9,14.89
17483,2019-08-01T09:06:47Z,5b06617477af6dcee75a94ac347364b50f6f3b5b7d747e5413d9ad58,60.14947,24.91438,000000004ef3150d,10.78
17484,2019-08-01T09:06:47Z,5c1f71098d5d7258d2971061c791c94e0138c8e02225c5f60d6a0428,60.149,24.9843,00000000fffb8cf0,17.4
17485,2019-08-01T09:06:47Z,5e2c5c20c88ccf362ed8749d1ddc041b1cb1c38d8dbeac7870179322,60.16629,24.95957,00000000fb7600be,4.11
17486,2019-08-01T09:06:47Z,5fe0284ec0eb11405b1a7060df33e93f8a659e348c4e7a21b3559267,60.16762,24.95415,000000006b44cce7,18.79
17487,2019-08-01T09:06:47Z,619c5b31af2a28703a837cc7974ef0d2c5bb6584ba0fcc03076218ac,60.17002,24.94407,000000006b087f40,38.87
17488,2019-08-01T09:06:47Z,61e4465b011a94bbf6341adebb1aed56100967cac117b368910b36de,60.16544,24.95398,0000000038d83d41,31.5
17489,2019-08-01T09:06:47Z,626bf35ce16dba1054cfd175d09475d3ee751bf70e56f984ff5c7ab6,60.15133,24.92329,00000000e8a064a4,20.28
17490,2019-08-01T09:06:47Z,63ff2439779051005c18876d20ed53ce060c1de9d7976821bd518fc6,60.15432,24.9211,0000000019fb59c4,10.78
17491,2019-08-01T09:06:47Z,6470ee836399c5610581ec9de09772d350282ecc4c5c57fa02a5ec68,60.16075,24.95883,00000000f1124bca,25.36
17492,2019-08-01T09:06:47Z,65b6b62b547e11e10f7f83ad497446bee2bb9653097d9d62e9b1b817,60.17065,24.93641,000000000f4919c9,23.56
17493,2019-08-01T09:06:47Z,67cf7d2881080aa59ed36a6d88ea1946d17e9d1d5e1ad9eee1851969,60.18203,24.91341,00000000342570c2,21.87
17494,2019-08-01T09:06:47Z,684e7a868866e631c134ab5bd21b6ba738f6ebc6d5b5c169e366c6ee,60.16897,24.95222,00000000aa852af1,7.69
17495,2019-08-01T09:06:47Z,685af6b01bd180194d718801bb8b9c9de22050cc392d6c6441fe986b,60.18203,24.91341,00000000342570c2,12.69
17496,2019-08-01T09:06:47Z,69e2854c78a472b462941ef730aa9fa7a9dba9c1cc22996396d4c78a,60.17918,24.95141,00000000675d5200,3.74
17497,2019-08-01T09:06:47Z,6adce4d05e58232a97635a2fd7918e4e49d9295afc0989d727f9c712,60.17002,24.94407,000000006b087f40,2.8
17498,2019-08-01T09:06:47Z,6d98ac1fea7056e5b96d6095caf0e3677a4ec30e9fbcc2e50ae1cf65,60.16629,24.95957,00000000fb7600be,10.78
17499,2019-08-01T09:06:47Z,6dd5463e670c352180c1e912300e21e59f5e2976266df8c3c92b0baf,60.16829,24.94214,00000000afef4555,6.46
17500,2019-08-01T09:06:47Z,6e80fcea10d21e1d5e672b554c0f3fe686dc58934f38c3391fd5c262,60.17002,24.94407,000000006b087f40,29.32
17501,2019-08-01T09:06:47Z,6fe2cf6737d40d71251dac8ebef5356a2b765621e97a346c00a6031c,60.15432,24.9211,0000000019fb59c4,4.5
17502,2019-08-01T09:06:47Z,7003a7f6a5523b645634f014e04bea36016953a8af9324e35602bc2e,60.14947,24.91438,000000004ef3150d,27.28
17503,2019-08-01T09:06:47Z,701dc50417b28dba15ad9ff809844f1766b6579389a2e5ebb0562635,60.16629,24.95957,00000000fb7600be,23.56
17504,2019-08-01T09:06:47Z,704c3f3075f13713c363014fa828e4a932e7a05676813b9963a1e554,60.17919,24.95181,000000007b5207b6,2.8
17505,2019-08-01T09:06:47Z,70d391038ec56b63a3737605c2c1db6ffbdca8e4490691776dc993f1,60.16829,24.94214,00000000afef4555,12.69
17506,2019-08-01T09:06:47Z,71b01bb8b8e877dc9ca40e756f441571d12ee3311a945417e8aaa116,60.16762,24.95415,000000006b44cce7,10.78
17507,2019-08-01T09:06:47Z,72439a1f997fd347d46394f31f5789edc877fe61ca34fcd31f9150b1,60.18203,24.91341,00000000342570c2,29.32
17508,2019-08-01T09:06:47Z,72f088587da3409c5a4bec360a52a230a7551c3671441baaaabc6357,60.16829,24.94214,00000000afef4555,16.1
17509,2019-08-01T09:06:47Z,744ee2f27ae01e2a36d93a868b9fafc4de75e33615c32429b561962b,60.17918,24.95141,00000000675d5200,21.87
17510,2019-08-01T09:06:47Z,7563b91d728fe470bc4d89aa18128a87b92c747336dd2c70cfbf9e84,60.1538,24.95595,0000000038bf9618,29.32
17511,2019-08-01T09:06:47Z,76c2f7b3773d4bebd4dabada1c2b98fe4ea9762e9c98b4a6371d7746,60.16762,24.95415,000000006b44cce7,11.7
17512,2019-08-01T09:06:47Z,7700297fec4982ad776529835e2ab46d4e5cbc889e26f368c19efeef,60.16829,24.94214,00000000afef4555,2.54
17513,2019-08-01T09:06:47Z,774131d73accbbb31ec3c43c3501b7969645eb65df1839ca8116526e,60.15432,24.9211,0000000019fb59c4,4.11
17514,2019-08-01T09:06:47Z,78a9535148d256e36a93dcce58f6dac7864c3bcd43b255c37291aa30,60.17002,24.94407,000000006b087f40,27.28
17515,2019-08-01T09:06:47Z,7c1534082e86ff4387878d813207626d8f728aa26b97248e00a3b8d7,60.16629,24.95957,00000000fb7600be,14.89
17516,2019-08-01T09:06:47Z,7cd51189de07d01882cf0a9346f0830a9b21764875334d45e143fbd5,60.17002,24.94407,000000006b087f40,16.1
17517,2019-08-01T09:06:47Z,7d415f4fd9093fb383b4ebb88961ad74e6a00d3ece39504712dad639,60.17918,24.95141,00000000675d5200,9.12
17518,2019-08-01T09:06:47Z,7eb4a715919b3eb4085270535ce4d7b57112591ad7242eb189bf652a,60.17065,24.93641,000000000f4919c9,17.4
17519,2019-08-01T09:06:47Z,7f59aaecea1eee6c703ec5d46d67b44289ddedf080defee495b73739,60.14947,24.91438,000000004ef3150d,13.75
17520,2019-08-01T09:06:47Z,809bf2d7a0745ae512b934a578fd5fd47c13c5398b6d06ad350b9e7c,60.14947,24.91438,000000004ef3150d,11.7
17521,2019-08-01T09:06:47Z,814fca075a588ae71c130bafc9384a1c17e7bd8168994ae6fca55205,60.16829,24.94214,00000000afef4555,23.56
17522,2019-08-01T09:06:47Z,828afe5ee1f94b9afbfd61b9673b7c8b21457d11dafb1d2ad98dbd23,60.149,24.9843,00000000fffb8cf0,25.36
17523,2019-08-01T09:06:47Z,8524898e498c83bde4bc1848aa2b372da84e7b2266f36aabe128cc27,60.17919,24.95181,000000007b5207b6,9.92
17524,2019-08-01T09:06:47Z,85bdce5b262dbd94adcff03e6cad26a1152828b6ab27e6fdd56b2b13,60.16762,24.95415,000000006b44cce7,5.41
17525,2019-08-01T09:06:47Z,86b066ea755e9fd56188a608365c78bc7873db821770bdcfc83ed149,60.16762,24.95415,000000006b44cce7,9.92
17526,2019-08-01T09:06:47Z,86e7584bf95733cef59d74bb4955881e99dc86b73a0d5b4e3ef58b50,60.18203,24.91341,00000000342570c2,17.4
17527,2019-08-01T09:06:47Z,87f1cc4c4a9de1ab81fe39cf7fde6cf0d4778e690f1665b62231ce46,60.149,24.9843,00000000fffb8cf0,29.32
17528,2019-08-01T09:06:47Z,880f9cbb91b9caf48ea9c5dd1a0c8e1db72922b6dfcb647b102fc469,60.16629,24.95957,00000000fb7600be,2.8
17529,2019-08-01T09:06:47Z,88c2bc6310f27465b9f08b28fb52075d7703ce7b097e5beb37c7437c,60.14947,24.91438,000000004ef3150d,14.89
17530,2019-08-01T09:06:47Z,893080d82bb28aa3ab91e41ddd4569086c8135ade7be10aa644fca95,60.17065,24.93641,000000000f4919c9,18.79
17531,2019-08-01T09:06:47Z,898cde3317c73907bb23b1b885828c4bf3187c3a757a18dc32abe970,60.16762,24.95415,000000006b44cce7,4.11
17532,2019-08-01T09:06:47Z,8a70673a694137689441a8a18cff0044d959d5d1991c92c7b5fb8f0c,60.16829,24.94214,00000000afef4555,3.74
17533,2019-08-01T09:06:47Z,8b789024cc2e6b2143ce205690fe87cbdb761aa292e434010176906d,60.16629,24.95957,00000000fb7600be,18.79
17534,2019-08-01T09:06:47Z,8c571538c285dba9d77edacfb1829b282d54b772b62209c6e4004237,60.17919,24.95181,000000007b5207b6,10.78
17535,2019-08-01T09:06:47Z,8d5e893f77b3d167ebefad4ecab181fea08513599a6f9450f0b9a827,60.17919,24.95181,000000007b5207b6,17.4
17536,2019-08-01T09:06:47Z,8e20d0d67339e3cf43e77c3a340d9dc6766de8d079197a08a1343ff0,60.17065,24.93641,000000000f4919c9,13.75
17537,2019-08-01T09:06:47Z,8e6caf283696ed75a4aff0c3f528dad5878f6f4b82cbd3eae1164484,60.16897,24.95222,00000000aa852af1,31.5
17538,2019-08-01T09:06:47Z,90904790fa0d1342b63a88112d3f801ca8fdc72ab4386fe1125ddd83,60.17065,24.93641,000000000f4919c9,29.32
17539,2019-08-01T09:06:47Z,90a44cbd1a957cc59a6986cff9b6b7b8e151d379e17da645069428b8,60.173,24.92524,0000000096918cfa,27.28
17540,2019-08-01T09:06:47Z,9236c27efd200a9ad94ce53d3d2cd84e25047b2280d7e96d6c4d971b,60.16897,24.95222,00000000aa852af1,20.28
17541,2019-08-01T09:06:47Z,941e13893853105c86bfbc6d31d62274937602143ce3bb530c8c17ed,60.17919,24.95181,000000007b5207b6,9.92
17542,2019-08-01T09:06:47Z,9609babe3114439a82f93f797f4a6e779b6bab625488b8ff5b63e674,60.16829,24.94214,00000000afef4555,18.79
17543,2019-08-01T09:06:47Z,96fe6f46ee651c416e8582b7158344011d0d2c74518a8df4be8791dd,60.16544,24.95398,0000000038d83d41,23.56
17544,2019-08-01T09:06:47Z,9998e64e3b5162fd8890fc4e2dfe41a3e875f08500f1cef0c4820855,60.16829,24.94214,00000000afef4555,10.78
17545,2019-08-01T09:06:47Z,99a026b5100e23129fa529e9a57a3dbc8490dc03b58f2193f03e2dcf,60.14951,24.92138,0000000006dd41f6,4.94
17546,2019-08-01T09:06:47Z,9abbc86fb0fc1c0532042814af76a97e6a17121831d4394749a290a6,60.16762,24.95415,000000006b44cce7,5.41
17547,2019-08-01T09:06:47Z,9b3e6848d8b34e802134d6da0e5a594897ec3fafbbf08b6d0b84068e,60.17919,24.95181,000000007b5207b6,6.46
17548,2019-08-01T09:06:47Z,9bc129708b07f3c5bbf4195e83f0e5b9a663b6f371f416a8e3a605f0,60.16897,24.95222,00000000aa852af1,18.79
17549,2019-08-01T09:06:47Z,9bef8b28ea93ecaee57d05b037edbfe7f80014aaf56343345fedd7be,60.17919,24.95181,000000007b5207b6,9.12
17550,2019-08-01T09:06:47Z,9dfecc3e26cb27e4b80721e355ef0d6cb182ac2eebf66b006e2d9f8e,60.149,24.9843,00000000fffb8cf0,41.64
17551,2019-08-01T09:06:47Z,a04214b56cac7d70680703ee6a28fac742f3c3190b55b46a79c1f76d,60.149,24.9843,00000000fffb8cf0,21.87
17552,2019-08-01T09:06:47Z,a2333053951d093ef490bcc3b9455fa0ed512421b5b597602785ab28,60.16531,24.9442,00000000fdda10fe,9.12
17553,2019-08-01T09:06:47Z,a2c53a9ecb3dab08bc3bf70db35ea02e6f15cedb137ce7817751f27c,60.16829,24.94214,00000000afef4555,18.79
17554,2019-08-01T09:06:47Z,a2e761fd97d8bdf78601300822b531e306b9ab7a1a43b6bfb07eba52,60.14947,24.91438,000000004ef3150d,10.78
17555,2019-08-01T09:06:47Z,a38c11c450b472b9dad2f076e2d9a63651292d3de806331d06af7f46,60.16531,24.9442,00000000fdda10fe,20.28
17556,2019-08-01T09:06:47Z,a403dc1eebc5d130e12a4c3e4298737c9e00b25b1b6b2cc36a6979c9,60.16629,24.95957,00000000fb7600be,12.69
17557,2019-08-01T09:06:47Z,a47e8613674297dc49b26801b19d2110d009aaee57412f2127f3b093,60.16897,24.95222,00000000aa852af1,23.56
17558,2019-08-01T09:06:47Z,a494efd9b72074b7b147d3d12c4f230dfcefebfc957f6b96235933aa,60.16531,24.9442,00000000fdda10fe,23.56
17559,2019-08-01T09:06:47Z,a4b9f871dcc986c95f1e84fe203bb392ba0fe13164d89119bda2c94a,60.16762,24.95415,000000006b44cce7,13.75
17560,2019-08-01T09:06:47Z,a66eb6150c36b53f6240acfe16dd98ceb16c43b8e02d0b56993bac73,60.16897,24.95222,00000000aa852af1,29.32
17561,2019-08-01T09:06:47Z,a6d0dd9de406b1201a4e438ec7c5f4a467f38c41e2dec42ff6c71d50,60.16897,24.95222,00000000aa852af1,10.78
17562,2019-08-01T09:06:47Z,a786eb3b8a25c58099a428799e99d0b86401f803ee38d3e5d20e59d3,60.15432,24.9211,0000000019fb59c4,8.38
17563,2019-08-01T09:06:47Z,a808962cb511e5ed2d23e6e33efe252b1be29dc1d2f7c6154817f04f,60.16448,24.97323,0000000053c6c2be,11.7
17564,2019-08-01T09:06:47Z,a83703c80a4d58db87327a53b0d3664d23edf7350ff6b0afaa49c530,60.16629,24.95957,00000000fb7600be,12.69
17565,2019-08-01T09:06:47Z,a8ca7fb815e707c04434a085c4f99e783d56372143afc92225eae622,60.15133,24.92329,00000000e8a064a4,14.89
17566,2019-08-01T09:06:47Z,a9ee2aabbd32919adf0325ca2f2c5f8e0ba801bc168e8756cda957da,60.16629,24.95957,00000000fb7600be,10.78
17567,2019-08-01T09:06:47Z,aa05a7036c3586a79d23f426b78bf158357208bc82d7ddf9a1326dd2,60.16531,24.9442,00000000fdda10fe,14.89
17568,2019-08-01T09:06:47Z,aa5281244780ac8f283c3452639d477cd76e31fc6f0b95b99c51a9b0,60.16762,24.95415,000000006b44cce7,2.3
17569,2019-08-01T09:06:47Z,acbbe4765d72f36b0323407c7dbe43db7b4ad5e2da0a6a9e5966db0b,60.16897,24.95222,00000000aa852af1,14.89
17570,2019-08-01T09:06:47Z,ad22512fd6a5ad9e19fdfad7e02b2793ecb01875be243f894c637ae2,60.16829,24.94214,00000000afef4555,3.09
17571,2019-08-01T09:06:47Z,af67ffa8b538058603b74f48e04ab914e8f6cd450f53c47f8c3d683d,60.15432,24.9211,0000000019fb59c4,7.05
17572,2019-08-01T09:06:47Z,afaed9946dbc1509500c6f80f87eed8fe44a74ba3e14328c6efe3971,60.16829,24.94214,00000000afef4555,13.75
17573,2019-08-01T09:06:47Z,b09e9bb62cc49c085c1aee3b752af1bec69dabc939323e5733f73933,60.17065,24.93641,000000000f4919c9,23.56
17574,2019-08-01T09:06:47Z,b25339bfcf356e1460eec7d6494ab8fa8fe2ee363afb6496ab1a1fb9,60.16829,24.94214,00000000afef4555,13.75
17575,2019-08-01T09:06:47Z,b28757d67868f9471f0d997a935e857fd0ff1095449820929597563b,60.16762,24.95415,000000006b44cce7,12.69
17576,2019-08-01T09:06:47Z,b32e57a6f5865a23d7a0e9fa346d5ec4e975f99c4df815fe8b1449b2,60.17919,24.95181,000000007b5207b6,17.4
17577,2019-08-01T09:06:47Z,b474e34db18d21635ec9ea2654513e6759c326f3aaec96c25f9a204e,60.16897,24.95222,00000000aa852af1,20.28
17578,2019-08-01T09:06:47Z,b50a45ac0708e7b5cca42f3458430eb22ff70a81c575bafe99ffda23,60.17002,24.94407,000000006b087f40,9.92
17579,2019-08-01T09:06:47Z,b5603e758440226e490d1d7d7271a7b0d5c261eccbad198f81110136,60.15432,24.9211,0000000019fb59c4,4.94
17580,2019-08-01T09:06:47Z,b6c43126ca83e916a68e57d0178060c24fc61305836b6c8f188f7285,60.17919,24.95181,000000007b5207b6,18.79
17581,2019-08-01T09:06:47Z,b7c3b37b32d534f6824ac8d99b4c79d0cb915cab104fdb745550ea22,60.16762,24.95415,000000006b44cce7,9.92
17582,2019-08-01T09:06:47Z,b8fb70225ee0a2d655e2809da07a2f8cd2feb7295aa256f8b35fcf1e,60.16629,24.95957,00000000fb7600be,14.89
17583,2019-08-01T09:06:47Z,bb2187a4e20012ad694c768ef2c47c9a9055671024ebf4855d4e6243,60.16531,24.9442,00000000fdda10fe,1.25
17584,2019-08-01T09:06:47Z,bc20b3b236588d3632c07aba05bd43ff4ec70f10290f2feb5175b8ab,60.16762,24.95415,000000006b44cce7,12.69
17585,2019-08-01T09:06:47Z,bc6d5082ca52e6dae7a1689a835434f3f6341e90afea565480eb9674,60.16829,24.94214,00000000afef4555,17.4
17586,2019-08-01T09:06:47Z,bc82f76c979de19b559e9e3aa0cd6cbf5ac361e2d7b1ac9f81fe2f4f,60.17919,24.95181,000000007b5207b6,10.78
17587,2019-08-01T09:06:47Z,be0aec7d0615ab2d3b044d4d86b1cc0c2e35603c8195665e854c25ae,60.16829,24.94214,00000000afef4555,14.89
17588,2019-08-01T09:06:47Z,be12d6aaccf354197284a8c92b960bd6a4e1705f7d948823e7891fde,60.16762,24.95415,000000006b44cce7,2.8
17589,2019-08-01T09:06:47Z,bee144e090a471427ec7878609f2446cb79f4c8d7e3c3bf0f67cf8d2,60.16762,24.95415,000000006b44cce7,20.28
17590,2019-08-01T09:06:47Z,c15da9ed244b57a27a083919c67d0edde078a31b18cb58f13581f173,60.1538,24.95595,0000000038bf9618,17.4
17591,2019-08-01T09:06:47Z,c1674c59c49d5bf74e6808239a91d18a04e47697d298bc61a7618af2,60.16448,24.97323,0000000053c6c2be,13.75
17592,2019-08-01T09:06:47Z,c1bf1bf699e9bc78ca15c9490d1ef02e3323f0c2c76bf0fca7955a69,60.14947,24.91438,000000004ef3150d,25.36
17593,2019-08-01T09:06:47Z,c375f2dac85f963c33b2daf76ffb0c32d2c8fd08172419336e308686,60.14947,24.91438,000000004ef3150d,25.36
17594,2019-08-01T09:06:47Z,c434f18b802a764aad7a2dfb46e93546acb1b0975cf9b93fd47363f6,60.15432,24.9211,0000000019fb59c4,5.41
17595,2019-08-01T09:06:47Z,c65c11ee6e8b5894ead3ea9b007a39127edb65a67be253aca6f78ed0,60.16448,24.97323,0000000053c6c2be,18.79
17596,2019-08-01T09:06:47Z,c71ca1a0d84d8b380a2d73e225e3300b3aaa1f0bf494129f8dbed55f,60.17918,24.95141,00000000675d5200,33.81
17597,2019-08-01T09:06:47Z,c8aef405537103b9d31a7e2dda43949f5844b9a36494f8defaf0d803,60.17002,24.94407,000000006b087f40,25.36
17598,2019-08-01T09:06:47Z,c98bce1cc275ed0a1b833011f8cd251ac848fdc84501fe87eb8b5d54,60.17918,24.95141,00000000675d5200,21.87
17599,2019-08-01T09:06:47Z,ca7719c7cd8d4496b666f608fc07ba9930e362a0b2d96890b0778618,60.16629,24.95957,00000000fb7600be,17.4
17600,2019-08-01T09:06:47Z,cccf3ba2a9d11b9330c18af8064a20aca9995473495bf119162a1619,60.16897,24.95222,00000000aa852af1,8.38
17601,2019-08-01T09:06:47Z,cd24d4831d3c3e8dad5e555b47528aa6b11e307b2882be4f65dd4076,60.17002,24.94407,000000006b087f40,9.92
17602,2019-08-01T09:06:47Z,ce7de55c7709396c70ce5930097e84449a4889700e605a0b062aaeae,60.16531,24.9442,00000000fdda10fe,12.69
17603,2019-08-01T09:06:47Z,cf061f5093c857b2efc346d3ad51fd17cca7eb360060ba7875630cf5,60.16897,24.95222,00000000aa852af1,17.4
17604,2019-08-01T09:06:47Z,cf823e18aa21de251222a9ab70c1b76b6218dea694752d56f6f84082,60.149,24.9843,00000000fffb8cf0,18.79
17605,2019-08-01T09:06:47Z,cf9455daa4877b79636eca3ae57056b08dfc0b42f107cedb6f5a3f16,60.16829,24.94214,00000000afef4555,16.1
17606,2019-08-01T09:06:47Z,d062562fed5ad0a61560e267310beb0b717d2a1e2a11d1d575507861,60.16897,24.95222,00000000aa852af1,31.5
17607,2019-08-01T09:06:47Z,d0ae4fabf429edbfdad59f8183cc6e5929f68633315448c9b83d4c16,60.16762,24.95415,000000006b44cce7,11.7
17608,2019-08-01T09:06:47Z,d0e607248d8728deb0b1b4f29fda6d8cd954a8c837fdebf9df54dc02,60.14947,24.91438,000000004ef3150d,31.5
17609,2019-08-01T09:06:47Z,d16e16def718519430296afa23976c226aaf720722bce3d92a2aad43,60.14947,24.91438,000000004ef3150d,10.78
17610,2019-08-01T09:06:47Z,d1d09b38a1ae08dab2a5a984989b4a95c7d48a752c12076eae9c5d11,60.16531,24.9442,00000000fdda10fe,20.28
17611,2019-08-01T09:06:47Z,d2565986030ddea596554d64d126e84d618ce72222ab6888c3debf59,60.16448,24.97323,0000000053c6c2be,21.87
17612,2019-08-01T09:06:47Z,d29a5ebd00326d5dedb6c60cab75fd238bdaa9d7f703f6b5974edbc7,60.16762,24.95415,000000006b44cce7,12.69
17613,2019-08-01T09:06:47Z,d31d6921eee92503b486a1b30f5330581c4744a82e6549f375544846,60.17919,24.95181,000000007b5207b6,12.69
17614,2019-08-01T09:06:47Z,d48c8d6c9167c2eb6e1b8f9bd677138e52ac99b3f5bc81849215a6dd,60.16762,24.95415,000000006b44cce7,17.4
17615,2019-08-01T09:06:47Z,d562afdedae521be241c98441e436608a323fdb944dedc24c835e762,60.17065,24.93641,000000000f4919c9,5.91
17616,2019-08-01T09:06:47Z,d653ef8368d33df4fc7edeb5a381d5826be1471f1470aa9744d47901,60.173,24.92524,0000000096918cfa,3.74
17617,2019-08-01T09:06:47Z,d65b8625c1f24304ff0e3c4a4dce7aa5d434d36be87be41834a49420,60.16531,24.9442,00000000fdda10fe,4.11
17618,2019-08-01T09:06:47Z,d6e217c6592e449e2390b1a874e08cbc9126116901dbdbf84501c6b8,60.17065,24.93641,000000000f4919c9,18.79
17619,2019-08-01T09:06:47Z,d74ea3c9e0aaa523c791aa01f4f9a7c1c43f01f585dc4146b19edf83,60.17919,24.95181,000000007b5207b6,4.11
17620,2019-08-01T09:06:47Z,d7734ef0345fcffc0f4bd7579275af62987490aba012209832e92059,60.16629,24.95957,00000000fb7600be,14.89
17621,2019-08-01T09:06:47Z,d87c4d5dc2cd620de54fdd076d4f9b35245053d65b644d9e01f558b5,60.16762,24.95415,000000006b44cce7,8.38
17622,2019-08-01T09:06:47Z,d983db67d9cd171123ba12eeb19c11f34a3ad1d75fc9214ac3ae8a26,60.17002,24.94407,000000006b087f40,23.56
17623,2019-08-01T09:06:47Z,da78c33b53b0b3a551adb83bc2953f20006ca37faff42dbdd687045c,60.17065,24.93641,000000000f4919c9,13.75
17624,2019-08-01T09:06:47Z,dbedd81db3d59ee0c6948187e396a34e2fa5dd6670cf8d862bf5e1ff,60.16762,24.95415,000000006b44cce7,7.69
17625,2019-08-01T09:06:47Z,dc00d45c0dd506326fb4dd3692d409df80cb3d871341ffff720dc834,60.16762,24.95415,000000006b44cce7,11.7
17626,2019-08-01T09:06:47Z,ddae2128c72cf011df2a698a8254b8738fd07a971349ea8a5e8bfa9f,60.16829,24.94214,00000000afef4555,20.28
17627,2019-08-01T09:06:47Z,deb8a213e1b4930e676ee8fdb394161ec46adb785171fa37437b4d44,60.15133,24.92329,00000000e8a064a4,9.92
17628,2019-08-01T09:06:47Z,dfe80baf219bd267a459c954a8e3027b3f1ed29fea2a5355456d5652,60.16897,24.95222,00000000aa852af1,4.94
17629,2019-08-01T09:06:47Z,e09515dbe1e90af07cb756a83c222c60f5f0566f94590848e72f6401,60.16762,24.95415,000000006b44cce7,5.41
17630,2019-08-01T09:06:47Z,e0fe7fe5854899c0eb42b75b300339808143419404558ed4d00b0f17,60.17918,24.95141,00000000675d5200,8.38
17631,2019-08-01T09:06:47Z,e10ed9cf0a6ef9efe6352e59c3741f34cbad43ae3c772f0495246564,60.149,24.9843,00000000fffb8cf0,27.28
17632,2019-08-01T09:06:47Z,e234769b1ce1634554f5fa4a290d11b2a30c3dfd009d4c39a2e9dd3d,60.17065,24.93641,000000000f4919c9,23.56
17633,2019-08-01T09:06:47Z,e28f7f19e0b38def43dfc7679b1bbb29e7db0f57d31509b9202bf608,60.17919,24.95181,000000007b5207b6,17.4
17634,2019-08-01T09:06:47Z,e294dde431d68c7b73efcf1f9b916e40bf408111c79228032c7830a4,60.16544,24.95398,0000000038d83d41,17.4
17635,2019-08-01T09:06:47Z,e2bb0ae74deee6cbc4f50c5f85da3f1779ca1db1ae7ff48ab4b33dbc,60.17919,24.95181,000000007b5207b6,20.28
17636,2019-08-01T09:06:47Z,e508e239ba2ca68b34ad5074f3d7b013e72f6f7df36eb6cdf545be78,60.16762,24.95415,000000006b44cce7,9.92
17637,2019-08-01T09:06:47Z,e528235be3e5cc4945024d50d1ed43061e2e2f2845f2b41e081e1721,60.17919,24.95181,000000007b5207b6,12.69
17638,2019-08-01T09:06:47Z,e5cad8bb9a6c8dcc067948d7f869033aca5bdd062da175c8734092e6,60.17919,24.95181,000000007b5207b6,4.94
17639,2019-08-01T09:06:47Z,e73dcccbc4dd6af49316f19a34c347cc94ff7ab079a93a2672d78a16,60.14947,24.91438,000000004ef3150d,18.79
17640,2019-08-01T09:06:47Z,e8add7e8346b99cd4b67924113f3763441a1899897c6d1ac3a1a40a6,60.17919,24.95181,000000007b5207b6,14.89
17641,2019-08-01T09:06:47Z,e8ed8051f57ad9d9029a5e3b443c5e93e5059f8c487ba45e2583d35a,60.16829,24.94214,00000000afef4555,18.79
17642,2019-08-01T09:06:47Z,e979a153601f7520f54d4733fe91f75f154c8f1c08dc3408dbba5345,60.15432,24.9211,0000000019fb59c4,11.7
17643,2019-08-01T09:06:47Z,ea94130fbb3464dc656765cfddbad802ddfafb1af8007cb5f42cd41f,60.16829,24.94214,00000000afef4555,5.91
17644,2019-08-01T09:06:47Z,eaf572301dc5c1eaff007bc1886cce8f0f5e92a233b8686ed2a1a9cc,60.17065,24.93641,000000000f4919c9,11.7
17645,2019-08-01T09:06:47Z,ec2dd83e04d225caca9f6b9d28bd3080ed37c5bf42e5f65123fa2394,60.17065,24.93641,000000000f4919c9,11.7
17646,2019-08-01T09:06:47Z,ec7121833f0e4b509d683b00a9c5e992e4b84882cb857145102e14f4,60.16531,24.9442,00000000fdda10fe,1.54
17647,2019-08-01T09:06:47Z,ec8c0160ac1ee5aeaf6204956c9db2ee4f98f55ae3fe1ec0af07fab8,60.16762,24.95415,000000006b44cce7,14.89
17648,2019-08-01T09:06:47Z,ee424f3045accaa01434f840d87b26b22f65fb6b2f8d34a4b94d6fcc,60.16762,24.95415,000000006b44cce7,14.89
17649,2019-08-01T09:06:47Z,eef621895ee74145a6d76c5f5493a93d7c728c80abe45a2e1933ae9f,60.16897,24.95222,00000000aa852af1,16.1
17650,2019-08-01T09:06:47Z,ef67b9e4617f284b84167b4bdaff71108579a33ced0a2450ff25a1a1,60.16629,24.95957,00000000fb7600be,13.75
17651,2019-08-01T09:06:47Z,f18c0c32d067aecf5602d70693ac888cab1be6dbb0d154be5153dfcc,60.16829,24.94214,00000000afef4555,5.41
17652,2019-08-01T09:06:47Z,f1b28329fc91f4708ca34857c5582c0bf1b7d0ab06127746029cd72c,60.17918,24.95141,00000000675d5200,9.12
17653,2019-08-01T09:06:47Z,f20935810c1567a80c288016c4d4dd32fe86b3479f47ae7dd64d15cc,60.15432,24.9211,0000000019fb59c4,3.74
17654,2019-08-01T09:06:47Z,f29ed00b645af4bbf50174e71f58a9b691d2e2342e59eda242d97380,60.16829,24.94214,00000000afef4555,13.75
17655,2019-08-01T09:06:47Z,f4131e8c526b295b32dc9448a2a43ec900e25e8914003a963782e36c,60.16829,24.94214,00000000afef4555,16.1
17656,2019-08-01T09:06:47Z,f4bbc3077da0455d4340da2eed204915327b75a792080724548b4956,60.17919,24.95181,000000007b5207b6,31.5
17657,2019-08-01T09:06:47Z,f503a41d3e8b9b57628f4f061c1d8e0c53c62dd8a6fe38d212958ee6,60.16075,24.95883,00000000f1124bca,7.05
17658,2019-08-01T09:06:47Z,f50fd3b1715a94dff67461f4b8f252ecaa6acc16459b3d021f34f15e,60.1538,24.95595,0000000038bf9618,17.4
17659,2019-08-01T09:06:47Z,f587de6c8c03387c5e6a66cd7d20c45abad3668c8e2246611122547b,60.14947,24.91438,000000004ef3150d,12.69
17660,2019-08-01T09:06:47Z,f5c4e0083948ddd2cc19254413dec48f888a85bfe1f826a524e2a814,60.16075,24.95883,00000000f1124bca,27.28
17661,2019-08-01T09:06:47Z,f741519cf6f519194bb45b9da0e69bda8edb903e3c24d4140f340467,60.16762,24.95415,000000006b44cce7,7.05
17662,2019-08-01T09:06:47Z,f803aeb1f00a057ed31451d0f3d132f27fec17305dc699176ac5339a,60.16897,24.95222,00000000aa852af1,21.87
17663,2019-08-01T09:06:47Z,fa1a3814c680b20020a08346c37ee2853e895984574575312bf262e7,60.14947,24.91438,000000004ef3150d,9.92
17664,2019-08-01T09:06:47Z,fa9f19c58a086fde9429d732b1eec80eacf5fc1b2c0124d17243d008,60.17919,24.95181,000000007b5207b6,13.75
17665,2019-08-01T09:06:47Z,fb2df85c8938d6a1bbd1ff0a1cd8aa23480ae08dc39d2b584ed35e14,60.16762,24.95415,000000006b44cce7,5.41
17666,2019-08-01T09:06:47Z,fba6e66dd09200012637e0b454c96fd7a5459b7e8b0ba01863cdbd77,60.16762,24.95415,000000006b44cce7,1.7
17667,2019-08-01T09:06:47Z,fc75e05a713e8733c512a31a3bebec0a122af3e7afb2c5059c3f1a3a,60.17002,24.94407,000000006b087f40,31.5
17668,2019-08-01T09:06:47Z,fe191b6937595e5cf2ac1491e9056f0f9fb5bf66c0cb900df00b4c64,60.16829,24.94214,00000000afef4555,13.75
17669,2019-08-01T09:06:47Z,fe88879502b9755093db192b4ea06a7b5b568f7e8b92970727636c68,60.16762,24.95415,000000006b44cce7,9.92
17670,2019-08-01T09:06:47Z,fea1453360073dfc1896bf1f005f51addb49661f953e16cffba3c63d,60.16531,24.9442,00000000fdda10fe,10.78
17671,2019-08-01T09:06:48Z,144afc51fc2443c7031a2912566eff2ce60226a49d6d2bd7c2923700,60.16544,24.95398,0000000038d83d41,23.56
17672,2019-08-01T09:06:48Z,14c7e1511b70f4dd3359cbece1377aebb4d70531f5489eefe53d7c3c,60.16544,24.95398,0000000038d83d41,25.36
17673,2019-08-01T09:06:48Z,15918569de0a46a8eb56b43d8d39f7fc82619ff1006f00822c85745c,60.17919,24.95181,000000007b5207b6,13.75
17674,2019-08-01T09:06:48Z,165ebbb4090d47319ae370f0d0854fdc1f6b79499f8b2e4d3c3533c0,60.16544,24.95398,0000000038d83d41,27.28
17675,2019-08-01T09:06:48Z,171d0bf49a26400390df42bc1c9af98d9279bf8ccee92f39288845e1,60.16762,24.95415,000000006b44cce7,2.3
17676,2019-08-01T09:06:48Z,1f0f0628cdc688d76bde2b82bee5b9b4916bf0bbdfe76cf3213e1c65,60.15432,24.9211,0000000019fb59c4,18.79
17677,2019-08-01T09:06:48Z,2359f881a4fe8163beed82355aabbba0b00b99f1e4a2a4ccd7186bc4,60.16897,24.95222,00000000aa852af1,13.75
17678,2019-08-01T09:06:48Z,427140db094a88d1033f8ee0e16865b0ca63c0d06e0aacf4d81cd1ea,60.17002,24.94407,000000006b087f40,25.36
17679,2019-08-01T09:06:48Z,5b91abc1d452431fdb7bc15f638eee91a54034b6327f40e58ccacda6,60.14947,24.91438,000000004ef3150d,31.5
17680,2019-08-01T09:06:48Z,5d65719c4cbf045f068d084b72302f447d5fd034413d97d13be00d0e,60.18203,24.91341,00000000342570c2,20.28
17681,2019-08-01T09:06:48Z,6a657079c1bdc8114c289be1ddd83e5846d4279a920d1697b8ff0033,60.18203,24.91341,00000000342570c2,18.79
17682,2019-08-01T09:06:48Z,6d22b751ff5173035dc85c52c3dff0780126adae67fe33dc62dd45ef,60.16531,24.9442,00000000fdda10fe,16.1
17683,2019-08-01T09:06:48Z,6ff437688c444238352c28f64f9d2a7d0f14d19c9ea42c225380501e,60.16762,24.95415,000000006b44cce7,12.69
17684,2019-08-01T09:06:48Z,76c7f42283513d0e289bf786d89463b5025b2ae0f4e13519a4cf228b,60.15432,24.9211,0000000019fb59c4,21.87
17685,2019-08-01T09:06:48Z,78d5f60b36b59c06c3988b94e11744bb3aed5dcbc214f91f228bf892,60.16448,24.97323,0000000053c6c2be,31.5
17686,2019-08-01T09:06:48Z,84fdfd8881f633c5f0c71c1480053953ca4b05e848052d97c063ad38,60.1538,24.95595,0000000038bf9618,29.32
17687,2019-08-01T09:06:48Z,87dfaad29a9276ddddb1fa021d3bc23ad14824c1af16f7d87e713689,60.14951,24.92138,0000000006dd41f6,9.12
17688,2019-08-01T09:06:48Z,89982a6acf91b79a282a6b63978e946ee205f303fcd20e944e06baf0,60.16544,24.95398,0000000038d83d41,27.28
17689,2019-08-01T09:06:48Z,8c75c3289c84fe4493e1e272a77b615fe1985880c5dc68a7c1a17b53,60.16762,24.95415,000000006b44cce7,13.75
17690,2019-08-01T09:06:48Z,8cc6ddaa460aeae8cc9e8a33f91a01c8cd4c0c8bf8a943210a28c84d,60.1538,24.95595,0000000038bf9618,13.75
17691,2019-08-01T09:06:48Z,8ffeb52bff155eab19ca329d16be495cd44a08aa7f79b94db079caf9,60.15432,24.9211,0000000019fb59c4,20.28
17692,2019-08-01T09:06:48Z,9843c6216661048343a0e49cf3d8aa2883cf77f452666a1c873a1052,60.16448,24.97323,0000000053c6c2be,9.12
17693,2019-08-01T09:06:48Z,9d03d14afa49576281aa26db60e517f7c1ec8aa36f7756959a860a8a,60.16629,24.95957,00000000fb7600be,13.75
17694,2019-08-01T09:06:48Z,9ff35a7f150d05ef75c3777dbae4f91e5b1a4d0830a984c50f6da1bc,60.16897,24.95222,00000000aa852af1,27.28
17695,2019-08-01T09:06:48Z,a5302e72a58b038ac7633e65863bac48d8153d8837533ac7b5409f37,60.16629,24.95957,00000000fb7600be,14.89
17696,2019-08-01T09:06:48Z,a91d379a4b57c5df22db0d7a041ff69f657b4b31f28554b1011fc03c,60.16544,24.95398,0000000038d83d41,29.32
17697,2019-08-01T09:06:48Z,a9da1ee82e3b670e276c26b483dd50f4a6d0c6f77ef82245d3ae6086,60.18203,24.91341,00000000342570c2,13.75
17698,2019-08-01T09:06:48Z,ab0f67c0c0e1ba5eac9013f9c314feadf340ddf08543b91e70483594,60.16544,24.95398,0000000038d83d41,20.28
17699,2019-08-01T09:06:48Z,b4faf2d3c4d2b199afeab6ab63b583fe3a2e81e14abbef6917f25129,60.15432,24.9211,0000000019fb59c4,23.56
17700,2019-08-01T09:06:48Z,ba42c72ea7c2663b3ea5044faf12173ab18e523dc35de0e24bf374ac,60.16544,24.95398,0000000038d83d41,23.56
17701,2019-08-01T09:06:48Z,c40c37def6bf11a63a2556519a7c6233fd417cdeea2cf14f28e7c42c,60.16531,24.9442,00000000fdda10fe,18.79
17702,2019-08-01T09:06:48Z,cf05623e4d87ce0906c0b0b7dbf53aacc1228016cd27c341228b6e76,60.18203,24.91341,00000000342570c2,16.1
17703,2019-08-01T09:06:48Z,dd2c9c82cf3737146294aff6f814a1349fb0bc4bedf518715dacbe8f,60.18203,24.91341,00000000342570c2,16.1
17704,2019-08-01T09:06:48Z,ec72ef080c605e71978aed0d3b5f22c3c3133677a43c614b72eedc6d,60.14699,24.922,00000000a53ed894,25.36
17705,2019-08-01T09:06:48Z,ed70dda6b7faebd4340dacdb452ab224d9d3c308df417b7fa76f54e8,60.14951,24.92138,0000000006dd41f6,23.56
17706,2019-08-01T09:06:48Z,efd1806e1eee5eca948bc2537df8d816e2cce41009b41189c350ce74,60.16531,24.9442,00000000fdda10fe,33.81
17707,2019-08-01T09:06:48Z,f22981c21af00fc334b3d8bdd523e23a50384666e97815f0ec1dc0ac,60.16897,24.95222,00000000aa852af1,12.69
17708,2019-08-01T09:06:48Z,f7e45613ad966fea53fab73b435ba3a087c774e36596b3a5156a3487,60.16829,24.94214,00000000afef4555,3.4
17709,2019-08-01T09:06:48Z,f83d4b6b8ffbf8a674d212e32100b2360b80261b4e9207d77c0b0ed3,60.17918,24.95141,00000000675d5200,2.54
17710,2019-08-01T09:06:48Z,fc4f3a44235f1cfc7b53f14ba2da599976a5a0a220d23b852688e485,60.17919,24.95181,000000007b5207b6,9.92
17711,2019-08-01T09:06:48Z,00787dad708490660b0b836fa415681cc57046fa521c0c0aaea14a9e,60.16762,24.95415,000000006b44cce7,3.4
17712,2019-08-01T09:06:48Z,011372b726688a0c953368b50bc5a1cb0212c17dbecc587d9f9d75ce,60.16629,24.95957,00000000fb7600be,18.79
17713,2019-08-01T09:06:48Z,026f61905925674212a1c7d1e14b2ee5d1039bb4ecb5159f7d522150,60.16762,24.95415,000000006b44cce7,4.5
17714,2019-08-01T09:06:48Z,02fb8c740573d86a30d1a85d4b270f0d198cd0487446d6ca84453f3f,60.16544,24.95398,0000000038d83d41,25.36
17715,2019-08-01T09:06:48Z,0362cc670dcfab795a3911957b6a177416bf9b99d0e2732716796c4d,60.15432,24.9211,0000000019fb59c4,11.7
17716,2019-08-01T09:06:48Z,03f427d436ba092925de462b11374bdbdab0443620037675621fbc11,60.17919,24.95181,000000007b5207b6,7.69
17717,2019-08-01T09:06:48Z,0734aa9d45f98eb8e1cc23fdf3a04a296b23370cc5bef016a0c76053,60.16829,24.94214,00000000afef4555,18.79
17718,2019-08-01T09:06:48Z,08f10568d1e90d000e41196f141e0c1a52bab88fcf08f4753a3c055e,60.16897,24.95222,00000000aa852af1,20.28
17719,2019-08-01T09:06:48Z,08f9fd60f852d3502bfa509c955e9963e73954f961d55ba8cd46cae9,60.16629,24.95957,00000000fb7600be,21.87
17720,2019-08-01T09:06:48Z,0951ec0c700dba7330b8e8181fc852becde054d0dc7474d1488db3cd,60.17065,24.93641,000000000f4919c9,33.81
17721,2019-08-01T09:06:48Z,0a2bac0ea204a448436e02ba19830fea1ec2c88eb2e5d7abe5c09f78,60.17065,24.93641,000000000f4919c9,25.36
17722,2019-08-01T09:06:48Z,0c1684b697a63d7f47ebaedcfa060b3b4af294fec1e62d613699291a,60.16897,24.95222,00000000aa852af1,8.38
17723,2019-08-01T09:06:48Z,0d2a30f4e69ed2b7c428129d550b561c93cfe41bbf290ae41a4343bc,60.16762,24.95415,000000006b44cce7,17.4
17724,2019-08-01T09:06:48Z,0d36588b0274c7fc1c33ed938ed6883bd98d7e2d5a66328940df8a94,60.14947,24.91438,000000004ef3150d,11.7
17725,2019-08-01T09:06:48Z,1069967e3921871955b1b2b42e60f829c593a3e024401bfe61ae410e,60.16629,24.95957,00000000fb7600be,11.7
17726,2019-08-01T09:06:48Z,10d0fed0f7d40b253b5fc5a53297dc9af8bb76fa6f34d5e71383cb62,60.17919,24.95181,000000007b5207b6,25.36
17727,2019-08-01T09:06:48Z,1134a082e36fe03359bac74c814a0ed20468c45230115d4e25aa230d,60.16829,24.94214,00000000afef4555,11.7
17728,2019-08-01T09:06:48Z,1271bcd33c0056265a5bdf6df4092a3c9e2209abee80570cb172031b,60.16897,24.95222,00000000aa852af1,17.4
17729,2019-08-01T09:06:48Z,141ffc858c3ea6a2e69c954115114304736a35dc25ec947323090dc0,60.16762,24.95415,000000006b44cce7,12.69
17730,2019-08-01T09:06:48Z,1564db6ab71666bfe0865d19fd134f7018f49bc12ff1969853697784,60.16531,24.9442,00000000fdda10fe,36.27
17731,2019-08-01T09:06:48Z,15a3cdd20e3ce88c179a07d78a2d5fdda854b0fef8441d8cb3aebde8,60.17065,24.93641,000000000f4919c9,25.36
17732,2019-08-01T09:06:48Z,164d8280dbb888033f64368dd641bcef597fc327148fcf74374894c5,60.16544,24.95398,0000000038d83d41,21.87
17733,2019-08-01T09:06:48Z,167a52adcdc4d9a7f697ffc5e058fcb79a22a32ba0b8ed45a36311f2,60.17002,24.94407,000000006b087f40,20.28
17734,2019-08-01T09:06:48Z,16e18d478be872d2a9801fa885d08edeb3f5ae1840b38478f9baf535,60.17919,24.95181,000000007b5207b6,20.28
17735,2019-08-01T09:06:48Z,190cdde22bc3e3a41cd0f9da7efb3a917bc09e8034b05ca6064ea8a8,60.17919,24.95181,000000007b5207b6,18.79
17736,2019-08-01T09:06:48Z,1b68a6bcf7b740e0c437e0976d4900f31368afcb2c757bba30e0a249,60.16829,24.94214,00000000afef4555,9.12
17737,2019-08-01T09:06:48Z,1cfafdaa3ff1975bcf6f699641431e88775ba2183074d825eeb81dd3,60.149,24.9843,00000000fffb8cf0,20.28
17738,2019-08-01T09:06:48Z,1d70ff49909e1d6fb653ae053aa78084daf385dbbd2ad22b05707309,60.16829,24.94214,00000000afef4555,14.89
17739,2019-08-01T09:06:48Z,1da40c618e0432bb037d08723b65821f6223509e8b4033a4b4190047,60.17065,24.93641,000000000f4919c9,23.56
17740,2019-08-01T09:06:48Z,1dacfb371d75dd4f90f447aac2a00faad98beb4188a6971c19eb2375,60.16629,24.95957,00000000fb7600be,13.75
17741,2019-08-01T09:06:48Z,1dbecade1f3540eb44c3d86cb1ffc73d5bf422ea0cf76927c2d5cd74,60.16829,24.94214,00000000afef4555,21.87
17742,2019-08-01T09:06:48Z,1dcff36b6f83b08b6ea87c1c1018c542c270299839908ca446dffb39,60.16762,24.95415,000000006b44cce7,12.69
17743,2019-08-01T09:06:48Z,1e3044c19f6913531b6dd4bccb88ad02c1b39192513ccffa05444edb,60.1538,24.95595,0000000038bf9618,25.36
17744,2019-08-01T09:06:48Z,1e3af5697f0a2ae45f261da79e4ba71c868dc4d78008bd1995fe6259,60.16448,24.97323,0000000053c6c2be,18.79
17745,2019-08-01T09:06:48Z,1ecbc7c6afe89033252e5510cbb893666af2b3bc29f555a3a6287fdb,60.14951,24.92138,0000000006dd41f6,3.4
17746,2019-08-01T09:06:48Z,1f813dc10021899138c12ca17c58ab3dc24db1750dcb1790f9c20e8f,60.15133,24.92329,00000000e8a064a4,11.7
17747,2019-08-01T09:06:48Z,20b37aa6c3ad0dfea9c182498905a450537b0efbbd8563b205e93afd,60.16897,24.95222,00000000aa852af1,23.56
17748,2019-08-01T09:06:48Z,25479245e5a8b0fe47e2bd590cdd63256d84afd6c164781dc64e527d,60.149,24.9843,00000000fffb8cf0,27.28
17749,2019-08-01T09:06:48Z,25d340d14d855b8c18b2c6f2551ec98a1eb047d1fd3457ba881ddf28,60.17918,24.95141,00000000675d5200,21.87
17750,2019-08-01T09:06:48Z,270749ab8e1a83f0dcbf45dc861bcc0e10361d103d7589841787e366,60.16531,24.9442,00000000fdda10fe,31.5
17751,2019-08-01T09:06:48Z,277fcf3cc917a89b46a34e0cf5164a78f5bcc88d92bb45ded60f1a91,60.17065,24.93641,000000000f4919c9,8.38
17752,2019-08-01T09:06:48Z,27b591b33a56a542440b53031a24f42290b0ec1a194af27700b75a3a,60.17919,24.95181,000000007b5207b6,20.28
17753,2019-08-01T09:06:48Z,2823bf6afde4a5cc05342c15e7417c9590ba52264be5793bb688faab,60.17065,24.93641,000000000f4919c9,25.36
17754,2019-08-01T09:06:48Z,28ce50ca84cdcd4c17a36ac666e7ac0267b6ab5b77f4bfb08b2573a1,60.16762,24.95415,000000006b44cce7,3.4
17755,2019-08-01T09:06:48Z,28d50861d92f962c7a49eabaa524431aebf52870e44b79f77d7167c6,60.17919,24.95181,000000007b5207b6,4.94
17756,2019-08-01T09:06:48Z,29ae3c5c3aeac0c607bc816f7e74c232a40142b79a52c43c7b1ed42f,60.16829,24.94214,00000000afef4555,4.5
17757,2019-08-01T09:06:48Z,2afa9ac588b2c55e8edf99ee96ecaf63451a7ab1e51571b7e2d1d491,60.16762,24.95415,000000006b44cce7,3.74
17758,2019-08-01T09:06:48Z,2c6810efb2565383ca0a554f3c51f3f7905484357f5e00756dbf091a,60.17919,24.95181,000000007b5207b6,17.4
17759,2019-08-01T09:06:48Z,2c6f6440161f9061a850e8db96383d5eb111f0d1d8f0b666b7c49f22,60.16897,24.95222,00000000aa852af1,13.75
17760,2019-08-01T09:06:48Z,2ea9a23b1a04016fb4810d1ceb5731d90774224fd9235877005a4e1c,60.16897,24.95222,00000000aa852af1,20.28
17761,2019-08-01T09:06:48Z,2f43b7a683b0d365a46b6259a032813c293472eaedcdbcc3507adee5,60.17918,24.95141,00000000675d5200,4.5
17762,2019-08-01T09:06:48Z,2f5bd339f1aa466a7eab54348ecb6614ab41fd76d300d0defda67505,60.1538,24.95595,0000000038bf9618,14.89
17763,2019-08-01T09:06:48Z,2f79108a454c0072885ad1447280ed5098d061b229eaae61a8bb67be,60.15432,24.9211,0000000019fb59c4,9.92
17764,2019-08-01T09:06:48Z,2f82b3546af2df53b58cddc668c9aa196554108cdf39120ea40b417c,60.16629,24.95957,00000000fb7600be,14.89
17765,2019-08-01T09:06:48Z,2fb39eae730ec6f291700f841a64aaf680d52a8346399aec6ccb1dbb,60.17065,24.93641,000000000f4919c9,12.69
17766,2019-08-01T09:06:48Z,2ff189e5846383641192cafb595a7a8f77394239ee03aabd1bf3c49f,60.16829,24.94214,00000000afef4555,6.46
17767,2019-08-01T09:06:48Z,31b02b3b271f6feef9e49d9285929ff1c25a11e608fc5d70bc6a1fac,60.16897,24.95222,00000000aa852af1,17.4
17768,2019-08-01T09:06:48Z,3227dbecd3a095676006e4ad615dc2aea1f506c310c940230a15ac94,60.17919,24.95181,000000007b5207b6,29.32
17769,2019-08-01T09:06:48Z,32fcb1ab3a9fde533916ca28a0d5b56bbb45fd171dd5bae91f66ec6c,60.16897,24.95222,00000000aa852af1,23.56
17770,2019-08-01T09:06:48Z,3371cfaa0eed702110b1f5501d188c9e7424a2e018bb905af13896cc,60.16448,24.97323,0000000053c6c2be,21.87
17771,2019-08-01T09:06:48Z,33fa4cb82db5b44ffe6e7ae1039635187f90d1df328f8f139da0c693,60.17919,24.95181,000000007b5207b6,5.91
17772,2019-08-01T09:06:48Z,3480c16a6649952c388d8902596e332f018e609b9585f483353ae026,60.17065,24.93641,000000000f4919c9,3.4
17773,2019-08-01T09:06:48Z,34aa4c3c2f71b736426f6819c09b12c961bc996110fe1fa7c9772c5d,60.15432,24.9211,0000000019fb59c4,9.92
17774,2019-08-01T09:06:48Z,34e96c7caa63e7ede8f428b18e8fb556ac235d61a50c9d6ac7ff268f,60.17919,24.95181,000000007b5207b6,5.91
17775,2019-08-01T09:06:48Z,367b1989198ef11170dd9fcfa7e6ebb5ceb58aab87c613ee1bb86e8c,60.16531,24.9442,00000000fdda10fe,8.38
17776,2019-08-01T09:06:48Z,36fe97cd2ec69118778c771a87593630f8a6a2cb77d9ce72f845cd3c,60.16762,24.95415,000000006b44cce7,10.78
17777,2019-08-01T09:06:48Z,38fb20c6d55b10dd10a39c0fb41ad61297453e25afda81cf32313ae3,60.16531,24.9442,00000000fdda10fe,18.79
17778,2019-08-01T09:06:48Z,39c6456ee66fe96eee3d97cee2a70923cedb3da760bb5d4d413adb9c,60.17919,24.95181,000000007b5207b6,7.05
17779,2019-08-01T09:06:48Z,39e9fa7033887b7ab339887aa68753ff94d4771cda2bb8ff4ea7aa0a,60.17919,24.95181,000000007b5207b6,2.54
17780,2019-08-01T09:06:48Z,3a1afdcf7c2e5a52cdbcbbe29e8281c184037e8720920c6c75bee339,60.15133,24.92329,00000000e8a064a4,9.92
17781,2019-08-01T09:06:48Z,3a2f1a2c6c645bd161943b3f19c171d021512d7a8c4273ed3022f5df,60.16829,24.94214,00000000afef4555,23.56
17782,2019-08-01T09:06:48Z,3a38ba36c098f2741d6c5fb5a751fcd074d05d698ac592ca09ab443c,60.16448,24.97323,0000000053c6c2be,18.79
17783,2019-08-01T09:06:48Z,3a7b4023cee4b0d567a123a3d6aff0bc8f94663522bbdf0ea4306607,60.149,24.9843,00000000fffb8cf0,18.79
17784,2019-08-01T09:06:48Z,3b72559f8671f9bc77441302cc7d3167d5e13c8c4fb0a19edf83bed1,60.16629,24.95957,00000000fb7600be,25.36
17785,2019-08-01T09:06:48Z,3be40c84926a525adbd09eeeb3a12b73b24c633942b2e1fbe8151ac3,60.16448,24.97323,0000000053c6c2be,11.7
17786,2019-08-01T09:06:48Z,3c84dc456230381a1e1358e89031487d34c88aaa31201204e58517b7,60.16762,24.95415,000000006b44cce7,14.89
17787,2019-08-01T09:06:48Z,3c864716e211395e6a02802fbf80abb7b7c4519243bea4994fca7720,60.16762,24.95415,000000006b44cce7,10.78
17788,2019-08-01T09:06:48Z,3d0437a1d090cd3cad05629e69a61c519aa6218e1b7fb47811e5a4ae,60.16762,24.95415,000000006b44cce7,9.92
17789,2019-08-01T09:06:48Z,3eea43670f4f29a90ced59c1af122371340275fb61ff8f14c7120658,60.16762,24.95415,000000006b44cce7,6.46
17790,2019-08-01T09:06:48Z,40646914186edc6142b7fc3daf766121b55f5bb36ea38facff686ea5,60.16897,24.95222,00000000aa852af1,27.28
17791,2019-08-01T09:06:48Z,40825cb0d315c92e0e0a73cc8e86c3b763bbf7ce226f112913e05e0f,60.17065,24.93641,000000000f4919c9,33.81
17792,2019-08-01T09:06:48Z,41a0ca2955e0ae0324f6e14aeb77ebfaac5305e31d86c42a20277b94,60.15133,24.92329,00000000e8a064a4,25.36
17793,2019-08-01T09:06:48Z,41f455676c61a2d8e1658c60afd7984613a3bc84daac78079c0d8b0c,60.16829,24.94214,00000000afef4555,14.89
17794,2019-08-01T09:06:48Z,42844e90c7134ebb3ec325f57cd27cd24711c779548ebc8692a820d5,60.14951,24.92138,0000000006dd41f6,3.74
17795,2019-08-01T09:06:48Z,432417b4972b744ded3410777a6bbb583cf56172bf3436ddbe48a21d,60.16762,24.95415,000000006b44cce7,6.46
17796,2019-08-01T09:06:48Z,458f9326c304e9492675314553eb92811762cd1f38e6e5c2d4b75c24,60.16544,24.95398,0000000038d83d41,20.28
17797,2019-08-01T09:06:48Z,4642dfa1df839f11e64f68bca4e3dce7bde2ff6dd68c54959fcb4788,60.17918,24.95141,00000000675d5200,2.08
17798,2019-08-01T09:06:48Z,4682d95464cedcc021f38271a51bab9c000762b4acf802070e259ba2,60.16629,24.95957,00000000fb7600be,11.7
17799,2019-08-01T09:06:48Z,46c37bb9313fa511d142a461fb0eedda90bf18eb9016d20db109f6a4,60.16829,24.94214,00000000afef4555,18.79
17800,2019-08-01T09:06:48Z,478830e26b1b9314c3f35b4ca62aba9828872733abbc7f32b78daac3,60.16531,24.9442,00000000fdda10fe,33.81
17801,2019-08-01T09:06:48Z,47bd1492244c444d45674eb48dd2e6f222cb109d820ba807c4e18c1a,60.16629,24.95957,00000000fb7600be,12.69
17802,2019-08-01T09:06:48Z,48004849b2f48b2314aa9175433d754db1641b949bb8cf050e2dd128,60.17918,24.95141,00000000675d5200,11.7
17803,2019-08-01T09:06:48Z,48c0ea6615ac4c02fc9bc0e06f9ea9309f9bf7e73b4324d7a6b14610,60.16829,24.94214,00000000afef4555,21.87
17804,2019-08-01T09:06:48Z,497d535ffc7af13ad6527c1139af3451abb3584a2490e3c470f73f9d,60.16762,24.95415,000000006b44cce7,18.79
17805,2019-08-01T09:06:48Z,49bbad87e4d6cd03bdb073bde7be91193d74d29943badce7fc536916,60.16448,24.97323,0000000053c6c2be,5.91
17806,2019-08-01T09:06:48Z,49df780a7f20a99ad2810fa4bbb46b5fac9bc5cbe3fc800cd572f63a,60.14947,24.91438,000000004ef3150d,17.4
17807,2019-08-01T09:06:48Z,4adf9bed4c6391fd34fc9611c3ff6977a984d62d20c49b647cf1d4d3,60.17002,24.94407,000000006b087f40,23.56
17808,2019-08-01T09:06:48Z,4afcc27c652d3d50a44d060f84e33dd4b17529d982928dae936cf10f,60.16448,24.97323,0000000053c6c2be,23.56
17809,2019-08-01T09:06:48Z,4ba529eeafb27285cbbade6e5ece0d4d04bd2d13c98b27a5d17abd22,60.16897,24.95222,00000000aa852af1,3.09
17810,2019-08-01T09:06:48Z,4c8696833edf46025bc9b5f589679b77a73c857736036aa9ef6696e5,60.17002,24.94407,000000006b087f40,18.79
17811,2019-08-01T09:06:48Z,4f014b8e8ae9762c62d43d6e283cc003675980c0519bf122c51d1a21,60.16762,24.95415,000000006b44cce7,11.7
17812,2019-08-01T09:06:48Z,4f609afde0ba5cb017ba3c549bdd11ff322a2e0227a0f11a9d112220,60.16762,24.95415,000000006b44cce7,16.1
17813,2019-08-01T09:06:48Z,4f9125edf503fe3cb0ba1e1221fe6a67aafd99fcd89fd92d2bf20e97,60.16897,24.95222,00000000aa852af1,11.7
17814,2019-08-01T09:06:48Z,5001aabb6808b9fd96b705d1ebe8e7aca52713c2640100d81879dd86,60.17919,24.95181,000000007b5207b6,4.5
17815,2019-08-01T09:06:48Z,5022acdb28a01d1a0b2077fc89c77bde277b7dd4f079b4fea30f75b9,60.16629,24.95957,00000000fb7600be,17.4
17816,2019-08-01T09:06:48Z,504f910a0bd104a130b85d0c50467a15e74dc950bcc9eac3ebecc43e,60.16531,24.9442,00000000fdda10fe,20.28
17817,2019-08-01T09:06:48Z,518381021c83c138e4a82160bc6cc947b3866647e3c5d6818bdd63bb,60.17002,24.94407,000000006b087f40,14.89
17818,2019-08-01T09:06:48Z,52e7ba8caf7e3c36ea9fb39dff84a37643e9a7ee50bfb4c5295c3759,60.17002,24.94407,000000006b087f40,21.87
17819,2019-08-01T09:06:48Z,5328327c1bd91c38f3e3d1200d630dcc186849d71a76e63154527d36,60.16829,24.94214,00000000afef4555,21.87
17820,2019-08-01T09:06:48Z,5372348389197e6c4bc4c5e3dab047e7384d562220e6295904bbda1b,60.17065,24.93641,000000000f4919c9,2.3
17821,2019-08-01T09:06:48Z,53fb53be4440aecb1a1fa63a9da1db08182cc7e252da14685e63373d,60.16762,24.95415,000000006b44cce7,9.12
17822,2019-08-01T09:06:48Z,54bd709173219e8017f317b63ecc83d0a48f64542e6fa1b83c86a56c,60.17919,24.95181,000000007b5207b6,14.89
17823,2019-08-01T09:06:48Z,54d1f01f8b0ce9614205273f1ec21d8786626ce9a1939467bfb2985e,60.17919,24.95181,000000007b5207b6,0.23
17824,2019-08-01T09:06:48Z,556cae6b2e2dec6fe691a835e8e08bd016b1a65797c0aca46879329f,60.17919,24.95181,000000007b5207b6,12.69
17825,2019-08-01T09:06:48Z,559429bba23762a872fc7b1e2219d42125ab101e4355d43fdb94ed7b,60.17919,24.95181,000000007b5207b6,9.12
17826,2019-08-01T09:06:48Z,559e6a5225ce35ab844c63ea0d0c1695dc490a3d9cfbafa5d35ac8d8,60.14947,24.91438,000000004ef3150d,10.78
17827,2019-08-01T09:06:48Z,5830a481876da00686f25b17dad06258a39212c0816ed04dda2df1bd,60.16531,24.9442,00000000fdda10fe,21.87
17828,2019-08-01T09:06:48Z,584cb0b0cdd14e608c8b57c8aecc9826f9b40027e365e2438a444ea2,60.16762,24.95415,000000006b44cce7,11.7
17829,2019-08-01T09:06:48Z,5865a27b5b56a60bca38e4a1403655e3e7fd0232a3ff2079965aff81,60.15432,24.9211,0000000019fb59c4,4.94
17830,2019-08-01T09:06:48Z,5978726eeef638856dafd3a8d199287f8daf9e90ddde750b402f8bb0,60.17065,24.93641,000000000f4919c9,0.1
17831,2019-08-01T09:06:48Z,5a34b02faac3189217466888ef1d31cc80f721ac2f18638c5db88d53,60.14947,24.91438,000000004ef3150d,12.69
17832,2019-08-01T09:06:48Z,5a857d46d2710076dd9ff377dc9ae0c17e4db2a46db79f1e8d158cfa,60.16829,24.94214,00000000afef4555,13.75
17833,2019-08-01T09:06:48Z,5a8d671a78b976d212d9746d88b9a754a2d9c8341c529e88b7c6b8f4,60.17065,24.93641,000000000f4919c9,17.4
17834,2019-08-01T09:06:48Z,5b06617477af6dcee75a94ac347364b50f6f3b5b7d747e5413d9ad58,60.14947,24.91438,000000004ef3150d,17.4
17835,2019-08-01T09:06:48Z,5b24733f1e45af711e2eebfb97b6b1467ca5cf1f466e6c8add4f7935,60.16762,24.95415,000000006b44cce7,12.69
17836,2019-08-01T09:06:48Z,5c1f71098d5d7258d2971061c791c94e0138c8e02225c5f60d6a0428,60.149,24.9843,00000000fffb8cf0,16.1
17837,2019-08-01T09:06:48Z,5daa76852f3e1be6c75fa2185d5787ab9010cf83d6671515769a8649,60.16531,24.9442,00000000fdda10fe,20.28
17838,2019-08-01T09:06:48Z,5e2c5c20c88ccf362ed8749d1ddc041b1cb1c38d8dbeac7870179322,60.16629,24.95957,00000000fb7600be,4.5
17839,2019-08-01T09:06:48Z,626bf35ce16dba1054cfd175d09475d3ee751bf70e56f984ff5c7ab6,60.15133,24.92329,00000000e8a064a4,21.87
17840,2019-08-01T09:06:48Z,63ff2439779051005c18876d20ed53ce060c1de9d7976821bd518fc6,60.15432,24.9211,0000000019fb59c4,9.92
17841,2019-08-01T09:06:48Z,6470ee836399c5610581ec9de09772d350282ecc4c5c57fa02a5ec68,60.16075,24.95883,00000000f1124bca,25.36
17842,2019-08-01T09:06:48Z,65b6b62b547e11e10f7f83ad497446bee2bb9653097d9d62e9b1b817,60.17065,24.93641,000000000f4919c9,7.69
17843,2019-08-01T09:06:48Z,674355e17da9460e58566497be518f2eb537880c67c788fedb5067db,60.16629,24.95957,00000000fb7600be,9.12
17844,2019-08-01T09:06:48Z,67cf7d2881080aa59ed36a6d88ea1946d17e9d1d5e1ad9eee1851969,60.18203,24.91341,00000000342570c2,8.38
17845,2019-08-01T09:06:48Z,684e7a868866e631c134ab5bd21b6ba738f6ebc6d5b5c169e366c6ee,60.16897,24.95222,00000000aa852af1,7.69
17846,2019-08-01T09:06:48Z,685af6b01bd180194d718801bb8b9c9de22050cc392d6c6441fe986b,60.18203,24.91341,00000000342570c2,12.69
17847,2019-08-01T09:06:48Z,69e2854c78a472b462941ef730aa9fa7a9dba9c1cc22996396d4c78a,60.17919,24.95181,000000007b5207b6,18.79
17848,2019-08-01T09:06:48Z,6adce4d05e58232a97635a2fd7918e4e49d9295afc0989d727f9c712,60.17002,24.94407,000000006b087f40,2.08
17849,2019-08-01T09:06:48Z,6d5a8ded89f26533ed851d1a0894f0d9045e9cd4baed439f7d9a922b,60.16629,24.95957,00000000fb7600be,17.4
17850,2019-08-01T09:06:48Z,6d94a134d3b5f52416c91453c67615e480218e6db3a6004b1ba8a79e,60.16829,24.94214,00000000afef4555,23.56
17851,2019-08-01T09:06:48Z,6d98ac1fea7056e5b96d6095caf0e3677a4ec30e9fbcc2e50ae1cf65,60.16629,24.95957,00000000fb7600be,21.87
17852,2019-08-01T09:06:48Z,6dca84ddf4be668487766d17c5d13961ed713d24032f709ae87a497f,60.16829,24.94214,00000000afef4555,20.28
17853,2019-08-01T09:06:48Z,6dd5463e670c352180c1e912300e21e59f5e2976266df8c3c92b0baf,60.16829,24.94214,00000000afef4555,10.78
17854,2019-08-01T09:06:48Z,6fe2cf6737d40d71251dac8ebef5356a2b765621e97a346c00a6031c,60.15432,24.9211,0000000019fb59c4,3.74
17855,2019-08-01T09:06:48Z,7003a7f6a5523b645634f014e04bea36016953a8af9324e35602bc2e,60.14947,24.91438,000000004ef3150d,16.1
17856,2019-08-01T09:06:48Z,704c3f3075f13713c363014fa828e4a932e7a05676813b9963a1e554,60.17919,24.95181,000000007b5207b6,1.38
17857,2019-08-01T09:06:48Z,70d391038ec56b63a3737605c2c1db6ffbdca8e4490691776dc993f1,60.16829,24.94214,00000000afef4555,4.5
17858,2019-08-01T09:06:48Z,71b01bb8b8e877dc9ca40e756f441571d12ee3311a945417e8aaa116,60.16762,24.95415,000000006b44cce7,10.78
17859,2019-08-01T09:06:48Z,7226031f97fb041caef264f1911df0305fd803a368ddc488fd98a06b,60.16448,24.97323,0000000053c6c2be,29.32
17860,2019-08-01T09:06:48Z,729c5f2cffe7e3f5554f3c2bbc7f717457700e648ccb716bb2e98c8a,60.17002,24.94407,000000006b087f40,29.32
17861,2019-08-01T09:06:48Z,7700297fec4982ad776529835e2ab46d4e5cbc889e26f368c19efeef,60.16829,24.94214,00000000afef4555,4.5
17862,2019-08-01T09:06:48Z,774131d73accbbb31ec3c43c3501b7969645eb65df1839ca8116526e,60.15432,24.9211,0000000019fb59c4,6.46
17863,2019-08-01T09:06:48Z,7a2b35da2d6119549eacb416bea033d3d3eb6cbe4d4ff47c50c1fea1,60.16762,24.95415,000000006b44cce7,23.56
17864,2019-08-01T09:06:48Z,7c1534082e86ff4387878d813207626d8f728aa26b97248e00a3b8d7,60.16629,24.95957,00000000fb7600be,13.75
17865,2019-08-01T09:06:48Z,7d415f4fd9093fb383b4ebb88961ad74e6a00d3ece39504712dad639,60.17919,24.95181,000000007b5207b6,18.79
17866,2019-08-01T09:06:48Z,7e2e3d07c939e3e76e7ce87678faf64e056afe54215e00488839100f,60.14947,24.91438,000000004ef3150d,23.56
17867,2019-08-01T09:06:48Z,7eb4a715919b3eb4085270535ce4d7b57112591ad7242eb189bf652a,60.17065,24.93641,000000000f4919c9,16.1
17868,2019-08-01T09:06:48Z,7f59aaecea1eee6c703ec5d46d67b44289ddedf080defee495b73739,60.14947,24.91438,000000004ef3150d,9.12
17869,2019-08-01T09:06:48Z,809bf2d7a0745ae512b934a578fd5fd47c13c5398b6d06ad350b9e7c,60.14947,24.91438,000000004ef3150d,17.4
17870,2019-08-01T09:06:48Z,814fca075a588ae71c130bafc9384a1c17e7bd8168994ae6fca55205,60.16829,24.94214,00000000afef4555,17.4
17871,2019-08-01T09:06:48Z,8165c5f8d06298ffd56f071c0ad1cc9f1d4f08084936937d712d0b61,60.15133,24.92329,00000000e8a064a4,27.28
17872,2019-08-01T09:06:48Z,828afe5ee1f94b9afbfd61b9673b7c8b21457d11dafb1d2ad98dbd23,60.149,24.9843,00000000fffb8cf0,18.79
17873,2019-08-01T09:06:48Z,82bab0a1bfd11576cf62159546b756e1da44125c76909e270ced391b,60.16897,24.95222,00000000aa852af1,20.28
17874,2019-08-01T09:06:48Z,8524898e498c83bde4bc1848aa2b372da84e7b2266f36aabe128cc27,60.17919,24.95181,000000007b5207b6,13.75
17875,2019-08-01T09:06:48Z,85bdce5b262dbd94adcff03e6cad26a1152828b6ab27e6fdd56b2b13,60.16762,24.95415,000000006b44cce7,2.8
17876,2019-08-01T09:06:48Z,86b066ea755e9fd56188a608365c78bc7873db821770bdcfc83ed149,60.16762,24.95415,000000006b44cce7,9.12
17877,2019-08-01T09:06:48Z,86e7584bf95733cef59d74bb4955881e99dc86b73a0d5b4e3ef58b50,60.18203,24.91341,00000000342570c2,17.4
17878,2019-08-01T09:06:48Z,880f9cbb91b9caf48ea9c5dd1a0c8e1db72922b6dfcb647b102fc469,60.16629,24.95957,00000000fb7600be,3.4
17879,2019-08-01T09:06:48Z,88c2bc6310f27465b9f08b28fb52075d7703ce7b097e5beb37c7437c,60.14947,24.91438,000000004ef3150d,11.7
17880,2019-08-01T09:06:48Z,898cde3317c73907bb23b1b885828c4bf3187c3a757a18dc32abe970,60.16762,24.95415,000000006b44cce7,3.4
17881,2019-08-01T09:06:48Z,8a01e28fd327e5c56dcf2dc8b2b7762a96d77584c21990a073ceb11f,60.16829,24.94214,00000000afef4555,13.75
17882,2019-08-01T09:06:48Z,8a70673a694137689441a8a18cff0044d959d5d1991c92c7b5fb8f0c,60.16829,24.94214,00000000afef4555,4.5
17883,2019-08-01T09:06:48Z,8c571538c285dba9d77edacfb1829b282d54b772b62209c6e4004237,60.17918,24.95141,00000000675d5200,1.7
17884,2019-08-01T09:06:48Z,8e20d0d67339e3cf43e77c3a340d9dc6766de8d079197a08a1343ff0,60.17065,24.93641,000000000f4919c9,13.75
17885,2019-08-01T09:06:48Z,8e6caf283696ed75a4aff0c3f528dad5878f6f4b82cbd3eae1164484,60.16897,24.95222,00000000aa852af1,18.79
17886,2019-08-01T09:06:48Z,8ff038d2521ba9895dd51ec173283988249667ca25f11a1486edd49e,60.16829,24.94214,00000000afef4555,29.32
17887,2019-08-01T09:06:48Z,90a44cbd1a957cc59a6986cff9b6b7b8e151d379e17da645069428b8,60.173,24.92524,0000000096918cfa,20.28
17888,2019-08-01T09:06:48Z,941e13893853105c86bfbc6d31d62274937602143ce3bb530c8c17ed,60.17919,24.95181,000000007b5207b6,4.11
17889,2019-08-01T09:06:48Z,9609babe3114439a82f93f797f4a6e779b6bab625488b8ff5b63e674,60.16829,24.94214,00000000afef4555,18.79
17890,2019-08-01T09:06:48Z,9998e64e3b5162fd8890fc4e2dfe41a3e875f08500f1cef0c4820855,60.16829,24.94214,00000000afef4555,14.89
17891,2019-08-01T09:06:48Z,99a026b5100e23129fa529e9a57a3dbc8490dc03b58f2193f03e2dcf,60.14951,24.92138,0000000006dd41f6,6.46
17892,2019-08-01T09:06:48Z,9b3e6848d8b34e802134d6da0e5a594897ec3fafbbf08b6d0b84068e,60.17919,24.95181,000000007b5207b6,6.46
17893,2019-08-01T09:06:48Z,9bc129708b07f3c5bbf4195e83f0e5b9a663b6f371f416a8e3a605f0,60.16897,24.95222,00000000aa852af1,16.1
17894,2019-08-01T09:06:48Z,9bef8b28ea93ecaee57d05b037edbfe7f80014aaf56343345fedd7be,60.17919,24.95181,000000007b5207b6,8.38
17895,2019-08-01T09:06:48Z,9e343a150f07bb3dcce5ecab8ac061b84d65b347b1af5a232e00eeb6,60.16829,24.94214,00000000afef4555,23.56
17896,2019-08-01T09:06:48Z,9eee6d740f1d483c484d02f0995f35550c09e6a8cf01f02680db5efc,60.16448,24.97323,0000000053c6c2be,31.5
17897,2019-08-01T09:06:48Z,a04214b56cac7d70680703ee6a28fac742f3c3190b55b46a79c1f76d,60.149,24.9843,00000000fffb8cf0,13.75
17898,2019-08-01T09:06:48Z,a1049deed97cd1989c882cb47bb39f0d93d1fddbac4e9307e8a4249e,60.16544,24.95398,0000000038d83d41,27.28
17899,2019-08-01T09:06:48Z,a2333053951d093ef490bcc3b9455fa0ed512421b5b597602785ab28,60.16531,24.9442,00000000fdda10fe,17.4
17900,2019-08-01T09:06:48Z,a2e761fd97d8bdf78601300822b531e306b9ab7a1a43b6bfb07eba52,60.14947,24.91438,000000004ef3150d,7.69
17901,2019-08-01T09:06:48Z,a38c11c450b472b9dad2f076e2d9a63651292d3de806331d06af7f46,60.16531,24.9442,00000000fdda10fe,14.89
17902,2019-08-01T09:06:48Z,a403dc1eebc5d130e12a4c3e4298737c9e00b25b1b6b2cc36a6979c9,60.16629,24.95957,00000000fb7600be,20.28
17903,2019-08-01T09:06:48Z,a494efd9b72074b7b147d3d12c4f230dfcefebfc957f6b96235933aa,60.16531,24.9442,00000000fdda10fe,25.36
17904,2019-08-01T09:06:48Z,a4b9f871dcc986c95f1e84fe203bb392ba0fe13164d89119bda2c94a,60.16762,24.95415,000000006b44cce7,12.69
17905,2019-08-01T09:06:48Z,a6d0dd9de406b1201a4e438ec7c5f4a467f38c41e2dec42ff6c71d50,60.16897,24.95222,00000000aa852af1,14.89
17906,2019-08-01T09:06:48Z,a76678cf99f7c5094ab4c60bfd0496e3c2778bfa786c67e54427c8b0,60.16531,24.9442,00000000fdda10fe,17.4
17907,2019-08-01T09:06:48Z,a786eb3b8a25c58099a428799e99d0b86401f803ee38d3e5d20e59d3,60.15432,24.9211,0000000019fb59c4,12.69
17908,2019-08-01T09:06:48Z,a808962cb511e5ed2d23e6e33efe252b1be29dc1d2f7c6154817f04f,60.16448,24.97323,0000000053c6c2be,20.28
17909,2019-08-01T09:06:48Z,a83703c80a4d58db87327a53b0d3664d23edf7350ff6b0afaa49c530,60.16629,24.95957,00000000fb7600be,17.4
17910,2019-08-01T09:06:48Z,a8ca7fb815e707c04434a085c4f99e783d56372143afc92225eae622,60.15133,24.92329,00000000e8a064a4,21.87
17911,2019-08-01T09:06:48Z,a9ee2aabbd32919adf0325ca2f2c5f8e0ba801bc168e8756cda957da,60.16629,24.95957,00000000fb7600be,16.1
17912,2019-08-01T09:06:48Z,abf0be93e7a8aec9fa8284fdbcc2493f32084aa95f15660b23e149c6,60.16629,24.95957,00000000fb7600be,21.87
17913,2019-08-01T09:06:48Z,acb3f4b2a6b9fe720b98158caba37c1958df05919990f30368dbbd8b,60.16762,24.95415,000000006b44cce7,17.4
17914,2019-08-01T09:06:48Z,acbbe4765d72f36b0323407c7dbe43db7b4ad5e2da0a6a9e5966db0b,60.16897,24.95222,00000000aa852af1,13.75
17915,2019-08-01T09:06:48Z,ad22512fd6a5ad9e19fdfad7e02b2793ecb01875be243f894c637ae2,60.16829,24.94214,00000000afef4555,4.11
17916,2019-08-01T09:06:48Z,aef9493ffdbcaf1d1a27c9ae807b055ac0b7ba8fb2d6b6d307ecb617,60.16629,24.95957,00000000fb7600be,25.36
17917,2019-08-01T09:06:48Z,af67ffa8b538058603b74f48e04ab914e8f6cd450f53c47f8c3d683d,60.15432,24.9211,0000000019fb59c4,21.87
17918,2019-08-01T09:06:48Z,afaed9946dbc1509500c6f80f87eed8fe44a74ba3e14328c6efe3971,60.16829,24.94214,00000000afef4555,12.69
17919,2019-08-01T09:06:48Z,b09e9bb62cc49c085c1aee3b752af1bec69dabc939323e5733f73933,60.17065,24.93641,000000000f4919c9,18.79
17920,2019-08-01T09:06:48Z,b25339bfcf356e1460eec7d6494ab8fa8fe2ee363afb6496ab1a1fb9,60.16829,24.94214,00000000afef4555,7.69
17921,2019-08-01T09:06:48Z,b2728a54ebd2991e59d91f96f73d376de0adccecfef1326c4f51b74a,60.16762,24.95415,000000006b44cce7,17.4
17922,2019-08-01T09:06:48Z,b32e57a6f5865a23d7a0e9fa346d5ec4e975f99c4df815fe8b1449b2,60.17919,24.95181,000000007b5207b6,9.92
17923,2019-08-01T09:06:48Z,b474e34db18d21635ec9ea2654513e6759c326f3aaec96c25f9a204e,60.16897,24.95222,00000000aa852af1,9.92
17924,2019-08-01T09:06:48Z,b50a45ac0708e7b5cca42f3458430eb22ff70a81c575bafe99ffda23,60.17002,24.94407,000000006b087f40,10.78
17925,2019-08-01T09:06:48Z,b5603e758440226e490d1d7d7271a7b0d5c261eccbad198f81110136,60.15432,24.9211,0000000019fb59c4,3.74
17926,2019-08-01T09:06:48Z,b6c43126ca83e916a68e57d0178060c24fc61305836b6c8f188f7285,60.17919,24.95181,000000007b5207b6,9.12
17927,2019-08-01T09:06:48Z,b6f0f4101a1a258dcb1d82d77ca91000694d4fed15bd882a8e3bfe66,60.149,24.9843,00000000fffb8cf0,27.28
17928,2019-08-01T09:06:48Z,b7c3b37b32d534f6824ac8d99b4c79d0cb915cab104fdb745550ea22,60.16762,24.95415,000000006b44cce7,12.69
17929,2019-08-01T09:06:48Z,baca220bc4dd6e05e27f7b99db1588e9c29a5e18a36a70622dea1e65,60.17065,24.93641,000000000f4919c9,33.81
17930,2019-08-01T09:06:48Z,bb2187a4e20012ad694c768ef2c47c9a9055671024ebf4855d4e6243,60.16531,24.9442,00000000fdda10fe,1.54
17931,2019-08-01T09:06:48Z,bc436a99a8805080541bd9dc9743df4f0e34172e2c70b59f64c4260c,60.16762,24.95415,000000006b44cce7,7.69
17932,2019-08-01T09:06:48Z,bc6d5082ca52e6dae7a1689a835434f3f6341e90afea565480eb9674,60.16829,24.94214,00000000afef4555,14.89
17933,2019-08-01T09:06:48Z,bc82f76c979de19b559e9e3aa0cd6cbf5ac361e2d7b1ac9f81fe2f4f,60.17919,24.95181,000000007b5207b6,12.69
17934,2019-08-01T09:06:48Z,bd4241736e651ffa0f090265ea05dd8a5b4e06508cb3509813c80cf4,60.17918,24.95141,00000000675d5200,23.56
17935,2019-08-01T09:06:48Z,be0aec7d0615ab2d3b044d4d86b1cc0c2e35603c8195665e854c25ae,60.16829,24.94214,00000000afef4555,18.79
17936,2019-08-01T09:06:48Z,be12d6aaccf354197284a8c92b960bd6a4e1705f7d948823e7891fde,60.16762,24.95415,000000006b44cce7,4.5
17937,2019-08-01T09:06:48Z,beaae42e2432399a2fe1038d7d9bc164f369b4ad61458aaa4fd733b6,60.16762,24.95415,000000006b44cce7,14.89
17938,2019-08-01T09:06:48Z,c004fa64cb7de7e87d3b91639ae5f95304fb1a90b0a0e927cea958af,60.16762,24.95415,000000006b44cce7,10.78
17939,2019-08-01T09:06:48Z,c15da9ed244b57a27a083919c67d0edde078a31b18cb58f13581f173,60.1538,24.95595,0000000038bf9618,20.28
17940,2019-08-01T09:06:48Z,c1674c59c49d5bf74e6808239a91d18a04e47697d298bc61a7618af2,60.16448,24.97323,0000000053c6c2be,14.89
17941,2019-08-01T09:06:48Z,c19294a0a6dd80604d1435e92cecc363af55f32ef9d41af8b67687e2,60.16897,24.95222,00000000aa852af1,14.89
17942,2019-08-01T09:06:48Z,c1bf1bf699e9bc78ca15c9490d1ef02e3323f0c2c76bf0fca7955a69,60.14947,24.91438,000000004ef3150d,27.28
17943,2019-08-01T09:06:48Z,c20aa73be6622c8614ce947582baeb2f99821c5ab192c2db3539fbf0,60.16829,24.94214,00000000afef4555,31.5
17944,2019-08-01T09:06:48Z,c375f2dac85f963c33b2daf76ffb0c32d2c8fd08172419336e308686,60.14947,24.91438,000000004ef3150d,25.36
17945,2019-08-01T09:06:48Z,c434f18b802a764aad7a2dfb46e93546acb1b0975cf9b93fd47363f6,60.15432,24.9211,0000000019fb59c4,6.46
17946,2019-08-01T09:06:48Z,c65c11ee6e8b5894ead3ea9b007a39127edb65a67be253aca6f78ed0,60.16448,24.97323,0000000053c6c2be,25.36
17947,2019-08-01T09:06:48Z,c8be2c26d4f0c9d399f32e84d95487a2644ffcb62681165be3d36a02,60.16762,24.95415,000000006b44cce7,13.75
17948,2019-08-01T09:06:48Z,c8f27660c2e8302459f9f42a38f8c1a1d42cb2de7ac7fb8995a36ed4,60.17919,24.95181,000000007b5207b6,21.87
17949,2019-08-01T09:06:48Z,ca7719c7cd8d4496b666f608fc07ba9930e362a0b2d96890b0778618,60.16629,24.95957,00000000fb7600be,11.7
17950,2019-08-01T09:06:48Z,cccf3ba2a9d11b9330c18af8064a20aca9995473495bf119162a1619,60.16897,24.95222,00000000aa852af1,8.38
17951,2019-08-01T09:06:48Z,cd24d4831d3c3e8dad5e555b47528aa6b11e307b2882be4f65dd4076,60.17002,24.94407,000000006b087f40,14.89
17952,2019-08-01T09:06:48Z,cdac044b0b1896d284492c14301798e2f2534db67c03cfbef7722fb3,60.17919,24.95181,000000007b5207b6,27.28
17953,2019-08-01T09:06:48Z,ce7de55c7709396c70ce5930097e84449a4889700e605a0b062aaeae,60.16531,24.9442,00000000fdda10fe,12.69
17954,2019-08-01T09:06:48Z,cf061f5093c857b2efc346d3ad51fd17cca7eb360060ba7875630cf5,60.16897,24.95222,00000000aa852af1,18.79
17955,2019-08-01T09:06:48Z,cf823e18aa21de251222a9ab70c1b76b6218dea694752d56f6f84082,60.149,24.9843,00000000fffb8cf0,25.36
17956,2019-08-01T09:06:48Z,cf9455daa4877b79636eca3ae57056b08dfc0b42f107cedb6f5a3f16,60.16829,24.94214,00000000afef4555,13.75
17957,2019-08-01T09:06:48Z,d062562fed5ad0a61560e267310beb0b717d2a1e2a11d1d575507861,60.16897,24.95222,00000000aa852af1,25.36
17958,2019-08-01T09:06:48Z,d0e607248d8728deb0b1b4f29fda6d8cd954a8c837fdebf9df54dc02,60.14947,24.91438,000000004ef3150d,29.32
17959,2019-08-01T09:06:48Z,d16e16def718519430296afa23976c226aaf720722bce3d92a2aad43,60.14947,24.91438,000000004ef3150d,12.69
17960,2019-08-01T09:06:48Z,d1faee5d7ab668314d8972190af2f3649a33a478db8ffb92927d5eb0,60.16829,24.94214,00000000afef4555,25.36
17961,2019-08-01T09:06:48Z,d2565986030ddea596554d64d126e84d618ce72222ab6888c3debf59,60.16448,24.97323,0000000053c6c2be,14.89
17962,2019-08-01T09:06:48Z,d31d6921eee92503b486a1b30f5330581c4744a82e6549f375544846,60.17919,24.95181,000000007b5207b6,14.89
17963,2019-08-01T09:06:48Z,d562afdedae521be241c98441e436608a323fdb944dedc24c835e762,60.17065,24.93641,000000000f4919c9,5.41
17964,2019-08-01T09:06:48Z,d653ef8368d33df4fc7edeb5a381d5826be1471f1470aa9744d47901,60.173,24.92524,0000000096918cfa,4.11
17965,2019-08-01T09:06:48Z,d65b8625c1f24304ff0e3c4a4dce7aa5d434d36be87be41834a49420,60.16531,24.9442,00000000fdda10fe,4.5
17966,2019-08-01T09:06:48Z,d6e217c6592e449e2390b1a874e08cbc9126116901dbdbf84501c6b8,60.17065,24.93641,000000000f4919c9,13.75
17967,2019-08-01T09:06:48Z,d74ea3c9e0aaa523c791aa01f4f9a7c1c43f01f585dc4146b19edf83,60.17919,24.95181,000000007b5207b6,4.94
17968,2019-08-01T09:06:48Z,d87c4d5dc2cd620de54fdd076d4f9b35245053d65b644d9e01f558b5,60.16762,24.95415,000000006b44cce7,6.46
17969,2019-08-01T09:06:48Z,d96f75e45e25f419ec5440ac7b974af6ecb23842b2dc149285d892d5,60.17002,24.94407,000000006b087f40,25.36
17970,2019-08-01T09:06:48Z,d983db67d9cd171123ba12eeb19c11f34a3ad1d75fc9214ac3ae8a26,60.17002,24.94407,000000006b087f40,17.4
17971,2019-08-01T09:06:48Z,da78c33b53b0b3a551adb83bc2953f20006ca37faff42dbdd687045c,60.17065,24.93641,000000000f4919c9,18.79
17972,2019-08-01T09:06:48Z,deb8a213e1b4930e676ee8fdb394161ec46adb785171fa37437b4d44,60.15133,24.92329,00000000e8a064a4,16.1
17973,2019-08-01T09:06:48Z,dfe80baf219bd267a459c954a8e3027b3f1ed29fea2a5355456d5652,60.16897,24.95222,00000000aa852af1,7.69
17974,2019-08-01T09:06:48Z,e09515dbe1e90af07cb756a83c222c60f5f0566f94590848e72f6401,60.16762,24.95415,000000006b44cce7,4.5
17975,2019-08-01T09:06:48Z,e0fe7fe5854899c0eb42b75b300339808143419404558ed4d00b0f17,60.17918,24.95141,00000000675d5200,8.38
17976,2019-08-01T09:06:48Z,e10ed9cf0a6ef9efe6352e59c3741f34cbad43ae3c772f0495246564,60.149,24.9843,00000000fffb8cf0,27.28
17977,2019-08-01T09:06:48Z,e234769b1ce1634554f5fa4a290d11b2a30c3dfd009d4c39a2e9dd3d,60.17065,24.93641,000000000f4919c9,11.7
17978,2019-08-01T09:06:48Z,e28f7f19e0b38def43dfc7679b1bbb29e7db0f57d31509b9202bf608,60.17919,24.95181,000000007b5207b6,10.78
17979,2019-08-01T09:06:48Z,e294dde431d68c7b73efcf1f9b916e40bf408111c79228032c7830a4,60.16544,24.95398,0000000038d83d41,21.87
17980,2019-08-01T09:06:48Z,e2bb0ae74deee6cbc4f50c5f85da3f1779ca1db1ae7ff48ab4b33dbc,60.17919,24.95181,000000007b5207b6,13.75
17981,2019-08-01T09:06:48Z,e2f445c6711e0e7d48a6a045bec347587f9f398e8928a171cfa2ca38,60.16762,24.95415,000000006b44cce7,7.05
17982,2019-08-01T09:06:48Z,e2f8b065913423b6cd370ba12adba60bad68b6ff2a97fbcb1d1614bf,60.16897,24.95222,00000000aa852af1,20.28
17983,2019-08-01T09:06:48Z,e3f844c56875bd572c3b57a835b884f1060b467d3bbd25c50dcc7e28,60.16762,24.95415,000000006b44cce7,13.75
17984,2019-08-01T09:06:48Z,e528235be3e5cc4945024d50d1ed43061e2e2f2845f2b41e081e1721,60.17919,24.95181,000000007b5207b6,14.89
17985,2019-08-01T09:06:48Z,e5cad8bb9a6c8dcc067948d7f869033aca5bdd062da175c8734092e6,60.17919,24.95181,000000007b5207b6,4.5
17986,2019-08-01T09:06:48Z,e60dfd6fdae0694da3bbaca41506bcb6ca5f3ac39a1801d84a65751e,60.16762,24.95415,000000006b44cce7,12.69
17987,2019-08-01T09:06:48Z,e73dcccbc4dd6af49316f19a34c347cc94ff7ab079a93a2672d78a16,60.14947,24.91438,000000004ef3150d,17.4
17988,2019-08-01T09:06:48Z,e8add7e8346b99cd4b67924113f3763441a1899897c6d1ac3a1a40a6,60.17919,24.95181,000000007b5207b6,10.78
17989,2019-08-01T09:06:48Z,e8ed8051f57ad9d9029a5e3b443c5e93e5059f8c487ba45e2583d35a,60.16829,24.94214,00000000afef4555,17.4
17990,2019-08-01T09:06:48Z,e979a153601f7520f54d4733fe91f75f154c8f1c08dc3408dbba5345,60.15432,24.9211,0000000019fb59c4,7.69
17991,2019-08-01T09:06:48Z,ea1b1a8ba1c01fdd1e098c585b133fc3d60f7c2458e7c2726e2df8ee,60.16629,24.95957,00000000fb7600be,21.87
17992,2019-08-01T09:06:48Z,ea3f8412ed9c4d92448688dd9cc7ff9e3eeb5fe4373d0953bf0349c1,60.16531,24.9442,00000000fdda10fe,13.75
17993,2019-08-01T09:06:48Z,ea94130fbb3464dc656765cfddbad802ddfafb1af8007cb5f42cd41f,60.16829,24.94214,00000000afef4555,11.7
17994,2019-08-01T09:06:48Z,eaf572301dc5c1eaff007bc1886cce8f0f5e92a233b8686ed2a1a9cc,60.17065,24.93641,000000000f4919c9,11.7
17995,2019-08-01T09:06:48Z,ec2dd83e04d225caca9f6b9d28bd3080ed37c5bf42e5f65123fa2394,60.17065,24.93641,000000000f4919c9,12.69
17996,2019-08-01T09:06:48Z,ec7121833f0e4b509d683b00a9c5e992e4b84882cb857145102e14f4,60.16531,24.9442,00000000fdda10fe,1.7
17997,2019-08-01T09:06:48Z,eedbd720e471fc3c0653bce4eb38b2f3225c8ee78a75d6b9c94a0f86,60.16629,24.95957,00000000fb7600be,27.28
17998,2019-08-01T09:06:48Z,eef621895ee74145a6d76c5f5493a93d7c728c80abe45a2e1933ae9f,60.16897,24.95222,00000000aa852af1,20.28
17999,2019-08-01T09:06:48Z,ef620c567fe4adc1160d75daa4075a87a75acb4a956b68eb60da0690,60.17065,24.93641,000000000f4919c9,25.36
18000,2019-08-01T09:06:48Z,efb0235d2d9cd06b8377959fc3e5e144c222db88b6578a8fa7a48475,60.16762,24.95415,000000006b44cce7,9.12
18001,2019-08-01T09:06:48Z,efc51406db4c66b8a573ec325afe8a9258a04a71b46ff3aae1cfa696,60.16762,24.95415,000000006b44cce7,12.69
18002,2019-08-01T09:06:48Z,f1447725764ec0dca245fc67f2aa0a0c42e6b05808076aa74f0c1e7e,60.17919,24.95181,000000007b5207b6,12.69
18003,2019-08-01T09:06:48Z,f18c0c32d067aecf5602d70693ac888cab1be6dbb0d154be5153dfcc,60.16829,24.94214,00000000afef4555,4.5
18004,2019-08-01T09:06:48Z,f1b28329fc91f4708ca34857c5582c0bf1b7d0ab06127746029cd72c,60.17919,24.95181,000000007b5207b6,7.05
18005,2019-08-01T09:06:48Z,f20935810c1567a80c288016c4d4dd32fe86b3479f47ae7dd64d15cc,60.15432,24.9211,0000000019fb59c4,3.74
18006,2019-08-01T09:06:48Z,f29ed00b645af4bbf50174e71f58a9b691d2e2342e59eda242d97380,60.16829,24.94214,00000000afef4555,20.28
18007,2019-08-01T09:06:48Z,f4131e8c526b295b32dc9448a2a43ec900e25e8914003a963782e36c,60.16829,24.94214,00000000afef4555,25.36
18008,2019-08-01T09:06:48Z,f4587b90aec9127805880f7c81fc03b9fb513fe363015399b895089f,60.16829,24.94214,00000000afef4555,9.12
18009,2019-08-01T09:06:48Z,f4bbc3077da0455d4340da2eed204915327b75a792080724548b4956,60.17919,24.95181,000000007b5207b6,20.28
18010,2019-08-01T09:06:48Z,f503a41d3e8b9b57628f4f061c1d8e0c53c62dd8a6fe38d212958ee6,60.16075,24.95883,00000000f1124bca,6.46
18011,2019-08-01T09:06:48Z,f50fd3b1715a94dff67461f4b8f252ecaa6acc16459b3d021f34f15e,60.1538,24.95595,0000000038bf9618,25.36
18012,2019-08-01T09:06:48Z,f587de6c8c03387c5e6a66cd7d20c45abad3668c8e2246611122547b,60.14947,24.91438,000000004ef3150d,11.7
18013,2019-08-01T09:06:48Z,f803aeb1f00a057ed31451d0f3d132f27fec17305dc699176ac5339a,60.16897,24.95222,00000000aa852af1,18.79
18014,2019-08-01T09:06:48Z,f9e527876f8dfe750fd29bc42664bbf572aed5d09d344a8934a83d90,60.17065,24.93641,000000000f4919c9,3.4
18015,2019-08-01T09:06:48Z,fa1a3814c680b20020a08346c37ee2853e895984574575312bf262e7,60.14947,24.91438,000000004ef3150d,14.89
18016,2019-08-01T09:06:48Z,fa9f19c58a086fde9429d732b1eec80eacf5fc1b2c0124d17243d008,60.17919,24.95181,000000007b5207b6,11.7
18017,2019-08-01T09:06:48Z,fb2df85c8938d6a1bbd1ff0a1cd8aa23480ae08dc39d2b584ed35e14,60.16762,24.95415,000000006b44cce7,5.91
18018,2019-08-01T09:06:48Z,fba6e66dd09200012637e0b454c96fd7a5459b7e8b0ba01863cdbd77,60.16762,24.95415,000000006b44cce7,2.3
18019,2019-08-01T09:06:48Z,fe191b6937595e5cf2ac1491e9056f0f9fb5bf66c0cb900df00b4c64,60.16829,24.94214,00000000afef4555,4.5
18020,2019-08-01T09:06:48Z,fe88879502b9755093db192b4ea06a7b5b568f7e8b92970727636c68,60.16762,24.95415,000000006b44cce7,18.79
18021,2019-08-01T09:06:48Z,fea1453360073dfc1896bf1f005f51addb49661f953e16cffba3c63d,60.16531,24.9442,00000000fdda10fe,9.12
18022,2019-08-01T09:06:49Z,0fff89885f08417f20aadfdbf62a372277e9085bcd024374b772ecac,60.16531,24.9442,00000000fdda10fe,21.87
18023,2019-08-01T09:06:49Z,1414f663d2473f4a645b134b21c47ae893fd81bf5726e00dcb023866,60.14951,24.92138,0000000006dd41f6,27.28
18024,2019-08-01T09:06:49Z,144afc51fc2443c7031a2912566eff2ce60226a49d6d2bd7c2923700,60.16544,24.95398,0000000038d83d41,23.56
18025,2019-08-01T09:06:49Z,15918569de0a46a8eb56b43d8d39f7fc82619ff1006f00822c85745c,60.17918,24.95141,00000000675d5200,2.3
18026,2019-08-01T09:06:49Z,1951291ca064d0fb480d958037c1477427d2ca8db455fef0b741bf9f,60.16448,24.97323,0000000053c6c2be,27.28
18027,2019-08-01T09:06:49Z,1f0f0628cdc688d76bde2b82bee5b9b4916bf0bbdfe76cf3213e1c65,60.15432,24.9211,0000000019fb59c4,17.4
18028,2019-08-01T09:06:49Z,1fdda4c2884e3254418c088e71dea3d2c474714fdba7d0d12c487ce5,60.16829,24.94214,00000000afef4555,14.89
18029,2019-08-01T09:06:49Z,2359f881a4fe8163beed82355aabbba0b00b99f1e4a2a4ccd7186bc4,60.16897,24.95222,00000000aa852af1,16.1
18030,2019-08-01T09:06:49Z,2a93b61a3863ace54349d7a0937e4134fcc6d4dfcf064eefae2b7cf8,60.15432,24.9211,0000000019fb59c4,23.56
18031,2019-08-01T09:06:49Z,43b676ed3aef4c2d8846694817e76117873be52e7f788e0cb366c1c4,60.16629,24.95957,00000000fb7600be,23.56
18032,2019-08-01T09:06:49Z,5d65719c4cbf045f068d084b72302f447d5fd034413d97d13be00d0e,60.18203,24.91341,00000000342570c2,21.87
18033,2019-08-01T09:06:49Z,5eed115a984d490b02b602d73787aee8dc8c4e9365b77fbff3818a76,60.16629,24.95957,00000000fb7600be,27.28
18034,2019-08-01T09:06:49Z,6a657079c1bdc8114c289be1ddd83e5846d4279a920d1697b8ff0033,60.18203,24.91341,00000000342570c2,23.56
18035,2019-08-01T09:06:49Z,6d22b751ff5173035dc85c52c3dff0780126adae67fe33dc62dd45ef,60.16531,24.9442,00000000fdda10fe,18.79
18036,2019-08-01T09:06:49Z,76c7f42283513d0e289bf786d89463b5025b2ae0f4e13519a4cf228b,60.15432,24.9211,0000000019fb59c4,18.79
18037,2019-08-01T09:06:49Z,78d5f60b36b59c06c3988b94e11744bb3aed5dcbc214f91f228bf892,60.16448,24.97323,0000000053c6c2be,18.79
18038,2019-08-01T09:06:49Z,7ea143c7b689f7c20c38e261a438c20bc2fabab41f1548561d65a3a5,60.16531,24.9442,00000000fdda10fe,29.32
18039,2019-08-01T09:06:49Z,84fdfd8881f633c5f0c71c1480053953ca4b05e848052d97c063ad38,60.1538,24.95595,0000000038bf9618,21.87
18040,2019-08-01T09:06:49Z,87dfaad29a9276ddddb1fa021d3bc23ad14824c1af16f7d87e713689,60.14951,24.92138,0000000006dd41f6,9.12
18041,2019-08-01T09:06:49Z,8cc6ddaa460aeae8cc9e8a33f91a01c8cd4c0c8bf8a943210a28c84d,60.1538,24.95595,0000000038bf9618,14.89
18042,2019-08-01T09:06:49Z,8ffeb52bff155eab19ca329d16be495cd44a08aa7f79b94db079caf9,60.15432,24.9211,0000000019fb59c4,23.56
18043,2019-08-01T09:06:49Z,9500bab795f51bdd64c3f0f2cd00ad5aa6d9b93195c29484e6e5f92a,60.16762,24.95415,000000006b44cce7,20.28
18044,2019-08-01T09:06:49Z,9843c6216661048343a0e49cf3d8aa2883cf77f452666a1c873a1052,60.16448,24.97323,0000000053c6c2be,8.38
18045,2019-08-01T09:06:49Z,9d03d14afa49576281aa26db60e517f7c1ec8aa36f7756959a860a8a,60.16629,24.95957,00000000fb7600be,13.75
18046,2019-08-01T09:06:49Z,a14995de8d7238548ad864b3af34ee5e2003a3e4df9d516744be66a9,60.16544,24.95398,0000000038d83d41,29.32
18047,2019-08-01T09:06:49Z,a5302e72a58b038ac7633e65863bac48d8153d8837533ac7b5409f37,60.16629,24.95957,00000000fb7600be,13.75
18048,2019-08-01T09:06:49Z,a9da1ee82e3b670e276c26b483dd50f4a6d0c6f77ef82245d3ae6086,60.18203,24.91341,00000000342570c2,14.89
18049,2019-08-01T09:06:49Z,ab0f67c0c0e1ba5eac9013f9c314feadf340ddf08543b91e70483594,60.16544,24.95398,0000000038d83d41,33.81
18050,2019-08-01T09:06:49Z,b4faf2d3c4d2b199afeab6ab63b583fe3a2e81e14abbef6917f25129,60.15432,24.9211,0000000019fb59c4,23.56
18051,2019-08-01T09:06:49Z,b5026d7cf52e7ab96df2ba76a516d819fb11765e520b765d373d186b,60.16448,24.97323,0000000053c6c2be,20.28
18052,2019-08-01T09:06:49Z,ba42c72ea7c2663b3ea5044faf12173ab18e523dc35de0e24bf374ac,60.16544,24.95398,0000000038d83d41,20.28
18053,2019-08-01T09:06:49Z,c40c37def6bf11a63a2556519a7c6233fd417cdeea2cf14f28e7c42c,60.16531,24.9442,00000000fdda10fe,29.32
18054,2019-08-01T09:06:49Z,cb65d9149ed0c4b936fa3dd930cf98d16ea7610207135a6f1689be01,60.18203,24.91341,00000000342570c2,25.36
18055,2019-08-01T09:06:49Z,cf05623e4d87ce0906c0b0b7dbf53aacc1228016cd27c341228b6e76,60.18203,24.91341,00000000342570c2,20.28
18056,2019-08-01T09:06:49Z,d127ead865385b64ae537a703a26be15fae4b5332ce0fbf03d5e0c23,60.1538,24.95595,0000000038bf9618,41.64
18057,2019-08-01T09:06:49Z,d178749a24c32676d0da0f51ae6ff63c456499d4b1814af8fa75ca9e,60.16448,24.97323,0000000053c6c2be,4.11
18058,2019-08-01T09:06:49Z,dd2c9c82cf3737146294aff6f814a1349fb0bc4bedf518715dacbe8f,60.18203,24.91341,00000000342570c2,13.75
18059,2019-08-01T09:06:49Z,ebd5792818b1818f5d1ea2cd8ef5e4b500cfc7a7fbb7be7907ce2d0c,60.16762,24.95415,000000006b44cce7,18.79
18060,2019-08-01T09:06:49Z,ec72ef080c605e71978aed0d3b5f22c3c3133677a43c614b72eedc6d,60.14699,24.922,00000000a53ed894,25.36
18061,2019-08-01T09:06:49Z,f22981c21af00fc334b3d8bdd523e23a50384666e97815f0ec1dc0ac,60.16897,24.95222,00000000aa852af1,12.69
18062,2019-08-01T09:06:49Z,f7e45613ad966fea53fab73b435ba3a087c774e36596b3a5156a3487,60.16829,24.94214,00000000afef4555,1.54
18063,2019-08-01T09:06:49Z,f83d4b6b8ffbf8a674d212e32100b2360b80261b4e9207d77c0b0ed3,60.17918,24.95141,00000000675d5200,3.09
18064,2019-08-01T09:06:49Z,fc4f3a44235f1cfc7b53f14ba2da599976a5a0a220d23b852688e485,60.17919,24.95181,000000007b5207b6,23.56
18065,2019-08-01T09:06:49Z,00787dad708490660b0b836fa415681cc57046fa521c0c0aaea14a9e,60.16762,24.95415,000000006b44cce7,9.12
18066,2019-08-01T09:06:49Z,011372b726688a0c953368b50bc5a1cb0212c17dbecc587d9f9d75ce,60.16629,24.95957,00000000fb7600be,9.12
18067,2019-08-01T09:06:49Z,02050a536056486b1bf139282f0d0a3af63def1d56ff0c73ac51bb19,60.14947,24.91438,000000004ef3150d,12.69
18068,2019-08-01T09:06:49Z,023083c44c772667f1727e01c74518889b2a82d78ceb28c08b6f8a20,60.16531,24.9442,00000000fdda10fe,17.4
18069,2019-08-01T09:06:49Z,026f61905925674212a1c7d1e14b2ee5d1039bb4ecb5159f7d522150,60.16762,24.95415,000000006b44cce7,4.94
18070,2019-08-01T09:06:49Z,0362cc670dcfab795a3911957b6a177416bf9b99d0e2732716796c4d,60.15432,24.9211,0000000019fb59c4,23.56
18071,2019-08-01T09:06:49Z,03f427d436ba092925de462b11374bdbdab0443620037675621fbc11,60.17918,24.95141,00000000675d5200,21.87
18072,2019-08-01T09:06:49Z,0849a091b1aabe9b614b6b5c54dffd083dbb4473ca90dc972e4d37de,60.16829,24.94214,00000000afef4555,9.92
18073,2019-08-01T09:06:49Z,08f9fd60f852d3502bfa509c955e9963e73954f961d55ba8cd46cae9,60.16629,24.95957,00000000fb7600be,13.75
18074,2019-08-01T09:06:49Z,0951ec0c700dba7330b8e8181fc852becde054d0dc7474d1488db3cd,60.17065,24.93641,000000000f4919c9,33.81
18075,2019-08-01T09:06:49Z,0a2bac0ea204a448436e02ba19830fea1ec2c88eb2e5d7abe5c09f78,60.17065,24.93641,000000000f4919c9,18.79
18076,2019-08-01T09:06:49Z,0c1684b697a63d7f47ebaedcfa060b3b4af294fec1e62d613699291a,60.16897,24.95222,00000000aa852af1,11.7
18077,2019-08-01T09:06:49Z,0d36588b0274c7fc1c33ed938ed6883bd98d7e2d5a66328940df8a94,60.14947,24.91438,000000004ef3150d,14.89
18078,2019-08-01T09:06:49Z,0f8637c1e98f21a79714a4d84d3453ac1b96b2bf4ef2361119067e39,60.16629,24.95957,00000000fb7600be,17.4
18079,2019-08-01T09:06:49Z,0feb7de3b58597dd266ed606e8d3b6e2e4e0be942b17c15be984f51c,60.14951,24.92138,0000000006dd41f6,18.79
18080,2019-08-01T09:06:49Z,1069967e3921871955b1b2b42e60f829c593a3e024401bfe61ae410e,60.16629,24.95957,00000000fb7600be,20.28
18081,2019-08-01T09:06:49Z,10d0fed0f7d40b253b5fc5a53297dc9af8bb76fa6f34d5e71383cb62,60.17918,24.95141,00000000675d5200,29.32
18082,2019-08-01T09:06:49Z,1134a082e36fe03359bac74c814a0ed20468c45230115d4e25aa230d,60.16829,24.94214,00000000afef4555,13.75
18083,2019-08-01T09:06:49Z,11402877d08ee84d016ef8e86d3033bf6da0948f6e6bd2defce32338,60.16762,24.95415,000000006b44cce7,17.4
18084,2019-08-01T09:06:49Z,1190156a73bf59a847cf2ffe8e6c4216b8658b3898324d94a582c787,60.16762,24.95415,000000006b44cce7,20.28
18085,2019-08-01T09:06:49Z,1271bcd33c0056265a5bdf6df4092a3c9e2209abee80570cb172031b,60.16897,24.95222,00000000aa852af1,21.87
18086,2019-08-01T09:06:49Z,12b9b313e577dbbb9619247e0a5ded14c2b56bede5b421cac44f9597,60.16448,24.97323,0000000053c6c2be,31.5
18087,2019-08-01T09:06:49Z,13a759fd293cbde0d55db753d853768b718e59036c4007d2e3a8757a,60.16762,24.95415,000000006b44cce7,9.92
18088,2019-08-01T09:06:49Z,141a580597619f20b14d71a17562763921dafbb27c8aaaa8700fd522,60.16829,24.94214,00000000afef4555,16.1
18089,2019-08-01T09:06:49Z,1564db6ab71666bfe0865d19fd134f7018f49bc12ff1969853697784,60.16531,24.9442,00000000fdda10fe,23.56
18090,2019-08-01T09:06:49Z,15a3cdd20e3ce88c179a07d78a2d5fdda854b0fef8441d8cb3aebde8,60.17065,24.93641,000000000f4919c9,20.28
18091,2019-08-01T09:06:49Z,164d8280dbb888033f64368dd641bcef597fc327148fcf74374894c5,60.16544,24.95398,0000000038d83d41,12.69
18092,2019-08-01T09:06:49Z,167a52adcdc4d9a7f697ffc5e058fcb79a22a32ba0b8ed45a36311f2,60.17002,24.94407,000000006b087f40,18.79
18093,2019-08-01T09:06:49Z,16e18d478be872d2a9801fa885d08edeb3f5ae1840b38478f9baf535,60.17919,24.95181,000000007b5207b6,20.28
18094,2019-08-01T09:06:49Z,190cdde22bc3e3a41cd0f9da7efb3a917bc09e8034b05ca6064ea8a8,60.17918,24.95141,00000000675d5200,14.89
18095,2019-08-01T09:06:49Z,1b68a6bcf7b740e0c437e0976d4900f31368afcb2c757bba30e0a249,60.16829,24.94214,00000000afef4555,14.89
18096,2019-08-01T09:06:49Z,1cfafdaa3ff1975bcf6f699641431e88775ba2183074d825eeb81dd3,60.149,24.9843,00000000fffb8cf0,18.79
18097,2019-08-01T09:06:49Z,1d70ff49909e1d6fb653ae053aa78084daf385dbbd2ad22b05707309,60.16829,24.94214,00000000afef4555,8.38
18098,2019-08-01T09:06:49Z,1dacfb371d75dd4f90f447aac2a00faad98beb4188a6971c19eb2375,60.16629,24.95957,00000000fb7600be,20.28
18099,2019-08-01T09:06:49Z,1dbecade1f3540eb44c3d86cb1ffc73d5bf422ea0cf76927c2d5cd74,60.16829,24.94214,00000000afef4555,21.87
18100,2019-08-01T09:06:49Z,1dcff36b6f83b08b6ea87c1c1018c542c270299839908ca446dffb39,60.16762,24.95415,000000006b44cce7,11.7
18101,2019-08-01T09:06:49Z,1e3044c19f6913531b6dd4bccb88ad02c1b39192513ccffa05444edb,60.1538,24.95595,0000000038bf9618,25.36
18102,2019-08-01T09:06:49Z,1e3af5697f0a2ae45f261da79e4ba71c868dc4d78008bd1995fe6259,60.16448,24.97323,0000000053c6c2be,13.75
18103,2019-08-01T09:06:49Z,1eadb2c1984aa73c3c2f13eab0a2e793331443c617681e36887f0bcc,60.16629,24.95957,00000000fb7600be,21.87
18104,2019-08-01T09:06:49Z,1eb71232cacfabc37966931f8112e59acabc361048ad25dc2468949f,60.16762,24.95415,000000006b44cce7,9.92
18105,2019-08-01T09:06:49Z,1ecbc7c6afe89033252e5510cbb893666af2b3bc29f555a3a6287fdb,60.14951,24.92138,0000000006dd41f6,5.41
18106,2019-08-01T09:06:49Z,1f813dc10021899138c12ca17c58ab3dc24db1750dcb1790f9c20e8f,60.15133,24.92329,00000000e8a064a4,14.89
18107,2019-08-01T09:06:49Z,20b37aa6c3ad0dfea9c182498905a450537b0efbbd8563b205e93afd,60.16897,24.95222,00000000aa852af1,17.4
18108,2019-08-01T09:06:49Z,227fd98ceb97d84d0c2c3af35c32cee7a87aea62d71b1a5353ae3588,60.17065,24.93641,000000000f4919c9,33.81
18109,2019-08-01T09:06:49Z,2283762fe3af8329ae65aec44de728da8f383810e9f2a3d3b84fa031,60.16897,24.95222,00000000aa852af1,18.79
18110,2019-08-01T09:06:49Z,25479245e5a8b0fe47e2bd590cdd63256d84afd6c164781dc64e527d,60.149,24.9843,00000000fffb8cf0,16.1
18111,2019-08-01T09:06:49Z,25b9831027362a4bb97d3fb0df5131dd508ffa7c5f6950d8e7c36ff1,60.17002,24.94407,000000006b087f40,25.36
18112,2019-08-01T09:06:49Z,277fcf3cc917a89b46a34e0cf5164a78f5bcc88d92bb45ded60f1a91,60.17065,24.93641,000000000f4919c9,10.78
18113,2019-08-01T09:06:49Z,27b591b33a56a542440b53031a24f42290b0ec1a194af27700b75a3a,60.17918,24.95141,00000000675d5200,9.92
18114,2019-08-01T09:06:49Z,2851f1c6f7f1a08c1f0a282a34a8f383121075c15cf18ea40d134972,60.16531,24.9442,00000000fdda10fe,20.28
18115,2019-08-01T09:06:49Z,28ce50ca84cdcd4c17a36ac666e7ac0267b6ab5b77f4bfb08b2573a1,60.16762,24.95415,000000006b44cce7,2.54
18116,2019-08-01T09:06:49Z,28d50861d92f962c7a49eabaa524431aebf52870e44b79f77d7167c6,60.17919,24.95181,000000007b5207b6,7.69
18117,2019-08-01T09:06:49Z,2949e68aa577c4837fb826dbf743795ddc51d679e4cdca8ee32e331d,60.16762,24.95415,000000006b44cce7,16.1
18118,2019-08-01T09:06:49Z,29ae3c5c3aeac0c607bc816f7e74c232a40142b79a52c43c7b1ed42f,60.16829,24.94214,00000000afef4555,4.94
18119,2019-08-01T09:06:49Z,2c184c9cc9c9a744c6959766a13f23462ffce29c252d073a252b6a7a,60.16762,24.95415,000000006b44cce7,13.75
18120,2019-08-01T09:06:49Z,2c6810efb2565383ca0a554f3c51f3f7905484357f5e00756dbf091a,60.17918,24.95141,00000000675d5200,3.74
18121,2019-08-01T09:06:49Z,2c6f6440161f9061a850e8db96383d5eb111f0d1d8f0b666b7c49f22,60.16897,24.95222,00000000aa852af1,12.69
18122,2019-08-01T09:06:49Z,2ea9a23b1a04016fb4810d1ceb5731d90774224fd9235877005a4e1c,60.16897,24.95222,00000000aa852af1,25.36
18123,2019-08-01T09:06:49Z,2f43b7a683b0d365a46b6259a032813c293472eaedcdbcc3507adee5,60.17918,24.95141,00000000675d5200,3.4
18124,2019-08-01T09:06:49Z,2f5bd339f1aa466a7eab54348ecb6614ab41fd76d300d0defda67505,60.1538,24.95595,0000000038bf9618,14.89
18125,2019-08-01T09:06:49Z,2f82b3546af2df53b58cddc668c9aa196554108cdf39120ea40b417c,60.16629,24.95957,00000000fb7600be,1.88
18126,2019-08-01T09:06:49Z,2fb39eae730ec6f291700f841a64aaf680d52a8346399aec6ccb1dbb,60.17065,24.93641,000000000f4919c9,7.05
18127,2019-08-01T09:06:49Z,2ff189e5846383641192cafb595a7a8f77394239ee03aabd1bf3c49f,60.16829,24.94214,00000000afef4555,5.41
18128,2019-08-01T09:06:49Z,31b02b3b271f6feef9e49d9285929ff1c25a11e608fc5d70bc6a1fac,60.16897,24.95222,00000000aa852af1,16.1
18129,2019-08-01T09:06:49Z,32fcb1ab3a9fde533916ca28a0d5b56bbb45fd171dd5bae91f66ec6c,60.16897,24.95222,00000000aa852af1,18.79
18130,2019-08-01T09:06:49Z,33fa4cb82db5b44ffe6e7ae1039635187f90d1df328f8f139da0c693,60.17918,24.95141,00000000675d5200,2.54
18131,2019-08-01T09:06:49Z,3480c16a6649952c388d8902596e332f018e609b9585f483353ae026,60.17065,24.93641,000000000f4919c9,3.74
18132,2019-08-01T09:06:49Z,34aa4c3c2f71b736426f6819c09b12c961bc996110fe1fa7c9772c5d,60.15432,24.9211,0000000019fb59c4,10.78
18133,2019-08-01T09:06:49Z,34cdc3630624c211194acb463285c3b512788b2045daf479b9ba3bfd,60.16829,24.94214,00000000afef4555,23.56
18134,2019-08-01T09:06:49Z,34e96c7caa63e7ede8f428b18e8fb556ac235d61a50c9d6ac7ff268f,60.17919,24.95181,000000007b5207b6,4.94
18135,2019-08-01T09:06:49Z,367b1989198ef11170dd9fcfa7e6ebb5ceb58aab87c613ee1bb86e8c,60.16531,24.9442,00000000fdda10fe,9.12
18136,2019-08-01T09:06:49Z,3685ee6d322dcb2ad0ae181f66c3c5427d4531d7896d2f5f7571bb6d,60.16762,24.95415,000000006b44cce7,9.92
18137,2019-08-01T09:06:49Z,36ad599941ef5f8fe261bf8d0942a32c22483b301e53661bf17c9866,60.16829,24.94214,00000000afef4555,36.27
18138,2019-08-01T09:06:49Z,370e50e1f77aeb2782c892f70147b6a5749ecd7e9ee41036f693ba0a,60.16762,24.95415,000000006b44cce7,12.69
18139,2019-08-01T09:06:49Z,37befabde4d3a895e687d5a1f0a1b95375deace29e18ed50bddd71f5,60.16829,24.94214,00000000afef4555,27.28
18140,2019-08-01T09:06:49Z,38190c2dce75fa123a6f809785373b382763836876c926c5a78c1939,60.16544,24.95398,0000000038d83d41,23.56
18141,2019-08-01T09:06:49Z,38fb20c6d55b10dd10a39c0fb41ad61297453e25afda81cf32313ae3,60.16531,24.9442,00000000fdda10fe,18.79
18142,2019-08-01T09:06:49Z,39126ffb278f49e06180cc6abe5b31ab3acdce1534b5b6ffa0b6e567,60.18203,24.91341,00000000342570c2,25.36
18143,2019-08-01T09:06:49Z,39c6456ee66fe96eee3d97cee2a70923cedb3da760bb5d4d413adb9c,60.17919,24.95181,000000007b5207b6,14.89
18144,2019-08-01T09:06:49Z,39e9fa7033887b7ab339887aa68753ff94d4771cda2bb8ff4ea7aa0a,60.17918,24.95141,00000000675d5200,12.69
18145,2019-08-01T09:06:49Z,3a1afdcf7c2e5a52cdbcbbe29e8281c184037e8720920c6c75bee339,60.15133,24.92329,00000000e8a064a4,9.12
18146,2019-08-01T09:06:49Z,3a253f272d2781dc2001addfbddcac5f3dbf18610988531707b80b60,60.16829,24.94214,00000000afef4555,9.12
18147,2019-08-01T09:06:49Z,3a2f1a2c6c645bd161943b3f19c171d021512d7a8c4273ed3022f5df,60.16829,24.94214,00000000afef4555,13.75
18148,2019-08-01T09:06:49Z,3a38ba36c098f2741d6c5fb5a751fcd074d05d698ac592ca09ab443c,60.16448,24.97323,0000000053c6c2be,20.28
18149,2019-08-01T09:06:49Z,3a7b4023cee4b0d567a123a3d6aff0bc8f94663522bbdf0ea4306607,60.149,24.9843,00000000fffb8cf0,18.79
18150,2019-08-01T09:06:49Z,3a97ae4dcab31eb5e15e5d036d286e9764e25bcf0ad8afcfba854c90,60.16762,24.95415,000000006b44cce7,11.7
18151,2019-08-01T09:06:49Z,3b72559f8671f9bc77441302cc7d3167d5e13c8c4fb0a19edf83bed1,60.16629,24.95957,00000000fb7600be,23.56
18152,2019-08-01T09:06:49Z,3be40c84926a525adbd09eeeb3a12b73b24c633942b2e1fbe8151ac3,60.16448,24.97323,0000000053c6c2be,17.4
18153,2019-08-01T09:06:49Z,3c036825d813d9d5a26c9215a7ff281310a8ba69609f8067f117a116,60.16762,24.95415,000000006b44cce7,14.89
18154,2019-08-01T09:06:49Z,3cc82d532d2a768e0c987e2653e32825a8b11fc2f7ba36388535f6e2,60.16075,24.95883,00000000f1124bca,33.81
18155,2019-08-01T09:06:49Z,3eea43670f4f29a90ced59c1af122371340275fb61ff8f14c7120658,60.16762,24.95415,000000006b44cce7,8.38
18156,2019-08-01T09:06:49Z,40825cb0d315c92e0e0a73cc8e86c3b763bbf7ce226f112913e05e0f,60.17065,24.93641,000000000f4919c9,27.28
18157,2019-08-01T09:06:49Z,41f455676c61a2d8e1658c60afd7984613a3bc84daac78079c0d8b0c,60.16829,24.94214,00000000afef4555,9.92
18158,2019-08-01T09:06:49Z,42844e90c7134ebb3ec325f57cd27cd24711c779548ebc8692a820d5,60.14951,24.92138,0000000006dd41f6,3.74
18159,2019-08-01T09:06:49Z,4393fccdbc9fb22fab14f03ea52183ad558bcd436202e69f56a7b77a,60.16762,24.95415,000000006b44cce7,13.75
18160,2019-08-01T09:06:49Z,43e023a8726ec4c53a8cea6dcaa79e722da4677e37f3f6c9d3cc9873,60.16544,24.95398,0000000038d83d41,23.56
18161,2019-08-01T09:06:49Z,44334c68f3991fe858ac066726e0a884236a5d89fe94d917b48e857c,60.16829,24.94214,00000000afef4555,16.1
18162,2019-08-01T09:06:49Z,4470412c4b059a920f2699fbfb72b261e0847b3e1caa8c71d2edd5a2,60.16448,24.97323,0000000053c6c2be,29.32
18163,2019-08-01T09:06:49Z,4642dfa1df839f11e64f68bca4e3dce7bde2ff6dd68c54959fcb4788,60.17918,24.95141,00000000675d5200,4.94
18164,2019-08-01T09:06:49Z,4682d95464cedcc021f38271a51bab9c000762b4acf802070e259ba2,60.16629,24.95957,00000000fb7600be,9.12
18165,2019-08-01T09:06:49Z,46c37bb9313fa511d142a461fb0eedda90bf18eb9016d20db109f6a4,60.16829,24.94214,00000000afef4555,14.89
18166,2019-08-01T09:06:49Z,478830e26b1b9314c3f35b4ca62aba9828872733abbc7f32b78daac3,60.16531,24.9442,00000000fdda10fe,29.32
18167,2019-08-01T09:06:49Z,47bd1492244c444d45674eb48dd2e6f222cb109d820ba807c4e18c1a,60.16629,24.95957,00000000fb7600be,16.1
18168,2019-08-01T09:06:49Z,48004849b2f48b2314aa9175433d754db1641b949bb8cf050e2dd128,60.17918,24.95141,00000000675d5200,4.94
18169,2019-08-01T09:06:49Z,49bbad87e4d6cd03bdb073bde7be91193d74d29943badce7fc536916,60.16448,24.97323,0000000053c6c2be,8.38
18170,2019-08-01T09:06:49Z,49df780a7f20a99ad2810fa4bbb46b5fac9bc5cbe3fc800cd572f63a,60.14947,24.91438,000000004ef3150d,16.1
18171,2019-08-01T09:06:49Z,4adf9bed4c6391fd34fc9611c3ff6977a984d62d20c49b647cf1d4d3,60.17002,24.94407,000000006b087f40,25.36
18172,2019-08-01T09:06:49Z,4afcc27c652d3d50a44d060f84e33dd4b17529d982928dae936cf10f,60.16448,24.97323,0000000053c6c2be,27.28
18173,2019-08-01T09:06:49Z,4ba529eeafb27285cbbade6e5ece0d4d04bd2d13c98b27a5d17abd22,60.16897,24.95222,00000000aa852af1,4.94
18174,2019-08-01T09:06:49Z,4c8696833edf46025bc9b5f589679b77a73c857736036aa9ef6696e5,60.17002,24.94407,000000006b087f40,17.4
18175,2019-08-01T09:06:49Z,4e5e16adfd317b7f9617f681099821bae42d6f0dca51dfd0957c65b4,60.16762,24.95415,000000006b44cce7,14.89
18176,2019-08-01T09:06:49Z,4f014b8e8ae9762c62d43d6e283cc003675980c0519bf122c51d1a21,60.16762,24.95415,000000006b44cce7,11.7
18177,2019-08-01T09:06:49Z,4f9125edf503fe3cb0ba1e1221fe6a67aafd99fcd89fd92d2bf20e97,60.16897,24.95222,00000000aa852af1,17.4
18178,2019-08-01T09:06:49Z,4fb4a3650a2a28469dde9c537458d24411aa6075666e047dd756fba9,60.17918,24.95141,00000000675d5200,16.1
18179,2019-08-01T09:06:49Z,5001aabb6808b9fd96b705d1ebe8e7aca52713c2640100d81879dd86,60.17918,24.95141,00000000675d5200,4.94
18180,2019-08-01T09:06:49Z,518381021c83c138e4a82160bc6cc947b3866647e3c5d6818bdd63bb,60.17002,24.94407,000000006b087f40,13.75
18181,2019-08-01T09:06:49Z,52d04561c07e0aab4f89e343cff0691d714ec5284ffb9a71954c93d8,60.16762,24.95415,000000006b44cce7,9.12
18182,2019-08-01T09:06:49Z,52dafb8d2f758077fde6a37220aa103d803e9c58d64ac234a45708ee,60.16531,24.9442,00000000fdda10fe,23.56
18183,2019-08-01T09:06:49Z,5372348389197e6c4bc4c5e3dab047e7384d562220e6295904bbda1b,60.17065,24.93641,000000000f4919c9,2.3
18184,2019-08-01T09:06:49Z,54bd709173219e8017f317b63ecc83d0a48f64542e6fa1b83c86a56c,60.17918,24.95141,00000000675d5200,9.12
18185,2019-08-01T09:06:49Z,54d1f01f8b0ce9614205273f1ec21d8786626ce9a1939467bfb2985e,60.17918,24.95141,00000000675d5200,16.1
18186,2019-08-01T09:06:49Z,556cae6b2e2dec6fe691a835e8e08bd016b1a65797c0aca46879329f,60.17919,24.95181,000000007b5207b6,9.92
18187,2019-08-01T09:06:49Z,559429bba23762a872fc7b1e2219d42125ab101e4355d43fdb94ed7b,60.17918,24.95141,00000000675d5200,7.69
18188,2019-08-01T09:06:49Z,559e6a5225ce35ab844c63ea0d0c1695dc490a3d9cfbafa5d35ac8d8,60.14947,24.91438,000000004ef3150d,16.1
18189,2019-08-01T09:06:49Z,5830a481876da00686f25b17dad06258a39212c0816ed04dda2df1bd,60.16531,24.9442,00000000fdda10fe,27.28
18190,2019-08-01T09:06:49Z,5865a27b5b56a60bca38e4a1403655e3e7fd0232a3ff2079965aff81,60.15432,24.9211,0000000019fb59c4,8.38
18191,2019-08-01T09:06:49Z,58754229cd3381042c5ffda79c0108c5f77aa1f0f6d1468b9cb42b4c,60.16829,24.94214,00000000afef4555,17.4
18192,2019-08-01T09:06:49Z,5978726eeef638856dafd3a8d199287f8daf9e90ddde750b402f8bb0,60.17065,24.93641,000000000f4919c9,0.41
18193,2019-08-01T09:06:49Z,5a34b02faac3189217466888ef1d31cc80f721ac2f18638c5db88d53,60.14947,24.91438,000000004ef3150d,12.69
18194,2019-08-01T09:06:49Z,5a857d46d2710076dd9ff377dc9ae0c17e4db2a46db79f1e8d158cfa,60.16829,24.94214,00000000afef4555,23.56
18195,2019-08-01T09:06:49Z,5a8d671a78b976d212d9746d88b9a754a2d9c8341c529e88b7c6b8f4,60.17065,24.93641,000000000f4919c9,21.87
18196,2019-08-01T09:06:49Z,5b06617477af6dcee75a94ac347364b50f6f3b5b7d747e5413d9ad58,60.14947,24.91438,000000004ef3150d,11.7
18197,2019-08-01T09:06:49Z,5c1f71098d5d7258d2971061c791c94e0138c8e02225c5f60d6a0428,60.149,24.9843,00000000fffb8cf0,21.87
18198,2019-08-01T09:06:49Z,5daa76852f3e1be6c75fa2185d5787ab9010cf83d6671515769a8649,60.16531,24.9442,00000000fdda10fe,20.28
18199,2019-08-01T09:06:49Z,5e2c5c20c88ccf362ed8749d1ddc041b1cb1c38d8dbeac7870179322,60.16629,24.95957,00000000fb7600be,14.89
18200,2019-08-01T09:06:49Z,6051ed50496b74a6ff68c86205d23971fcaccd6c91edfe7d78fa71b0,60.16897,24.95222,00000000aa852af1,18.79
18201,2019-08-01T09:06:49Z,6072bfb496e2b8a999c9edbda5b76fbc0e783ff2a439c4e6c881fabf,60.16829,24.94214,00000000afef4555,16.1
18202,2019-08-01T09:06:49Z,619c5b31af2a28703a837cc7974ef0d2c5bb6584ba0fcc03076218ac,60.17002,24.94407,000000006b087f40,23.56
18203,2019-08-01T09:06:49Z,626bf35ce16dba1054cfd175d09475d3ee751bf70e56f984ff5c7ab6,60.15133,24.92329,00000000e8a064a4,18.79
18204,2019-08-01T09:06:49Z,63ff2439779051005c18876d20ed53ce060c1de9d7976821bd518fc6,60.15432,24.9211,0000000019fb59c4,10.78
18205,2019-08-01T09:06:49Z,6470ee836399c5610581ec9de09772d350282ecc4c5c57fa02a5ec68,60.16075,24.95883,00000000f1124bca,27.28
18206,2019-08-01T09:06:49Z,65b6b62b547e11e10f7f83ad497446bee2bb9653097d9d62e9b1b817,60.17065,24.93641,000000000f4919c9,5.41
18207,2019-08-01T09:06:49Z,674355e17da9460e58566497be518f2eb537880c67c788fedb5067db,60.16629,24.95957,00000000fb7600be,10.78
18208,2019-08-01T09:06:49Z,67cf7d2881080aa59ed36a6d88ea1946d17e9d1d5e1ad9eee1851969,60.18203,24.91341,00000000342570c2,16.1
18209,2019-08-01T09:06:49Z,684e7a868866e631c134ab5bd21b6ba738f6ebc6d5b5c169e366c6ee,60.16897,24.95222,00000000aa852af1,7.05
18210,2019-08-01T09:06:49Z,685af6b01bd180194d718801bb8b9c9de22050cc392d6c6441fe986b,60.18203,24.91341,00000000342570c2,7.69
18211,2019-08-01T09:06:49Z,69e2854c78a472b462941ef730aa9fa7a9dba9c1cc22996396d4c78a,60.17918,24.95141,00000000675d5200,4.5
18212,2019-08-01T09:06:49Z,6acf227df3018cbf5c31d8f4a9f0e4016fdef039ef87ee4fd0311537,60.16829,24.94214,00000000afef4555,29.32
18213,2019-08-01T09:06:49Z,6adce4d05e58232a97635a2fd7918e4e49d9295afc0989d727f9c712,60.17002,24.94407,000000006b087f40,4.11
18214,2019-08-01T09:06:49Z,6d98ac1fea7056e5b96d6095caf0e3677a4ec30e9fbcc2e50ae1cf65,60.16629,24.95957,00000000fb7600be,17.4
18215,2019-08-01T09:06:49Z,6dd5463e670c352180c1e912300e21e59f5e2976266df8c3c92b0baf,60.16829,24.94214,00000000afef4555,3.74
18216,2019-08-01T09:06:49Z,6fe2cf6737d40d71251dac8ebef5356a2b765621e97a346c00a6031c,60.15432,24.9211,0000000019fb59c4,4.11
18217,2019-08-01T09:06:49Z,7003a7f6a5523b645634f014e04bea36016953a8af9324e35602bc2e,60.14947,24.91438,000000004ef3150d,11.7
18218,2019-08-01T09:06:49Z,701dc50417b28dba15ad9ff809844f1766b6579389a2e5ebb0562635,60.16629,24.95957,00000000fb7600be,20.28
18219,2019-08-01T09:06:49Z,704c3f3075f13713c363014fa828e4a932e7a05676813b9963a1e554,60.17918,24.95141,00000000675d5200,4.5
18220,2019-08-01T09:06:49Z,70d391038ec56b63a3737605c2c1db6ffbdca8e4490691776dc993f1,60.16829,24.94214,00000000afef4555,4.94
18221,2019-08-01T09:06:49Z,7176ddd6f2dc9be71319e3a2ea67061af7b5277adc890f23882c0afd,60.16829,24.94214,00000000afef4555,12.69
18222,2019-08-01T09:06:49Z,71b01bb8b8e877dc9ca40e756f441571d12ee3311a945417e8aaa116,60.16762,24.95415,000000006b44cce7,7.05
18223,2019-08-01T09:06:49Z,729c5f2cffe7e3f5554f3c2bbc7f717457700e648ccb716bb2e98c8a,60.17002,24.94407,000000006b087f40,21.87
18224,2019-08-01T09:06:49Z,72f088587da3409c5a4bec360a52a230a7551c3671441baaaabc6357,60.16829,24.94214,00000000afef4555,14.89
18225,2019-08-01T09:06:49Z,73d6b97f785fc0a0a9ed2a397fe1bf1cfa199679f6262451d10e0382,60.16762,24.95415,000000006b44cce7,14.89
18226,2019-08-01T09:06:49Z,744ee2f27ae01e2a36d93a868b9fafc4de75e33615c32429b561962b,60.17918,24.95141,00000000675d5200,31.5
18227,2019-08-01T09:06:49Z,747f06eec526dd916a0cc2ddbd175a102cdfd56f751802854085caea,60.16829,24.94214,00000000afef4555,31.5
18228,2019-08-01T09:06:49Z,750297d0d8ff0ca837d9c2289c26302d62f38708617150431ab14509,60.16531,24.9442,00000000fdda10fe,27.28
18229,2019-08-01T09:06:49Z,76c2f7b3773d4bebd4dabada1c2b98fe4ea9762e9c98b4a6371d7746,60.16762,24.95415,000000006b44cce7,10.78
18230,2019-08-01T09:06:49Z,774131d73accbbb31ec3c43c3501b7969645eb65df1839ca8116526e,60.15432,24.9211,0000000019fb59c4,7.05
18231,2019-08-01T09:06:49Z,774bf331a7d205164487c930f8e043d9f4064d968a7f9cb28bfa5dc9,60.16762,24.95415,000000006b44cce7,20.28
18232,2019-08-01T09:06:49Z,7a6e7ba82e6b0c07f13302099a2ffb55e08a56850ee8c1c6c1bd65d3,60.17065,24.93641,000000000f4919c9,31.5
18233,2019-08-01T09:06:49Z,7c1534082e86ff4387878d813207626d8f728aa26b97248e00a3b8d7,60.16629,24.95957,00000000fb7600be,14.89
18234,2019-08-01T09:06:49Z,7d12711d47425111a6dce413faa867542b9532f3b9c5a934b37a0bc8,60.17918,24.95141,00000000675d5200,16.1
18235,2019-08-01T09:06:49Z,7d415f4fd9093fb383b4ebb88961ad74e6a00d3ece39504712dad639,60.17918,24.95141,00000000675d5200,12.69
18236,2019-08-01T09:06:49Z,7e2e3d07c939e3e76e7ce87678faf64e056afe54215e00488839100f,60.14947,24.91438,000000004ef3150d,14.89
18237,2019-08-01T09:06:49Z,7eb4a715919b3eb4085270535ce4d7b57112591ad7242eb189bf652a,60.17065,24.93641,000000000f4919c9,9.92
18238,2019-08-01T09:06:49Z,7eee93799a4b0a73081b5997eaba4036febdfde0bb766caf4de4b5a2,60.16829,24.94214,00000000afef4555,21.87
18239,2019-08-01T09:06:49Z,7f59aaecea1eee6c703ec5d46d67b44289ddedf080defee495b73739,60.14947,24.91438,000000004ef3150d,14.89
18240,2019-08-01T09:06:49Z,7faf8705e89a761625aaed50b89538581e25d5950ec8f051d36ed829,60.14947,24.91438,000000004ef3150d,25.36
18241,2019-08-01T09:06:49Z,809bf2d7a0745ae512b934a578fd5fd47c13c5398b6d06ad350b9e7c,60.14947,24.91438,000000004ef3150d,20.28
18242,2019-08-01T09:06:49Z,814fca075a588ae71c130bafc9384a1c17e7bd8168994ae6fca55205,60.16829,24.94214,00000000afef4555,12.69
18243,2019-08-01T09:06:49Z,828afe5ee1f94b9afbfd61b9673b7c8b21457d11dafb1d2ad98dbd23,60.149,24.9843,00000000fffb8cf0,14.89
18244,2019-08-01T09:06:49Z,82bab0a1bfd11576cf62159546b756e1da44125c76909e270ced391b,60.16897,24.95222,00000000aa852af1,18.79
18245,2019-08-01T09:06:49Z,8524898e498c83bde4bc1848aa2b372da84e7b2266f36aabe128cc27,60.17918,24.95141,00000000675d5200,27.28
18246,2019-08-01T09:06:49Z,85bdce5b262dbd94adcff03e6cad26a1152828b6ab27e6fdd56b2b13,60.16762,24.95415,000000006b44cce7,4.11
18247,2019-08-01T09:06:49Z,86e7584bf95733cef59d74bb4955881e99dc86b73a0d5b4e3ef58b50,60.18203,24.91341,00000000342570c2,25.36
18248,2019-08-01T09:06:49Z,87f1cc4c4a9de1ab81fe39cf7fde6cf0d4778e690f1665b62231ce46,60.149,24.9843,00000000fffb8cf0,25.36
18249,2019-08-01T09:06:49Z,880f9cbb91b9caf48ea9c5dd1a0c8e1db72922b6dfcb647b102fc469,60.16629,24.95957,00000000fb7600be,3.09
18250,2019-08-01T09:06:49Z,88c2bc6310f27465b9f08b28fb52075d7703ce7b097e5beb37c7437c,60.14947,24.91438,000000004ef3150d,12.69
18251,2019-08-01T09:06:49Z,893080d82bb28aa3ab91e41ddd4569086c8135ade7be10aa644fca95,60.17065,24.93641,000000000f4919c9,20.28
18252,2019-08-01T09:06:49Z,898cde3317c73907bb23b1b885828c4bf3187c3a757a18dc32abe970,60.16762,24.95415,000000006b44cce7,4.94
18253,2019-08-01T09:06:49Z,8996f41485515f4fe2b7f60962df36a3421c9a14cdb3f381b1ce7052,60.16829,24.94214,00000000afef4555,25.36
18254,2019-08-01T09:06:49Z,8a70673a694137689441a8a18cff0044d959d5d1991c92c7b5fb8f0c,60.16829,24.94214,00000000afef4555,7.69
18255,2019-08-01T09:06:49Z,8b789024cc2e6b2143ce205690fe87cbdb761aa292e434010176906d,60.16629,24.95957,00000000fb7600be,13.75
18256,2019-08-01T09:06:49Z,8c571538c285dba9d77edacfb1829b282d54b772b62209c6e4004237,60.17918,24.95141,00000000675d5200,2.54
18257,2019-08-01T09:06:49Z,8d5e893f77b3d167ebefad4ecab181fea08513599a6f9450f0b9a827,60.17918,24.95141,00000000675d5200,17.4
18258,2019-08-01T09:06:49Z,8e20d0d67339e3cf43e77c3a340d9dc6766de8d079197a08a1343ff0,60.17065,24.93641,000000000f4919c9,10.78
18259,2019-08-01T09:06:49Z,8ec54dc2fd63fcef9c0df9dffc12f40ebbada360614e04849594479a,60.17002,24.94407,000000006b087f40,36.27
18260,2019-08-01T09:06:49Z,90a44cbd1a957cc59a6986cff9b6b7b8e151d379e17da645069428b8,60.173,24.92524,0000000096918cfa,17.4
18261,2019-08-01T09:06:49Z,9236c27efd200a9ad94ce53d3d2cd84e25047b2280d7e96d6c4d971b,60.16897,24.95222,00000000aa852af1,14.89
18262,2019-08-01T09:06:49Z,941e13893853105c86bfbc6d31d62274937602143ce3bb530c8c17ed,60.17918,24.95141,00000000675d5200,20.28
18263,2019-08-01T09:06:49Z,9998e64e3b5162fd8890fc4e2dfe41a3e875f08500f1cef0c4820855,60.16829,24.94214,00000000afef4555,18.79
18264,2019-08-01T09:06:49Z,9abbc86fb0fc1c0532042814af76a97e6a17121831d4394749a290a6,60.16762,24.95415,000000006b44cce7,6.46
18265,2019-08-01T09:06:49Z,9b3e6848d8b34e802134d6da0e5a594897ec3fafbbf08b6d0b84068e,60.17918,24.95141,00000000675d5200,6.46
18266,2019-08-01T09:06:49Z,9bc129708b07f3c5bbf4195e83f0e5b9a663b6f371f416a8e3a605f0,60.16897,24.95222,00000000aa852af1,23.56
18267,2019-08-01T09:06:49Z,9bef8b28ea93ecaee57d05b037edbfe7f80014aaf56343345fedd7be,60.17918,24.95141,00000000675d5200,9.92
18268,2019-08-01T09:06:49Z,9e343a150f07bb3dcce5ecab8ac061b84d65b347b1af5a232e00eeb6,60.16829,24.94214,00000000afef4555,13.75
18269,2019-08-01T09:06:49Z,9e927b1e87f45b2c89a694c49da8922ce180a737f0e8a7cd1476ad29,60.14951,24.92138,0000000006dd41f6,29.32
18270,2019-08-01T09:06:49Z,9eee6d740f1d483c484d02f0995f35550c09e6a8cf01f02680db5efc,60.16448,24.97323,0000000053c6c2be,16.1
18271,2019-08-01T09:06:49Z,a04214b56cac7d70680703ee6a28fac742f3c3190b55b46a79c1f76d,60.149,24.9843,00000000fffb8cf0,20.28
18272,2019-08-01T09:06:49Z,a1049deed97cd1989c882cb47bb39f0d93d1fddbac4e9307e8a4249e,60.16544,24.95398,0000000038d83d41,27.28
18273,2019-08-01T09:06:49Z,a16125dfa367baff48232271d16aff6fc3b7696cb053bfec4aeccfa0,60.16531,24.9442,00000000fdda10fe,29.32
18274,2019-08-01T09:06:49Z,a2333053951d093ef490bcc3b9455fa0ed512421b5b597602785ab28,60.16531,24.9442,00000000fdda10fe,14.89
18275,2019-08-01T09:06:49Z,a2c53a9ecb3dab08bc3bf70db35ea02e6f15cedb137ce7817751f27c,60.16829,24.94214,00000000afef4555,16.1
18276,2019-08-01T09:06:49Z,a2e761fd97d8bdf78601300822b531e306b9ab7a1a43b6bfb07eba52,60.14947,24.91438,000000004ef3150d,12.69
18277,2019-08-01T09:06:49Z,a38c11c450b472b9dad2f076e2d9a63651292d3de806331d06af7f46,60.16531,24.9442,00000000fdda10fe,18.79
18278,2019-08-01T09:06:49Z,a403dc1eebc5d130e12a4c3e4298737c9e00b25b1b6b2cc36a6979c9,60.16629,24.95957,00000000fb7600be,10.78
18279,2019-08-01T09:06:49Z,a47e8613674297dc49b26801b19d2110d009aaee57412f2127f3b093,60.16897,24.95222,00000000aa852af1,18.79
18280,2019-08-01T09:06:49Z,a4b9f871dcc986c95f1e84fe203bb392ba0fe13164d89119bda2c94a,60.16762,24.95415,000000006b44cce7,5.91
18281,2019-08-01T09:06:49Z,a66eb6150c36b53f6240acfe16dd98ceb16c43b8e02d0b56993bac73,60.16897,24.95222,00000000aa852af1,20.28
18282,2019-08-01T09:06:49Z,a6d0dd9de406b1201a4e438ec7c5f4a467f38c41e2dec42ff6c71d50,60.16897,24.95222,00000000aa852af1,12.69
18283,2019-08-01T09:06:49Z,a76678cf99f7c5094ab4c60bfd0496e3c2778bfa786c67e54427c8b0,60.16531,24.9442,00000000fdda10fe,25.36
18284,2019-08-01T09:06:49Z,a786eb3b8a25c58099a428799e99d0b86401f803ee38d3e5d20e59d3,60.15432,24.9211,0000000019fb59c4,9.12
18285,2019-08-01T09:06:49Z,a808962cb511e5ed2d23e6e33efe252b1be29dc1d2f7c6154817f04f,60.16448,24.97323,0000000053c6c2be,16.1
18286,2019-08-01T09:06:49Z,a83415babca8eac00f69a32371a230fdadda29bf40fd69f75cf2e8fb,60.17918,24.95141,00000000675d5200,18.79
18287,2019-08-01T09:06:49Z,a83703c80a4d58db87327a53b0d3664d23edf7350ff6b0afaa49c530,60.16629,24.95957,00000000fb7600be,12.69
18288,2019-08-01T09:06:49Z,a8ca7fb815e707c04434a085c4f99e783d56372143afc92225eae622,60.15133,24.92329,00000000e8a064a4,23.56
18289,2019-08-01T09:06:49Z,a982f65ed2c57aff3f744dba9f5e9ca929c81c14883516889898f207,60.16762,24.95415,000000006b44cce7,10.78
18290,2019-08-01T09:06:49Z,a9ee2aabbd32919adf0325ca2f2c5f8e0ba801bc168e8756cda957da,60.16629,24.95957,00000000fb7600be,14.89
18291,2019-08-01T09:06:49Z,aa05a7036c3586a79d23f426b78bf158357208bc82d7ddf9a1326dd2,60.16531,24.9442,00000000fdda10fe,17.4
18292,2019-08-01T09:06:49Z,aa5281244780ac8f283c3452639d477cd76e31fc6f0b95b99c51a9b0,60.16762,24.95415,000000006b44cce7,1.38
18293,2019-08-01T09:06:49Z,ab615ee5bbf567aee3505fbb360d09fc6b851f93fb15aef778b57128,60.16531,24.9442,00000000fdda10fe,7.69
18294,2019-08-01T09:06:49Z,abf0be93e7a8aec9fa8284fdbcc2493f32084aa95f15660b23e149c6,60.16629,24.95957,00000000fb7600be,16.1
18295,2019-08-01T09:06:49Z,acb3f4b2a6b9fe720b98158caba37c1958df05919990f30368dbbd8b,60.16762,24.95415,000000006b44cce7,17.4
18296,2019-08-01T09:06:49Z,acbbe4765d72f36b0323407c7dbe43db7b4ad5e2da0a6a9e5966db0b,60.16897,24.95222,00000000aa852af1,14.89
18297,2019-08-01T09:06:49Z,ad22512fd6a5ad9e19fdfad7e02b2793ecb01875be243f894c637ae2,60.16829,24.94214,00000000afef4555,4.5
18298,2019-08-01T09:06:49Z,ada9cbdd139a5d0131aba9cfe347856bafb7185ed4828a4f76412f1b,60.17065,24.93641,000000000f4919c9,25.36
18299,2019-08-01T09:06:49Z,af67ffa8b538058603b74f48e04ab914e8f6cd450f53c47f8c3d683d,60.15432,24.9211,0000000019fb59c4,10.78
18300,2019-08-01T09:06:49Z,b09e9bb62cc49c085c1aee3b752af1bec69dabc939323e5733f73933,60.17065,24.93641,000000000f4919c9,21.87
18301,2019-08-01T09:06:49Z,b25339bfcf356e1460eec7d6494ab8fa8fe2ee363afb6496ab1a1fb9,60.16829,24.94214,00000000afef4555,6.46
18302,2019-08-01T09:06:49Z,b2728a54ebd2991e59d91f96f73d376de0adccecfef1326c4f51b74a,60.16762,24.95415,000000006b44cce7,14.89
18303,2019-08-01T09:06:49Z,b28757d67868f9471f0d997a935e857fd0ff1095449820929597563b,60.16762,24.95415,000000006b44cce7,11.7
18304,2019-08-01T09:06:49Z,b32e57a6f5865a23d7a0e9fa346d5ec4e975f99c4df815fe8b1449b2,60.17918,24.95141,00000000675d5200,12.69
18305,2019-08-01T09:06:49Z,b474e34db18d21635ec9ea2654513e6759c326f3aaec96c25f9a204e,60.16897,24.95222,00000000aa852af1,10.78
18306,2019-08-01T09:06:49Z,b50a45ac0708e7b5cca42f3458430eb22ff70a81c575bafe99ffda23,60.17002,24.94407,000000006b087f40,11.7
18307,2019-08-01T09:06:49Z,b5603e758440226e490d1d7d7271a7b0d5c261eccbad198f81110136,60.15432,24.9211,0000000019fb59c4,4.94
18308,2019-08-01T09:06:49Z,b6c43126ca83e916a68e57d0178060c24fc61305836b6c8f188f7285,60.17918,24.95141,00000000675d5200,5.91
18309,2019-08-01T09:06:49Z,b8fb70225ee0a2d655e2809da07a2f8cd2feb7295aa256f8b35fcf1e,60.16629,24.95957,00000000fb7600be,14.89
18310,2019-08-01T09:06:49Z,baca220bc4dd6e05e27f7b99db1588e9c29a5e18a36a70622dea1e65,60.17065,24.93641,000000000f4919c9,27.28
18311,2019-08-01T09:06:49Z,bb2187a4e20012ad694c768ef2c47c9a9055671024ebf4855d4e6243,60.16531,24.9442,00000000fdda10fe,1.54
18312,2019-08-01T09:06:49Z,bc20b3b236588d3632c07aba05bd43ff4ec70f10290f2feb5175b8ab,60.16762,24.95415,000000006b44cce7,13.75
18313,2019-08-01T09:06:49Z,bc436a99a8805080541bd9dc9743df4f0e34172e2c70b59f64c4260c,60.16762,24.95415,000000006b44cce7,13.75
18314,2019-08-01T09:06:49Z,bc82f76c979de19b559e9e3aa0cd6cbf5ac361e2d7b1ac9f81fe2f4f,60.17918,24.95141,00000000675d5200,5.41
18315,2019-08-01T09:06:49Z,be12d6aaccf354197284a8c92b960bd6a4e1705f7d948823e7891fde,60.16762,24.95415,000000006b44cce7,4.5
18316,2019-08-01T09:06:49Z,bee144e090a471427ec7878609f2446cb79f4c8d7e3c3bf0f67cf8d2,60.16762,24.95415,000000006b44cce7,14.89
18317,2019-08-01T09:06:49Z,c15da9ed244b57a27a083919c67d0edde078a31b18cb58f13581f173,60.1538,24.95595,0000000038bf9618,20.28
18318,2019-08-01T09:06:49Z,c1674c59c49d5bf74e6808239a91d18a04e47697d298bc61a7618af2,60.16448,24.97323,0000000053c6c2be,14.89
18319,2019-08-01T09:06:49Z,c19294a0a6dd80604d1435e92cecc363af55f32ef9d41af8b67687e2,60.16897,24.95222,00000000aa852af1,7.05
18320,2019-08-01T09:06:49Z,c1bf1bf699e9bc78ca15c9490d1ef02e3323f0c2c76bf0fca7955a69,60.14947,24.91438,000000004ef3150d,12.69
18321,2019-08-01T09:06:49Z,c375f2dac85f963c33b2daf76ffb0c32d2c8fd08172419336e308686,60.14947,24.91438,000000004ef3150d,27.28
18322,2019-08-01T09:06:49Z,c434f18b802a764aad7a2dfb46e93546acb1b0975cf9b93fd47363f6,60.15432,24.9211,0000000019fb59c4,5.91
18323,2019-08-01T09:06:49Z,c51beff15d228f2dab9416cadfcc60fe269ce3d9202a9cf2ec7e7647,60.16829,24.94214,00000000afef4555,25.36
18324,2019-08-01T09:06:49Z,c55f651c108f569fe59364de834d31b122908186d2f95d20ed519564,60.16762,24.95415,000000006b44cce7,20.28
18325,2019-08-01T09:06:49Z,c65c11ee6e8b5894ead3ea9b007a39127edb65a67be253aca6f78ed0,60.16448,24.97323,0000000053c6c2be,21.87
18326,2019-08-01T09:06:49Z,c98bce1cc275ed0a1b833011f8cd251ac848fdc84501fe87eb8b5d54,60.17918,24.95141,00000000675d5200,23.56
18327,2019-08-01T09:06:49Z,c9ed2b3285b32321fb5fe458b9215ed21abc67263dabc3693aa23302,60.16829,24.94214,00000000afef4555,25.36
18328,2019-08-01T09:06:49Z,ca7719c7cd8d4496b666f608fc07ba9930e362a0b2d96890b0778618,60.16629,24.95957,00000000fb7600be,23.56
18329,2019-08-01T09:06:49Z,cccf3ba2a9d11b9330c18af8064a20aca9995473495bf119162a1619,60.16897,24.95222,00000000aa852af1,11.7
18330,2019-08-01T09:06:49Z,cd24d4831d3c3e8dad5e555b47528aa6b11e307b2882be4f65dd4076,60.17002,24.94407,000000006b087f40,7.69
18331,2019-08-01T09:06:49Z,ce7de55c7709396c70ce5930097e84449a4889700e605a0b062aaeae,60.16531,24.9442,00000000fdda10fe,17.4
18332,2019-08-01T09:06:49Z,cf061f5093c857b2efc346d3ad51fd17cca7eb360060ba7875630cf5,60.16897,24.95222,00000000aa852af1,16.1
18333,2019-08-01T09:06:49Z,cf823e18aa21de251222a9ab70c1b76b6218dea694752d56f6f84082,60.149,24.9843,00000000fffb8cf0,31.5
18334,2019-08-01T09:06:49Z,cf9455daa4877b79636eca3ae57056b08dfc0b42f107cedb6f5a3f16,60.16829,24.94214,00000000afef4555,20.28
18335,2019-08-01T09:06:49Z,d0ae4fabf429edbfdad59f8183cc6e5929f68633315448c9b83d4c16,60.16762,24.95415,000000006b44cce7,12.69
18336,2019-08-01T09:06:49Z,d16e16def718519430296afa23976c226aaf720722bce3d92a2aad43,60.14947,24.91438,000000004ef3150d,20.28
18337,2019-08-01T09:06:49Z,d1d09b38a1ae08dab2a5a984989b4a95c7d48a752c12076eae9c5d11,60.16531,24.9442,00000000fdda10fe,14.89
18338,2019-08-01T09:06:49Z,d1faee5d7ab668314d8972190af2f3649a33a478db8ffb92927d5eb0,60.16829,24.94214,00000000afef4555,14.89
18339,2019-08-01T09:06:49Z,d29a5ebd00326d5dedb6c60cab75fd238bdaa9d7f703f6b5974edbc7,60.16544,24.95398,0000000038d83d41,23.56
18340,2019-08-01T09:06:49Z,d31d6921eee92503b486a1b30f5330581c4744a82e6549f375544846,60.17919,24.95181,000000007b5207b6,14.89
18341,2019-08-01T09:06:49Z,d562afdedae521be241c98441e436608a323fdb944dedc24c835e762,60.17065,24.93641,000000000f4919c9,3.74
18342,2019-08-01T09:06:49Z,d653ef8368d33df4fc7edeb5a381d5826be1471f1470aa9744d47901,60.173,24.92524,0000000096918cfa,3.4
18343,2019-08-01T09:06:49Z,d65b8625c1f24304ff0e3c4a4dce7aa5d434d36be87be41834a49420,60.16531,24.9442,00000000fdda10fe,7.05
18344,2019-08-01T09:06:49Z,d6e217c6592e449e2390b1a874e08cbc9126116901dbdbf84501c6b8,60.17065,24.93641,000000000f4919c9,14.89
18345,2019-08-01T09:06:49Z,d74ea3c9e0aaa523c791aa01f4f9a7c1c43f01f585dc4146b19edf83,60.17918,24.95141,00000000675d5200,10.78
18346,2019-08-01T09:06:49Z,d81eea3c8bf927d879268dc01665b897d48eecc647bbf61f91f37a33,60.16544,24.95398,0000000038d83d41,27.28
18347,2019-08-01T09:06:49Z,d87c4d5dc2cd620de54fdd076d4f9b35245053d65b644d9e01f558b5,60.16762,24.95415,000000006b44cce7,4.94
18348,2019-08-01T09:06:49Z,d8e192aeb0216a9b0596cedcf42e1b5140d6cfbbc830edc10f50c3d1,60.16762,24.95415,000000006b44cce7,18.79
18349,2019-08-01T09:06:49Z,d96f75e45e25f419ec5440ac7b974af6ecb23842b2dc149285d892d5,60.17002,24.94407,000000006b087f40,25.36
18350,2019-08-01T09:06:49Z,d983db67d9cd171123ba12eeb19c11f34a3ad1d75fc9214ac3ae8a26,60.17002,24.94407,000000006b087f40,20.28
18351,2019-08-01T09:06:49Z,da78c33b53b0b3a551adb83bc2953f20006ca37faff42dbdd687045c,60.17065,24.93641,000000000f4919c9,16.1
18352,2019-08-01T09:06:49Z,dbedd81db3d59ee0c6948187e396a34e2fa5dd6670cf8d862bf5e1ff,60.16762,24.95415,000000006b44cce7,13.75
18353,2019-08-01T09:06:49Z,dda6a3cb63548f8005952356c52c7e1bc096697041dd5337bcb731e9,60.16897,24.95222,00000000aa852af1,31.5
18354,2019-08-01T09:06:49Z,ddae2128c72cf011df2a698a8254b8738fd07a971349ea8a5e8bfa9f,60.16829,24.94214,00000000afef4555,17.4
18355,2019-08-01T09:06:49Z,deb8a213e1b4930e676ee8fdb394161ec46adb785171fa37437b4d44,60.15133,24.92329,00000000e8a064a4,17.4
18356,2019-08-01T09:06:49Z,dfe80baf219bd267a459c954a8e3027b3f1ed29fea2a5355456d5652,60.16897,24.95222,00000000aa852af1,16.1
18357,2019-08-01T09:06:49Z,e09515dbe1e90af07cb756a83c222c60f5f0566f94590848e72f6401,60.16762,24.95415,000000006b44cce7,4.11
18358,2019-08-01T09:06:49Z,e0fe7fe5854899c0eb42b75b300339808143419404558ed4d00b0f17,60.17918,24.95141,00000000675d5200,13.75
18359,2019-08-01T09:06:49Z,e234769b1ce1634554f5fa4a290d11b2a30c3dfd009d4c39a2e9dd3d,60.17065,24.93641,000000000f4919c9,13.75
18360,2019-08-01T09:06:49Z,e28f7f19e0b38def43dfc7679b1bbb29e7db0f57d31509b9202bf608,60.17919,24.95181,000000007b5207b6,11.7
18361,2019-08-01T09:06:49Z,e2bb0ae74deee6cbc4f50c5f85da3f1779ca1db1ae7ff48ab4b33dbc,60.17918,24.95141,00000000675d5200,5.91
18362,2019-08-01T09:06:49Z,e2f445c6711e0e7d48a6a045bec347587f9f398e8928a171cfa2ca38,60.16762,24.95415,000000006b44cce7,11.7
18363,2019-08-01T09:06:49Z,e2f8b065913423b6cd370ba12adba60bad68b6ff2a97fbcb1d1614bf,60.16897,24.95222,00000000aa852af1,13.75
18364,2019-08-01T09:06:49Z,e508e239ba2ca68b34ad5074f3d7b013e72f6f7df36eb6cdf545be78,60.16762,24.95415,000000006b44cce7,20.28
18365,2019-08-01T09:06:49Z,e528235be3e5cc4945024d50d1ed43061e2e2f2845f2b41e081e1721,60.17918,24.95141,00000000675d5200,12.69
18366,2019-08-01T09:06:49Z,e5cad8bb9a6c8dcc067948d7f869033aca5bdd062da175c8734092e6,60.17919,24.95181,000000007b5207b6,5.91
18367,2019-08-01T09:06:49Z,e73dcccbc4dd6af49316f19a34c347cc94ff7ab079a93a2672d78a16,60.14947,24.91438,000000004ef3150d,21.87
18368,2019-08-01T09:06:49Z,e8add7e8346b99cd4b67924113f3763441a1899897c6d1ac3a1a40a6,60.17918,24.95141,00000000675d5200,6.46
18369,2019-08-01T09:06:49Z,e8ed8051f57ad9d9029a5e3b443c5e93e5059f8c487ba45e2583d35a,60.16829,24.94214,00000000afef4555,17.4
18370,2019-08-01T09:06:49Z,e979a153601f7520f54d4733fe91f75f154c8f1c08dc3408dbba5345,60.15432,24.9211,0000000019fb59c4,7.05
18371,2019-08-01T09:06:49Z,e9e1a66ce9f699fc1713bb44cd67a332f584f0c51d18774fc72b8eea,60.16762,24.95415,000000006b44cce7,11.7
18372,2019-08-01T09:06:49Z,ea94130fbb3464dc656765cfddbad802ddfafb1af8007cb5f42cd41f,60.16829,24.94214,00000000afef4555,11.7
18373,2019-08-01T09:06:49Z,eaf572301dc5c1eaff007bc1886cce8f0f5e92a233b8686ed2a1a9cc,60.17065,24.93641,000000000f4919c9,13.75
18374,2019-08-01T09:06:49Z,ec2dd83e04d225caca9f6b9d28bd3080ed37c5bf42e5f65123fa2394,60.17065,24.93641,000000000f4919c9,21.87
18375,2019-08-01T09:06:49Z,ec7121833f0e4b509d683b00a9c5e992e4b84882cb857145102e14f4,60.16531,24.9442,00000000fdda10fe,1.7
18376,2019-08-01T09:06:49Z,ef67b9e4617f284b84167b4bdaff71108579a33ced0a2450ff25a1a1,60.16629,24.95957,00000000fb7600be,11.7
18377,2019-08-01T09:06:49Z,ef6e7d641ebef891165f5f8178b3195fbc6c86dc5f904ca2cca43e32,60.16897,24.95222,00000000aa852af1,21.87
18378,2019-08-01T09:06:49Z,efb0235d2d9cd06b8377959fc3e5e144c222db88b6578a8fa7a48475,60.16762,24.95415,000000006b44cce7,10.78
18379,2019-08-01T09:06:49Z,efc51406db4c66b8a573ec325afe8a9258a04a71b46ff3aae1cfa696,60.16762,24.95415,000000006b44cce7,12.69
18380,2019-08-01T09:06:49Z,f1447725764ec0dca245fc67f2aa0a0c42e6b05808076aa74f0c1e7e,60.17918,24.95141,00000000675d5200,9.92
18381,2019-08-01T09:06:49Z,f18c0c32d067aecf5602d70693ac888cab1be6dbb0d154be5153dfcc,60.16829,24.94214,00000000afef4555,3.4
18382,2019-08-01T09:06:49Z,f1b28329fc91f4708ca34857c5582c0bf1b7d0ab06127746029cd72c,60.17919,24.95181,000000007b5207b6,6.46
18383,2019-08-01T09:06:49Z,f20935810c1567a80c288016c4d4dd32fe86b3479f47ae7dd64d15cc,60.15432,24.9211,0000000019fb59c4,3.74
18384,2019-08-01T09:06:49Z,f29ed00b645af4bbf50174e71f58a9b691d2e2342e59eda242d97380,60.16829,24.94214,00000000afef4555,10.78
18385,2019-08-01T09:06:49Z,f4131e8c526b295b32dc9448a2a43ec900e25e8914003a963782e36c,60.16829,24.94214,00000000afef4555,10.78
18386,2019-08-01T09:06:49Z,f4bbc3077da0455d4340da2eed204915327b75a792080724548b4956,60.17918,24.95141,00000000675d5200,1.38
18387,2019-08-01T09:06:49Z,f503a41d3e8b9b57628f4f061c1d8e0c53c62dd8a6fe38d212958ee6,60.16075,24.95883,00000000f1124bca,10.78
18388,2019-08-01T09:06:49Z,f50fd3b1715a94dff67461f4b8f252ecaa6acc16459b3d021f34f15e,60.1538,24.95595,0000000038bf9618,38.87
18389,2019-08-01T09:06:49Z,f587de6c8c03387c5e6a66cd7d20c45abad3668c8e2246611122547b,60.14947,24.91438,000000004ef3150d,20.28
18390,2019-08-01T09:06:49Z,f741519cf6f519194bb45b9da0e69bda8edb903e3c24d4140f340467,60.16762,24.95415,000000006b44cce7,5.91
18391,2019-08-01T09:06:49Z,f77f8836e641389801309c311e926c1662264ab16efd01cd5bf27baf,60.16762,24.95415,000000006b44cce7,6.46
18392,2019-08-01T09:06:49Z,f9e527876f8dfe750fd29bc42664bbf572aed5d09d344a8934a83d90,60.17065,24.93641,000000000f4919c9,3.4
18393,2019-08-01T09:06:49Z,fa1a3814c680b20020a08346c37ee2853e895984574575312bf262e7,60.14947,24.91438,000000004ef3150d,7.69
18394,2019-08-01T09:06:49Z,fa9f19c58a086fde9429d732b1eec80eacf5fc1b2c0124d17243d008,60.17919,24.95181,000000007b5207b6,17.4
18395,2019-08-01T09:06:49Z,fb2df85c8938d6a1bbd1ff0a1cd8aa23480ae08dc39d2b584ed35e14,60.16762,24.95415,000000006b44cce7,11.7
18396,2019-08-01T09:06:49Z,fba6e66dd09200012637e0b454c96fd7a5459b7e8b0ba01863cdbd77,60.16762,24.95415,000000006b44cce7,3.09
18397,2019-08-01T09:06:49Z,fc841c0d24f805db172f0f4f5a01a7a97df5d3d640976fb34550bedd,60.1538,24.95595,0000000038bf9618,31.5
18398,2019-08-01T09:06:49Z,fe191b6937595e5cf2ac1491e9056f0f9fb5bf66c0cb900df00b4c64,60.16829,24.94214,00000000afef4555,4.5
18399,2019-08-01T09:06:49Z,fe88879502b9755093db192b4ea06a7b5b568f7e8b92970727636c68,60.16762,24.95415,000000006b44cce7,12.69
18400,2019-08-01T09:06:49Z,fea1453360073dfc1896bf1f005f51addb49661f953e16cffba3c63d,60.16531,24.9442,00000000fdda10fe,9.12
18401,2019-08-01T09:06:50Z,0fff89885f08417f20aadfdbf62a372277e9085bcd024374b772ecac,60.16531,24.9442,00000000fdda10fe,20.28
18402,2019-08-01T09:06:50Z,1414f663d2473f4a645b134b21c47ae893fd81bf5726e00dcb023866,60.14951,24.92138,0000000006dd41f6,21.87
18403,2019-08-01T09:06:50Z,14c7e1511b70f4dd3359cbece1377aebb4d70531f5489eefe53d7c3c,60.16544,24.95398,0000000038d83d41,27.28
18404,2019-08-01T09:06:50Z,15918569de0a46a8eb56b43d8d39f7fc82619ff1006f00822c85745c,60.17918,24.95141,00000000675d5200,2.3
18405,2019-08-01T09:06:50Z,171d0bf49a26400390df42bc1c9af98d9279bf8ccee92f39288845e1,60.16762,24.95415,000000006b44cce7,3.4
18406,2019-08-01T09:06:50Z,1951291ca064d0fb480d958037c1477427d2ca8db455fef0b741bf9f,60.16448,24.97323,0000000053c6c2be,20.28
18407,2019-08-01T09:06:50Z,1f0f0628cdc688d76bde2b82bee5b9b4916bf0bbdfe76cf3213e1c65,60.15432,24.9211,0000000019fb59c4,23.56
18408,2019-08-01T09:06:50Z,1fdda4c2884e3254418c088e71dea3d2c474714fdba7d0d12c487ce5,60.16829,24.94214,00000000afef4555,33.81
18409,2019-08-01T09:06:50Z,2359f881a4fe8163beed82355aabbba0b00b99f1e4a2a4ccd7186bc4,60.16897,24.95222,00000000aa852af1,20.28
18410,2019-08-01T09:06:50Z,5d65719c4cbf045f068d084b72302f447d5fd034413d97d13be00d0e,60.18203,24.91341,00000000342570c2,20.28
18411,2019-08-01T09:06:50Z,6a657079c1bdc8114c289be1ddd83e5846d4279a920d1697b8ff0033,60.18203,24.91341,00000000342570c2,23.56
18412,2019-08-01T09:06:50Z,6d22b751ff5173035dc85c52c3dff0780126adae67fe33dc62dd45ef,60.16531,24.9442,00000000fdda10fe,14.89
18413,2019-08-01T09:06:50Z,6f06341f358e61699fe1e55e986dd0554bc8da28b91daf0c5ad99db6,60.16629,24.95957,00000000fb7600be,17.4
18414,2019-08-01T09:06:50Z,78d5f60b36b59c06c3988b94e11744bb3aed5dcbc214f91f228bf892,60.16448,24.97323,0000000053c6c2be,20.28
18415,2019-08-01T09:06:50Z,84fdfd8881f633c5f0c71c1480053953ca4b05e848052d97c063ad38,60.1538,24.95595,0000000038bf9618,20.28
18416,2019-08-01T09:06:50Z,87dfaad29a9276ddddb1fa021d3bc23ad14824c1af16f7d87e713689,60.14951,24.92138,0000000006dd41f6,9.12
18417,2019-08-01T09:06:50Z,8c75c3289c84fe4493e1e272a77b615fe1985880c5dc68a7c1a17b53,60.16762,24.95415,000000006b44cce7,8.38
18418,2019-08-01T09:06:50Z,8cc6ddaa460aeae8cc9e8a33f91a01c8cd4c0c8bf8a943210a28c84d,60.1538,24.95595,0000000038bf9618,29.32
18419,2019-08-01T09:06:50Z,90778cdb407c97aacbb3fd01f29f2680b24f7e8b2365e56cf8d9b4c4,60.16531,24.9442,00000000fdda10fe,36.27
18420,2019-08-01T09:06:50Z,9843c6216661048343a0e49cf3d8aa2883cf77f452666a1c873a1052,60.16448,24.97323,0000000053c6c2be,9.12
18421,2019-08-01T09:06:50Z,9d03d14afa49576281aa26db60e517f7c1ec8aa36f7756959a860a8a,60.16629,24.95957,00000000fb7600be,11.7
18422,2019-08-01T09:06:50Z,a9da1ee82e3b670e276c26b483dd50f4a6d0c6f77ef82245d3ae6086,60.18203,24.91341,00000000342570c2,12.69
18423,2019-08-01T09:06:50Z,ab0f67c0c0e1ba5eac9013f9c314feadf340ddf08543b91e70483594,60.16544,24.95398,0000000038d83d41,25.36
18424,2019-08-01T09:06:50Z,b4faf2d3c4d2b199afeab6ab63b583fe3a2e81e14abbef6917f25129,60.15432,24.9211,0000000019fb59c4,17.4
18425,2019-08-01T09:06:50Z,ba42c72ea7c2663b3ea5044faf12173ab18e523dc35de0e24bf374ac,60.16544,24.95398,0000000038d83d41,31.5
18426,2019-08-01T09:06:50Z,c40c37def6bf11a63a2556519a7c6233fd417cdeea2cf14f28e7c42c,60.16531,24.9442,00000000fdda10fe,23.56
18427,2019-08-01T09:06:50Z,cf05623e4d87ce0906c0b0b7dbf53aacc1228016cd27c341228b6e76,60.18203,24.91341,00000000342570c2,21.87
18428,2019-08-01T09:06:50Z,d127ead865385b64ae537a703a26be15fae4b5332ce0fbf03d5e0c23,60.1538,24.95595,0000000038bf9618,38.87
18429,2019-08-01T09:06:50Z,d178749a24c32676d0da0f51ae6ff63c456499d4b1814af8fa75ca9e,60.16448,24.97323,0000000053c6c2be,4.5
18430,2019-08-01T09:06:50Z,dd2c9c82cf3737146294aff6f814a1349fb0bc4bedf518715dacbe8f,60.18203,24.91341,00000000342570c2,14.89
18431,2019-08-01T09:06:50Z,ec72ef080c605e71978aed0d3b5f22c3c3133677a43c614b72eedc6d,60.14699,24.922,00000000a53ed894,31.5
18432,2019-08-01T09:06:50Z,f22981c21af00fc334b3d8bdd523e23a50384666e97815f0ec1dc0ac,60.16897,24.95222,00000000aa852af1,14.89
18433,2019-08-01T09:06:50Z,f7e45613ad966fea53fab73b435ba3a087c774e36596b3a5156a3487,60.16829,24.94214,00000000afef4555,1.12
18434,2019-08-01T09:06:50Z,f83d4b6b8ffbf8a674d212e32100b2360b80261b4e9207d77c0b0ed3,60.17919,24.95181,000000007b5207b6,10.78
18435,2019-08-01T09:06:50Z,f99c5dd8cc08bd2353083d875ce8bc585fb2c2ff8427b90d92f571de,60.1538,24.95595,0000000038bf9618,29.32
18436,2019-08-01T09:06:50Z,fc4f3a44235f1cfc7b53f14ba2da599976a5a0a220d23b852688e485,60.17918,24.95141,00000000675d5200,17.4
18437,2019-08-01T09:06:50Z,00787dad708490660b0b836fa415681cc57046fa521c0c0aaea14a9e,60.16762,24.95415,000000006b44cce7,6.46
18438,2019-08-01T09:06:50Z,02050a536056486b1bf139282f0d0a3af63def1d56ff0c73ac51bb19,60.14947,24.91438,000000004ef3150d,20.28
18439,2019-08-01T09:06:50Z,023083c44c772667f1727e01c74518889b2a82d78ceb28c08b6f8a20,60.16531,24.9442,00000000fdda10fe,21.87
18440,2019-08-01T09:06:50Z,026f61905925674212a1c7d1e14b2ee5d1039bb4ecb5159f7d522150,60.16762,24.95415,000000006b44cce7,7.69
18441,2019-08-01T09:06:50Z,028149b8bfaf37d1f064cb0b4f23ae118f00d8eff41679fb8830396a,60.16531,24.9442,00000000fdda10fe,12.69
18442,2019-08-01T09:06:50Z,02fb8c740573d86a30d1a85d4b270f0d198cd0487446d6ca84453f3f,60.16544,24.95398,0000000038d83d41,31.5
18443,2019-08-01T09:06:50Z,0362cc670dcfab795a3911957b6a177416bf9b99d0e2732716796c4d,60.15432,24.9211,0000000019fb59c4,21.87
18444,2019-08-01T09:06:50Z,03f427d436ba092925de462b11374bdbdab0443620037675621fbc11,60.17919,24.95181,000000007b5207b6,13.75
18445,2019-08-01T09:06:50Z,0483eb7342f4e704caa76b9bc3d6a7bd836282960dafc2c756247134,60.16762,24.95415,000000006b44cce7,9.92
18446,2019-08-01T09:06:50Z,063935180fff0e58de5d319ecb9320cf794423e3c6aeac0cca8f1a9f,60.16897,24.95222,00000000aa852af1,18.79
18447,2019-08-01T09:06:50Z,0849a091b1aabe9b614b6b5c54dffd083dbb4473ca90dc972e4d37de,60.16829,24.94214,00000000afef4555,14.89
18448,2019-08-01T09:06:50Z,08f9fd60f852d3502bfa509c955e9963e73954f961d55ba8cd46cae9,60.16629,24.95957,00000000fb7600be,10.78
18449,2019-08-01T09:06:50Z,0951ec0c700dba7330b8e8181fc852becde054d0dc7474d1488db3cd,60.17065,24.93641,000000000f4919c9,17.4
18450,2019-08-01T09:06:50Z,09cfe3ccea2138f9a7a14b633026c75879d915955e4d18d8913efebf,60.14951,24.92138,0000000006dd41f6,27.28
18451,2019-08-01T09:06:50Z,0c1684b697a63d7f47ebaedcfa060b3b4af294fec1e62d613699291a,60.16897,24.95222,00000000aa852af1,6.46
18452,2019-08-01T09:06:50Z,0d36588b0274c7fc1c33ed938ed6883bd98d7e2d5a66328940df8a94,60.14947,24.91438,000000004ef3150d,13.75
18453,2019-08-01T09:06:50Z,0e5b7c2239f30ae4c729c83c75e7cda2cb93eb5c32a5578b0945ddac,60.16762,24.95415,000000006b44cce7,23.56
18454,2019-08-01T09:06:50Z,0feb7de3b58597dd266ed606e8d3b6e2e4e0be942b17c15be984f51c,60.14951,24.92138,0000000006dd41f6,31.5
18455,2019-08-01T09:06:50Z,1069967e3921871955b1b2b42e60f829c593a3e024401bfe61ae410e,60.16629,24.95957,00000000fb7600be,16.1
18456,2019-08-01T09:06:50Z,10d0fed0f7d40b253b5fc5a53297dc9af8bb76fa6f34d5e71383cb62,60.17918,24.95141,00000000675d5200,20.28
18457,2019-08-01T09:06:50Z,1134a082e36fe03359bac74c814a0ed20468c45230115d4e25aa230d,60.16829,24.94214,00000000afef4555,11.7
18458,2019-08-01T09:06:50Z,13a759fd293cbde0d55db753d853768b718e59036c4007d2e3a8757a,60.16762,24.95415,000000006b44cce7,16.1
18459,2019-08-01T09:06:50Z,141a580597619f20b14d71a17562763921dafbb27c8aaaa8700fd522,60.16829,24.94214,00000000afef4555,20.28
18460,2019-08-01T09:06:50Z,1564db6ab71666bfe0865d19fd134f7018f49bc12ff1969853697784,60.16531,24.9442,00000000fdda10fe,21.87
18461,2019-08-01T09:06:50Z,15a3cdd20e3ce88c179a07d78a2d5fdda854b0fef8441d8cb3aebde8,60.17065,24.93641,000000000f4919c9,20.28
18462,2019-08-01T09:06:50Z,15f0c7729a45bd0fc3da95ba2b96438413942d1d46ab4add644c9f45,60.16762,24.95415,000000006b44cce7,18.79
18463,2019-08-01T09:06:50Z,164d8280dbb888033f64368dd641bcef597fc327148fcf74374894c5,60.16544,24.95398,0000000038d83d41,23.56
18464,2019-08-01T09:06:50Z,16e18d478be872d2a9801fa885d08edeb3f5ae1840b38478f9baf535,60.17918,24.95141,00000000675d5200,25.36
18465,2019-08-01T09:06:50Z,190cdde22bc3e3a41cd0f9da7efb3a917bc09e8034b05ca6064ea8a8,60.17918,24.95141,00000000675d5200,12.69
18466,2019-08-01T09:06:50Z,1b68a6bcf7b740e0c437e0976d4900f31368afcb2c757bba30e0a249,60.16829,24.94214,00000000afef4555,10.78
18467,2019-08-01T09:06:50Z,1ca38fda596b437fcaa63f5296adc43c90e729aa040f4b66265aff47,60.173,24.92524,0000000096918cfa,31.5
18468,2019-08-01T09:06:50Z,1d3e776f5c2d0514afd5e1fdcfda632877b1f59274c7293182e7c9ad,60.16762,24.95415,000000006b44cce7,16.1
18469,2019-08-01T09:06:50Z,1d70ff49909e1d6fb653ae053aa78084daf385dbbd2ad22b05707309,60.16829,24.94214,00000000afef4555,5.41
18470,2019-08-01T09:06:50Z,1e3044c19f6913531b6dd4bccb88ad02c1b39192513ccffa05444edb,60.1538,24.95595,0000000038bf9618,23.56
18471,2019-08-01T09:06:50Z,1e3af5697f0a2ae45f261da79e4ba71c868dc4d78008bd1995fe6259,60.16448,24.97323,0000000053c6c2be,11.7
18472,2019-08-01T09:06:50Z,1eadb2c1984aa73c3c2f13eab0a2e793331443c617681e36887f0bcc,60.16629,24.95957,00000000fb7600be,20.28
18473,2019-08-01T09:06:50Z,1eb71232cacfabc37966931f8112e59acabc361048ad25dc2468949f,60.16762,24.95415,000000006b44cce7,5.91
18474,2019-08-01T09:06:50Z,1f813dc10021899138c12ca17c58ab3dc24db1750dcb1790f9c20e8f,60.15133,24.92329,00000000e8a064a4,18.79
18475,2019-08-01T09:06:50Z,20b37aa6c3ad0dfea9c182498905a450537b0efbbd8563b205e93afd,60.16897,24.95222,00000000aa852af1,14.89
18476,2019-08-01T09:06:50Z,20ecc60ba6748bb4a65d10d3f27a3b928bcbc43ea0eab6ff9121c1bd,60.16829,24.94214,00000000afef4555,14.89
18477,2019-08-01T09:06:50Z,2283762fe3af8329ae65aec44de728da8f383810e9f2a3d3b84fa031,60.16897,24.95222,00000000aa852af1,21.87
18478,2019-08-01T09:06:50Z,22b68b1dc6e6d815ca8e6afbd434ae0e229670798c443052e7444648,60.16762,24.95415,000000006b44cce7,9.12
18479,2019-08-01T09:06:50Z,25479245e5a8b0fe47e2bd590cdd63256d84afd6c164781dc64e527d,60.149,24.9843,00000000fffb8cf0,17.4
18480,2019-08-01T09:06:50Z,270749ab8e1a83f0dcbf45dc861bcc0e10361d103d7589841787e366,60.16531,24.9442,00000000fdda10fe,20.28
18481,2019-08-01T09:06:50Z,277fcf3cc917a89b46a34e0cf5164a78f5bcc88d92bb45ded60f1a91,60.17065,24.93641,000000000f4919c9,7.69
18482,2019-08-01T09:06:50Z,27b591b33a56a542440b53031a24f42290b0ec1a194af27700b75a3a,60.17918,24.95141,00000000675d5200,9.92
18483,2019-08-01T09:06:50Z,27b7a58df8db5b5ea583d77edb1ab88cce3e1a1a781c8489e6b98e0b,60.16762,24.95415,000000006b44cce7,20.28
18484,2019-08-01T09:06:50Z,28296ae2b460df2f6807f8a84b81e5ebd24677a05bded29111dc33a4,60.17002,24.94407,000000006b087f40,17.4
18485,2019-08-01T09:06:50Z,2851f1c6f7f1a08c1f0a282a34a8f383121075c15cf18ea40d134972,60.16531,24.9442,00000000fdda10fe,25.36
18486,2019-08-01T09:06:50Z,28ce50ca84cdcd4c17a36ac666e7ac0267b6ab5b77f4bfb08b2573a1,60.16762,24.95415,000000006b44cce7,2.3
18487,2019-08-01T09:06:50Z,28d50861d92f962c7a49eabaa524431aebf52870e44b79f77d7167c6,60.17918,24.95141,00000000675d5200,14.89
18488,2019-08-01T09:06:50Z,29ae3c5c3aeac0c607bc816f7e74c232a40142b79a52c43c7b1ed42f,60.16829,24.94214,00000000afef4555,12.69
18489,2019-08-01T09:06:50Z,2afa9ac588b2c55e8edf99ee96ecaf63451a7ab1e51571b7e2d1d491,60.16762,24.95415,000000006b44cce7,7.69
18490,2019-08-01T09:06:50Z,2c6810efb2565383ca0a554f3c51f3f7905484357f5e00756dbf091a,60.17918,24.95141,00000000675d5200,3.4
18491,2019-08-01T09:06:50Z,2c6f6440161f9061a850e8db96383d5eb111f0d1d8f0b666b7c49f22,60.16897,24.95222,00000000aa852af1,12.69
18492,2019-08-01T09:06:50Z,2f09364857883d78a23aab14ac85e389ce786d0938e13cee655a7dbc,60.16762,24.95415,000000006b44cce7,17.4
18493,2019-08-01T09:06:50Z,2f43b7a683b0d365a46b6259a032813c293472eaedcdbcc3507adee5,60.17918,24.95141,00000000675d5200,3.4
18494,2019-08-01T09:06:50Z,2f5bd339f1aa466a7eab54348ecb6614ab41fd76d300d0defda67505,60.1538,24.95595,0000000038bf9618,25.36
18495,2019-08-01T09:06:50Z,2f79108a454c0072885ad1447280ed5098d061b229eaae61a8bb67be,60.15432,24.9211,0000000019fb59c4,11.7
18496,2019-08-01T09:06:50Z,2f82b3546af2df53b58cddc668c9aa196554108cdf39120ea40b417c,60.16629,24.95957,00000000fb7600be,1.12
18497,2019-08-01T09:06:50Z,2fb39eae730ec6f291700f841a64aaf680d52a8346399aec6ccb1dbb,60.17065,24.93641,000000000f4919c9,9.12
18498,2019-08-01T09:06:50Z,2ff189e5846383641192cafb595a7a8f77394239ee03aabd1bf3c49f,60.16829,24.94214,00000000afef4555,6.46
18499,2019-08-01T09:06:50Z,31b02b3b271f6feef9e49d9285929ff1c25a11e608fc5d70bc6a1fac,60.16897,24.95222,00000000aa852af1,17.4
18500,2019-08-01T09:06:50Z,3227dbecd3a095676006e4ad615dc2aea1f506c310c940230a15ac94,60.17918,24.95141,00000000675d5200,25.36
18501,2019-08-01T09:06:50Z,32fcb1ab3a9fde533916ca28a0d5b56bbb45fd171dd5bae91f66ec6c,60.16897,24.95222,00000000aa852af1,11.7
18502,2019-08-01T09:06:50Z,33fa4cb82db5b44ffe6e7ae1039635187f90d1df328f8f139da0c693,60.17918,24.95141,00000000675d5200,1.7
18503,2019-08-01T09:06:50Z,3480c16a6649952c388d8902596e332f018e609b9585f483353ae026,60.17065,24.93641,000000000f4919c9,3.4
18504,2019-08-01T09:06:50Z,34aa4c3c2f71b736426f6819c09b12c961bc996110fe1fa7c9772c5d,60.15432,24.9211,0000000019fb59c4,14.89
18505,2019-08-01T09:06:50Z,34e96c7caa63e7ede8f428b18e8fb556ac235d61a50c9d6ac7ff268f,60.17918,24.95141,00000000675d5200,14.89
18506,2019-08-01T09:06:50Z,3609f484ad7e56259f60a61aba44f22dfca5c8b2564fce7e802ad342,60.16829,24.94214,00000000afef4555,12.69
18507,2019-08-01T09:06:50Z,367b1989198ef11170dd9fcfa7e6ebb5ceb58aab87c613ee1bb86e8c,60.16531,24.9442,00000000fdda10fe,9.12
18508,2019-08-01T09:06:50Z,3685ee6d322dcb2ad0ae181f66c3c5427d4531d7896d2f5f7571bb6d,60.16762,24.95415,000000006b44cce7,10.78
18509,2019-08-01T09:06:50Z,36fe97cd2ec69118778c771a87593630f8a6a2cb77d9ce72f845cd3c,60.16762,24.95415,000000006b44cce7,4.5
18510,2019-08-01T09:06:50Z,39c6456ee66fe96eee3d97cee2a70923cedb3da760bb5d4d413adb9c,60.17918,24.95141,00000000675d5200,5.91
18511,2019-08-01T09:06:50Z,39e9fa7033887b7ab339887aa68753ff94d4771cda2bb8ff4ea7aa0a,60.17918,24.95141,00000000675d5200,14.89
18512,2019-08-01T09:06:50Z,3a1afdcf7c2e5a52cdbcbbe29e8281c184037e8720920c6c75bee339,60.15133,24.92329,00000000e8a064a4,12.69
18513,2019-08-01T09:06:50Z,3a253f272d2781dc2001addfbddcac5f3dbf18610988531707b80b60,60.16829,24.94214,00000000afef4555,6.46
18514,2019-08-01T09:06:50Z,3a2f1a2c6c645bd161943b3f19c171d021512d7a8c4273ed3022f5df,60.16829,24.94214,00000000afef4555,13.75
18515,2019-08-01T09:06:50Z,3a38ba36c098f2741d6c5fb5a751fcd074d05d698ac592ca09ab443c,60.16448,24.97323,0000000053c6c2be,36.27
18516,2019-08-01T09:06:50Z,3a40ef839ab39dbb6eef8f00b0de30062b8cc56391e3303f762004a3,60.16762,24.95415,000000006b44cce7,16.1
18517,2019-08-01T09:06:50Z,3a7b4023cee4b0d567a123a3d6aff0bc8f94663522bbdf0ea4306607,60.149,24.9843,00000000fffb8cf0,16.1
18518,2019-08-01T09:06:50Z,3a97ae4dcab31eb5e15e5d036d286e9764e25bcf0ad8afcfba854c90,60.16762,24.95415,000000006b44cce7,5.91
18519,2019-08-01T09:06:50Z,3d0437a1d090cd3cad05629e69a61c519aa6218e1b7fb47811e5a4ae,60.16762,24.95415,000000006b44cce7,13.75
18520,2019-08-01T09:06:50Z,3e38f81e326b0b05865281c970ada8f17e15292f3591242542bfb73e,60.16531,24.9442,00000000fdda10fe,20.28
18521,2019-08-01T09:06:50Z,3eea43670f4f29a90ced59c1af122371340275fb61ff8f14c7120658,60.16762,24.95415,000000006b44cce7,4.94
18522,2019-08-01T09:06:50Z,40825cb0d315c92e0e0a73cc8e86c3b763bbf7ce226f112913e05e0f,60.17065,24.93641,000000000f4919c9,18.79
18523,2019-08-01T09:06:50Z,41f455676c61a2d8e1658c60afd7984613a3bc84daac78079c0d8b0c,60.16829,24.94214,00000000afef4555,9.12
18524,2019-08-01T09:06:50Z,4256b81faf420b0636e1bfcf21e8b61482045aed964aae9089c67296,60.16829,24.94214,00000000afef4555,21.87
18525,2019-08-01T09:06:50Z,42844e90c7134ebb3ec325f57cd27cd24711c779548ebc8692a820d5,60.14951,24.92138,0000000006dd41f6,3.4
18526,2019-08-01T09:06:50Z,432417b4972b744ded3410777a6bbb583cf56172bf3436ddbe48a21d,60.16762,24.95415,000000006b44cce7,5.91
18527,2019-08-01T09:06:50Z,4393fccdbc9fb22fab14f03ea52183ad558bcd436202e69f56a7b77a,60.16762,24.95415,000000006b44cce7,14.89
18528,2019-08-01T09:06:50Z,43e023a8726ec4c53a8cea6dcaa79e722da4677e37f3f6c9d3cc9873,60.16544,24.95398,0000000038d83d41,25.36
18529,2019-08-01T09:06:50Z,44334c68f3991fe858ac066726e0a884236a5d89fe94d917b48e857c,60.16829,24.94214,00000000afef4555,12.69
18530,2019-08-01T09:06:50Z,4642dfa1df839f11e64f68bca4e3dce7bde2ff6dd68c54959fcb4788,60.17918,24.95141,00000000675d5200,7.69
18531,2019-08-01T09:06:50Z,4682d95464cedcc021f38271a51bab9c000762b4acf802070e259ba2,60.16629,24.95957,00000000fb7600be,13.75
18532,2019-08-01T09:06:50Z,46c37bb9313fa511d142a461fb0eedda90bf18eb9016d20db109f6a4,60.16829,24.94214,00000000afef4555,17.4
18533,2019-08-01T09:06:50Z,46f3b1bf1658f487ed1940b4d056cf659235728a34c28cdc54f5f63e,60.16829,24.94214,00000000afef4555,29.32
18534,2019-08-01T09:06:50Z,48004849b2f48b2314aa9175433d754db1641b949bb8cf050e2dd128,60.17918,24.95141,00000000675d5200,9.12
18535,2019-08-01T09:06:50Z,484bbaa5a9d6bdd2259f022b6ea4e3c290985c13a1286bd7142d878f,60.16762,24.95415,000000006b44cce7,4.5
18536,2019-08-01T09:06:50Z,49bbad87e4d6cd03bdb073bde7be91193d74d29943badce7fc536916,60.16448,24.97323,0000000053c6c2be,12.69
18537,2019-08-01T09:06:50Z,49df780a7f20a99ad2810fa4bbb46b5fac9bc5cbe3fc800cd572f63a,60.14947,24.91438,000000004ef3150d,16.1
18538,2019-08-01T09:06:50Z,4afcc27c652d3d50a44d060f84e33dd4b17529d982928dae936cf10f,60.16448,24.97323,0000000053c6c2be,20.28
18539,2019-08-01T09:06:50Z,4ba529eeafb27285cbbade6e5ece0d4d04bd2d13c98b27a5d17abd22,60.16897,24.95222,00000000aa852af1,2.8
18540,2019-08-01T09:06:50Z,4c85a4a0756c1707ca2f02a74870d1e1d1a90f1793d229dc3a2bbb63,60.16531,24.9442,00000000fdda10fe,20.28
18541,2019-08-01T09:06:50Z,4e0cd91ab267104ead6f9dcd1a840e19a1e215195b89c42ef74f1b90,60.17002,24.94407,000000006b087f40,25.36
18542,2019-08-01T09:06:50Z,4f609afde0ba5cb017ba3c549bdd11ff322a2e0227a0f11a9d112220,60.16762,24.95415,000000006b44cce7,8.38
18543,2019-08-01T09:06:50Z,4f9125edf503fe3cb0ba1e1221fe6a67aafd99fcd89fd92d2bf20e97,60.16897,24.95222,00000000aa852af1,17.4
18544,2019-08-01T09:06:50Z,5001aabb6808b9fd96b705d1ebe8e7aca52713c2640100d81879dd86,60.17918,24.95141,00000000675d5200,5.91
18545,2019-08-01T09:06:50Z,504f910a0bd104a130b85d0c50467a15e74dc950bcc9eac3ebecc43e,60.16531,24.9442,00000000fdda10fe,11.7
18546,2019-08-01T09:06:50Z,518381021c83c138e4a82160bc6cc947b3866647e3c5d6818bdd63bb,60.17002,24.94407,000000006b087f40,29.32
18547,2019-08-01T09:06:50Z,529623421e226c215bcca0b1388813e291d3d13ed1d8465f0ab69147,60.16629,24.95957,00000000fb7600be,16.1
18548,2019-08-01T09:06:50Z,52d04561c07e0aab4f89e343cff0691d714ec5284ffb9a71954c93d8,60.16762,24.95415,000000006b44cce7,14.89
18549,2019-08-01T09:06:50Z,52dafb8d2f758077fde6a37220aa103d803e9c58d64ac234a45708ee,60.16531,24.9442,00000000fdda10fe,23.56
18550,2019-08-01T09:06:50Z,5372348389197e6c4bc4c5e3dab047e7384d562220e6295904bbda1b,60.17065,24.93641,000000000f4919c9,4.94
18551,2019-08-01T09:06:50Z,5385ddf78e929052bb12c39651fb3ff99e3642aa079d49f687b4c73c,60.16762,24.95415,000000006b44cce7,9.92
18552,2019-08-01T09:06:50Z,53d8fd3162d3b72ea9f77159ab356b46d40de1758d6388e60fe70985,60.16629,24.95957,00000000fb7600be,27.28
18553,2019-08-01T09:06:50Z,53fb53be4440aecb1a1fa63a9da1db08182cc7e252da14685e63373d,60.16762,24.95415,000000006b44cce7,10.78
18554,2019-08-01T09:06:50Z,54bd709173219e8017f317b63ecc83d0a48f64542e6fa1b83c86a56c,60.17919,24.95181,000000007b5207b6,14.89
18555,2019-08-01T09:06:50Z,54d1f01f8b0ce9614205273f1ec21d8786626ce9a1939467bfb2985e,60.17918,24.95141,00000000675d5200,9.92
18556,2019-08-01T09:06:50Z,556cae6b2e2dec6fe691a835e8e08bd016b1a65797c0aca46879329f,60.17919,24.95181,000000007b5207b6,7.05
18557,2019-08-01T09:06:50Z,559429bba23762a872fc7b1e2219d42125ab101e4355d43fdb94ed7b,60.17918,24.95141,00000000675d5200,3.74
18558,2019-08-01T09:06:50Z,559e6a5225ce35ab844c63ea0d0c1695dc490a3d9cfbafa5d35ac8d8,60.14947,24.91438,000000004ef3150d,13.75
18559,2019-08-01T09:06:50Z,560816066eb4d44c34d0d56c57c994c0cccbd36fef545059b8e4d9d7,60.14947,24.91438,000000004ef3150d,6.46
18560,2019-08-01T09:06:50Z,57c17edc71bbce06ad692952a1e05eaa77181884e580c0848f3a23fc,60.14951,24.92138,0000000006dd41f6,18.79
18561,2019-08-01T09:06:50Z,5830a481876da00686f25b17dad06258a39212c0816ed04dda2df1bd,60.16531,24.9442,00000000fdda10fe,17.4
18562,2019-08-01T09:06:50Z,5865a27b5b56a60bca38e4a1403655e3e7fd0232a3ff2079965aff81,60.15432,24.9211,0000000019fb59c4,3.4
18563,2019-08-01T09:06:50Z,58754229cd3381042c5ffda79c0108c5f77aa1f0f6d1468b9cb42b4c,60.16829,24.94214,00000000afef4555,16.1
18564,2019-08-01T09:06:50Z,5978726eeef638856dafd3a8d199287f8daf9e90ddde750b402f8bb0,60.17065,24.93641,000000000f4919c9,0.34
18565,2019-08-01T09:06:50Z,5a3004325b5a058e02fb9f32ef4f7e9cc465240cbda7a7e4ec89d2de,60.16629,24.95957,00000000fb7600be,21.87
18566,2019-08-01T09:06:50Z,5a34b02faac3189217466888ef1d31cc80f721ac2f18638c5db88d53,60.14947,24.91438,000000004ef3150d,10.78
18567,2019-08-01T09:06:50Z,5a857d46d2710076dd9ff377dc9ae0c17e4db2a46db79f1e8d158cfa,60.16829,24.94214,00000000afef4555,14.89
18568,2019-08-01T09:06:50Z,5a8d671a78b976d212d9746d88b9a754a2d9c8341c529e88b7c6b8f4,60.17065,24.93641,000000000f4919c9,14.89
18569,2019-08-01T09:06:50Z,5b06617477af6dcee75a94ac347364b50f6f3b5b7d747e5413d9ad58,60.14947,24.91438,000000004ef3150d,7.05
18570,2019-08-01T09:06:50Z,5b24733f1e45af711e2eebfb97b6b1467ca5cf1f466e6c8add4f7935,60.16762,24.95415,000000006b44cce7,17.4
18571,2019-08-01T09:06:50Z,5c1f71098d5d7258d2971061c791c94e0138c8e02225c5f60d6a0428,60.149,24.9843,00000000fffb8cf0,17.4
18572,2019-08-01T09:06:50Z,5daa76852f3e1be6c75fa2185d5787ab9010cf83d6671515769a8649,60.16531,24.9442,00000000fdda10fe,14.89
18573,2019-08-01T09:06:50Z,5e2c5c20c88ccf362ed8749d1ddc041b1cb1c38d8dbeac7870179322,60.16629,24.95957,00000000fb7600be,7.05
18574,2019-08-01T09:06:50Z,6072bfb496e2b8a999c9edbda5b76fbc0e783ff2a439c4e6c881fabf,60.16829,24.94214,00000000afef4555,29.32
18575,2019-08-01T09:06:50Z,61cad0901875294dc868a6d894b5f275a95e6ab6e4a369eefa0fe4bd,60.16762,24.95415,000000006b44cce7,17.4
18576,2019-08-01T09:06:50Z,6210685a7cc26d002029c337ad346daa55e0a72bff908c34ac93a1be,60.16544,24.95398,0000000038d83d41,31.5
18577,2019-08-01T09:06:50Z,626bf35ce16dba1054cfd175d09475d3ee751bf70e56f984ff5c7ab6,60.15133,24.92329,00000000e8a064a4,20.28
18578,2019-08-01T09:06:50Z,63ff2439779051005c18876d20ed53ce060c1de9d7976821bd518fc6,60.15432,24.9211,0000000019fb59c4,10.78
18579,2019-08-01T09:06:50Z,65b6b62b547e11e10f7f83ad497446bee2bb9653097d9d62e9b1b817,60.17065,24.93641,000000000f4919c9,4.94
18580,2019-08-01T09:06:50Z,674355e17da9460e58566497be518f2eb537880c67c788fedb5067db,60.16629,24.95957,00000000fb7600be,10.78
18581,2019-08-01T09:06:50Z,67cf7d2881080aa59ed36a6d88ea1946d17e9d1d5e1ad9eee1851969,60.18203,24.91341,00000000342570c2,16.1
18582,2019-08-01T09:06:50Z,684e7a868866e631c134ab5bd21b6ba738f6ebc6d5b5c169e366c6ee,60.16897,24.95222,00000000aa852af1,5.41
18583,2019-08-01T09:06:50Z,685af6b01bd180194d718801bb8b9c9de22050cc392d6c6441fe986b,60.18203,24.91341,00000000342570c2,13.75
18584,2019-08-01T09:06:50Z,69e2854c78a472b462941ef730aa9fa7a9dba9c1cc22996396d4c78a,60.17918,24.95141,00000000675d5200,4.94
18585,2019-08-01T09:06:50Z,6adce4d05e58232a97635a2fd7918e4e49d9295afc0989d727f9c712,60.17002,24.94407,000000006b087f40,3.74
18586,2019-08-01T09:06:50Z,6bd8f29dd69224345723669424cf7a61a7315a6f812ef43e5a7a44da,60.16762,24.95415,000000006b44cce7,20.28
18587,2019-08-01T09:06:50Z,6dd5463e670c352180c1e912300e21e59f5e2976266df8c3c92b0baf,60.16829,24.94214,00000000afef4555,9.92
18588,2019-08-01T09:06:50Z,6fe2cf6737d40d71251dac8ebef5356a2b765621e97a346c00a6031c,60.15432,24.9211,0000000019fb59c4,3.74
18589,2019-08-01T09:06:50Z,7003a7f6a5523b645634f014e04bea36016953a8af9324e35602bc2e,60.14947,24.91438,000000004ef3150d,25.36
18590,2019-08-01T09:06:50Z,704c3f3075f13713c363014fa828e4a932e7a05676813b9963a1e554,60.17918,24.95141,00000000675d5200,9.12
18591,2019-08-01T09:06:50Z,70d391038ec56b63a3737605c2c1db6ffbdca8e4490691776dc993f1,60.16829,24.94214,00000000afef4555,4.94
18592,2019-08-01T09:06:50Z,7176ddd6f2dc9be71319e3a2ea67061af7b5277adc890f23882c0afd,60.16829,24.94214,00000000afef4555,17.4
18593,2019-08-01T09:06:50Z,71b01bb8b8e877dc9ca40e756f441571d12ee3311a945417e8aaa116,60.16762,24.95415,000000006b44cce7,4.5
18594,2019-08-01T09:06:50Z,72439a1f997fd347d46394f31f5789edc877fe61ca34fcd31f9150b1,60.18203,24.91341,00000000342570c2,16.1
18595,2019-08-01T09:06:50Z,7292a4a47ed655e0ce0ead026bb0ae4b8093342f87a9aed5665c1456,60.16762,24.95415,000000006b44cce7,10.78
18596,2019-08-01T09:06:50Z,72f088587da3409c5a4bec360a52a230a7551c3671441baaaabc6357,60.16829,24.94214,00000000afef4555,12.69
18597,2019-08-01T09:06:50Z,73d6b97f785fc0a0a9ed2a397fe1bf1cfa199679f6262451d10e0382,60.16762,24.95415,000000006b44cce7,18.79
18598,2019-08-01T09:06:50Z,744ee2f27ae01e2a36d93a868b9fafc4de75e33615c32429b561962b,60.17918,24.95141,00000000675d5200,21.87
18599,2019-08-01T09:06:50Z,74cb545f76f0bfc5498607247e26e814276a11ce91f77208054ecbc5,60.17002,24.94407,000000006b087f40,25.36
18600,2019-08-01T09:06:50Z,750297d0d8ff0ca837d9c2289c26302d62f38708617150431ab14509,60.16531,24.9442,00000000fdda10fe,17.4
18601,2019-08-01T09:06:50Z,7563b91d728fe470bc4d89aa18128a87b92c747336dd2c70cfbf9e84,60.1538,24.95595,0000000038bf9618,31.5
18602,2019-08-01T09:06:50Z,76c2f7b3773d4bebd4dabada1c2b98fe4ea9762e9c98b4a6371d7746,60.16762,24.95415,000000006b44cce7,9.92
18603,2019-08-01T09:06:50Z,7700297fec4982ad776529835e2ab46d4e5cbc889e26f368c19efeef,60.16829,24.94214,00000000afef4555,4.11
18604,2019-08-01T09:06:50Z,774131d73accbbb31ec3c43c3501b7969645eb65df1839ca8116526e,60.15432,24.9211,0000000019fb59c4,4.94
18605,2019-08-01T09:06:50Z,78a9535148d256e36a93dcce58f6dac7864c3bcd43b255c37291aa30,60.17002,24.94407,000000006b087f40,18.79
18606,2019-08-01T09:06:50Z,7c1534082e86ff4387878d813207626d8f728aa26b97248e00a3b8d7,60.16629,24.95957,00000000fb7600be,16.1
18607,2019-08-01T09:06:50Z,7d12711d47425111a6dce413faa867542b9532f3b9c5a934b37a0bc8,60.17918,24.95141,00000000675d5200,13.75
18608,2019-08-01T09:06:50Z,7d415f4fd9093fb383b4ebb88961ad74e6a00d3ece39504712dad639,60.17918,24.95141,00000000675d5200,16.1
18609,2019-08-01T09:06:50Z,7e2e3d07c939e3e76e7ce87678faf64e056afe54215e00488839100f,60.14947,24.91438,000000004ef3150d,16.1
18610,2019-08-01T09:06:50Z,7eb4a715919b3eb4085270535ce4d7b57112591ad7242eb189bf652a,60.17065,24.93641,000000000f4919c9,10.78
18611,2019-08-01T09:06:50Z,7f59aaecea1eee6c703ec5d46d67b44289ddedf080defee495b73739,60.14947,24.91438,000000004ef3150d,14.89
18612,2019-08-01T09:06:50Z,7faf8705e89a761625aaed50b89538581e25d5950ec8f051d36ed829,60.14947,24.91438,000000004ef3150d,23.56
18613,2019-08-01T09:06:50Z,809bf2d7a0745ae512b934a578fd5fd47c13c5398b6d06ad350b9e7c,60.14947,24.91438,000000004ef3150d,13.75
18614,2019-08-01T09:06:50Z,814fca075a588ae71c130bafc9384a1c17e7bd8168994ae6fca55205,60.16829,24.94214,00000000afef4555,17.4
18615,2019-08-01T09:06:50Z,8165c5f8d06298ffd56f071c0ad1cc9f1d4f08084936937d712d0b61,60.15133,24.92329,00000000e8a064a4,21.87
18616,2019-08-01T09:06:50Z,828afe5ee1f94b9afbfd61b9673b7c8b21457d11dafb1d2ad98dbd23,60.149,24.9843,00000000fffb8cf0,10.78
18617,2019-08-01T09:06:50Z,8524898e498c83bde4bc1848aa2b372da84e7b2266f36aabe128cc27,60.17919,24.95181,000000007b5207b6,20.28
18618,2019-08-01T09:06:50Z,85bdce5b262dbd94adcff03e6cad26a1152828b6ab27e6fdd56b2b13,60.16762,24.95415,000000006b44cce7,3.09
18619,2019-08-01T09:06:50Z,86b066ea755e9fd56188a608365c78bc7873db821770bdcfc83ed149,60.16762,24.95415,000000006b44cce7,9.12
18620,2019-08-01T09:06:50Z,86e7584bf95733cef59d74bb4955881e99dc86b73a0d5b4e3ef58b50,60.18203,24.91341,00000000342570c2,23.56
18621,2019-08-01T09:06:50Z,87f1cc4c4a9de1ab81fe39cf7fde6cf0d4778e690f1665b62231ce46,60.149,24.9843,00000000fffb8cf0,21.87
18622,2019-08-01T09:06:50Z,880f9cbb91b9caf48ea9c5dd1a0c8e1db72922b6dfcb647b102fc469,60.16629,24.95957,00000000fb7600be,4.5
18623,2019-08-01T09:06:50Z,88c2bc6310f27465b9f08b28fb52075d7703ce7b097e5beb37c7437c,60.14947,24.91438,000000004ef3150d,11.7
18624,2019-08-01T09:06:50Z,898cde3317c73907bb23b1b885828c4bf3187c3a757a18dc32abe970,60.16762,24.95415,000000006b44cce7,3.09
18625,2019-08-01T09:06:50Z,8a01e28fd327e5c56dcf2dc8b2b7762a96d77584c21990a073ceb11f,60.16829,24.94214,00000000afef4555,29.32
18626,2019-08-01T09:06:50Z,8a70673a694137689441a8a18cff0044d959d5d1991c92c7b5fb8f0c,60.16829,24.94214,00000000afef4555,10.78
18627,2019-08-01T09:06:50Z,8b789024cc2e6b2143ce205690fe87cbdb761aa292e434010176906d,60.16629,24.95957,00000000fb7600be,21.87
18628,2019-08-01T09:06:50Z,8c571538c285dba9d77edacfb1829b282d54b772b62209c6e4004237,60.17919,24.95181,000000007b5207b6,8.38
18629,2019-08-01T09:06:50Z,8d5e893f77b3d167ebefad4ecab181fea08513599a6f9450f0b9a827,60.17919,24.95181,000000007b5207b6,12.69
18630,2019-08-01T09:06:50Z,8e20d0d67339e3cf43e77c3a340d9dc6766de8d079197a08a1343ff0,60.17065,24.93641,000000000f4919c9,9.92
18631,2019-08-01T09:06:50Z,90a44cbd1a957cc59a6986cff9b6b7b8e151d379e17da645069428b8,60.173,24.92524,0000000096918cfa,23.56
18632,2019-08-01T09:06:50Z,941e13893853105c86bfbc6d31d62274937602143ce3bb530c8c17ed,60.17918,24.95141,00000000675d5200,13.75
18633,2019-08-01T09:06:50Z,94f99e193638bd283d52dc298df57c329f9c8e0bd77ac60457158d04,60.16762,24.95415,000000006b44cce7,20.28
18634,2019-08-01T09:06:50Z,972dc7ab84b9c2b4fe9b48b53fdee1f8fc4a78ca70222d1b54c338c5,60.16829,24.94214,00000000afef4555,27.28
18635,2019-08-01T09:06:50Z,9998e64e3b5162fd8890fc4e2dfe41a3e875f08500f1cef0c4820855,60.16829,24.94214,00000000afef4555,14.89
18636,2019-08-01T09:06:50Z,99a026b5100e23129fa529e9a57a3dbc8490dc03b58f2193f03e2dcf,60.14951,24.92138,0000000006dd41f6,5.91
18637,2019-08-01T09:06:50Z,9abbc86fb0fc1c0532042814af76a97e6a17121831d4394749a290a6,60.16762,24.95415,000000006b44cce7,4.94
18638,2019-08-01T09:06:50Z,9b3e6848d8b34e802134d6da0e5a594897ec3fafbbf08b6d0b84068e,60.17918,24.95141,00000000675d5200,6.46
18639,2019-08-01T09:06:50Z,9bc129708b07f3c5bbf4195e83f0e5b9a663b6f371f416a8e3a605f0,60.16897,24.95222,00000000aa852af1,14.89
18640,2019-08-01T09:06:50Z,9bef8b28ea93ecaee57d05b037edbfe7f80014aaf56343345fedd7be,60.17918,24.95141,00000000675d5200,9.92
18641,2019-08-01T09:06:50Z,9c3468620f03e8cd338f2e12c4d2839479aae001db527fb45cba43a6,60.149,24.9843,00000000fffb8cf0,31.5
18642,2019-08-01T09:06:50Z,9e343a150f07bb3dcce5ecab8ac061b84d65b347b1af5a232e00eeb6,60.16829,24.94214,00000000afef4555,9.12
18643,2019-08-01T09:06:50Z,9eee6d740f1d483c484d02f0995f35550c09e6a8cf01f02680db5efc,60.16448,24.97323,0000000053c6c2be,29.32
18644,2019-08-01T09:06:50Z,a04214b56cac7d70680703ee6a28fac742f3c3190b55b46a79c1f76d,60.149,24.9843,00000000fffb8cf0,18.79
18645,2019-08-01T09:06:50Z,a09607edc17117a3069b79434e751f93a2a00d0d6f9aceb043e32074,60.16762,24.95415,000000006b44cce7,13.75
18646,2019-08-01T09:06:50Z,a0af15cb8910790ac8af904ddf7b0dbf5ef778ba6dd3b3e690926089,60.16762,24.95415,000000006b44cce7,12.69
18647,2019-08-01T09:06:50Z,a2c53a9ecb3dab08bc3bf70db35ea02e6f15cedb137ce7817751f27c,60.16829,24.94214,00000000afef4555,11.7
18648,2019-08-01T09:06:50Z,a38c11c450b472b9dad2f076e2d9a63651292d3de806331d06af7f46,60.16531,24.9442,00000000fdda10fe,17.4
18649,2019-08-01T09:06:50Z,a403dc1eebc5d130e12a4c3e4298737c9e00b25b1b6b2cc36a6979c9,60.16629,24.95957,00000000fb7600be,13.75
18650,2019-08-01T09:06:50Z,a47e8613674297dc49b26801b19d2110d009aaee57412f2127f3b093,60.16897,24.95222,00000000aa852af1,20.28
18651,2019-08-01T09:06:50Z,a498d82c0f9ea9674368f098ea32e98dabbe0c50bff45cb23a8882cf,60.17002,24.94407,000000006b087f40,29.32
18652,2019-08-01T09:06:50Z,a4b9f871dcc986c95f1e84fe203bb392ba0fe13164d89119bda2c94a,60.16762,24.95415,000000006b44cce7,9.92
18653,2019-08-01T09:06:50Z,a6d010615b0732a971c180467cd17865327688c7e6c60628c3d452d3,60.16762,24.95415,000000006b44cce7,13.75
18654,2019-08-01T09:06:50Z,a6d0dd9de406b1201a4e438ec7c5f4a467f38c41e2dec42ff6c71d50,60.16897,24.95222,00000000aa852af1,9.92
18655,2019-08-01T09:06:50Z,a76678cf99f7c5094ab4c60bfd0496e3c2778bfa786c67e54427c8b0,60.16531,24.9442,00000000fdda10fe,25.36
18656,2019-08-01T09:06:50Z,a786eb3b8a25c58099a428799e99d0b86401f803ee38d3e5d20e59d3,60.15432,24.9211,0000000019fb59c4,7.05
18657,2019-08-01T09:06:50Z,a808962cb511e5ed2d23e6e33efe252b1be29dc1d2f7c6154817f04f,60.16448,24.97323,0000000053c6c2be,14.89
18658,2019-08-01T09:06:50Z,a83415babca8eac00f69a32371a230fdadda29bf40fd69f75cf2e8fb,60.17918,24.95141,00000000675d5200,23.56
18659,2019-08-01T09:06:50Z,a837f2314938b1510f3b4cc5900d5d67bc7212d234d9fed1c64f3861,60.16762,24.95415,000000006b44cce7,17.4
18660,2019-08-01T09:06:50Z,a8ca7fb815e707c04434a085c4f99e783d56372143afc92225eae622,60.15133,24.92329,00000000e8a064a4,12.69
18661,2019-08-01T09:06:50Z,a982f65ed2c57aff3f744dba9f5e9ca929c81c14883516889898f207,60.16762,24.95415,000000006b44cce7,12.69
18662,2019-08-01T09:06:50Z,a9ee2aabbd32919adf0325ca2f2c5f8e0ba801bc168e8756cda957da,60.16629,24.95957,00000000fb7600be,25.36
18663,2019-08-01T09:06:50Z,aa05a7036c3586a79d23f426b78bf158357208bc82d7ddf9a1326dd2,60.16531,24.9442,00000000fdda10fe,27.28
18664,2019-08-01T09:06:50Z,aae40914e9f174363d7184cd6565652316571ab17bfd655dcc4a8171,60.16829,24.94214,00000000afef4555,20.28
18665,2019-08-01T09:06:50Z,ab615ee5bbf567aee3505fbb360d09fc6b851f93fb15aef778b57128,60.16531,24.9442,00000000fdda10fe,7.69
18666,2019-08-01T09:06:50Z,abf0be93e7a8aec9fa8284fdbcc2493f32084aa95f15660b23e149c6,60.16629,24.95957,00000000fb7600be,20.28
18667,2019-08-01T09:06:50Z,acc35cd8a1bdbe1b45ec4095092dcace33acc09c7176a24ad41a01c8,60.16762,24.95415,000000006b44cce7,16.1
18668,2019-08-01T09:06:50Z,ad22512fd6a5ad9e19fdfad7e02b2793ecb01875be243f894c637ae2,60.16829,24.94214,00000000afef4555,1.7
18669,2019-08-01T09:06:50Z,ada9cbdd139a5d0131aba9cfe347856bafb7185ed4828a4f76412f1b,60.17065,24.93641,000000000f4919c9,20.28
18670,2019-08-01T09:06:50Z,af67ffa8b538058603b74f48e04ab914e8f6cd450f53c47f8c3d683d,60.15432,24.9211,0000000019fb59c4,10.78
18671,2019-08-01T09:06:50Z,b09e9bb62cc49c085c1aee3b752af1bec69dabc939323e5733f73933,60.17065,24.93641,000000000f4919c9,18.79
18672,2019-08-01T09:06:50Z,b28757d67868f9471f0d997a935e857fd0ff1095449820929597563b,60.16762,24.95415,000000006b44cce7,18.79
18673,2019-08-01T09:06:50Z,b32e57a6f5865a23d7a0e9fa346d5ec4e975f99c4df815fe8b1449b2,60.17918,24.95141,00000000675d5200,10.78
18674,2019-08-01T09:06:50Z,b3d94dfd4a1393ebe6b450d53a8c1c172707ab9ae1ab42b50b5b31df,60.16829,24.94214,00000000afef4555,16.1
18675,2019-08-01T09:06:50Z,b474e34db18d21635ec9ea2654513e6759c326f3aaec96c25f9a204e,60.16897,24.95222,00000000aa852af1,17.4
18676,2019-08-01T09:06:50Z,b50a45ac0708e7b5cca42f3458430eb22ff70a81c575bafe99ffda23,60.17002,24.94407,000000006b087f40,7.05
18677,2019-08-01T09:06:50Z,b5603e758440226e490d1d7d7271a7b0d5c261eccbad198f81110136,60.15432,24.9211,0000000019fb59c4,4.94
18678,2019-08-01T09:06:50Z,b6c43126ca83e916a68e57d0178060c24fc61305836b6c8f188f7285,60.17918,24.95141,00000000675d5200,6.46
18679,2019-08-01T09:06:50Z,b7c3b37b32d534f6824ac8d99b4c79d0cb915cab104fdb745550ea22,60.16762,24.95415,000000006b44cce7,14.89
18680,2019-08-01T09:06:50Z,b8fb70225ee0a2d655e2809da07a2f8cd2feb7295aa256f8b35fcf1e,60.16629,24.95957,00000000fb7600be,10.78
18681,2019-08-01T09:06:50Z,baca220bc4dd6e05e27f7b99db1588e9c29a5e18a36a70622dea1e65,60.17065,24.93641,000000000f4919c9,29.32
18682,2019-08-01T09:06:50Z,bb2187a4e20012ad694c768ef2c47c9a9055671024ebf4855d4e6243,60.16531,24.9442,00000000fdda10fe,1.25
18683,2019-08-01T09:06:50Z,bc436a99a8805080541bd9dc9743df4f0e34172e2c70b59f64c4260c,60.16762,24.95415,000000006b44cce7,25.36
18684,2019-08-01T09:06:50Z,bc82f76c979de19b559e9e3aa0cd6cbf5ac361e2d7b1ac9f81fe2f4f,60.17918,24.95141,00000000675d5200,7.05
18685,2019-08-01T09:06:50Z,be0aec7d0615ab2d3b044d4d86b1cc0c2e35603c8195665e854c25ae,60.16829,24.94214,00000000afef4555,18.79
18686,2019-08-01T09:06:50Z,be12d6aaccf354197284a8c92b960bd6a4e1705f7d948823e7891fde,60.16762,24.95415,000000006b44cce7,5.41
18687,2019-08-01T09:06:50Z,bf546b1abc8eba5c7f399f527508a7304dea62586aa297896d71ea5c,60.18203,24.91341,00000000342570c2,27.28
18688,2019-08-01T09:06:50Z,c15da9ed244b57a27a083919c67d0edde078a31b18cb58f13581f173,60.1538,24.95595,0000000038bf9618,23.56
18689,2019-08-01T09:06:50Z,c1674c59c49d5bf74e6808239a91d18a04e47697d298bc61a7618af2,60.16448,24.97323,0000000053c6c2be,27.28
18690,2019-08-01T09:06:50Z,c19294a0a6dd80604d1435e92cecc363af55f32ef9d41af8b67687e2,60.16897,24.95222,00000000aa852af1,8.38
18691,2019-08-01T09:06:50Z,c1bf1bf699e9bc78ca15c9490d1ef02e3323f0c2c76bf0fca7955a69,60.14947,24.91438,000000004ef3150d,33.81
18692,2019-08-01T09:06:50Z,c375f2dac85f963c33b2daf76ffb0c32d2c8fd08172419336e308686,60.14947,24.91438,000000004ef3150d,27.28
18693,2019-08-01T09:06:50Z,c434f18b802a764aad7a2dfb46e93546acb1b0975cf9b93fd47363f6,60.15432,24.9211,0000000019fb59c4,13.75
18694,2019-08-01T09:06:50Z,c55f651c108f569fe59364de834d31b122908186d2f95d20ed519564,60.16762,24.95415,000000006b44cce7,13.75
18695,2019-08-01T09:06:50Z,c65c11ee6e8b5894ead3ea9b007a39127edb65a67be253aca6f78ed0,60.16448,24.97323,0000000053c6c2be,20.28
18696,2019-08-01T09:06:50Z,c872af9997af535c4615ee0b4194c7c8d644b7962afb3ca321eb386f,60.15133,24.92329,00000000e8a064a4,21.87
18697,2019-08-01T09:06:50Z,c8b9856a261673c3360915cd9a4dabb4afe22b63a86d7f59f7dc5f20,60.17002,24.94407,000000006b087f40,17.4
18698,2019-08-01T09:06:50Z,c8be2c26d4f0c9d399f32e84d95487a2644ffcb62681165be3d36a02,60.16762,24.95415,000000006b44cce7,17.4
18699,2019-08-01T09:06:50Z,ca7719c7cd8d4496b666f608fc07ba9930e362a0b2d96890b0778618,60.16629,24.95957,00000000fb7600be,10.78
18700,2019-08-01T09:06:50Z,cccf3ba2a9d11b9330c18af8064a20aca9995473495bf119162a1619,60.16897,24.95222,00000000aa852af1,10.78
18701,2019-08-01T09:06:50Z,cd24d4831d3c3e8dad5e555b47528aa6b11e307b2882be4f65dd4076,60.17002,24.94407,000000006b087f40,9.92
18702,2019-08-01T09:06:50Z,cd36467a9e57a5646d6d8d587b8089c12074243a9ac10ee83b37fbac,60.16629,24.95957,00000000fb7600be,12.69
18703,2019-08-01T09:06:50Z,cdac044b0b1896d284492c14301798e2f2534db67c03cfbef7722fb3,60.17919,24.95181,000000007b5207b6,17.4
18704,2019-08-01T09:06:50Z,ce7de55c7709396c70ce5930097e84449a4889700e605a0b062aaeae,60.16531,24.9442,00000000fdda10fe,16.1
18705,2019-08-01T09:06:50Z,cf061f5093c857b2efc346d3ad51fd17cca7eb360060ba7875630cf5,60.16897,24.95222,00000000aa852af1,9.92
18706,2019-08-01T09:06:50Z,cf823e18aa21de251222a9ab70c1b76b6218dea694752d56f6f84082,60.149,24.9843,00000000fffb8cf0,29.32
18707,2019-08-01T09:06:50Z,d062562fed5ad0a61560e267310beb0b717d2a1e2a11d1d575507861,60.16897,24.95222,00000000aa852af1,21.87
18708,2019-08-01T09:06:50Z,d0ae4fabf429edbfdad59f8183cc6e5929f68633315448c9b83d4c16,60.16762,24.95415,000000006b44cce7,11.7
18709,2019-08-01T09:06:50Z,d16e16def718519430296afa23976c226aaf720722bce3d92a2aad43,60.14947,24.91438,000000004ef3150d,14.89
18710,2019-08-01T09:06:50Z,d2565986030ddea596554d64d126e84d618ce72222ab6888c3debf59,60.16448,24.97323,0000000053c6c2be,17.4
18711,2019-08-01T09:06:50Z,d29a5ebd00326d5dedb6c60cab75fd238bdaa9d7f703f6b5974edbc7,60.16544,24.95398,0000000038d83d41,21.87
18712,2019-08-01T09:06:50Z,d2e031effb19fbd1a46b33bd84dab9823c8c4d8260318b7bd28832d3,60.16762,24.95415,000000006b44cce7,14.89
18713,2019-08-01T09:06:50Z,d3f966516acf006031daf47f0af91fa5d59aa383ac5728b0bf05534d,60.16829,24.94214,00000000afef4555,21.87
18714,2019-08-01T09:06:50Z,d562afdedae521be241c98441e436608a323fdb944dedc24c835e762,60.17065,24.93641,000000000f4919c9,4.11
18715,2019-08-01T09:06:50Z,d653ef8368d33df4fc7edeb5a381d5826be1471f1470aa9744d47901,60.173,24.92524,0000000096918cfa,6.46
18716,2019-08-01T09:06:50Z,d65b8625c1f24304ff0e3c4a4dce7aa5d434d36be87be41834a49420,60.16531,24.9442,00000000fdda10fe,9.92
18717,2019-08-01T09:06:50Z,d6e217c6592e449e2390b1a874e08cbc9126116901dbdbf84501c6b8,60.17065,24.93641,000000000f4919c9,5.91
18718,2019-08-01T09:06:50Z,d74ea3c9e0aaa523c791aa01f4f9a7c1c43f01f585dc4146b19edf83,60.17918,24.95141,00000000675d5200,6.46
18719,2019-08-01T09:06:50Z,d7734ef0345fcffc0f4bd7579275af62987490aba012209832e92059,60.16629,24.95957,00000000fb7600be,14.89
18720,2019-08-01T09:06:50Z,d81eea3c8bf927d879268dc01665b897d48eecc647bbf61f91f37a33,60.16544,24.95398,0000000038d83d41,23.56
18721,2019-08-01T09:06:50Z,d87c4d5dc2cd620de54fdd076d4f9b35245053d65b644d9e01f558b5,60.16762,24.95415,000000006b44cce7,4.94
18722,2019-08-01T09:06:50Z,da78c33b53b0b3a551adb83bc2953f20006ca37faff42dbdd687045c,60.17065,24.93641,000000000f4919c9,27.28
18723,2019-08-01T09:06:50Z,dbedd81db3d59ee0c6948187e396a34e2fa5dd6670cf8d862bf5e1ff,60.16762,24.95415,000000006b44cce7,7.05
18724,2019-08-01T09:06:50Z,ddae2128c72cf011df2a698a8254b8738fd07a971349ea8a5e8bfa9f,60.16829,24.94214,00000000afef4555,18.79
18725,2019-08-01T09:06:50Z,deb8a213e1b4930e676ee8fdb394161ec46adb785171fa37437b4d44,60.15133,24.92329,00000000e8a064a4,9.92
18726,2019-08-01T09:06:50Z,dfe80baf219bd267a459c954a8e3027b3f1ed29fea2a5355456d5652,60.16897,24.95222,00000000aa852af1,12.69
18727,2019-08-01T09:06:50Z,e09515dbe1e90af07cb756a83c222c60f5f0566f94590848e72f6401,60.16762,24.95415,000000006b44cce7,4.94
18728,2019-08-01T09:06:50Z,e0fe7fe5854899c0eb42b75b300339808143419404558ed4d00b0f17,60.17918,24.95141,00000000675d5200,12.69
18729,2019-08-01T09:06:50Z,e10ed9cf0a6ef9efe6352e59c3741f34cbad43ae3c772f0495246564,60.149,24.9843,00000000fffb8cf0,18.79
18730,2019-08-01T09:06:50Z,e234769b1ce1634554f5fa4a290d11b2a30c3dfd009d4c39a2e9dd3d,60.17065,24.93641,000000000f4919c9,11.7
18731,2019-08-01T09:06:50Z,e28f7f19e0b38def43dfc7679b1bbb29e7db0f57d31509b9202bf608,60.17919,24.95181,000000007b5207b6,17.4
18732,2019-08-01T09:06:50Z,e294dde431d68c7b73efcf1f9b916e40bf408111c79228032c7830a4,60.16544,24.95398,0000000038d83d41,21.87
18733,2019-08-01T09:06:50Z,e2bb0ae74deee6cbc4f50c5f85da3f1779ca1db1ae7ff48ab4b33dbc,60.17918,24.95141,00000000675d5200,2.54
18734,2019-08-01T09:06:50Z,e2f445c6711e0e7d48a6a045bec347587f9f398e8928a171cfa2ca38,60.16762,24.95415,000000006b44cce7,14.89
18735,2019-08-01T09:06:50Z,e3f844c56875bd572c3b57a835b884f1060b467d3bbd25c50dcc7e28,60.16762,24.95415,000000006b44cce7,9.92
18736,2019-08-01T09:06:50Z,e508e239ba2ca68b34ad5074f3d7b013e72f6f7df36eb6cdf545be78,60.16762,24.95415,000000006b44cce7,9.12
18737,2019-08-01T09:06:50Z,e528235be3e5cc4945024d50d1ed43061e2e2f2845f2b41e081e1721,60.17918,24.95141,00000000675d5200,11.7
18738,2019-08-01T09:06:50Z,e5cad8bb9a6c8dcc067948d7f869033aca5bdd062da175c8734092e6,60.17918,24.95141,00000000675d5200,10.78
18739,2019-08-01T09:06:50Z,e60dfd6fdae0694da3bbaca41506bcb6ca5f3ac39a1801d84a65751e,60.16762,24.95415,000000006b44cce7,16.1
18740,2019-08-01T09:06:50Z,e8add7e8346b99cd4b67924113f3763441a1899897c6d1ac3a1a40a6,60.17918,24.95141,00000000675d5200,12.69
18741,2019-08-01T09:06:50Z,e8ed8051f57ad9d9029a5e3b443c5e93e5059f8c487ba45e2583d35a,60.16829,24.94214,00000000afef4555,8.38
18742,2019-08-01T09:06:50Z,e979a153601f7520f54d4733fe91f75f154c8f1c08dc3408dbba5345,60.15432,24.9211,0000000019fb59c4,7.69
18743,2019-08-01T09:06:50Z,e9e1a66ce9f699fc1713bb44cd67a332f584f0c51d18774fc72b8eea,60.16762,24.95415,000000006b44cce7,16.1
18744,2019-08-01T09:06:50Z,ea1b1a8ba1c01fdd1e098c585b133fc3d60f7c2458e7c2726e2df8ee,60.16629,24.95957,00000000fb7600be,16.1
18745,2019-08-01T09:06:50Z,ea3f8412ed9c4d92448688dd9cc7ff9e3eeb5fe4373d0953bf0349c1,60.16531,24.9442,00000000fdda10fe,20.28
18746,2019-08-01T09:06:50Z,ea94130fbb3464dc656765cfddbad802ddfafb1af8007cb5f42cd41f,60.16829,24.94214,00000000afef4555,11.7
18747,2019-08-01T09:06:50Z,eaf572301dc5c1eaff007bc1886cce8f0f5e92a233b8686ed2a1a9cc,60.17065,24.93641,000000000f4919c9,12.69
18748,2019-08-01T09:06:50Z,ec2dd83e04d225caca9f6b9d28bd3080ed37c5bf42e5f65123fa2394,60.17065,24.93641,000000000f4919c9,9.92
18749,2019-08-01T09:06:50Z,ec7121833f0e4b509d683b00a9c5e992e4b84882cb857145102e14f4,60.16531,24.9442,00000000fdda10fe,2.54
18750,2019-08-01T09:06:50Z,ee06dc571acc6f8cad13e6cd588349958dc601934f851b25d2ebee6c,60.16762,24.95415,000000006b44cce7,17.4
18751,2019-08-01T09:06:50Z,eef621895ee74145a6d76c5f5493a93d7c728c80abe45a2e1933ae9f,60.16897,24.95222,00000000aa852af1,29.32
18752,2019-08-01T09:06:50Z,ef620c567fe4adc1160d75daa4075a87a75acb4a956b68eb60da0690,60.17065,24.93641,000000000f4919c9,21.87
18753,2019-08-01T09:06:50Z,ef6e7d641ebef891165f5f8178b3195fbc6c86dc5f904ca2cca43e32,60.16897,24.95222,00000000aa852af1,17.4
18754,2019-08-01T09:06:50Z,efb0235d2d9cd06b8377959fc3e5e144c222db88b6578a8fa7a48475,60.16762,24.95415,000000006b44cce7,18.79
18755,2019-08-01T09:06:50Z,f1447725764ec0dca245fc67f2aa0a0c42e6b05808076aa74f0c1e7e,60.17918,24.95141,00000000675d5200,9.92
18756,2019-08-01T09:06:50Z,f18c0c32d067aecf5602d70693ac888cab1be6dbb0d154be5153dfcc,60.16829,24.94214,00000000afef4555,3.09
18757,2019-08-01T09:06:50Z,f1b28329fc91f4708ca34857c5582c0bf1b7d0ab06127746029cd72c,60.17919,24.95181,000000007b5207b6,3.74
18758,2019-08-01T09:06:50Z,f20935810c1567a80c288016c4d4dd32fe86b3479f47ae7dd64d15cc,60.15432,24.9211,0000000019fb59c4,4.5
18759,2019-08-01T09:06:50Z,f2a253f2741501e675bd4bc055e22329fb09089d8bbe9813fc170cdb,60.16762,24.95415,000000006b44cce7,11.7
18760,2019-08-01T09:06:50Z,f4131e8c526b295b32dc9448a2a43ec900e25e8914003a963782e36c,60.16829,24.94214,00000000afef4555,7.69
18761,2019-08-01T09:06:50Z,f4587b90aec9127805880f7c81fc03b9fb513fe363015399b895089f,60.16829,24.94214,00000000afef4555,16.1
18762,2019-08-01T09:06:50Z,f4bbc3077da0455d4340da2eed204915327b75a792080724548b4956,60.17918,24.95141,00000000675d5200,2.54
18763,2019-08-01T09:06:50Z,f503a41d3e8b9b57628f4f061c1d8e0c53c62dd8a6fe38d212958ee6,60.16075,24.95883,00000000f1124bca,4.94
18764,2019-08-01T09:06:50Z,f50fd3b1715a94dff67461f4b8f252ecaa6acc16459b3d021f34f15e,60.1538,24.95595,0000000038bf9618,14.89
18765,2019-08-01T09:06:50Z,f587de6c8c03387c5e6a66cd7d20c45abad3668c8e2246611122547b,60.14947,24.91438,000000004ef3150d,16.1
18766,2019-08-01T09:06:50Z,f741519cf6f519194bb45b9da0e69bda8edb903e3c24d4140f340467,60.16762,24.95415,000000006b44cce7,5.91
18767,2019-08-01T09:06:50Z,f77f8836e641389801309c311e926c1662264ab16efd01cd5bf27baf,60.16762,24.95415,000000006b44cce7,5.91
18768,2019-08-01T09:06:50Z,f803aeb1f00a057ed31451d0f3d132f27fec17305dc699176ac5339a,60.16897,24.95222,00000000aa852af1,14.89
18769,2019-08-01T09:06:50Z,f9e527876f8dfe750fd29bc42664bbf572aed5d09d344a8934a83d90,60.17065,24.93641,000000000f4919c9,5.41
18770,2019-08-01T09:06:50Z,fa1a3814c680b20020a08346c37ee2853e895984574575312bf262e7,60.14947,24.91438,000000004ef3150d,12.69
18771,2019-08-01T09:06:50Z,fa9f19c58a086fde9429d732b1eec80eacf5fc1b2c0124d17243d008,60.17918,24.95141,00000000675d5200,4.94
18772,2019-08-01T09:06:50Z,fba6e66dd09200012637e0b454c96fd7a5459b7e8b0ba01863cdbd77,60.16762,24.95415,000000006b44cce7,3.09
18773,2019-08-01T09:06:50Z,fdb3239bb0017def73005dc66a8d674c713493499c8feff7a6c01018,60.16762,24.95415,000000006b44cce7,12.69
18774,2019-08-01T09:06:50Z,fe191b6937595e5cf2ac1491e9056f0f9fb5bf66c0cb900df00b4c64,60.16829,24.94214,00000000afef4555,7.69
18775,2019-08-01T09:06:50Z,fea1453360073dfc1896bf1f005f51addb49661f953e16cffba3c63d,60.16531,24.9442,00000000fdda10fe,9.92
18776,2019-08-01T09:06:50Z,ff10218d9a15a3bf160a969fa266f197770d363bc52dce7fa08ae990,60.16762,24.95415,000000006b44cce7,7.05
18777,2019-08-01T09:06:51Z,0fff89885f08417f20aadfdbf62a372277e9085bcd024374b772ecac,60.16531,24.9442,00000000fdda10fe,25.36
18778,2019-08-01T09:06:51Z,111fa5ebec19161c1ae70b50a06d02e374bab84c33ee1c5264faee71,60.14951,24.92138,0000000006dd41f6,21.87
18779,2019-08-01T09:06:51Z,144afc51fc2443c7031a2912566eff2ce60226a49d6d2bd7c2923700,60.16544,24.95398,0000000038d83d41,23.56
18780,2019-08-01T09:06:51Z,14c7e1511b70f4dd3359cbece1377aebb4d70531f5489eefe53d7c3c,60.16544,24.95398,0000000038d83d41,27.28
18781,2019-08-01T09:06:51Z,15918569de0a46a8eb56b43d8d39f7fc82619ff1006f00822c85745c,60.17918,24.95141,00000000675d5200,2.08
18782,2019-08-01T09:06:51Z,171d0bf49a26400390df42bc1c9af98d9279bf8ccee92f39288845e1,60.16762,24.95415,000000006b44cce7,2.54
18783,2019-08-01T09:06:51Z,187e6d60389911b42d458c417ec912241546398dfe203ef7cef357c8,60.16544,24.95398,0000000038d83d41,33.81
18784,2019-08-01T09:06:51Z,1951291ca064d0fb480d958037c1477427d2ca8db455fef0b741bf9f,60.16448,24.97323,0000000053c6c2be,21.87
18785,2019-08-01T09:06:51Z,1f0f0628cdc688d76bde2b82bee5b9b4916bf0bbdfe76cf3213e1c65,60.15432,24.9211,0000000019fb59c4,12.69
18786,2019-08-01T09:06:51Z,1fdda4c2884e3254418c088e71dea3d2c474714fdba7d0d12c487ce5,60.16829,24.94214,00000000afef4555,23.56
18787,2019-08-01T09:06:51Z,2359f881a4fe8163beed82355aabbba0b00b99f1e4a2a4ccd7186bc4,60.16897,24.95222,00000000aa852af1,17.4
18788,2019-08-01T09:06:51Z,292606f67d727ffe99f3d106b447f4be48f7a9d57bab0871c46eeb58,60.1538,24.95595,0000000038bf9618,27.28
18789,2019-08-01T09:06:51Z,2a93b61a3863ace54349d7a0937e4134fcc6d4dfcf064eefae2b7cf8,60.15432,24.9211,0000000019fb59c4,18.79
18790,2019-08-01T09:06:51Z,5d65719c4cbf045f068d084b72302f447d5fd034413d97d13be00d0e,60.18203,24.91341,00000000342570c2,20.28
18791,2019-08-01T09:06:51Z,6a657079c1bdc8114c289be1ddd83e5846d4279a920d1697b8ff0033,60.18203,24.91341,00000000342570c2,23.56
18792,2019-08-01T09:06:51Z,6d22b751ff5173035dc85c52c3dff0780126adae67fe33dc62dd45ef,60.16531,24.9442,00000000fdda10fe,25.36
18793,2019-08-01T09:06:51Z,6ff437688c444238352c28f64f9d2a7d0f14d19c9ea42c225380501e,60.16762,24.95415,000000006b44cce7,11.7
18794,2019-08-01T09:06:51Z,76c7f42283513d0e289bf786d89463b5025b2ae0f4e13519a4cf228b,60.15432,24.9211,0000000019fb59c4,17.4
18795,2019-08-01T09:06:51Z,78d5f60b36b59c06c3988b94e11744bb3aed5dcbc214f91f228bf892,60.16448,24.97323,0000000053c6c2be,21.87
18796,2019-08-01T09:06:51Z,84fdfd8881f633c5f0c71c1480053953ca4b05e848052d97c063ad38,60.1538,24.95595,0000000038bf9618,21.87
18797,2019-08-01T09:06:51Z,87dfaad29a9276ddddb1fa021d3bc23ad14824c1af16f7d87e713689,60.14951,24.92138,0000000006dd41f6,9.92
18798,2019-08-01T09:06:51Z,8cc6ddaa460aeae8cc9e8a33f91a01c8cd4c0c8bf8a943210a28c84d,60.1538,24.95595,0000000038bf9618,16.1
18799,2019-08-01T09:06:51Z,9500bab795f51bdd64c3f0f2cd00ad5aa6d9b93195c29484e6e5f92a,60.16762,24.95415,000000006b44cce7,17.4
18800,2019-08-01T09:06:51Z,9843c6216661048343a0e49cf3d8aa2883cf77f452666a1c873a1052,60.16448,24.97323,0000000053c6c2be,8.38
18801,2019-08-01T09:06:51Z,9d03d14afa49576281aa26db60e517f7c1ec8aa36f7756959a860a8a,60.16629,24.95957,00000000fb7600be,9.92
18802,2019-08-01T09:06:51Z,a5302e72a58b038ac7633e65863bac48d8153d8837533ac7b5409f37,60.16629,24.95957,00000000fb7600be,10.78
18803,2019-08-01T09:06:51Z,a9da1ee82e3b670e276c26b483dd50f4a6d0c6f77ef82245d3ae6086,60.18203,24.91341,00000000342570c2,25.36
18804,2019-08-01T09:06:51Z,ab0f67c0c0e1ba5eac9013f9c314feadf340ddf08543b91e70483594,60.16544,24.95398,0000000038d83d41,21.87
18805,2019-08-01T09:06:51Z,b4faf2d3c4d2b199afeab6ab63b583fe3a2e81e14abbef6917f25129,60.15432,24.9211,0000000019fb59c4,23.56
18806,2019-08-01T09:06:51Z,cb65d9149ed0c4b936fa3dd930cf98d16ea7610207135a6f1689be01,60.18203,24.91341,00000000342570c2,23.56
18807,2019-08-01T09:06:51Z,ce783d3c1b06378e5c39c25687746a6f88fbb0ff2b36e3405fb61cf8,60.16762,24.95415,000000006b44cce7,17.4
18808,2019-08-01T09:06:51Z,cf05623e4d87ce0906c0b0b7dbf53aacc1228016cd27c341228b6e76,60.18203,24.91341,00000000342570c2,21.87
18809,2019-08-01T09:06:51Z,d127ead865385b64ae537a703a26be15fae4b5332ce0fbf03d5e0c23,60.1538,24.95595,0000000038bf9618,33.81
18810,2019-08-01T09:06:51Z,d178749a24c32676d0da0f51ae6ff63c456499d4b1814af8fa75ca9e,60.16448,24.97323,0000000053c6c2be,5.91
18811,2019-08-01T09:06:51Z,dd2c9c82cf3737146294aff6f814a1349fb0bc4bedf518715dacbe8f,60.18203,24.91341,00000000342570c2,14.89
18812,2019-08-01T09:06:51Z,ebd5792818b1818f5d1ea2cd8ef5e4b500cfc7a7fbb7be7907ce2d0c,60.16762,24.95415,000000006b44cce7,21.87
18813,2019-08-01T09:06:51Z,ec72ef080c605e71978aed0d3b5f22c3c3133677a43c614b72eedc6d,60.14699,24.922,00000000a53ed894,21.87
18814,2019-08-01T09:06:51Z,f22981c21af00fc334b3d8bdd523e23a50384666e97815f0ec1dc0ac,60.16897,24.95222,00000000aa852af1,17.4
18815,2019-08-01T09:06:51Z,f7e45613ad966fea53fab73b435ba3a087c774e36596b3a5156a3487,60.16829,24.94214,00000000afef4555,3.09
18816,2019-08-01T09:06:51Z,f99c5dd8cc08bd2353083d875ce8bc585fb2c2ff8427b90d92f571de,60.1538,24.95595,0000000038bf9618,31.5
18817,2019-08-01T09:06:51Z,fc4f3a44235f1cfc7b53f14ba2da599976a5a0a220d23b852688e485,60.17918,24.95141,00000000675d5200,25.36
18818,2019-08-01T09:06:51Z,00787dad708490660b0b836fa415681cc57046fa521c0c0aaea14a9e,60.16762,24.95415,000000006b44cce7,8.38
18819,2019-08-01T09:06:51Z,011372b726688a0c953368b50bc5a1cb0212c17dbecc587d9f9d75ce,60.16629,24.95957,00000000fb7600be,20.28
18820,2019-08-01T09:06:51Z,02050a536056486b1bf139282f0d0a3af63def1d56ff0c73ac51bb19,60.14947,24.91438,000000004ef3150d,17.4
18821,2019-08-01T09:06:51Z,023083c44c772667f1727e01c74518889b2a82d78ceb28c08b6f8a20,60.16531,24.9442,00000000fdda10fe,18.79
18822,2019-08-01T09:06:51Z,026f61905925674212a1c7d1e14b2ee5d1039bb4ecb5159f7d522150,60.16762,24.95415,000000006b44cce7,7.69
18823,2019-08-01T09:06:51Z,0362cc670dcfab795a3911957b6a177416bf9b99d0e2732716796c4d,60.15432,24.9211,0000000019fb59c4,5.91
18824,2019-08-01T09:06:51Z,03f427d436ba092925de462b11374bdbdab0443620037675621fbc11,60.17919,24.95181,000000007b5207b6,13.75
18825,2019-08-01T09:06:51Z,0483eb7342f4e704caa76b9bc3d6a7bd836282960dafc2c756247134,60.16762,24.95415,000000006b44cce7,6.46
18826,2019-08-01T09:06:51Z,0849a091b1aabe9b614b6b5c54dffd083dbb4473ca90dc972e4d37de,60.16829,24.94214,00000000afef4555,12.69
18827,2019-08-01T09:06:51Z,08f9fd60f852d3502bfa509c955e9963e73954f961d55ba8cd46cae9,60.16629,24.95957,00000000fb7600be,8.38
18828,2019-08-01T09:06:51Z,0951ec0c700dba7330b8e8181fc852becde054d0dc7474d1488db3cd,60.17065,24.93641,000000000f4919c9,13.75
18829,2019-08-01T09:06:51Z,0c1684b697a63d7f47ebaedcfa060b3b4af294fec1e62d613699291a,60.16897,24.95222,00000000aa852af1,4.5
18830,2019-08-01T09:06:51Z,0d2a30f4e69ed2b7c428129d550b561c93cfe41bbf290ae41a4343bc,60.16762,24.95415,000000006b44cce7,21.87
18831,2019-08-01T09:06:51Z,0d36588b0274c7fc1c33ed938ed6883bd98d7e2d5a66328940df8a94,60.14947,24.91438,000000004ef3150d,8.38
18832,2019-08-01T09:06:51Z,1069967e3921871955b1b2b42e60f829c593a3e024401bfe61ae410e,60.16629,24.95957,00000000fb7600be,16.1
18833,2019-08-01T09:06:51Z,10cd81594fd56fa1f2c4799419a45b70833d3d8583b817324ee96da7,60.16897,24.95222,00000000aa852af1,20.28
18834,2019-08-01T09:06:51Z,10d0fed0f7d40b253b5fc5a53297dc9af8bb76fa6f34d5e71383cb62,60.17918,24.95141,00000000675d5200,16.1
18835,2019-08-01T09:06:51Z,1134a082e36fe03359bac74c814a0ed20468c45230115d4e25aa230d,60.16829,24.94214,00000000afef4555,9.92
18836,2019-08-01T09:06:51Z,1271bcd33c0056265a5bdf6df4092a3c9e2209abee80570cb172031b,60.16897,24.95222,00000000aa852af1,23.56
18837,2019-08-01T09:06:51Z,13a759fd293cbde0d55db753d853768b718e59036c4007d2e3a8757a,60.16762,24.95415,000000006b44cce7,10.78
18838,2019-08-01T09:06:51Z,141a580597619f20b14d71a17562763921dafbb27c8aaaa8700fd522,60.16829,24.94214,00000000afef4555,21.87
18839,2019-08-01T09:06:51Z,14b431f72fc7a1705dec55f60900c3104cc3eab2bed0b01ad6745910,60.173,24.92524,0000000096918cfa,36.27
18840,2019-08-01T09:06:51Z,164d8280dbb888033f64368dd641bcef597fc327148fcf74374894c5,60.16544,24.95398,0000000038d83d41,20.28
18841,2019-08-01T09:06:51Z,16e18d478be872d2a9801fa885d08edeb3f5ae1840b38478f9baf535,60.17918,24.95141,00000000675d5200,18.79
18842,2019-08-01T09:06:51Z,171980d40f8d22e4729243ca1e6e18c1416a08d9e495829266ca211e,60.16897,24.95222,00000000aa852af1,25.36
18843,2019-08-01T09:06:51Z,190cdde22bc3e3a41cd0f9da7efb3a917bc09e8034b05ca6064ea8a8,60.17918,24.95141,00000000675d5200,27.28
18844,2019-08-01T09:06:51Z,1b68a6bcf7b740e0c437e0976d4900f31368afcb2c757bba30e0a249,60.16829,24.94214,00000000afef4555,7.69
18845,2019-08-01T09:06:51Z,1cfafdaa3ff1975bcf6f699641431e88775ba2183074d825eeb81dd3,60.149,24.9843,00000000fffb8cf0,18.79
18846,2019-08-01T09:06:51Z,1d3e776f5c2d0514afd5e1fdcfda632877b1f59274c7293182e7c9ad,60.16762,24.95415,000000006b44cce7,18.79
18847,2019-08-01T09:06:51Z,1d70ff49909e1d6fb653ae053aa78084daf385dbbd2ad22b05707309,60.16829,24.94214,00000000afef4555,4.5
18848,2019-08-01T09:06:51Z,1dacfb371d75dd4f90f447aac2a00faad98beb4188a6971c19eb2375,60.16629,24.95957,00000000fb7600be,23.56
18849,2019-08-01T09:06:51Z,1dbecade1f3540eb44c3d86cb1ffc73d5bf422ea0cf76927c2d5cd74,60.16829,24.94214,00000000afef4555,23.56
18850,2019-08-01T09:06:51Z,1dcff36b6f83b08b6ea87c1c1018c542c270299839908ca446dffb39,60.16762,24.95415,000000006b44cce7,9.92
18851,2019-08-01T09:06:51Z,1e3044c19f6913531b6dd4bccb88ad02c1b39192513ccffa05444edb,60.1538,24.95595,0000000038bf9618,27.28
18852,2019-08-01T09:06:51Z,1e6029f749dce72746f03dcc61a1986b14438610b7ff6a19c8165e6f,60.16829,24.94214,00000000afef4555,23.56
18853,2019-08-01T09:06:51Z,1eadb2c1984aa73c3c2f13eab0a2e793331443c617681e36887f0bcc,60.16629,24.95957,00000000fb7600be,18.79
18854,2019-08-01T09:06:51Z,1ecbc7c6afe89033252e5510cbb893666af2b3bc29f555a3a6287fdb,60.14951,24.92138,0000000006dd41f6,4.94
18855,2019-08-01T09:06:51Z,1f813dc10021899138c12ca17c58ab3dc24db1750dcb1790f9c20e8f,60.15133,24.92329,00000000e8a064a4,20.28
18856,2019-08-01T09:06:51Z,20b37aa6c3ad0dfea9c182498905a450537b0efbbd8563b205e93afd,60.16897,24.95222,00000000aa852af1,23.56
18857,2019-08-01T09:06:51Z,20ecc60ba6748bb4a65d10d3f27a3b928bcbc43ea0eab6ff9121c1bd,60.16829,24.94214,00000000afef4555,16.1
18858,2019-08-01T09:06:51Z,227fd98ceb97d84d0c2c3af35c32cee7a87aea62d71b1a5353ae3588,60.17065,24.93641,000000000f4919c9,31.5
18859,2019-08-01T09:06:51Z,25479245e5a8b0fe47e2bd590cdd63256d84afd6c164781dc64e527d,60.149,24.9843,00000000fffb8cf0,10.78
18860,2019-08-01T09:06:51Z,277fcf3cc917a89b46a34e0cf5164a78f5bcc88d92bb45ded60f1a91,60.17065,24.93641,000000000f4919c9,21.87
18861,2019-08-01T09:06:51Z,27b591b33a56a542440b53031a24f42290b0ec1a194af27700b75a3a,60.17918,24.95141,00000000675d5200,10.78
18862,2019-08-01T09:06:51Z,2823bf6afde4a5cc05342c15e7417c9590ba52264be5793bb688faab,60.17065,24.93641,000000000f4919c9,16.1
18863,2019-08-01T09:06:51Z,28296ae2b460df2f6807f8a84b81e5ebd24677a05bded29111dc33a4,60.17002,24.94407,000000006b087f40,23.56
18864,2019-08-01T09:06:51Z,2851f1c6f7f1a08c1f0a282a34a8f383121075c15cf18ea40d134972,60.16531,24.9442,00000000fdda10fe,33.81
18865,2019-08-01T09:06:51Z,28ce50ca84cdcd4c17a36ac666e7ac0267b6ab5b77f4bfb08b2573a1,60.16762,24.95415,000000006b44cce7,3.09
18866,2019-08-01T09:06:51Z,28d50861d92f962c7a49eabaa524431aebf52870e44b79f77d7167c6,60.17918,24.95141,00000000675d5200,12.69
18867,2019-08-01T09:06:51Z,29ae3c5c3aeac0c607bc816f7e74c232a40142b79a52c43c7b1ed42f,60.16829,24.94214,00000000afef4555,3.4
18868,2019-08-01T09:06:51Z,2afa9ac588b2c55e8edf99ee96ecaf63451a7ab1e51571b7e2d1d491,60.16762,24.95415,000000006b44cce7,3.4
18869,2019-08-01T09:06:51Z,2c184c9cc9c9a744c6959766a13f23462ffce29c252d073a252b6a7a,60.16762,24.95415,000000006b44cce7,16.1
18870,2019-08-01T09:06:51Z,2c1dcbe1930bbd0596b8dea9e2abc4e49a10db5a1fbd25f103aaf5a4,60.16762,24.95415,000000006b44cce7,9.12
18871,2019-08-01T09:06:51Z,2c6810efb2565383ca0a554f3c51f3f7905484357f5e00756dbf091a,60.17918,24.95141,00000000675d5200,2.8
18872,2019-08-01T09:06:51Z,2c6f6440161f9061a850e8db96383d5eb111f0d1d8f0b666b7c49f22,60.16897,24.95222,00000000aa852af1,10.78
18873,2019-08-01T09:06:51Z,2cd1630b209fe260a2b08554ebbf46b801e6390566ac1d78e6514b11,60.16531,24.9442,00000000fdda10fe,25.36
18874,2019-08-01T09:06:51Z,2ea9a23b1a04016fb4810d1ceb5731d90774224fd9235877005a4e1c,60.16897,24.95222,00000000aa852af1,33.81
18875,2019-08-01T09:06:51Z,2f09364857883d78a23aab14ac85e389ce786d0938e13cee655a7dbc,60.16762,24.95415,000000006b44cce7,14.89
18876,2019-08-01T09:06:51Z,2f43b7a683b0d365a46b6259a032813c293472eaedcdbcc3507adee5,60.17918,24.95141,00000000675d5200,4.11
18877,2019-08-01T09:06:51Z,2f79108a454c0072885ad1447280ed5098d061b229eaae61a8bb67be,60.15432,24.9211,0000000019fb59c4,20.28
18878,2019-08-01T09:06:51Z,2f82b3546af2df53b58cddc668c9aa196554108cdf39120ea40b417c,60.16629,24.95957,00000000fb7600be,1.12
18879,2019-08-01T09:06:51Z,2fb39eae730ec6f291700f841a64aaf680d52a8346399aec6ccb1dbb,60.17065,24.93641,000000000f4919c9,10.78
18880,2019-08-01T09:06:51Z,2ff189e5846383641192cafb595a7a8f77394239ee03aabd1bf3c49f,60.16829,24.94214,00000000afef4555,23.56
18881,2019-08-01T09:06:51Z,31b02b3b271f6feef9e49d9285929ff1c25a11e608fc5d70bc6a1fac,60.16897,24.95222,00000000aa852af1,16.1
18882,2019-08-01T09:06:51Z,32fcb1ab3a9fde533916ca28a0d5b56bbb45fd171dd5bae91f66ec6c,60.16897,24.95222,00000000aa852af1,8.38
18883,2019-08-01T09:06:51Z,33fa4cb82db5b44ffe6e7ae1039635187f90d1df328f8f139da0c693,60.17919,24.95181,000000007b5207b6,10.78
18884,2019-08-01T09:06:51Z,3480c16a6649952c388d8902596e332f018e609b9585f483353ae026,60.17065,24.93641,000000000f4919c9,2.3
18885,2019-08-01T09:06:51Z,34aa4c3c2f71b736426f6819c09b12c961bc996110fe1fa7c9772c5d,60.15432,24.9211,0000000019fb59c4,9.92
18886,2019-08-01T09:06:51Z,34e96c7caa63e7ede8f428b18e8fb556ac235d61a50c9d6ac7ff268f,60.17918,24.95141,00000000675d5200,13.75
18887,2019-08-01T09:06:51Z,359348d27f82b0270a68e954bff8bde5e1a2a32949c7088f12ce7dc8,60.15133,24.92329,00000000e8a064a4,33.81
18888,2019-08-01T09:06:51Z,367b1989198ef11170dd9fcfa7e6ebb5ceb58aab87c613ee1bb86e8c,60.16531,24.9442,00000000fdda10fe,10.78
18889,2019-08-01T09:06:51Z,3685ee6d322dcb2ad0ae181f66c3c5427d4531d7896d2f5f7571bb6d,60.16762,24.95415,000000006b44cce7,7.69
18890,2019-08-01T09:06:51Z,38fb20c6d55b10dd10a39c0fb41ad61297453e25afda81cf32313ae3,60.16531,24.9442,00000000fdda10fe,27.28
18891,2019-08-01T09:06:51Z,39c6456ee66fe96eee3d97cee2a70923cedb3da760bb5d4d413adb9c,60.17918,24.95141,00000000675d5200,2.8
18892,2019-08-01T09:06:51Z,39e9fa7033887b7ab339887aa68753ff94d4771cda2bb8ff4ea7aa0a,60.17918,24.95141,00000000675d5200,12.69
18893,2019-08-01T09:06:51Z,39f63cf5760b5bae69e8e4a32c6d9b96a1ed84e29cc868d27af934c0,60.149,24.9843,00000000fffb8cf0,27.28
18894,2019-08-01T09:06:51Z,3a1afdcf7c2e5a52cdbcbbe29e8281c184037e8720920c6c75bee339,60.15133,24.92329,00000000e8a064a4,18.79
18895,2019-08-01T09:06:51Z,3a253f272d2781dc2001addfbddcac5f3dbf18610988531707b80b60,60.16829,24.94214,00000000afef4555,20.28
18896,2019-08-01T09:06:51Z,3a2f1a2c6c645bd161943b3f19c171d021512d7a8c4273ed3022f5df,60.16829,24.94214,00000000afef4555,33.81
18897,2019-08-01T09:06:51Z,3a7b4023cee4b0d567a123a3d6aff0bc8f94663522bbdf0ea4306607,60.149,24.9843,00000000fffb8cf0,13.75
18898,2019-08-01T09:06:51Z,3a97ae4dcab31eb5e15e5d036d286e9764e25bcf0ad8afcfba854c90,60.16762,24.95415,000000006b44cce7,10.78
18899,2019-08-01T09:06:51Z,3b124e1851087531134d5e5d0a10b6afe3551982609a81a19dd969dd,60.16829,24.94214,00000000afef4555,20.28
18900,2019-08-01T09:06:51Z,3b668254c5b51de3e9aff861091c76a5e275ac5f20953174a90b82a2,60.17065,24.93641,000000000f4919c9,21.87
18901,2019-08-01T09:06:51Z,3b72559f8671f9bc77441302cc7d3167d5e13c8c4fb0a19edf83bed1,60.16629,24.95957,00000000fb7600be,25.36
18902,2019-08-01T09:06:51Z,3be40c84926a525adbd09eeeb3a12b73b24c633942b2e1fbe8151ac3,60.16448,24.97323,0000000053c6c2be,16.1
18903,2019-08-01T09:06:51Z,3d0437a1d090cd3cad05629e69a61c519aa6218e1b7fb47811e5a4ae,60.16762,24.95415,000000006b44cce7,13.75
18904,2019-08-01T09:06:51Z,3eea43670f4f29a90ced59c1af122371340275fb61ff8f14c7120658,60.16762,24.95415,000000006b44cce7,5.41
18905,2019-08-01T09:06:51Z,40825cb0d315c92e0e0a73cc8e86c3b763bbf7ce226f112913e05e0f,60.17065,24.93641,000000000f4919c9,25.36
18906,2019-08-01T09:06:51Z,41298dbe42c249c1484958a8818cfdb22e455565699a470137217284,60.17919,24.95181,000000007b5207b6,25.36
18907,2019-08-01T09:06:51Z,42844e90c7134ebb3ec325f57cd27cd24711c779548ebc8692a820d5,60.14951,24.92138,0000000006dd41f6,3.09
18908,2019-08-01T09:06:51Z,432417b4972b744ded3410777a6bbb583cf56172bf3436ddbe48a21d,60.16762,24.95415,000000006b44cce7,5.41
18909,2019-08-01T09:06:51Z,44334c68f3991fe858ac066726e0a884236a5d89fe94d917b48e857c,60.16829,24.94214,00000000afef4555,16.1
18910,2019-08-01T09:06:51Z,4470412c4b059a920f2699fbfb72b261e0847b3e1caa8c71d2edd5a2,60.16448,24.97323,0000000053c6c2be,20.28
18911,2019-08-01T09:06:51Z,4642dfa1df839f11e64f68bca4e3dce7bde2ff6dd68c54959fcb4788,60.17918,24.95141,00000000675d5200,7.69
18912,2019-08-01T09:06:51Z,4682d95464cedcc021f38271a51bab9c000762b4acf802070e259ba2,60.16629,24.95957,00000000fb7600be,13.75
18913,2019-08-01T09:06:51Z,46c37bb9313fa511d142a461fb0eedda90bf18eb9016d20db109f6a4,60.16829,24.94214,00000000afef4555,11.7
18914,2019-08-01T09:06:51Z,47bd1492244c444d45674eb48dd2e6f222cb109d820ba807c4e18c1a,60.16629,24.95957,00000000fb7600be,16.1
18915,2019-08-01T09:06:51Z,48004849b2f48b2314aa9175433d754db1641b949bb8cf050e2dd128,60.17918,24.95141,00000000675d5200,7.05
18916,2019-08-01T09:06:51Z,48c0ea6615ac4c02fc9bc0e06f9ea9309f9bf7e73b4324d7a6b14610,60.16829,24.94214,00000000afef4555,23.56
18917,2019-08-01T09:06:51Z,497d535ffc7af13ad6527c1139af3451abb3584a2490e3c470f73f9d,60.16762,24.95415,000000006b44cce7,18.79
18918,2019-08-01T09:06:51Z,49bbad87e4d6cd03bdb073bde7be91193d74d29943badce7fc536916,60.16448,24.97323,0000000053c6c2be,4.94
18919,2019-08-01T09:06:51Z,49df780a7f20a99ad2810fa4bbb46b5fac9bc5cbe3fc800cd572f63a,60.14947,24.91438,000000004ef3150d,14.89
18920,2019-08-01T09:06:51Z,49f30a741207cbfec775d36d911b5e67735df0f53762d3d5e0de05a8,60.16531,24.9442,00000000fdda10fe,25.36
18921,2019-08-01T09:06:51Z,4adf9bed4c6391fd34fc9611c3ff6977a984d62d20c49b647cf1d4d3,60.17002,24.94407,000000006b087f40,17.4
18922,2019-08-01T09:06:51Z,4ba529eeafb27285cbbade6e5ece0d4d04bd2d13c98b27a5d17abd22,60.16897,24.95222,00000000aa852af1,3.09
18923,2019-08-01T09:06:51Z,4c449b1b7d2aa2e3000f5d5069ea6adf43e4bf4e9d65a1df47334af2,60.16762,24.95415,000000006b44cce7,33.81
18924,2019-08-01T09:06:51Z,4c8696833edf46025bc9b5f589679b77a73c857736036aa9ef6696e5,60.17002,24.94407,000000006b087f40,21.87
18925,2019-08-01T09:06:51Z,4e0cd91ab267104ead6f9dcd1a840e19a1e215195b89c42ef74f1b90,60.17002,24.94407,000000006b087f40,25.36
18926,2019-08-01T09:06:51Z,4e5e16adfd317b7f9617f681099821bae42d6f0dca51dfd0957c65b4,60.16762,24.95415,000000006b44cce7,9.92
18927,2019-08-01T09:06:51Z,4f9125edf503fe3cb0ba1e1221fe6a67aafd99fcd89fd92d2bf20e97,60.16897,24.95222,00000000aa852af1,14.89
18928,2019-08-01T09:06:51Z,4fb4a3650a2a28469dde9c537458d24411aa6075666e047dd756fba9,60.17919,24.95181,000000007b5207b6,9.12
18929,2019-08-01T09:06:51Z,5001aabb6808b9fd96b705d1ebe8e7aca52713c2640100d81879dd86,60.17918,24.95141,00000000675d5200,4.94
18930,2019-08-01T09:06:51Z,518381021c83c138e4a82160bc6cc947b3866647e3c5d6818bdd63bb,60.17002,24.94407,000000006b087f40,16.1
18931,2019-08-01T09:06:51Z,529623421e226c215bcca0b1388813e291d3d13ed1d8465f0ab69147,60.16629,24.95957,00000000fb7600be,12.69
18932,2019-08-01T09:06:51Z,52d04561c07e0aab4f89e343cff0691d714ec5284ffb9a71954c93d8,60.16762,24.95415,000000006b44cce7,13.75
18933,2019-08-01T09:06:51Z,5328327c1bd91c38f3e3d1200d630dcc186849d71a76e63154527d36,60.16829,24.94214,00000000afef4555,12.69
18934,2019-08-01T09:06:51Z,5372348389197e6c4bc4c5e3dab047e7384d562220e6295904bbda1b,60.17065,24.93641,000000000f4919c9,3.09
18935,2019-08-01T09:06:51Z,5385ddf78e929052bb12c39651fb3ff99e3642aa079d49f687b4c73c,60.16762,24.95415,000000006b44cce7,8.38
18936,2019-08-01T09:06:51Z,54b89ed12e25892c9160e029a0379d61425b88db1aa30b06f9ea2d8b,60.17002,24.94407,000000006b087f40,21.87
18937,2019-08-01T09:06:51Z,54bd709173219e8017f317b63ecc83d0a48f64542e6fa1b83c86a56c,60.17918,24.95141,00000000675d5200,17.4
18938,2019-08-01T09:06:51Z,54d1f01f8b0ce9614205273f1ec21d8786626ce9a1939467bfb2985e,60.17918,24.95141,00000000675d5200,11.7
18939,2019-08-01T09:06:51Z,556cae6b2e2dec6fe691a835e8e08bd016b1a65797c0aca46879329f,60.17919,24.95181,000000007b5207b6,5.41
18940,2019-08-01T09:06:51Z,559429bba23762a872fc7b1e2219d42125ab101e4355d43fdb94ed7b,60.17918,24.95141,00000000675d5200,5.41
18941,2019-08-01T09:06:51Z,559e6a5225ce35ab844c63ea0d0c1695dc490a3d9cfbafa5d35ac8d8,60.14947,24.91438,000000004ef3150d,13.75
18942,2019-08-01T09:06:51Z,5830a481876da00686f25b17dad06258a39212c0816ed04dda2df1bd,60.16531,24.9442,00000000fdda10fe,18.79
18943,2019-08-01T09:06:51Z,5865a27b5b56a60bca38e4a1403655e3e7fd0232a3ff2079965aff81,60.15432,24.9211,0000000019fb59c4,5.91
18944,2019-08-01T09:06:51Z,587bff756f80d37255456988cd830aec24c7fa6faa4dbff5bd2350ca,60.17065,24.93641,000000000f4919c9,27.28
18945,2019-08-01T09:06:51Z,5978726eeef638856dafd3a8d199287f8daf9e90ddde750b402f8bb0,60.17065,24.93641,000000000f4919c9,0.34
18946,2019-08-01T09:06:51Z,5a3004325b5a058e02fb9f32ef4f7e9cc465240cbda7a7e4ec89d2de,60.16629,24.95957,00000000fb7600be,23.56
18947,2019-08-01T09:06:51Z,5a34b02faac3189217466888ef1d31cc80f721ac2f18638c5db88d53,60.14947,24.91438,000000004ef3150d,21.87
18948,2019-08-01T09:06:51Z,5a857d46d2710076dd9ff377dc9ae0c17e4db2a46db79f1e8d158cfa,60.16829,24.94214,00000000afef4555,16.1
18949,2019-08-01T09:06:51Z,5a8d671a78b976d212d9746d88b9a754a2d9c8341c529e88b7c6b8f4,60.17065,24.93641,000000000f4919c9,12.69
18950,2019-08-01T09:06:51Z,5b06617477af6dcee75a94ac347364b50f6f3b5b7d747e5413d9ad58,60.14947,24.91438,000000004ef3150d,16.1
18951,2019-08-01T09:06:51Z,5c1f71098d5d7258d2971061c791c94e0138c8e02225c5f60d6a0428,60.149,24.9843,00000000fffb8cf0,16.1
18952,2019-08-01T09:06:51Z,5daa76852f3e1be6c75fa2185d5787ab9010cf83d6671515769a8649,60.16531,24.9442,00000000fdda10fe,9.92
18953,2019-08-01T09:06:51Z,5e2c5c20c88ccf362ed8749d1ddc041b1cb1c38d8dbeac7870179322,60.16629,24.95957,00000000fb7600be,4.5
18954,2019-08-01T09:06:51Z,5fc2fafdb6649a869ffd226bfe99095b50996797c20447b63333997d,60.15133,24.92329,00000000e8a064a4,14.89
18955,2019-08-01T09:06:51Z,6072bfb496e2b8a999c9edbda5b76fbc0e783ff2a439c4e6c881fabf,60.16829,24.94214,00000000afef4555,18.79
18956,2019-08-01T09:06:51Z,61cad0901875294dc868a6d894b5f275a95e6ab6e4a369eefa0fe4bd,60.16762,24.95415,000000006b44cce7,17.4
18957,2019-08-01T09:06:51Z,61e4465b011a94bbf6341adebb1aed56100967cac117b368910b36de,60.16544,24.95398,0000000038d83d41,21.87
18958,2019-08-01T09:06:51Z,626bf35ce16dba1054cfd175d09475d3ee751bf70e56f984ff5c7ab6,60.15133,24.92329,00000000e8a064a4,20.28
18959,2019-08-01T09:06:51Z,63ff2439779051005c18876d20ed53ce060c1de9d7976821bd518fc6,60.15432,24.9211,0000000019fb59c4,10.78
18960,2019-08-01T09:06:51Z,65b6b62b547e11e10f7f83ad497446bee2bb9653097d9d62e9b1b817,60.17065,24.93641,000000000f4919c9,13.75
18961,2019-08-01T09:06:51Z,66ff53281ba2609d80dba728a2d1deea5bac68d20e2b69802d50b924,60.15432,24.9211,0000000019fb59c4,25.36
18962,2019-08-01T09:06:51Z,674355e17da9460e58566497be518f2eb537880c67c788fedb5067db,60.16629,24.95957,00000000fb7600be,13.75
18963,2019-08-01T09:06:51Z,67cf7d2881080aa59ed36a6d88ea1946d17e9d1d5e1ad9eee1851969,60.18203,24.91341,00000000342570c2,18.79
18964,2019-08-01T09:06:51Z,684e7a868866e631c134ab5bd21b6ba738f6ebc6d5b5c169e366c6ee,60.16897,24.95222,00000000aa852af1,7.05
18965,2019-08-01T09:06:51Z,685af6b01bd180194d718801bb8b9c9de22050cc392d6c6441fe986b,60.18203,24.91341,00000000342570c2,8.38
18966,2019-08-01T09:06:51Z,69e2854c78a472b462941ef730aa9fa7a9dba9c1cc22996396d4c78a,60.17918,24.95141,00000000675d5200,4.11
18967,2019-08-01T09:06:51Z,6adce4d05e58232a97635a2fd7918e4e49d9295afc0989d727f9c712,60.17002,24.94407,000000006b087f40,4.11
18968,2019-08-01T09:06:51Z,6d98ac1fea7056e5b96d6095caf0e3677a4ec30e9fbcc2e50ae1cf65,60.16629,24.95957,00000000fb7600be,10.78
18969,2019-08-01T09:06:51Z,6dca84ddf4be668487766d17c5d13961ed713d24032f709ae87a497f,60.16829,24.94214,00000000afef4555,14.89
18970,2019-08-01T09:06:51Z,6dd5463e670c352180c1e912300e21e59f5e2976266df8c3c92b0baf,60.16829,24.94214,00000000afef4555,5.91
18971,2019-08-01T09:06:51Z,7003a7f6a5523b645634f014e04bea36016953a8af9324e35602bc2e,60.14947,24.91438,000000004ef3150d,11.7
18972,2019-08-01T09:06:51Z,704c3f3075f13713c363014fa828e4a932e7a05676813b9963a1e554,60.17918,24.95141,00000000675d5200,3.4
18973,2019-08-01T09:06:51Z,71b01bb8b8e877dc9ca40e756f441571d12ee3311a945417e8aaa116,60.16762,24.95415,000000006b44cce7,4.11
18974,2019-08-01T09:06:51Z,7292a4a47ed655e0ce0ead026bb0ae4b8093342f87a9aed5665c1456,60.16762,24.95415,000000006b44cce7,9.12
18975,2019-08-01T09:06:51Z,729c5f2cffe7e3f5554f3c2bbc7f717457700e648ccb716bb2e98c8a,60.17002,24.94407,000000006b087f40,25.36
18976,2019-08-01T09:06:51Z,72f088587da3409c5a4bec360a52a230a7551c3671441baaaabc6357,60.16829,24.94214,00000000afef4555,12.69
18977,2019-08-01T09:06:51Z,750297d0d8ff0ca837d9c2289c26302d62f38708617150431ab14509,60.16531,24.9442,00000000fdda10fe,17.4
18978,2019-08-01T09:06:51Z,7563b91d728fe470bc4d89aa18128a87b92c747336dd2c70cfbf9e84,60.1538,24.95595,0000000038bf9618,23.56
18979,2019-08-01T09:06:51Z,7700297fec4982ad776529835e2ab46d4e5cbc889e26f368c19efeef,60.16829,24.94214,00000000afef4555,7.05
18980,2019-08-01T09:06:51Z,774131d73accbbb31ec3c43c3501b7969645eb65df1839ca8116526e,60.15432,24.9211,0000000019fb59c4,5.41
18981,2019-08-01T09:06:51Z,78609e8c2bd9c5464a2dcac1e41e4dedfa24ed31cca7098fd67c668b,60.16829,24.94214,00000000afef4555,29.32
18982,2019-08-01T09:06:51Z,7a6e7ba82e6b0c07f13302099a2ffb55e08a56850ee8c1c6c1bd65d3,60.17065,24.93641,000000000f4919c9,27.28
18983,2019-08-01T09:06:51Z,7c1534082e86ff4387878d813207626d8f728aa26b97248e00a3b8d7,60.16629,24.95957,00000000fb7600be,20.28
18984,2019-08-01T09:06:51Z,7cd51189de07d01882cf0a9346f0830a9b21764875334d45e143fbd5,60.17002,24.94407,000000006b087f40,13.75
18985,2019-08-01T09:06:51Z,7d12711d47425111a6dce413faa867542b9532f3b9c5a934b37a0bc8,60.17918,24.95141,00000000675d5200,16.1
18986,2019-08-01T09:06:51Z,7d415f4fd9093fb383b4ebb88961ad74e6a00d3ece39504712dad639,60.17918,24.95141,00000000675d5200,8.38
18987,2019-08-01T09:06:51Z,7e2e3d07c939e3e76e7ce87678faf64e056afe54215e00488839100f,60.14947,24.91438,000000004ef3150d,16.1
18988,2019-08-01T09:06:51Z,7eb4a715919b3eb4085270535ce4d7b57112591ad7242eb189bf652a,60.17065,24.93641,000000000f4919c9,20.28
18989,2019-08-01T09:06:51Z,7eee93799a4b0a73081b5997eaba4036febdfde0bb766caf4de4b5a2,60.16829,24.94214,00000000afef4555,18.79
18990,2019-08-01T09:06:51Z,7efa1cf3118062946e8958e89ffe767322a7bbf0d35d9d76b711e3b5,60.16762,24.95415,000000006b44cce7,16.1
18991,2019-08-01T09:06:51Z,7f59aaecea1eee6c703ec5d46d67b44289ddedf080defee495b73739,60.14947,24.91438,000000004ef3150d,10.78
18992,2019-08-01T09:06:51Z,7faf8705e89a761625aaed50b89538581e25d5950ec8f051d36ed829,60.14947,24.91438,000000004ef3150d,29.32
18993,2019-08-01T09:06:51Z,809bf2d7a0745ae512b934a578fd5fd47c13c5398b6d06ad350b9e7c,60.14947,24.91438,000000004ef3150d,25.36
18994,2019-08-01T09:06:51Z,814fca075a588ae71c130bafc9384a1c17e7bd8168994ae6fca55205,60.16829,24.94214,00000000afef4555,16.1
18995,2019-08-01T09:06:51Z,8165c5f8d06298ffd56f071c0ad1cc9f1d4f08084936937d712d0b61,60.15133,24.92329,00000000e8a064a4,13.75
18996,2019-08-01T09:06:51Z,828afe5ee1f94b9afbfd61b9673b7c8b21457d11dafb1d2ad98dbd23,60.149,24.9843,00000000fffb8cf0,29.32
18997,2019-08-01T09:06:51Z,8524898e498c83bde4bc1848aa2b372da84e7b2266f36aabe128cc27,60.17918,24.95141,00000000675d5200,13.75
18998,2019-08-01T09:06:51Z,85bdce5b262dbd94adcff03e6cad26a1152828b6ab27e6fdd56b2b13,60.16762,24.95415,000000006b44cce7,2.54
18999,2019-08-01T09:06:51Z,86b066ea755e9fd56188a608365c78bc7873db821770bdcfc83ed149,60.16762,24.95415,000000006b44cce7,9.92
19000,2019-08-01T09:06:51Z,86e7584bf95733cef59d74bb4955881e99dc86b73a0d5b4e3ef58b50,60.18203,24.91341,00000000342570c2,16.1
19001,2019-08-01T09:06:51Z,87f1cc4c4a9de1ab81fe39cf7fde6cf0d4778e690f1665b62231ce46,60.149,24.9843,00000000fffb8cf0,31.5
19002,2019-08-01T09:06:51Z,880f9cbb91b9caf48ea9c5dd1a0c8e1db72922b6dfcb647b102fc469,60.16629,24.95957,00000000fb7600be,3.4
19003,2019-08-01T09:06:51Z,88c2bc6310f27465b9f08b28fb52075d7703ce7b097e5beb37c7437c,60.14947,24.91438,000000004ef3150d,31.5
19004,2019-08-01T09:06:51Z,898cde3317c73907bb23b1b885828c4bf3187c3a757a18dc32abe970,60.16762,24.95415,000000006b44cce7,3.09
19005,2019-08-01T09:06:51Z,8a70673a694137689441a8a18cff0044d959d5d1991c92c7b5fb8f0c,60.16829,24.94214,00000000afef4555,6.46
19006,2019-08-01T09:06:51Z,8c571538c285dba9d77edacfb1829b282d54b772b62209c6e4004237,60.17918,24.95141,00000000675d5200,1.54
19007,2019-08-01T09:06:51Z,8d5e893f77b3d167ebefad4ecab181fea08513599a6f9450f0b9a827,60.17919,24.95181,000000007b5207b6,14.89
19008,2019-08-01T09:06:51Z,8e20d0d67339e3cf43e77c3a340d9dc6766de8d079197a08a1343ff0,60.17065,24.93641,000000000f4919c9,25.36
19009,2019-08-01T09:06:51Z,8e6caf283696ed75a4aff0c3f528dad5878f6f4b82cbd3eae1164484,60.16897,24.95222,00000000aa852af1,17.4
19010,2019-08-01T09:06:51Z,90a44cbd1a957cc59a6986cff9b6b7b8e151d379e17da645069428b8,60.173,24.92524,0000000096918cfa,27.28
19011,2019-08-01T09:06:51Z,941e13893853105c86bfbc6d31d62274937602143ce3bb530c8c17ed,60.17918,24.95141,00000000675d5200,11.7
19012,2019-08-01T09:06:51Z,9609babe3114439a82f93f797f4a6e779b6bab625488b8ff5b63e674,60.16829,24.94214,00000000afef4555,18.79
19013,2019-08-01T09:06:51Z,96fe6f46ee651c416e8582b7158344011d0d2c74518a8df4be8791dd,60.16544,24.95398,0000000038d83d41,33.81
19014,2019-08-01T09:06:51Z,9998e64e3b5162fd8890fc4e2dfe41a3e875f08500f1cef0c4820855,60.16829,24.94214,00000000afef4555,16.1
19015,2019-08-01T09:06:51Z,99a026b5100e23129fa529e9a57a3dbc8490dc03b58f2193f03e2dcf,60.14951,24.92138,0000000006dd41f6,5.41
19016,2019-08-01T09:06:51Z,9abbc86fb0fc1c0532042814af76a97e6a17121831d4394749a290a6,60.16762,24.95415,000000006b44cce7,7.69
19017,2019-08-01T09:06:51Z,9b3e6848d8b34e802134d6da0e5a594897ec3fafbbf08b6d0b84068e,60.17918,24.95141,00000000675d5200,8.38
19018,2019-08-01T09:06:51Z,9bef8b28ea93ecaee57d05b037edbfe7f80014aaf56343345fedd7be,60.17918,24.95141,00000000675d5200,13.75
19019,2019-08-01T09:06:51Z,9c3468620f03e8cd338f2e12c4d2839479aae001db527fb45cba43a6,60.149,24.9843,00000000fffb8cf0,20.28
19020,2019-08-01T09:06:51Z,9e343a150f07bb3dcce5ecab8ac061b84d65b347b1af5a232e00eeb6,60.16829,24.94214,00000000afef4555,9.12
19021,2019-08-01T09:06:51Z,9fa57cff946eb6b758bd810321b0bb80d6f0c46ca5fb40b0ec22ca0d,60.16762,24.95415,000000006b44cce7,17.4
19022,2019-08-01T09:06:51Z,a04214b56cac7d70680703ee6a28fac742f3c3190b55b46a79c1f76d,60.149,24.9843,00000000fffb8cf0,21.87
19023,2019-08-01T09:06:51Z,a2333053951d093ef490bcc3b9455fa0ed512421b5b597602785ab28,60.16531,24.9442,00000000fdda10fe,9.92
19024,2019-08-01T09:06:51Z,a2c53a9ecb3dab08bc3bf70db35ea02e6f15cedb137ce7817751f27c,60.16829,24.94214,00000000afef4555,16.1
19025,2019-08-01T09:06:51Z,a2e761fd97d8bdf78601300822b531e306b9ab7a1a43b6bfb07eba52,60.14947,24.91438,000000004ef3150d,12.69
19026,2019-08-01T09:06:51Z,a38c11c450b472b9dad2f076e2d9a63651292d3de806331d06af7f46,60.16531,24.9442,00000000fdda10fe,13.75
19027,2019-08-01T09:06:51Z,a403dc1eebc5d130e12a4c3e4298737c9e00b25b1b6b2cc36a6979c9,60.16629,24.95957,00000000fb7600be,11.7
19028,2019-08-01T09:06:51Z,a4b9f871dcc986c95f1e84fe203bb392ba0fe13164d89119bda2c94a,60.16762,24.95415,000000006b44cce7,5.41
19029,2019-08-01T09:06:51Z,a786eb3b8a25c58099a428799e99d0b86401f803ee38d3e5d20e59d3,60.15432,24.9211,0000000019fb59c4,4.5
19030,2019-08-01T09:06:51Z,a808962cb511e5ed2d23e6e33efe252b1be29dc1d2f7c6154817f04f,60.16448,24.97323,0000000053c6c2be,18.79
19031,2019-08-01T09:06:51Z,a83415babca8eac00f69a32371a230fdadda29bf40fd69f75cf2e8fb,60.17918,24.95141,00000000675d5200,17.4
19032,2019-08-01T09:06:51Z,a83703c80a4d58db87327a53b0d3664d23edf7350ff6b0afaa49c530,60.16629,24.95957,00000000fb7600be,11.7
19033,2019-08-01T09:06:51Z,a837f2314938b1510f3b4cc5900d5d67bc7212d234d9fed1c64f3861,60.16762,24.95415,000000006b44cce7,14.89
19034,2019-08-01T09:06:51Z,a838fe521ed943ab5d8f7c5d408246fb2370ea139b12544208826ea9,60.16897,24.95222,00000000aa852af1,29.32
19035,2019-08-01T09:06:51Z,a8ca7fb815e707c04434a085c4f99e783d56372143afc92225eae622,60.15133,24.92329,00000000e8a064a4,11.7
19036,2019-08-01T09:06:51Z,a9ee2aabbd32919adf0325ca2f2c5f8e0ba801bc168e8756cda957da,60.16629,24.95957,00000000fb7600be,18.79
19037,2019-08-01T09:06:51Z,aa05a7036c3586a79d23f426b78bf158357208bc82d7ddf9a1326dd2,60.16531,24.9442,00000000fdda10fe,16.1
19038,2019-08-01T09:06:51Z,aa5281244780ac8f283c3452639d477cd76e31fc6f0b95b99c51a9b0,60.16762,24.95415,000000006b44cce7,2.8
19039,2019-08-01T09:06:51Z,ab615ee5bbf567aee3505fbb360d09fc6b851f93fb15aef778b57128,60.16531,24.9442,00000000fdda10fe,16.1
19040,2019-08-01T09:06:51Z,abf0be93e7a8aec9fa8284fdbcc2493f32084aa95f15660b23e149c6,60.16629,24.95957,00000000fb7600be,17.4
19041,2019-08-01T09:06:51Z,acb3f4b2a6b9fe720b98158caba37c1958df05919990f30368dbbd8b,60.16762,24.95415,000000006b44cce7,18.79
19042,2019-08-01T09:06:51Z,acbbe4765d72f36b0323407c7dbe43db7b4ad5e2da0a6a9e5966db0b,60.16897,24.95222,00000000aa852af1,17.4
19043,2019-08-01T09:06:51Z,ad22512fd6a5ad9e19fdfad7e02b2793ecb01875be243f894c637ae2,60.16829,24.94214,00000000afef4555,4.11
19044,2019-08-01T09:06:51Z,af67ffa8b538058603b74f48e04ab914e8f6cd450f53c47f8c3d683d,60.15432,24.9211,0000000019fb59c4,10.78
19045,2019-08-01T09:06:51Z,afaed9946dbc1509500c6f80f87eed8fe44a74ba3e14328c6efe3971,60.16829,24.94214,00000000afef4555,9.92
19046,2019-08-01T09:06:51Z,b09e9bb62cc49c085c1aee3b752af1bec69dabc939323e5733f73933,60.17065,24.93641,000000000f4919c9,21.87
19047,2019-08-01T09:06:51Z,b2728a54ebd2991e59d91f96f73d376de0adccecfef1326c4f51b74a,60.16762,24.95415,000000006b44cce7,11.7
19048,2019-08-01T09:06:51Z,b32e57a6f5865a23d7a0e9fa346d5ec4e975f99c4df815fe8b1449b2,60.17918,24.95141,00000000675d5200,12.69
19049,2019-08-01T09:06:51Z,b474e34db18d21635ec9ea2654513e6759c326f3aaec96c25f9a204e,60.16897,24.95222,00000000aa852af1,12.69
19050,2019-08-01T09:06:51Z,b50a45ac0708e7b5cca42f3458430eb22ff70a81c575bafe99ffda23,60.17002,24.94407,000000006b087f40,4.94
19051,2019-08-01T09:06:51Z,b5603e758440226e490d1d7d7271a7b0d5c261eccbad198f81110136,60.15432,24.9211,0000000019fb59c4,2.08
19052,2019-08-01T09:06:51Z,b6c43126ca83e916a68e57d0178060c24fc61305836b6c8f188f7285,60.17918,24.95141,00000000675d5200,7.05
19053,2019-08-01T09:06:51Z,b6f0f4101a1a258dcb1d82d77ca91000694d4fed15bd882a8e3bfe66,60.149,24.9843,00000000fffb8cf0,13.75
19054,2019-08-01T09:06:51Z,b7c3b37b32d534f6824ac8d99b4c79d0cb915cab104fdb745550ea22,60.16762,24.95415,000000006b44cce7,11.7
19055,2019-08-01T09:06:51Z,b8fb70225ee0a2d655e2809da07a2f8cd2feb7295aa256f8b35fcf1e,60.16629,24.95957,00000000fb7600be,7.05
19056,2019-08-01T09:06:51Z,bb2187a4e20012ad694c768ef2c47c9a9055671024ebf4855d4e6243,60.16531,24.9442,00000000fdda10fe,1.12
19057,2019-08-01T09:06:51Z,bc436a99a8805080541bd9dc9743df4f0e34172e2c70b59f64c4260c,60.16762,24.95415,000000006b44cce7,13.75
19058,2019-08-01T09:06:51Z,bc6d5082ca52e6dae7a1689a835434f3f6341e90afea565480eb9674,60.16829,24.94214,00000000afef4555,9.12
19059,2019-08-01T09:06:51Z,bc82f76c979de19b559e9e3aa0cd6cbf5ac361e2d7b1ac9f81fe2f4f,60.17918,24.95141,00000000675d5200,4.5
19060,2019-08-01T09:06:51Z,be12d6aaccf354197284a8c92b960bd6a4e1705f7d948823e7891fde,60.16762,24.95415,000000006b44cce7,8.38
19061,2019-08-01T09:06:51Z,bee144e090a471427ec7878609f2446cb79f4c8d7e3c3bf0f67cf8d2,60.16762,24.95415,000000006b44cce7,12.69
19062,2019-08-01T09:06:51Z,bf546b1abc8eba5c7f399f527508a7304dea62586aa297896d71ea5c,60.18203,24.91341,00000000342570c2,20.28
19063,2019-08-01T09:06:51Z,c0437323576533ad6260b254f018a8396ad9906fe366b9d5c5b5e6c1,60.1538,24.95595,0000000038bf9618,27.28
19064,2019-08-01T09:06:51Z,c15da9ed244b57a27a083919c67d0edde078a31b18cb58f13581f173,60.1538,24.95595,0000000038bf9618,23.56
19065,2019-08-01T09:06:51Z,c1674c59c49d5bf74e6808239a91d18a04e47697d298bc61a7618af2,60.16448,24.97323,0000000053c6c2be,13.75
19066,2019-08-01T09:06:51Z,c19294a0a6dd80604d1435e92cecc363af55f32ef9d41af8b67687e2,60.16897,24.95222,00000000aa852af1,16.1
19067,2019-08-01T09:06:51Z,c1bf1bf699e9bc78ca15c9490d1ef02e3323f0c2c76bf0fca7955a69,60.14947,24.91438,000000004ef3150d,16.1
19068,2019-08-01T09:06:51Z,c3320c19d0343faf8c298070dd061465dd6b2e745170ca7a14b0b01f,60.1538,24.95595,0000000038bf9618,25.36
19069,2019-08-01T09:06:51Z,c375f2dac85f963c33b2daf76ffb0c32d2c8fd08172419336e308686,60.14947,24.91438,000000004ef3150d,25.36
19070,2019-08-01T09:06:51Z,c434f18b802a764aad7a2dfb46e93546acb1b0975cf9b93fd47363f6,60.15432,24.9211,0000000019fb59c4,3.09
19071,2019-08-01T09:06:51Z,c51beff15d228f2dab9416cadfcc60fe269ce3d9202a9cf2ec7e7647,60.16829,24.94214,00000000afef4555,21.87
19072,2019-08-01T09:06:51Z,c65c11ee6e8b5894ead3ea9b007a39127edb65a67be253aca6f78ed0,60.16448,24.97323,0000000053c6c2be,33.81
19073,2019-08-01T09:06:51Z,c8b9856a261673c3360915cd9a4dabb4afe22b63a86d7f59f7dc5f20,60.17002,24.94407,000000006b087f40,18.79
19074,2019-08-01T09:06:51Z,c8df45d222b573af5441c1ec32616df82891a813c9217002a9d60846,60.16829,24.94214,00000000afef4555,20.28
19075,2019-08-01T09:06:51Z,ca2c0921a9cc3e9d131808519cd1653a1d46f1f5ffefd42465a09f7c,60.173,24.92524,0000000096918cfa,23.56
19076,2019-08-01T09:06:51Z,ca7719c7cd8d4496b666f608fc07ba9930e362a0b2d96890b0778618,60.16629,24.95957,00000000fb7600be,14.89
19077,2019-08-01T09:06:51Z,cccf3ba2a9d11b9330c18af8064a20aca9995473495bf119162a1619,60.16897,24.95222,00000000aa852af1,8.38
19078,2019-08-01T09:06:51Z,cd24d4831d3c3e8dad5e555b47528aa6b11e307b2882be4f65dd4076,60.17002,24.94407,000000006b087f40,27.28
19079,2019-08-01T09:06:51Z,cdac044b0b1896d284492c14301798e2f2534db67c03cfbef7722fb3,60.17919,24.95181,000000007b5207b6,29.32
19080,2019-08-01T09:06:51Z,ce7de55c7709396c70ce5930097e84449a4889700e605a0b062aaeae,60.16531,24.9442,00000000fdda10fe,21.87
19081,2019-08-01T09:06:51Z,d062562fed5ad0a61560e267310beb0b717d2a1e2a11d1d575507861,60.16897,24.95222,00000000aa852af1,27.28
19082,2019-08-01T09:06:51Z,d0ae4fabf429edbfdad59f8183cc6e5929f68633315448c9b83d4c16,60.16762,24.95415,000000006b44cce7,8.38
19083,2019-08-01T09:06:51Z,d16e16def718519430296afa23976c226aaf720722bce3d92a2aad43,60.14947,24.91438,000000004ef3150d,18.79
19084,2019-08-01T09:06:51Z,d1faee5d7ab668314d8972190af2f3649a33a478db8ffb92927d5eb0,60.16829,24.94214,00000000afef4555,10.78
19085,2019-08-01T09:06:51Z,d29a5ebd00326d5dedb6c60cab75fd238bdaa9d7f703f6b5974edbc7,60.16544,24.95398,0000000038d83d41,23.56
19086,2019-08-01T09:06:51Z,d2e031effb19fbd1a46b33bd84dab9823c8c4d8260318b7bd28832d3,60.16762,24.95415,000000006b44cce7,16.1
19087,2019-08-01T09:06:51Z,d31d6921eee92503b486a1b30f5330581c4744a82e6549f375544846,60.17918,24.95141,00000000675d5200,17.4
19088,2019-08-01T09:06:51Z,d3f966516acf006031daf47f0af91fa5d59aa383ac5728b0bf05534d,60.16829,24.94214,00000000afef4555,18.79
19089,2019-08-01T09:06:51Z,d562afdedae521be241c98441e436608a323fdb944dedc24c835e762,60.17065,24.93641,000000000f4919c9,4.11
19090,2019-08-01T09:06:51Z,d653ef8368d33df4fc7edeb5a381d5826be1471f1470aa9744d47901,60.173,24.92524,0000000096918cfa,3.4
19091,2019-08-01T09:06:51Z,d65b8625c1f24304ff0e3c4a4dce7aa5d434d36be87be41834a49420,60.16531,24.9442,00000000fdda10fe,9.92
19092,2019-08-01T09:06:51Z,d6e217c6592e449e2390b1a874e08cbc9126116901dbdbf84501c6b8,60.17065,24.93641,000000000f4919c9,9.12
19093,2019-08-01T09:06:51Z,d74ea3c9e0aaa523c791aa01f4f9a7c1c43f01f585dc4146b19edf83,60.17918,24.95141,00000000675d5200,14.89
19094,2019-08-01T09:06:51Z,d87c4d5dc2cd620de54fdd076d4f9b35245053d65b644d9e01f558b5,60.16762,24.95415,000000006b44cce7,5.91
19095,2019-08-01T09:06:51Z,da78c33b53b0b3a551adb83bc2953f20006ca37faff42dbdd687045c,60.17065,24.93641,000000000f4919c9,18.79
19096,2019-08-01T09:06:51Z,dbedd81db3d59ee0c6948187e396a34e2fa5dd6670cf8d862bf5e1ff,60.16762,24.95415,000000006b44cce7,7.69
19097,2019-08-01T09:06:51Z,ddae2128c72cf011df2a698a8254b8738fd07a971349ea8a5e8bfa9f,60.16829,24.94214,00000000afef4555,21.87
19098,2019-08-01T09:06:51Z,deb8a213e1b4930e676ee8fdb394161ec46adb785171fa37437b4d44,60.15133,24.92329,00000000e8a064a4,12.69
19099,2019-08-01T09:06:51Z,dfe80baf219bd267a459c954a8e3027b3f1ed29fea2a5355456d5652,60.16897,24.95222,00000000aa852af1,7.69
19100,2019-08-01T09:06:51Z,e09515dbe1e90af07cb756a83c222c60f5f0566f94590848e72f6401,60.16762,24.95415,000000006b44cce7,7.69
19101,2019-08-01T09:06:51Z,e0cf7a6517d1ada0d8ef91433c515d7c771cb73905ec354546b9741f,60.16762,24.95415,000000006b44cce7,25.36
19102,2019-08-01T09:06:51Z,e0fe7fe5854899c0eb42b75b300339808143419404558ed4d00b0f17,60.17918,24.95141,00000000675d5200,9.12
19103,2019-08-01T09:06:51Z,e234769b1ce1634554f5fa4a290d11b2a30c3dfd009d4c39a2e9dd3d,60.17065,24.93641,000000000f4919c9,11.7
19104,2019-08-01T09:06:51Z,e294dde431d68c7b73efcf1f9b916e40bf408111c79228032c7830a4,60.16544,24.95398,0000000038d83d41,20.28
19105,2019-08-01T09:06:51Z,e2bb0ae74deee6cbc4f50c5f85da3f1779ca1db1ae7ff48ab4b33dbc,60.17918,24.95141,00000000675d5200,2.8
19106,2019-08-01T09:06:51Z,e2f445c6711e0e7d48a6a045bec347587f9f398e8928a171cfa2ca38,60.16762,24.95415,000000006b44cce7,8.38
19107,2019-08-01T09:06:51Z,e2f8b065913423b6cd370ba12adba60bad68b6ff2a97fbcb1d1614bf,60.16897,24.95222,00000000aa852af1,33.81
19108,2019-08-01T09:06:51Z,e3f844c56875bd572c3b57a835b884f1060b467d3bbd25c50dcc7e28,60.16762,24.95415,000000006b44cce7,23.56
19109,2019-08-01T09:06:51Z,e508e239ba2ca68b34ad5074f3d7b013e72f6f7df36eb6cdf545be78,60.16762,24.95415,000000006b44cce7,16.1
19110,2019-08-01T09:06:51Z,e528235be3e5cc4945024d50d1ed43061e2e2f2845f2b41e081e1721,60.17918,24.95141,00000000675d5200,7.05
19111,2019-08-01T09:06:51Z,e5cad8bb9a6c8dcc067948d7f869033aca5bdd062da175c8734092e6,60.17919,24.95181,000000007b5207b6,12.69
19112,2019-08-01T09:06:51Z,e60dfd6fdae0694da3bbaca41506bcb6ca5f3ac39a1801d84a65751e,60.16762,24.95415,000000006b44cce7,11.7
19113,2019-08-01T09:06:51Z,e73dcccbc4dd6af49316f19a34c347cc94ff7ab079a93a2672d78a16,60.14947,24.91438,000000004ef3150d,21.87
19114,2019-08-01T09:06:51Z,e8add7e8346b99cd4b67924113f3763441a1899897c6d1ac3a1a40a6,60.17918,24.95141,00000000675d5200,9.92
19115,2019-08-01T09:06:51Z,e8ed8051f57ad9d9029a5e3b443c5e93e5059f8c487ba45e2583d35a,60.16829,24.94214,00000000afef4555,11.7
19116,2019-08-01T09:06:51Z,e8fe5d3b6aa0651dff5b4a9c6dcff3135e3bdcbb1cddc9b871e9d991,60.14947,24.91438,000000004ef3150d,21.87
19117,2019-08-01T09:06:51Z,e979a153601f7520f54d4733fe91f75f154c8f1c08dc3408dbba5345,60.15432,24.9211,0000000019fb59c4,11.7
19118,2019-08-01T09:06:51Z,e9e1a66ce9f699fc1713bb44cd67a332f584f0c51d18774fc72b8eea,60.16762,24.95415,000000006b44cce7,13.75
19119,2019-08-01T09:06:51Z,ea3f8412ed9c4d92448688dd9cc7ff9e3eeb5fe4373d0953bf0349c1,60.16531,24.9442,00000000fdda10fe,12.69
19120,2019-08-01T09:06:51Z,ea94130fbb3464dc656765cfddbad802ddfafb1af8007cb5f42cd41f,60.16829,24.94214,00000000afef4555,9.12
19121,2019-08-01T09:06:51Z,eaf572301dc5c1eaff007bc1886cce8f0f5e92a233b8686ed2a1a9cc,60.17065,24.93641,000000000f4919c9,20.28
19122,2019-08-01T09:06:51Z,ec2dd83e04d225caca9f6b9d28bd3080ed37c5bf42e5f65123fa2394,60.17065,24.93641,000000000f4919c9,11.7
19123,2019-08-01T09:06:51Z,ec7121833f0e4b509d683b00a9c5e992e4b84882cb857145102e14f4,60.16531,24.9442,00000000fdda10fe,2.3
19124,2019-08-01T09:06:51Z,ef620c567fe4adc1160d75daa4075a87a75acb4a956b68eb60da0690,60.17065,24.93641,000000000f4919c9,16.1
19125,2019-08-01T09:06:51Z,efc51406db4c66b8a573ec325afe8a9258a04a71b46ff3aae1cfa696,60.16762,24.95415,000000006b44cce7,10.78
19126,2019-08-01T09:06:51Z,f1447725764ec0dca245fc67f2aa0a0c42e6b05808076aa74f0c1e7e,60.17918,24.95141,00000000675d5200,8.38
19127,2019-08-01T09:06:51Z,f18c0c32d067aecf5602d70693ac888cab1be6dbb0d154be5153dfcc,60.16829,24.94214,00000000afef4555,6.46
19128,2019-08-01T09:06:51Z,f1b28329fc91f4708ca34857c5582c0bf1b7d0ab06127746029cd72c,60.17918,24.95141,00000000675d5200,14.89
19129,2019-08-01T09:06:51Z,f20935810c1567a80c288016c4d4dd32fe86b3479f47ae7dd64d15cc,60.15432,24.9211,0000000019fb59c4,4.5
19130,2019-08-01T09:06:51Z,f29ed00b645af4bbf50174e71f58a9b691d2e2342e59eda242d97380,60.16829,24.94214,00000000afef4555,14.89
19131,2019-08-01T09:06:51Z,f2a253f2741501e675bd4bc055e22329fb09089d8bbe9813fc170cdb,60.16762,24.95415,000000006b44cce7,10.78
19132,2019-08-01T09:06:51Z,f4131e8c526b295b32dc9448a2a43ec900e25e8914003a963782e36c,60.16829,24.94214,00000000afef4555,20.28
19133,2019-08-01T09:06:51Z,f4587b90aec9127805880f7c81fc03b9fb513fe363015399b895089f,60.16829,24.94214,00000000afef4555,9.92
19134,2019-08-01T09:06:51Z,f4bbc3077da0455d4340da2eed204915327b75a792080724548b4956,60.17918,24.95141,00000000675d5200,1.88
19135,2019-08-01T09:06:51Z,f503a41d3e8b9b57628f4f061c1d8e0c53c62dd8a6fe38d212958ee6,60.16075,24.95883,00000000f1124bca,13.75
19136,2019-08-01T09:06:51Z,f50fd3b1715a94dff67461f4b8f252ecaa6acc16459b3d021f34f15e,60.1538,24.95595,0000000038bf9618,21.87
19137,2019-08-01T09:06:51Z,f65d3110b508f50688a970043fd573f9fa05a0dbad4c2e07a1fec923,60.16829,24.94214,00000000afef4555,21.87
19138,2019-08-01T09:06:51Z,f665079710528911e7b7844aa55433e09506580c7fed342e1febfaa5,60.16762,24.95415,000000006b44cce7,16.1
19139,2019-08-01T09:06:51Z,f741519cf6f519194bb45b9da0e69bda8edb903e3c24d4140f340467,60.16762,24.95415,000000006b44cce7,7.05
19140,2019-08-01T09:06:51Z,f77f8836e641389801309c311e926c1662264ab16efd01cd5bf27baf,60.16762,24.95415,000000006b44cce7,3.74
19141,2019-08-01T09:06:51Z,f803aeb1f00a057ed31451d0f3d132f27fec17305dc699176ac5339a,60.16897,24.95222,00000000aa852af1,20.28
19142,2019-08-01T09:06:51Z,f9e527876f8dfe750fd29bc42664bbf572aed5d09d344a8934a83d90,60.17065,24.93641,000000000f4919c9,4.5
19143,2019-08-01T09:06:51Z,fa1a3814c680b20020a08346c37ee2853e895984574575312bf262e7,60.14947,24.91438,000000004ef3150d,18.79
19144,2019-08-01T09:06:51Z,fa9f19c58a086fde9429d732b1eec80eacf5fc1b2c0124d17243d008,60.17918,24.95141,00000000675d5200,9.12
19145,2019-08-01T09:06:51Z,fba6e66dd09200012637e0b454c96fd7a5459b7e8b0ba01863cdbd77,60.16762,24.95415,000000006b44cce7,2.8
19146,2019-08-01T09:06:51Z,fe191b6937595e5cf2ac1491e9056f0f9fb5bf66c0cb900df00b4c64,60.16829,24.94214,00000000afef4555,7.05
19147,2019-08-01T09:06:51Z,fea1453360073dfc1896bf1f005f51addb49661f953e16cffba3c63d,60.16531,24.9442,00000000fdda10fe,7.05
19148,2019-08-01T09:06:51Z,ff10218d9a15a3bf160a969fa266f197770d363bc52dce7fa08ae990,60.16762,24.95415,000000006b44cce7,10.78
19149,2019-08-01T09:06:52Z,0bc5d37416fd27c336d64358a660668746f2c088ea9bf78994076bf9,60.16829,24.94214,00000000afef4555,20.28
19150,2019-08-01T09:06:52Z,0fff89885f08417f20aadfdbf62a372277e9085bcd024374b772ecac,60.16531,24.9442,00000000fdda10fe,23.56
19151,2019-08-01T09:06:52Z,144afc51fc2443c7031a2912566eff2ce60226a49d6d2bd7c2923700,60.16544,24.95398,0000000038d83d41,21.87
19152,2019-08-01T09:06:52Z,14c7e1511b70f4dd3359cbece1377aebb4d70531f5489eefe53d7c3c,60.16544,24.95398,0000000038d83d41,23.56
19153,2019-08-01T09:06:52Z,15918569de0a46a8eb56b43d8d39f7fc82619ff1006f00822c85745c,60.17918,24.95141,00000000675d5200,1.7
19154,2019-08-01T09:06:52Z,187e6d60389911b42d458c417ec912241546398dfe203ef7cef357c8,60.16544,24.95398,0000000038d83d41,25.36
19155,2019-08-01T09:06:52Z,1951291ca064d0fb480d958037c1477427d2ca8db455fef0b741bf9f,60.16448,24.97323,0000000053c6c2be,20.28
19156,2019-08-01T09:06:52Z,1f0f0628cdc688d76bde2b82bee5b9b4916bf0bbdfe76cf3213e1c65,60.15432,24.9211,0000000019fb59c4,20.28
19157,2019-08-01T09:06:52Z,2359f881a4fe8163beed82355aabbba0b00b99f1e4a2a4ccd7186bc4,60.16897,24.95222,00000000aa852af1,23.56
19158,2019-08-01T09:06:52Z,2a93b61a3863ace54349d7a0937e4134fcc6d4dfcf064eefae2b7cf8,60.15432,24.9211,0000000019fb59c4,20.28
19159,2019-08-01T09:06:52Z,5bbb5184fded3e51bc78e45e39917794285e6bbc72da404802a9599a,60.16531,24.9442,00000000fdda10fe,41.64
19160,2019-08-01T09:06:52Z,5d65719c4cbf045f068d084b72302f447d5fd034413d97d13be00d0e,60.18203,24.91341,00000000342570c2,18.79
19161,2019-08-01T09:06:52Z,6d22b751ff5173035dc85c52c3dff0780126adae67fe33dc62dd45ef,60.16531,24.9442,00000000fdda10fe,18.79
19162,2019-08-01T09:06:52Z,76c7f42283513d0e289bf786d89463b5025b2ae0f4e13519a4cf228b,60.15432,24.9211,0000000019fb59c4,20.28
19163,2019-08-01T09:06:52Z,84fdfd8881f633c5f0c71c1480053953ca4b05e848052d97c063ad38,60.1538,24.95595,0000000038bf9618,27.28
19164,2019-08-01T09:06:52Z,87dfaad29a9276ddddb1fa021d3bc23ad14824c1af16f7d87e713689,60.14951,24.92138,0000000006dd41f6,9.92
19165,2019-08-01T09:06:52Z,8c75c3289c84fe4493e1e272a77b615fe1985880c5dc68a7c1a17b53,60.16762,24.95415,000000006b44cce7,8.38
19166,2019-08-01T09:06:52Z,8cc6ddaa460aeae8cc9e8a33f91a01c8cd4c0c8bf8a943210a28c84d,60.1538,24.95595,0000000038bf9618,27.28
19167,2019-08-01T09:06:52Z,9843c6216661048343a0e49cf3d8aa2883cf77f452666a1c873a1052,60.16448,24.97323,0000000053c6c2be,10.78
19168,2019-08-01T09:06:52Z,9d03d14afa49576281aa26db60e517f7c1ec8aa36f7756959a860a8a,60.16629,24.95957,00000000fb7600be,9.92
19169,2019-08-01T09:06:52Z,a91d379a4b57c5df22db0d7a041ff69f657b4b31f28554b1011fc03c,60.16544,24.95398,0000000038d83d41,27.28
19170,2019-08-01T09:06:52Z,a9da1ee82e3b670e276c26b483dd50f4a6d0c6f77ef82245d3ae6086,60.18203,24.91341,00000000342570c2,17.4
19171,2019-08-01T09:06:52Z,ab0f67c0c0e1ba5eac9013f9c314feadf340ddf08543b91e70483594,60.16544,24.95398,0000000038d83d41,21.87
19172,2019-08-01T09:06:52Z,b33ae7715d6d2571066655c2c8954a5a364b5601869047de83410d9f,60.16629,24.95957,00000000fb7600be,23.56
19173,2019-08-01T09:06:52Z,b4faf2d3c4d2b199afeab6ab63b583fe3a2e81e14abbef6917f25129,60.15432,24.9211,0000000019fb59c4,16.1
19174,2019-08-01T09:06:52Z,ba42c72ea7c2663b3ea5044faf12173ab18e523dc35de0e24bf374ac,60.16544,24.95398,0000000038d83d41,23.56
19175,2019-08-01T09:06:52Z,cb65d9149ed0c4b936fa3dd930cf98d16ea7610207135a6f1689be01,60.18203,24.91341,00000000342570c2,13.75
19176,2019-08-01T09:06:52Z,cf05623e4d87ce0906c0b0b7dbf53aacc1228016cd27c341228b6e76,60.18203,24.91341,00000000342570c2,18.79
19177,2019-08-01T09:06:52Z,d127ead865385b64ae537a703a26be15fae4b5332ce0fbf03d5e0c23,60.1538,24.95595,0000000038bf9618,33.81
19178,2019-08-01T09:06:52Z,d178749a24c32676d0da0f51ae6ff63c456499d4b1814af8fa75ca9e,60.16448,24.97323,0000000053c6c2be,9.92
19179,2019-08-01T09:06:52Z,dd2c9c82cf3737146294aff6f814a1349fb0bc4bedf518715dacbe8f,60.18203,24.91341,00000000342570c2,13.75
19180,2019-08-01T09:06:52Z,ec72ef080c605e71978aed0d3b5f22c3c3133677a43c614b72eedc6d,60.14699,24.922,00000000a53ed894,33.81
19181,2019-08-01T09:06:52Z,f1f7b52845876f30642a66e5014615e91d05b70e771d5ea25341dc8c,60.16448,24.97323,0000000053c6c2be,25.36
19182,2019-08-01T09:06:52Z,f7e45613ad966fea53fab73b435ba3a087c774e36596b3a5156a3487,60.16829,24.94214,00000000afef4555,2.8
19183,2019-08-01T09:06:52Z,f83d4b6b8ffbf8a674d212e32100b2360b80261b4e9207d77c0b0ed3,60.17918,24.95141,00000000675d5200,5.41
19184,2019-08-01T09:06:52Z,f99c5dd8cc08bd2353083d875ce8bc585fb2c2ff8427b90d92f571de,60.1538,24.95595,0000000038bf9618,27.28
19185,2019-08-01T09:06:52Z,fc4f3a44235f1cfc7b53f14ba2da599976a5a0a220d23b852688e485,60.17918,24.95141,00000000675d5200,18.79
19186,2019-08-01T09:06:52Z,011372b726688a0c953368b50bc5a1cb0212c17dbecc587d9f9d75ce,60.16629,24.95957,00000000fb7600be,13.75
19187,2019-08-01T09:06:52Z,02050a536056486b1bf139282f0d0a3af63def1d56ff0c73ac51bb19,60.14947,24.91438,000000004ef3150d,11.7
19188,2019-08-01T09:06:52Z,023083c44c772667f1727e01c74518889b2a82d78ceb28c08b6f8a20,60.16531,24.9442,00000000fdda10fe,20.28
19189,2019-08-01T09:06:52Z,026f61905925674212a1c7d1e14b2ee5d1039bb4ecb5159f7d522150,60.16762,24.95415,000000006b44cce7,20.28
19190,2019-08-01T09:06:52Z,0362cc670dcfab795a3911957b6a177416bf9b99d0e2732716796c4d,60.15432,24.9211,0000000019fb59c4,23.56
19191,2019-08-01T09:06:52Z,03f427d436ba092925de462b11374bdbdab0443620037675621fbc11,60.17918,24.95141,00000000675d5200,16.1
19192,2019-08-01T09:06:52Z,0483eb7342f4e704caa76b9bc3d6a7bd836282960dafc2c756247134,60.16762,24.95415,000000006b44cce7,16.1
19193,2019-08-01T09:06:52Z,063935180fff0e58de5d319ecb9320cf794423e3c6aeac0cca8f1a9f,60.16897,24.95222,00000000aa852af1,20.28
19194,2019-08-01T09:06:52Z,06753eb9c56292934b34f1c8d302486ee36fd733da500c23c70a53cd,60.16448,24.97323,0000000053c6c2be,16.1
19195,2019-08-01T09:06:52Z,0849a091b1aabe9b614b6b5c54dffd083dbb4473ca90dc972e4d37de,60.16829,24.94214,00000000afef4555,10.78
19196,2019-08-01T09:06:52Z,0951ec0c700dba7330b8e8181fc852becde054d0dc7474d1488db3cd,60.17065,24.93641,000000000f4919c9,14.89
19197,2019-08-01T09:06:52Z,0c1684b697a63d7f47ebaedcfa060b3b4af294fec1e62d613699291a,60.16897,24.95222,00000000aa852af1,11.7
19198,2019-08-01T09:06:52Z,0c2d3bdaf0e8a9d6efcf95298acb85805b31c1c6618f00dd4489dddb,60.16762,24.95415,000000006b44cce7,17.4
19199,2019-08-01T09:06:52Z,0d36588b0274c7fc1c33ed938ed6883bd98d7e2d5a66328940df8a94,60.14947,24.91438,000000004ef3150d,7.05
19200,2019-08-01T09:06:52Z,0feb7de3b58597dd266ed606e8d3b6e2e4e0be942b17c15be984f51c,60.14951,24.92138,0000000006dd41f6,33.81
19201,2019-08-01T09:06:52Z,1069967e3921871955b1b2b42e60f829c593a3e024401bfe61ae410e,60.16629,24.95957,00000000fb7600be,13.75
19202,2019-08-01T09:06:52Z,10d0fed0f7d40b253b5fc5a53297dc9af8bb76fa6f34d5e71383cb62,60.17918,24.95141,00000000675d5200,16.1
19203,2019-08-01T09:06:52Z,1134a082e36fe03359bac74c814a0ed20468c45230115d4e25aa230d,60.16829,24.94214,00000000afef4555,13.75
19204,2019-08-01T09:06:52Z,1271bcd33c0056265a5bdf6df4092a3c9e2209abee80570cb172031b,60.16897,24.95222,00000000aa852af1,29.32
19205,2019-08-01T09:06:52Z,141a580597619f20b14d71a17562763921dafbb27c8aaaa8700fd522,60.16829,24.94214,00000000afef4555,10.78
19206,2019-08-01T09:06:52Z,141ffc858c3ea6a2e69c954115114304736a35dc25ec947323090dc0,60.16762,24.95415,000000006b44cce7,8.38
19207,2019-08-01T09:06:52Z,15a3cdd20e3ce88c179a07d78a2d5fdda854b0fef8441d8cb3aebde8,60.17065,24.93641,000000000f4919c9,23.56
19208,2019-08-01T09:06:52Z,164d8280dbb888033f64368dd641bcef597fc327148fcf74374894c5,60.16544,24.95398,0000000038d83d41,14.89
19209,2019-08-01T09:06:52Z,16e18d478be872d2a9801fa885d08edeb3f5ae1840b38478f9baf535,60.17918,24.95141,00000000675d5200,16.1
19210,2019-08-01T09:06:52Z,188d2e17eacbe726e4d834ba5fdd055045b0b5a38b32ad73ea7c5d9f,60.16762,24.95415,000000006b44cce7,20.28
19211,2019-08-01T09:06:52Z,190cdde22bc3e3a41cd0f9da7efb3a917bc09e8034b05ca6064ea8a8,60.17918,24.95141,00000000675d5200,11.7
19212,2019-08-01T09:06:52Z,1cfafdaa3ff1975bcf6f699641431e88775ba2183074d825eeb81dd3,60.149,24.9843,00000000fffb8cf0,27.28
19213,2019-08-01T09:06:52Z,1d70ff49909e1d6fb653ae053aa78084daf385dbbd2ad22b05707309,60.16829,24.94214,00000000afef4555,25.36
19214,2019-08-01T09:06:52Z,1dbecade1f3540eb44c3d86cb1ffc73d5bf422ea0cf76927c2d5cd74,60.16829,24.94214,00000000afef4555,16.1
19215,2019-08-01T09:06:52Z,1e3044c19f6913531b6dd4bccb88ad02c1b39192513ccffa05444edb,60.1538,24.95595,0000000038bf9618,21.87
19216,2019-08-01T09:06:52Z,1e3af5697f0a2ae45f261da79e4ba71c868dc4d78008bd1995fe6259,60.16448,24.97323,0000000053c6c2be,21.87
19217,2019-08-01T09:06:52Z,1eadb2c1984aa73c3c2f13eab0a2e793331443c617681e36887f0bcc,60.16629,24.95957,00000000fb7600be,18.79
19218,2019-08-01T09:06:52Z,1eb71232cacfabc37966931f8112e59acabc361048ad25dc2468949f,60.16762,24.95415,000000006b44cce7,9.12
19219,2019-08-01T09:06:52Z,1ecbc7c6afe89033252e5510cbb893666af2b3bc29f555a3a6287fdb,60.14951,24.92138,0000000006dd41f6,3.4
19220,2019-08-01T09:06:52Z,1f813dc10021899138c12ca17c58ab3dc24db1750dcb1790f9c20e8f,60.15133,24.92329,00000000e8a064a4,17.4
19221,2019-08-01T09:06:52Z,20b37aa6c3ad0dfea9c182498905a450537b0efbbd8563b205e93afd,60.16897,24.95222,00000000aa852af1,21.87
19222,2019-08-01T09:06:52Z,20ecc60ba6748bb4a65d10d3f27a3b928bcbc43ea0eab6ff9121c1bd,60.16829,24.94214,00000000afef4555,16.1
19223,2019-08-01T09:06:52Z,227fd98ceb97d84d0c2c3af35c32cee7a87aea62d71b1a5353ae3588,60.17065,24.93641,000000000f4919c9,27.28
19224,2019-08-01T09:06:52Z,2283762fe3af8329ae65aec44de728da8f383810e9f2a3d3b84fa031,60.16897,24.95222,00000000aa852af1,21.87
19225,2019-08-01T09:06:52Z,22b68b1dc6e6d815ca8e6afbd434ae0e229670798c443052e7444648,60.16762,24.95415,000000006b44cce7,6.46
19226,2019-08-01T09:06:52Z,25479245e5a8b0fe47e2bd590cdd63256d84afd6c164781dc64e527d,60.149,24.9843,00000000fffb8cf0,11.7
19227,2019-08-01T09:06:52Z,263559d1ab5f0cfc9e45233fc6af4c67ddb514738f39d8a4f2173239,60.17002,24.94407,000000006b087f40,33.81
19228,2019-08-01T09:06:52Z,277fcf3cc917a89b46a34e0cf5164a78f5bcc88d92bb45ded60f1a91,60.17065,24.93641,000000000f4919c9,10.78
19229,2019-08-01T09:06:52Z,27b591b33a56a542440b53031a24f42290b0ec1a194af27700b75a3a,60.17919,24.95181,000000007b5207b6,16.1
19230,2019-08-01T09:06:52Z,2823bf6afde4a5cc05342c15e7417c9590ba52264be5793bb688faab,60.17065,24.93641,000000000f4919c9,20.28
19231,2019-08-01T09:06:52Z,28296ae2b460df2f6807f8a84b81e5ebd24677a05bded29111dc33a4,60.17002,24.94407,000000006b087f40,25.36
19232,2019-08-01T09:06:52Z,2851f1c6f7f1a08c1f0a282a34a8f383121075c15cf18ea40d134972,60.16531,24.9442,00000000fdda10fe,20.28
19233,2019-08-01T09:06:52Z,28ce50ca84cdcd4c17a36ac666e7ac0267b6ab5b77f4bfb08b2573a1,60.16762,24.95415,000000006b44cce7,2.8
19234,2019-08-01T09:06:52Z,28d50861d92f962c7a49eabaa524431aebf52870e44b79f77d7167c6,60.17918,24.95141,00000000675d5200,10.78
19235,2019-08-01T09:06:52Z,29ae3c5c3aeac0c607bc816f7e74c232a40142b79a52c43c7b1ed42f,60.16829,24.94214,00000000afef4555,5.41
19236,2019-08-01T09:06:52Z,2afa9ac588b2c55e8edf99ee96ecaf63451a7ab1e51571b7e2d1d491,60.16762,24.95415,000000006b44cce7,3.74
19237,2019-08-01T09:06:52Z,2c6810efb2565383ca0a554f3c51f3f7905484357f5e00756dbf091a,60.17918,24.95141,00000000675d5200,2.8
19238,2019-08-01T09:06:52Z,2c6f6440161f9061a850e8db96383d5eb111f0d1d8f0b666b7c49f22,60.16897,24.95222,00000000aa852af1,9.92
19239,2019-08-01T09:06:52Z,2cd1630b209fe260a2b08554ebbf46b801e6390566ac1d78e6514b11,60.16531,24.9442,00000000fdda10fe,21.87
19240,2019-08-01T09:06:52Z,2ea9a23b1a04016fb4810d1ceb5731d90774224fd9235877005a4e1c,60.16897,24.95222,00000000aa852af1,23.56
19241,2019-08-01T09:06:52Z,2f43b7a683b0d365a46b6259a032813c293472eaedcdbcc3507adee5,60.17918,24.95141,00000000675d5200,2.54
19242,2019-08-01T09:06:52Z,2f79108a454c0072885ad1447280ed5098d061b229eaae61a8bb67be,60.15432,24.9211,0000000019fb59c4,11.7
19243,2019-08-01T09:06:52Z,2f82b3546af2df53b58cddc668c9aa196554108cdf39120ea40b417c,60.16629,24.95957,00000000fb7600be,3.09
19244,2019-08-01T09:06:52Z,2fb39eae730ec6f291700f841a64aaf680d52a8346399aec6ccb1dbb,60.17065,24.93641,000000000f4919c9,18.79
19245,2019-08-01T09:06:52Z,2ff189e5846383641192cafb595a7a8f77394239ee03aabd1bf3c49f,60.16829,24.94214,00000000afef4555,7.69
19246,2019-08-01T09:06:52Z,31b02b3b271f6feef9e49d9285929ff1c25a11e608fc5d70bc6a1fac,60.16897,24.95222,00000000aa852af1,18.79
19247,2019-08-01T09:06:52Z,32fcb1ab3a9fde533916ca28a0d5b56bbb45fd171dd5bae91f66ec6c,60.16897,24.95222,00000000aa852af1,9.92
19248,2019-08-01T09:06:52Z,33fa4cb82db5b44ffe6e7ae1039635187f90d1df328f8f139da0c693,60.17918,24.95141,00000000675d5200,2.54
19249,2019-08-01T09:06:52Z,3480c16a6649952c388d8902596e332f018e609b9585f483353ae026,60.17065,24.93641,000000000f4919c9,1.88
19250,2019-08-01T09:06:52Z,34aa4c3c2f71b736426f6819c09b12c961bc996110fe1fa7c9772c5d,60.15432,24.9211,0000000019fb59c4,13.75
19251,2019-08-01T09:06:52Z,34e96c7caa63e7ede8f428b18e8fb556ac235d61a50c9d6ac7ff268f,60.17918,24.95141,00000000675d5200,9.92
19252,2019-08-01T09:06:52Z,359348d27f82b0270a68e954bff8bde5e1a2a32949c7088f12ce7dc8,60.15133,24.92329,00000000e8a064a4,25.36
19253,2019-08-01T09:06:52Z,367b1989198ef11170dd9fcfa7e6ebb5ceb58aab87c613ee1bb86e8c,60.16531,24.9442,00000000fdda10fe,10.78
19254,2019-08-01T09:06:52Z,3685ee6d322dcb2ad0ae181f66c3c5427d4531d7896d2f5f7571bb6d,60.16762,24.95415,000000006b44cce7,10.78
19255,2019-08-01T09:06:52Z,36fe97cd2ec69118778c771a87593630f8a6a2cb77d9ce72f845cd3c,60.16762,24.95415,000000006b44cce7,11.7
19256,2019-08-01T09:06:52Z,39126ffb278f49e06180cc6abe5b31ab3acdce1534b5b6ffa0b6e567,60.18203,24.91341,00000000342570c2,17.4
19257,2019-08-01T09:06:52Z,39c6456ee66fe96eee3d97cee2a70923cedb3da760bb5d4d413adb9c,60.17918,24.95141,00000000675d5200,3.4
19258,2019-08-01T09:06:52Z,39e9fa7033887b7ab339887aa68753ff94d4771cda2bb8ff4ea7aa0a,60.17918,24.95141,00000000675d5200,11.7
19259,2019-08-01T09:06:52Z,39f63cf5760b5bae69e8e4a32c6d9b96a1ed84e29cc868d27af934c0,60.149,24.9843,00000000fffb8cf0,25.36
19260,2019-08-01T09:06:52Z,3a253f272d2781dc2001addfbddcac5f3dbf18610988531707b80b60,60.16829,24.94214,00000000afef4555,9.12
19261,2019-08-01T09:06:52Z,3a38ba36c098f2741d6c5fb5a751fcd074d05d698ac592ca09ab443c,60.16448,24.97323,0000000053c6c2be,23.56
19262,2019-08-01T09:06:52Z,3a7b4023cee4b0d567a123a3d6aff0bc8f94663522bbdf0ea4306607,60.149,24.9843,00000000fffb8cf0,14.89
19263,2019-08-01T09:06:52Z,3b124e1851087531134d5e5d0a10b6afe3551982609a81a19dd969dd,60.16829,24.94214,00000000afef4555,20.28
19264,2019-08-01T09:06:52Z,3be40c84926a525adbd09eeeb3a12b73b24c633942b2e1fbe8151ac3,60.16448,24.97323,0000000053c6c2be,16.1
19265,2019-08-01T09:06:52Z,3c84dc456230381a1e1358e89031487d34c88aaa31201204e58517b7,60.16762,24.95415,000000006b44cce7,14.89
19266,2019-08-01T09:06:52Z,3c864716e211395e6a02802fbf80abb7b7c4519243bea4994fca7720,60.16762,24.95415,000000006b44cce7,14.89
19267,2019-08-01T09:06:52Z,3eea43670f4f29a90ced59c1af122371340275fb61ff8f14c7120658,60.16762,24.95415,000000006b44cce7,7.05
19268,2019-08-01T09:06:52Z,406156ac46d079cd8ac496c365d55b690cd14f22f6efb7e96337ff2a,60.149,24.9843,00000000fffb8cf0,41.64
19269,2019-08-01T09:06:52Z,41468f2301503c821063394ab4f8a8c9dc5484824282edcad0457d30,60.16629,24.95957,00000000fb7600be,16.1
19270,2019-08-01T09:06:52Z,41f455676c61a2d8e1658c60afd7984613a3bc84daac78079c0d8b0c,60.16829,24.94214,00000000afef4555,10.78
19271,2019-08-01T09:06:52Z,42844e90c7134ebb3ec325f57cd27cd24711c779548ebc8692a820d5,60.14951,24.92138,0000000006dd41f6,3.74
19272,2019-08-01T09:06:52Z,432417b4972b744ded3410777a6bbb583cf56172bf3436ddbe48a21d,60.16762,24.95415,000000006b44cce7,4.5
19273,2019-08-01T09:06:52Z,4393fccdbc9fb22fab14f03ea52183ad558bcd436202e69f56a7b77a,60.16762,24.95415,000000006b44cce7,11.7
19274,2019-08-01T09:06:52Z,4470412c4b059a920f2699fbfb72b261e0847b3e1caa8c71d2edd5a2,60.16448,24.97323,0000000053c6c2be,18.79
19275,2019-08-01T09:06:52Z,4642dfa1df839f11e64f68bca4e3dce7bde2ff6dd68c54959fcb4788,60.17918,24.95141,00000000675d5200,2.08
19276,2019-08-01T09:06:52Z,4682d95464cedcc021f38271a51bab9c000762b4acf802070e259ba2,60.16629,24.95957,00000000fb7600be,9.12
19277,2019-08-01T09:06:52Z,46c37bb9313fa511d142a461fb0eedda90bf18eb9016d20db109f6a4,60.16829,24.94214,00000000afef4555,13.75
19278,2019-08-01T09:06:52Z,47bd1492244c444d45674eb48dd2e6f222cb109d820ba807c4e18c1a,60.16629,24.95957,00000000fb7600be,10.78
19279,2019-08-01T09:06:52Z,48004849b2f48b2314aa9175433d754db1641b949bb8cf050e2dd128,60.17918,24.95141,00000000675d5200,4.11
19280,2019-08-01T09:06:52Z,484bbaa5a9d6bdd2259f022b6ea4e3c290985c13a1286bd7142d878f,60.16762,24.95415,000000006b44cce7,3.4
19281,2019-08-01T09:06:52Z,497d535ffc7af13ad6527c1139af3451abb3584a2490e3c470f73f9d,60.16762,24.95415,000000006b44cce7,13.75
19282,2019-08-01T09:06:52Z,49bbad87e4d6cd03bdb073bde7be91193d74d29943badce7fc536916,60.16448,24.97323,0000000053c6c2be,9.12
19283,2019-08-01T09:06:52Z,49df780a7f20a99ad2810fa4bbb46b5fac9bc5cbe3fc800cd572f63a,60.14947,24.91438,000000004ef3150d,14.89
19284,2019-08-01T09:06:52Z,4adf9bed4c6391fd34fc9611c3ff6977a984d62d20c49b647cf1d4d3,60.17002,24.94407,000000006b087f40,17.4
19285,2019-08-01T09:06:52Z,4b2a76fb26f6b1d599420f6c7f92f900a455b7f2b707ffccb12020b1,60.16531,24.9442,00000000fdda10fe,25.36
19286,2019-08-01T09:06:52Z,4ba529eeafb27285cbbade6e5ece0d4d04bd2d13c98b27a5d17abd22,60.16897,24.95222,00000000aa852af1,3.09
19287,2019-08-01T09:06:52Z,4c85a4a0756c1707ca2f02a74870d1e1d1a90f1793d229dc3a2bbb63,60.16531,24.9442,00000000fdda10fe,21.87
19288,2019-08-01T09:06:52Z,4c8696833edf46025bc9b5f589679b77a73c857736036aa9ef6696e5,60.17002,24.94407,000000006b087f40,25.36
19289,2019-08-01T09:06:52Z,4e5e16adfd317b7f9617f681099821bae42d6f0dca51dfd0957c65b4,60.16762,24.95415,000000006b44cce7,9.92
19290,2019-08-01T09:06:52Z,4f2ee410fae343924332b7c45d23df66786e3599cf001d739702393e,60.16762,24.95415,000000006b44cce7,18.79
19291,2019-08-01T09:06:52Z,4f609afde0ba5cb017ba3c549bdd11ff322a2e0227a0f11a9d112220,60.16762,24.95415,000000006b44cce7,20.28
19292,2019-08-01T09:06:52Z,4f93c5c493e876fd65b50774e1c92d808bcddb72337905c0c6bb385b,60.16829,24.94214,00000000afef4555,18.79
19293,2019-08-01T09:06:52Z,4fb4a3650a2a28469dde9c537458d24411aa6075666e047dd756fba9,60.17918,24.95141,00000000675d5200,27.28
19294,2019-08-01T09:06:52Z,5001aabb6808b9fd96b705d1ebe8e7aca52713c2640100d81879dd86,60.17918,24.95141,00000000675d5200,5.41
19295,2019-08-01T09:06:52Z,518381021c83c138e4a82160bc6cc947b3866647e3c5d6818bdd63bb,60.17002,24.94407,000000006b087f40,23.56
19296,2019-08-01T09:06:52Z,529623421e226c215bcca0b1388813e291d3d13ed1d8465f0ab69147,60.16629,24.95957,00000000fb7600be,14.89
19297,2019-08-01T09:06:52Z,52d04561c07e0aab4f89e343cff0691d714ec5284ffb9a71954c93d8,60.16762,24.95415,000000006b44cce7,8.38
19298,2019-08-01T09:06:52Z,5328327c1bd91c38f3e3d1200d630dcc186849d71a76e63154527d36,60.16829,24.94214,00000000afef4555,11.7
19299,2019-08-01T09:06:52Z,5372348389197e6c4bc4c5e3dab047e7384d562220e6295904bbda1b,60.17065,24.93641,000000000f4919c9,3.4
19300,2019-08-01T09:06:52Z,53fb53be4440aecb1a1fa63a9da1db08182cc7e252da14685e63373d,60.16762,24.95415,000000006b44cce7,14.89
19301,2019-08-01T09:06:52Z,54b89ed12e25892c9160e029a0379d61425b88db1aa30b06f9ea2d8b,60.17002,24.94407,000000006b087f40,20.28
19302,2019-08-01T09:06:52Z,54bd709173219e8017f317b63ecc83d0a48f64542e6fa1b83c86a56c,60.17919,24.95181,000000007b5207b6,14.89
19303,2019-08-01T09:06:52Z,54d1f01f8b0ce9614205273f1ec21d8786626ce9a1939467bfb2985e,60.17918,24.95141,00000000675d5200,12.69
19304,2019-08-01T09:06:52Z,556cae6b2e2dec6fe691a835e8e08bd016b1a65797c0aca46879329f,60.17919,24.95181,000000007b5207b6,4.94
19305,2019-08-01T09:06:52Z,559429bba23762a872fc7b1e2219d42125ab101e4355d43fdb94ed7b,60.17918,24.95141,00000000675d5200,5.41
19306,2019-08-01T09:06:52Z,559e6a5225ce35ab844c63ea0d0c1695dc490a3d9cfbafa5d35ac8d8,60.14947,24.91438,000000004ef3150d,25.36
19307,2019-08-01T09:06:52Z,560816066eb4d44c34d0d56c57c994c0cccbd36fef545059b8e4d9d7,60.14947,24.91438,000000004ef3150d,12.69
19308,2019-08-01T09:06:52Z,57c17edc71bbce06ad692952a1e05eaa77181884e580c0848f3a23fc,60.14951,24.92138,0000000006dd41f6,38.87
19309,2019-08-01T09:06:52Z,5830a481876da00686f25b17dad06258a39212c0816ed04dda2df1bd,60.16531,24.9442,00000000fdda10fe,23.56
19310,2019-08-01T09:06:52Z,5865a27b5b56a60bca38e4a1403655e3e7fd0232a3ff2079965aff81,60.15432,24.9211,0000000019fb59c4,5.41
19311,2019-08-01T09:06:52Z,58754229cd3381042c5ffda79c0108c5f77aa1f0f6d1468b9cb42b4c,60.16829,24.94214,00000000afef4555,13.75
19312,2019-08-01T09:06:52Z,5978726eeef638856dafd3a8d199287f8daf9e90ddde750b402f8bb0,60.17065,24.93641,000000000f4919c9,0.28
19313,2019-08-01T09:06:52Z,5a34b02faac3189217466888ef1d31cc80f721ac2f18638c5db88d53,60.14947,24.91438,000000004ef3150d,16.1
19314,2019-08-01T09:06:52Z,5a857d46d2710076dd9ff377dc9ae0c17e4db2a46db79f1e8d158cfa,60.16829,24.94214,00000000afef4555,13.75
19315,2019-08-01T09:06:52Z,5a8d671a78b976d212d9746d88b9a754a2d9c8341c529e88b7c6b8f4,60.17065,24.93641,000000000f4919c9,14.89
19316,2019-08-01T09:06:52Z,5b06617477af6dcee75a94ac347364b50f6f3b5b7d747e5413d9ad58,60.14947,24.91438,000000004ef3150d,8.38
19317,2019-08-01T09:06:52Z,5b24733f1e45af711e2eebfb97b6b1467ca5cf1f466e6c8add4f7935,60.16762,24.95415,000000006b44cce7,7.05
19318,2019-08-01T09:06:52Z,5c1f71098d5d7258d2971061c791c94e0138c8e02225c5f60d6a0428,60.149,24.9843,00000000fffb8cf0,25.36
19319,2019-08-01T09:06:52Z,5daa76852f3e1be6c75fa2185d5787ab9010cf83d6671515769a8649,60.16531,24.9442,00000000fdda10fe,17.4
19320,2019-08-01T09:06:52Z,5e2c5c20c88ccf362ed8749d1ddc041b1cb1c38d8dbeac7870179322,60.16629,24.95957,00000000fb7600be,4.11
19321,2019-08-01T09:06:52Z,5fc2fafdb6649a869ffd226bfe99095b50996797c20447b63333997d,60.15133,24.92329,00000000e8a064a4,11.7
19322,2019-08-01T09:06:52Z,61e4465b011a94bbf6341adebb1aed56100967cac117b368910b36de,60.16544,24.95398,0000000038d83d41,31.5
19323,2019-08-01T09:06:52Z,626bf35ce16dba1054cfd175d09475d3ee751bf70e56f984ff5c7ab6,60.15133,24.92329,00000000e8a064a4,21.87
19324,2019-08-01T09:06:52Z,63ff2439779051005c18876d20ed53ce060c1de9d7976821bd518fc6,60.15432,24.9211,0000000019fb59c4,9.92
19325,2019-08-01T09:06:52Z,6470ee836399c5610581ec9de09772d350282ecc4c5c57fa02a5ec68,60.16075,24.95883,00000000f1124bca,25.36
19326,2019-08-01T09:06:52Z,6565d00a13e173bc6e2f8805a61547d928440233513cac42029fa1f5,60.17065,24.93641,000000000f4919c9,41.64
19327,2019-08-01T09:06:52Z,65b6b62b547e11e10f7f83ad497446bee2bb9653097d9d62e9b1b817,60.17065,24.93641,000000000f4919c9,11.7
19328,2019-08-01T09:06:52Z,66ff53281ba2609d80dba728a2d1deea5bac68d20e2b69802d50b924,60.15432,24.9211,0000000019fb59c4,25.36
19329,2019-08-01T09:06:52Z,684e7a868866e631c134ab5bd21b6ba738f6ebc6d5b5c169e366c6ee,60.16897,24.95222,00000000aa852af1,7.69
19330,2019-08-01T09:06:52Z,685af6b01bd180194d718801bb8b9c9de22050cc392d6c6441fe986b,60.18203,24.91341,00000000342570c2,10.78
19331,2019-08-01T09:06:52Z,69e2854c78a472b462941ef730aa9fa7a9dba9c1cc22996396d4c78a,60.17918,24.95141,00000000675d5200,3.74
19332,2019-08-01T09:06:52Z,6adce4d05e58232a97635a2fd7918e4e49d9295afc0989d727f9c712,60.17002,24.94407,000000006b087f40,7.05
19333,2019-08-01T09:06:52Z,6d94a134d3b5f52416c91453c67615e480218e6db3a6004b1ba8a79e,60.16829,24.94214,00000000afef4555,29.32
19334,2019-08-01T09:06:52Z,6d98ac1fea7056e5b96d6095caf0e3677a4ec30e9fbcc2e50ae1cf65,60.16629,24.95957,00000000fb7600be,11.7
19335,2019-08-01T09:06:52Z,6dd5463e670c352180c1e912300e21e59f5e2976266df8c3c92b0baf,60.16829,24.94214,00000000afef4555,4.94
19336,2019-08-01T09:06:52Z,6f616e6334d0ed70e5ea15408a51e9daf643369911d94d76830a7d65,60.16544,24.95398,0000000038d83d41,9.12
19337,2019-08-01T09:06:52Z,6fe2cf6737d40d71251dac8ebef5356a2b765621e97a346c00a6031c,60.15432,24.9211,0000000019fb59c4,4.11
19338,2019-08-01T09:06:52Z,7003a7f6a5523b645634f014e04bea36016953a8af9324e35602bc2e,60.14947,24.91438,000000004ef3150d,27.28
19339,2019-08-01T09:06:52Z,701dc50417b28dba15ad9ff809844f1766b6579389a2e5ebb0562635,60.16629,24.95957,00000000fb7600be,23.56
19340,2019-08-01T09:06:52Z,704c3f3075f13713c363014fa828e4a932e7a05676813b9963a1e554,60.17919,24.95181,000000007b5207b6,1.88
19341,2019-08-01T09:06:52Z,7105a68b527be40338bcf13245fe1975a15988a3c557bbb24fd26422,60.16762,24.95415,000000006b44cce7,18.79
19342,2019-08-01T09:06:52Z,71b01bb8b8e877dc9ca40e756f441571d12ee3311a945417e8aaa116,60.16762,24.95415,000000006b44cce7,4.94
19343,2019-08-01T09:06:52Z,7292a4a47ed655e0ce0ead026bb0ae4b8093342f87a9aed5665c1456,60.16762,24.95415,000000006b44cce7,9.12
19344,2019-08-01T09:06:52Z,729c5f2cffe7e3f5554f3c2bbc7f717457700e648ccb716bb2e98c8a,60.17002,24.94407,000000006b087f40,21.87
19345,2019-08-01T09:06:52Z,72f088587da3409c5a4bec360a52a230a7551c3671441baaaabc6357,60.16829,24.94214,00000000afef4555,9.12
19346,2019-08-01T09:06:52Z,750297d0d8ff0ca837d9c2289c26302d62f38708617150431ab14509,60.16531,24.9442,00000000fdda10fe,21.87
19347,2019-08-01T09:06:52Z,76c2f7b3773d4bebd4dabada1c2b98fe4ea9762e9c98b4a6371d7746,60.16762,24.95415,000000006b44cce7,9.12
19348,2019-08-01T09:06:52Z,7700297fec4982ad776529835e2ab46d4e5cbc889e26f368c19efeef,60.16829,24.94214,00000000afef4555,3.74
19349,2019-08-01T09:06:52Z,774131d73accbbb31ec3c43c3501b7969645eb65df1839ca8116526e,60.15432,24.9211,0000000019fb59c4,5.91
19350,2019-08-01T09:06:52Z,774bf331a7d205164487c930f8e043d9f4064d968a7f9cb28bfa5dc9,60.16762,24.95415,000000006b44cce7,17.4
19351,2019-08-01T09:06:52Z,7a6e7ba82e6b0c07f13302099a2ffb55e08a56850ee8c1c6c1bd65d3,60.17065,24.93641,000000000f4919c9,21.87
19352,2019-08-01T09:06:52Z,7c1534082e86ff4387878d813207626d8f728aa26b97248e00a3b8d7,60.16629,24.95957,00000000fb7600be,14.89
19353,2019-08-01T09:06:52Z,7d12711d47425111a6dce413faa867542b9532f3b9c5a934b37a0bc8,60.17918,24.95141,00000000675d5200,17.4
19354,2019-08-01T09:06:52Z,7d415f4fd9093fb383b4ebb88961ad74e6a00d3ece39504712dad639,60.17918,24.95141,00000000675d5200,8.38
19355,2019-08-01T09:06:52Z,7e2e3d07c939e3e76e7ce87678faf64e056afe54215e00488839100f,60.14947,24.91438,000000004ef3150d,16.1
19356,2019-08-01T09:06:52Z,7eb4a715919b3eb4085270535ce4d7b57112591ad7242eb189bf652a,60.17065,24.93641,000000000f4919c9,25.36
19357,2019-08-01T09:06:52Z,7eee93799a4b0a73081b5997eaba4036febdfde0bb766caf4de4b5a2,60.16829,24.94214,00000000afef4555,12.69
19358,2019-08-01T09:06:52Z,7efa1cf3118062946e8958e89ffe767322a7bbf0d35d9d76b711e3b5,60.16762,24.95415,000000006b44cce7,14.89
19359,2019-08-01T09:06:52Z,7f59aaecea1eee6c703ec5d46d67b44289ddedf080defee495b73739,60.14947,24.91438,000000004ef3150d,14.89
19360,2019-08-01T09:06:52Z,7faf8705e89a761625aaed50b89538581e25d5950ec8f051d36ed829,60.14947,24.91438,000000004ef3150d,20.28
19361,2019-08-01T09:06:52Z,809bf2d7a0745ae512b934a578fd5fd47c13c5398b6d06ad350b9e7c,60.14947,24.91438,000000004ef3150d,16.1
19362,2019-08-01T09:06:52Z,814fca075a588ae71c130bafc9384a1c17e7bd8168994ae6fca55205,60.16829,24.94214,00000000afef4555,17.4
19363,2019-08-01T09:06:52Z,8165c5f8d06298ffd56f071c0ad1cc9f1d4f08084936937d712d0b61,60.15133,24.92329,00000000e8a064a4,18.79
19364,2019-08-01T09:06:52Z,828afe5ee1f94b9afbfd61b9673b7c8b21457d11dafb1d2ad98dbd23,60.149,24.9843,00000000fffb8cf0,16.1
19365,2019-08-01T09:06:52Z,82bab0a1bfd11576cf62159546b756e1da44125c76909e270ced391b,60.16897,24.95222,00000000aa852af1,18.79
19366,2019-08-01T09:06:52Z,85bdce5b262dbd94adcff03e6cad26a1152828b6ab27e6fdd56b2b13,60.16762,24.95415,000000006b44cce7,2.08
19367,2019-08-01T09:06:52Z,86b066ea755e9fd56188a608365c78bc7873db821770bdcfc83ed149,60.16762,24.95415,000000006b44cce7,8.38
19368,2019-08-01T09:06:52Z,86e7584bf95733cef59d74bb4955881e99dc86b73a0d5b4e3ef58b50,60.18203,24.91341,00000000342570c2,14.89
19369,2019-08-01T09:06:52Z,87f1cc4c4a9de1ab81fe39cf7fde6cf0d4778e690f1665b62231ce46,60.149,24.9843,00000000fffb8cf0,21.87
19370,2019-08-01T09:06:52Z,880f9cbb91b9caf48ea9c5dd1a0c8e1db72922b6dfcb647b102fc469,60.16629,24.95957,00000000fb7600be,4.11
19371,2019-08-01T09:06:52Z,88c2bc6310f27465b9f08b28fb52075d7703ce7b097e5beb37c7437c,60.14947,24.91438,000000004ef3150d,20.28
19372,2019-08-01T09:06:52Z,893080d82bb28aa3ab91e41ddd4569086c8135ade7be10aa644fca95,60.17065,24.93641,000000000f4919c9,36.27
19373,2019-08-01T09:06:52Z,898cde3317c73907bb23b1b885828c4bf3187c3a757a18dc32abe970,60.16762,24.95415,000000006b44cce7,7.05
19374,2019-08-01T09:06:52Z,8a70673a694137689441a8a18cff0044d959d5d1991c92c7b5fb8f0c,60.16829,24.94214,00000000afef4555,5.41
19375,2019-08-01T09:06:52Z,8b789024cc2e6b2143ce205690fe87cbdb761aa292e434010176906d,60.16629,24.95957,00000000fb7600be,23.56
19376,2019-08-01T09:06:52Z,8c571538c285dba9d77edacfb1829b282d54b772b62209c6e4004237,60.17918,24.95141,00000000675d5200,1.54
19377,2019-08-01T09:06:52Z,8e20d0d67339e3cf43e77c3a340d9dc6766de8d079197a08a1343ff0,60.17065,24.93641,000000000f4919c9,14.89
19378,2019-08-01T09:06:52Z,8ff363623484e942b5555694468900717744f957e1a6221903490bac,60.16762,24.95415,000000006b44cce7,16.1
19379,2019-08-01T09:06:52Z,9086cc7683f088749edf213b777b728d866d4b0ec1990b875a1eefb0,60.16629,24.95957,00000000fb7600be,21.87
19380,2019-08-01T09:06:52Z,90a44cbd1a957cc59a6986cff9b6b7b8e151d379e17da645069428b8,60.173,24.92524,0000000096918cfa,25.36
19381,2019-08-01T09:06:52Z,91deffb31a198a250cab767f56dfaa0452c84a6bc95e3d49d52dceb7,60.17002,24.94407,000000006b087f40,29.32
19382,2019-08-01T09:06:52Z,941e13893853105c86bfbc6d31d62274937602143ce3bb530c8c17ed,60.17919,24.95181,000000007b5207b6,9.92
19383,2019-08-01T09:06:52Z,94a511f0495a2cff2df26ded8f6da40e7a15287287ccf3125b5affd1,60.16897,24.95222,00000000aa852af1,29.32
19384,2019-08-01T09:06:52Z,9998e64e3b5162fd8890fc4e2dfe41a3e875f08500f1cef0c4820855,60.16829,24.94214,00000000afef4555,11.7
19385,2019-08-01T09:06:52Z,99a026b5100e23129fa529e9a57a3dbc8490dc03b58f2193f03e2dcf,60.14951,24.92138,0000000006dd41f6,5.91
19386,2019-08-01T09:06:52Z,9abbc86fb0fc1c0532042814af76a97e6a17121831d4394749a290a6,60.16762,24.95415,000000006b44cce7,9.92
19387,2019-08-01T09:06:52Z,9b3e6848d8b34e802134d6da0e5a594897ec3fafbbf08b6d0b84068e,60.17918,24.95141,00000000675d5200,4.94
19388,2019-08-01T09:06:52Z,9ba2aa04fbaac518e5f95b81151f6b05b4c15dc81d81c7c3afc8ae56,60.14699,24.922,00000000a53ed894,27.28
19389,2019-08-01T09:06:52Z,9bc129708b07f3c5bbf4195e83f0e5b9a663b6f371f416a8e3a605f0,60.16897,24.95222,00000000aa852af1,25.36
19390,2019-08-01T09:06:52Z,9bef8b28ea93ecaee57d05b037edbfe7f80014aaf56343345fedd7be,60.17918,24.95141,00000000675d5200,12.69
19391,2019-08-01T09:06:52Z,9c3468620f03e8cd338f2e12c4d2839479aae001db527fb45cba43a6,60.149,24.9843,00000000fffb8cf0,16.1
19392,2019-08-01T09:06:52Z,9e2fc7d2196f097e688761506eb14b5cf3baa0aecca96c1131ae1767,60.16897,24.95222,00000000aa852af1,33.81
19393,2019-08-01T09:06:52Z,9e343a150f07bb3dcce5ecab8ac061b84d65b347b1af5a232e00eeb6,60.16829,24.94214,00000000afef4555,7.69
19394,2019-08-01T09:06:52Z,9eee6d740f1d483c484d02f0995f35550c09e6a8cf01f02680db5efc,60.16448,24.97323,0000000053c6c2be,29.32
19395,2019-08-01T09:06:52Z,9fa57cff946eb6b758bd810321b0bb80d6f0c46ca5fb40b0ec22ca0d,60.16762,24.95415,000000006b44cce7,14.89
19396,2019-08-01T09:06:52Z,a04214b56cac7d70680703ee6a28fac742f3c3190b55b46a79c1f76d,60.149,24.9843,00000000fffb8cf0,13.75
19397,2019-08-01T09:06:52Z,a2333053951d093ef490bcc3b9455fa0ed512421b5b597602785ab28,60.16531,24.9442,00000000fdda10fe,9.92
19398,2019-08-01T09:06:52Z,a2e761fd97d8bdf78601300822b531e306b9ab7a1a43b6bfb07eba52,60.14947,24.91438,000000004ef3150d,11.7
19399,2019-08-01T09:06:52Z,a38c11c450b472b9dad2f076e2d9a63651292d3de806331d06af7f46,60.16531,24.9442,00000000fdda10fe,17.4
19400,2019-08-01T09:06:52Z,a403dc1eebc5d130e12a4c3e4298737c9e00b25b1b6b2cc36a6979c9,60.16629,24.95957,00000000fb7600be,17.4
19401,2019-08-01T09:06:52Z,a498d82c0f9ea9674368f098ea32e98dabbe0c50bff45cb23a8882cf,60.17002,24.94407,000000006b087f40,27.28
19402,2019-08-01T09:06:52Z,a4b9f871dcc986c95f1e84fe203bb392ba0fe13164d89119bda2c94a,60.16762,24.95415,000000006b44cce7,8.38
19403,2019-08-01T09:06:52Z,a61a6156cbe24f1f3fc8708456044502186478f34ecccb0620788ac3,60.16762,24.95415,000000006b44cce7,9.12
19404,2019-08-01T09:06:52Z,a6d010615b0732a971c180467cd17865327688c7e6c60628c3d452d3,60.16762,24.95415,000000006b44cce7,13.75
19405,2019-08-01T09:06:52Z,a6d0dd9de406b1201a4e438ec7c5f4a467f38c41e2dec42ff6c71d50,60.16897,24.95222,00000000aa852af1,13.75
19406,2019-08-01T09:06:52Z,a786eb3b8a25c58099a428799e99d0b86401f803ee38d3e5d20e59d3,60.15432,24.9211,0000000019fb59c4,11.7
19407,2019-08-01T09:06:52Z,a808962cb511e5ed2d23e6e33efe252b1be29dc1d2f7c6154817f04f,60.16448,24.97323,0000000053c6c2be,17.4
19408,2019-08-01T09:06:52Z,a83415babca8eac00f69a32371a230fdadda29bf40fd69f75cf2e8fb,60.17918,24.95141,00000000675d5200,20.28
19409,2019-08-01T09:06:52Z,a83703c80a4d58db87327a53b0d3664d23edf7350ff6b0afaa49c530,60.16629,24.95957,00000000fb7600be,16.1
19410,2019-08-01T09:06:52Z,a9ee2aabbd32919adf0325ca2f2c5f8e0ba801bc168e8756cda957da,60.16629,24.95957,00000000fb7600be,13.75
19411,2019-08-01T09:06:52Z,aa05a7036c3586a79d23f426b78bf158357208bc82d7ddf9a1326dd2,60.16531,24.9442,00000000fdda10fe,29.32
19412,2019-08-01T09:06:52Z,aa5281244780ac8f283c3452639d477cd76e31fc6f0b95b99c51a9b0,60.16762,24.95415,000000006b44cce7,2.8
19413,2019-08-01T09:06:52Z,ab615ee5bbf567aee3505fbb360d09fc6b851f93fb15aef778b57128,60.16531,24.9442,00000000fdda10fe,8.38
19414,2019-08-01T09:06:52Z,abf0be93e7a8aec9fa8284fdbcc2493f32084aa95f15660b23e149c6,60.16629,24.95957,00000000fb7600be,17.4
19415,2019-08-01T09:06:52Z,acb3f4b2a6b9fe720b98158caba37c1958df05919990f30368dbbd8b,60.16762,24.95415,000000006b44cce7,16.1
19416,2019-08-01T09:06:52Z,acbbe4765d72f36b0323407c7dbe43db7b4ad5e2da0a6a9e5966db0b,60.16897,24.95222,00000000aa852af1,17.4
19417,2019-08-01T09:06:52Z,ad22512fd6a5ad9e19fdfad7e02b2793ecb01875be243f894c637ae2,60.16829,24.94214,00000000afef4555,4.94
19418,2019-08-01T09:06:52Z,ada9cbdd139a5d0131aba9cfe347856bafb7185ed4828a4f76412f1b,60.17065,24.93641,000000000f4919c9,21.87
19419,2019-08-01T09:06:52Z,af67ffa8b538058603b74f48e04ab914e8f6cd450f53c47f8c3d683d,60.15432,24.9211,0000000019fb59c4,10.78
19420,2019-08-01T09:06:52Z,afaed9946dbc1509500c6f80f87eed8fe44a74ba3e14328c6efe3971,60.16829,24.94214,00000000afef4555,23.56
19421,2019-08-01T09:06:52Z,b09e9bb62cc49c085c1aee3b752af1bec69dabc939323e5733f73933,60.17065,24.93641,000000000f4919c9,16.1
19422,2019-08-01T09:06:52Z,b25339bfcf356e1460eec7d6494ab8fa8fe2ee363afb6496ab1a1fb9,60.16829,24.94214,00000000afef4555,7.69
19423,2019-08-01T09:06:52Z,b2728a54ebd2991e59d91f96f73d376de0adccecfef1326c4f51b74a,60.16762,24.95415,000000006b44cce7,12.69
19424,2019-08-01T09:06:52Z,b28757d67868f9471f0d997a935e857fd0ff1095449820929597563b,60.16762,24.95415,000000006b44cce7,13.75
19425,2019-08-01T09:06:52Z,b32e57a6f5865a23d7a0e9fa346d5ec4e975f99c4df815fe8b1449b2,60.17918,24.95141,00000000675d5200,20.28
19426,2019-08-01T09:06:52Z,b474e34db18d21635ec9ea2654513e6759c326f3aaec96c25f9a204e,60.16897,24.95222,00000000aa852af1,13.75
19427,2019-08-01T09:06:52Z,b50a45ac0708e7b5cca42f3458430eb22ff70a81c575bafe99ffda23,60.17002,24.94407,000000006b087f40,5.41
19428,2019-08-01T09:06:52Z,b5603e758440226e490d1d7d7271a7b0d5c261eccbad198f81110136,60.15432,24.9211,0000000019fb59c4,3.09
19429,2019-08-01T09:06:52Z,b69604356a52f2b1b9c5de09a350f42d87f5b969e3e824d8b6b2368f,60.16829,24.94214,00000000afef4555,27.28
19430,2019-08-01T09:06:52Z,b6c43126ca83e916a68e57d0178060c24fc61305836b6c8f188f7285,60.17919,24.95181,000000007b5207b6,14.89
19431,2019-08-01T09:06:52Z,b6f0f4101a1a258dcb1d82d77ca91000694d4fed15bd882a8e3bfe66,60.149,24.9843,00000000fffb8cf0,23.56
19432,2019-08-01T09:06:52Z,b7c3b37b32d534f6824ac8d99b4c79d0cb915cab104fdb745550ea22,60.16762,24.95415,000000006b44cce7,13.75
19433,2019-08-01T09:06:52Z,b8fb70225ee0a2d655e2809da07a2f8cd2feb7295aa256f8b35fcf1e,60.16629,24.95957,00000000fb7600be,9.92
19434,2019-08-01T09:06:52Z,babfe4a6a552c3c09e9894a1ee44588b865b293c5b1b415c94048a0d,60.16762,24.95415,000000006b44cce7,20.28
19435,2019-08-01T09:06:52Z,bb2187a4e20012ad694c768ef2c47c9a9055671024ebf4855d4e6243,60.16531,24.9442,00000000fdda10fe,1.25
19436,2019-08-01T09:06:52Z,bc6d5082ca52e6dae7a1689a835434f3f6341e90afea565480eb9674,60.16829,24.94214,00000000afef4555,13.75
19437,2019-08-01T09:06:52Z,bc82f76c979de19b559e9e3aa0cd6cbf5ac361e2d7b1ac9f81fe2f4f,60.17918,24.95141,00000000675d5200,7.69
19438,2019-08-01T09:06:52Z,be12d6aaccf354197284a8c92b960bd6a4e1705f7d948823e7891fde,60.16762,24.95415,000000006b44cce7,4.11
19439,2019-08-01T09:06:52Z,beaae42e2432399a2fe1038d7d9bc164f369b4ad61458aaa4fd733b6,60.16762,24.95415,000000006b44cce7,16.1
19440,2019-08-01T09:06:52Z,bee144e090a471427ec7878609f2446cb79f4c8d7e3c3bf0f67cf8d2,60.16762,24.95415,000000006b44cce7,17.4
19441,2019-08-01T09:06:52Z,bf546b1abc8eba5c7f399f527508a7304dea62586aa297896d71ea5c,60.18203,24.91341,00000000342570c2,23.56
19442,2019-08-01T09:06:52Z,c15da9ed244b57a27a083919c67d0edde078a31b18cb58f13581f173,60.1538,24.95595,0000000038bf9618,27.28
19443,2019-08-01T09:06:52Z,c1674c59c49d5bf74e6808239a91d18a04e47697d298bc61a7618af2,60.16448,24.97323,0000000053c6c2be,14.89
19444,2019-08-01T09:06:52Z,c19294a0a6dd80604d1435e92cecc363af55f32ef9d41af8b67687e2,60.16897,24.95222,00000000aa852af1,16.1
19445,2019-08-01T09:06:52Z,c1bf1bf699e9bc78ca15c9490d1ef02e3323f0c2c76bf0fca7955a69,60.14947,24.91438,000000004ef3150d,13.75
19446,2019-08-01T09:06:52Z,c33f45721a01e84b9488b1f9b3b7d5ee5b3450e70eb4b9da508e1a94,60.18203,24.91341,00000000342570c2,31.5
19447,2019-08-01T09:06:52Z,c375f2dac85f963c33b2daf76ffb0c32d2c8fd08172419336e308686,60.14947,24.91438,000000004ef3150d,27.28
19448,2019-08-01T09:06:52Z,c434f18b802a764aad7a2dfb46e93546acb1b0975cf9b93fd47363f6,60.15432,24.9211,0000000019fb59c4,20.28
19449,2019-08-01T09:06:52Z,c65c11ee6e8b5894ead3ea9b007a39127edb65a67be253aca6f78ed0,60.16448,24.97323,0000000053c6c2be,23.56
19450,2019-08-01T09:06:52Z,c872af9997af535c4615ee0b4194c7c8d644b7962afb3ca321eb386f,60.15133,24.92329,00000000e8a064a4,20.28
19451,2019-08-01T09:06:52Z,c8aef405537103b9d31a7e2dda43949f5844b9a36494f8defaf0d803,60.17002,24.94407,000000006b087f40,33.81
19452,2019-08-01T09:06:52Z,c8be2c26d4f0c9d399f32e84d95487a2644ffcb62681165be3d36a02,60.16762,24.95415,000000006b44cce7,11.7
19453,2019-08-01T09:06:52Z,c98bce1cc275ed0a1b833011f8cd251ac848fdc84501fe87eb8b5d54,60.17918,24.95141,00000000675d5200,23.56
19454,2019-08-01T09:06:52Z,ca7719c7cd8d4496b666f608fc07ba9930e362a0b2d96890b0778618,60.16629,24.95957,00000000fb7600be,10.78
19455,2019-08-01T09:06:52Z,cc1fcf6550ac1eee3eceef1f35de652b641407007a7c0464ac54fdbd,60.16897,24.95222,00000000aa852af1,29.32
19456,2019-08-01T09:06:52Z,cccf3ba2a9d11b9330c18af8064a20aca9995473495bf119162a1619,60.16897,24.95222,00000000aa852af1,9.12
19457,2019-08-01T09:06:52Z,cd24d4831d3c3e8dad5e555b47528aa6b11e307b2882be4f65dd4076,60.17002,24.94407,000000006b087f40,10.78
19458,2019-08-01T09:06:52Z,ce7de55c7709396c70ce5930097e84449a4889700e605a0b062aaeae,60.16531,24.9442,00000000fdda10fe,27.28
19459,2019-08-01T09:06:52Z,cf823e18aa21de251222a9ab70c1b76b6218dea694752d56f6f84082,60.149,24.9843,00000000fffb8cf0,29.32
19460,2019-08-01T09:06:52Z,d0ae4fabf429edbfdad59f8183cc6e5929f68633315448c9b83d4c16,60.16762,24.95415,000000006b44cce7,10.78
19461,2019-08-01T09:06:52Z,d0e607248d8728deb0b1b4f29fda6d8cd954a8c837fdebf9df54dc02,60.14947,24.91438,000000004ef3150d,23.56
19462,2019-08-01T09:06:52Z,d16e16def718519430296afa23976c226aaf720722bce3d92a2aad43,60.14947,24.91438,000000004ef3150d,17.4
19463,2019-08-01T09:06:52Z,d1faee5d7ab668314d8972190af2f3649a33a478db8ffb92927d5eb0,60.16829,24.94214,00000000afef4555,17.4
19464,2019-08-01T09:06:52Z,d31d6921eee92503b486a1b30f5330581c4744a82e6549f375544846,60.17918,24.95141,00000000675d5200,13.75
19465,2019-08-01T09:06:52Z,d48c8d6c9167c2eb6e1b8f9bd677138e52ac99b3f5bc81849215a6dd,60.16762,24.95415,000000006b44cce7,10.78
19466,2019-08-01T09:06:52Z,d562afdedae521be241c98441e436608a323fdb944dedc24c835e762,60.17065,24.93641,000000000f4919c9,5.91
19467,2019-08-01T09:06:52Z,d653ef8368d33df4fc7edeb5a381d5826be1471f1470aa9744d47901,60.173,24.92524,0000000096918cfa,2.3
19468,2019-08-01T09:06:52Z,d65b8625c1f24304ff0e3c4a4dce7aa5d434d36be87be41834a49420,60.16531,24.9442,00000000fdda10fe,4.11
19469,2019-08-01T09:06:52Z,d6e217c6592e449e2390b1a874e08cbc9126116901dbdbf84501c6b8,60.17065,24.93641,000000000f4919c9,3.74
19470,2019-08-01T09:06:52Z,d74ea3c9e0aaa523c791aa01f4f9a7c1c43f01f585dc4146b19edf83,60.17918,24.95141,00000000675d5200,21.87
19471,2019-08-01T09:06:52Z,d7734ef0345fcffc0f4bd7579275af62987490aba012209832e92059,60.16629,24.95957,00000000fb7600be,18.79
19472,2019-08-01T09:06:52Z,d87c4d5dc2cd620de54fdd076d4f9b35245053d65b644d9e01f558b5,60.16762,24.95415,000000006b44cce7,6.46
19473,2019-08-01T09:06:52Z,d8e192aeb0216a9b0596cedcf42e1b5140d6cfbbc830edc10f50c3d1,60.16762,24.95415,000000006b44cce7,18.79
19474,2019-08-01T09:06:52Z,d95956cedfc4dfe06014194cc1071864bd835fcc014c1fd6f4d33337,60.16762,24.95415,000000006b44cce7,17.4
19475,2019-08-01T09:06:52Z,da78c33b53b0b3a551adb83bc2953f20006ca37faff42dbdd687045c,60.17065,24.93641,000000000f4919c9,17.4
19476,2019-08-01T09:06:52Z,dc00d45c0dd506326fb4dd3692d409df80cb3d871341ffff720dc834,60.16762,24.95415,000000006b44cce7,16.1
19477,2019-08-01T09:06:52Z,deb8a213e1b4930e676ee8fdb394161ec46adb785171fa37437b4d44,60.15133,24.92329,00000000e8a064a4,9.92
19478,2019-08-01T09:06:52Z,dfe80baf219bd267a459c954a8e3027b3f1ed29fea2a5355456d5652,60.16897,24.95222,00000000aa852af1,5.91
19479,2019-08-01T09:06:52Z,e09515dbe1e90af07cb756a83c222c60f5f0566f94590848e72f6401,60.16762,24.95415,000000006b44cce7,10.78
19480,2019-08-01T09:06:52Z,e0fe7fe5854899c0eb42b75b300339808143419404558ed4d00b0f17,60.17918,24.95141,00000000675d5200,9.92
19481,2019-08-01T09:06:52Z,e234769b1ce1634554f5fa4a290d11b2a30c3dfd009d4c39a2e9dd3d,60.17065,24.93641,000000000f4919c9,17.4
19482,2019-08-01T09:06:52Z,e294dde431d68c7b73efcf1f9b916e40bf408111c79228032c7830a4,60.16544,24.95398,0000000038d83d41,20.28
19483,2019-08-01T09:06:52Z,e2bb0ae74deee6cbc4f50c5f85da3f1779ca1db1ae7ff48ab4b33dbc,60.17918,24.95141,00000000675d5200,4.11
19484,2019-08-01T09:06:52Z,e2f445c6711e0e7d48a6a045bec347587f9f398e8928a171cfa2ca38,60.16762,24.95415,000000006b44cce7,9.92
19485,2019-08-01T09:06:52Z,e36f176b90d3fe62ad0878967b43578cf032b76dd0900b015db6699b,60.16762,24.95415,000000006b44cce7,33.81
19486,2019-08-01T09:06:52Z,e528235be3e5cc4945024d50d1ed43061e2e2f2845f2b41e081e1721,60.17919,24.95181,000000007b5207b6,11.7
19487,2019-08-01T09:06:52Z,e5cad8bb9a6c8dcc067948d7f869033aca5bdd062da175c8734092e6,60.17918,24.95141,00000000675d5200,29.32
19488,2019-08-01T09:06:52Z,e60dfd6fdae0694da3bbaca41506bcb6ca5f3ac39a1801d84a65751e,60.16762,24.95415,000000006b44cce7,21.87
19489,2019-08-01T09:06:52Z,e73dcccbc4dd6af49316f19a34c347cc94ff7ab079a93a2672d78a16,60.14947,24.91438,000000004ef3150d,20.28
19490,2019-08-01T09:06:52Z,e8add7e8346b99cd4b67924113f3763441a1899897c6d1ac3a1a40a6,60.17918,24.95141,00000000675d5200,13.75
19491,2019-08-01T09:06:52Z,e8ed8051f57ad9d9029a5e3b443c5e93e5059f8c487ba45e2583d35a,60.16829,24.94214,00000000afef4555,12.69
19492,2019-08-01T09:06:52Z,e8fe5d3b6aa0651dff5b4a9c6dcff3135e3bdcbb1cddc9b871e9d991,60.14947,24.91438,000000004ef3150d,33.81
19493,2019-08-01T09:06:52Z,e979a153601f7520f54d4733fe91f75f154c8f1c08dc3408dbba5345,60.15432,24.9211,0000000019fb59c4,12.69
19494,2019-08-01T09:06:52Z,ea1b1a8ba1c01fdd1e098c585b133fc3d60f7c2458e7c2726e2df8ee,60.16629,24.95957,00000000fb7600be,14.89
19495,2019-08-01T09:06:52Z,ea3f8412ed9c4d92448688dd9cc7ff9e3eeb5fe4373d0953bf0349c1,60.16531,24.9442,00000000fdda10fe,12.69
19496,2019-08-01T09:06:52Z,ea94130fbb3464dc656765cfddbad802ddfafb1af8007cb5f42cd41f,60.16829,24.94214,00000000afef4555,5.91
19497,2019-08-01T09:06:52Z,eaf572301dc5c1eaff007bc1886cce8f0f5e92a233b8686ed2a1a9cc,60.17065,24.93641,000000000f4919c9,8.38
19498,2019-08-01T09:06:52Z,ec2dd83e04d225caca9f6b9d28bd3080ed37c5bf42e5f65123fa2394,60.17065,24.93641,000000000f4919c9,13.75
19499,2019-08-01T09:06:52Z,ec7121833f0e4b509d683b00a9c5e992e4b84882cb857145102e14f4,60.16531,24.9442,00000000fdda10fe,1.38
19500,2019-08-01T09:06:52Z,eef621895ee74145a6d76c5f5493a93d7c728c80abe45a2e1933ae9f,60.16897,24.95222,00000000aa852af1,11.7
19501,2019-08-01T09:06:52Z,ef67b9e4617f284b84167b4bdaff71108579a33ced0a2450ff25a1a1,60.16629,24.95957,00000000fb7600be,17.4
19502,2019-08-01T09:06:52Z,ef6e7d641ebef891165f5f8178b3195fbc6c86dc5f904ca2cca43e32,60.16897,24.95222,00000000aa852af1,27.28
19503,2019-08-01T09:06:52Z,efc51406db4c66b8a573ec325afe8a9258a04a71b46ff3aae1cfa696,60.16762,24.95415,000000006b44cce7,9.92
19504,2019-08-01T09:06:52Z,f1447725764ec0dca245fc67f2aa0a0c42e6b05808076aa74f0c1e7e,60.17918,24.95141,00000000675d5200,9.92
19505,2019-08-01T09:06:52Z,f18c0c32d067aecf5602d70693ac888cab1be6dbb0d154be5153dfcc,60.16829,24.94214,00000000afef4555,5.91
19506,2019-08-01T09:06:52Z,f1b28329fc91f4708ca34857c5582c0bf1b7d0ab06127746029cd72c,60.17918,24.95141,00000000675d5200,9.92
19507,2019-08-01T09:06:52Z,f20935810c1567a80c288016c4d4dd32fe86b3479f47ae7dd64d15cc,60.15432,24.9211,0000000019fb59c4,10.78
19508,2019-08-01T09:06:52Z,f29ed00b645af4bbf50174e71f58a9b691d2e2342e59eda242d97380,60.16829,24.94214,00000000afef4555,21.87
19509,2019-08-01T09:06:52Z,f2a253f2741501e675bd4bc055e22329fb09089d8bbe9813fc170cdb,60.16762,24.95415,000000006b44cce7,16.1
19510,2019-08-01T09:06:52Z,f4131e8c526b295b32dc9448a2a43ec900e25e8914003a963782e36c,60.16829,24.94214,00000000afef4555,23.56
19511,2019-08-01T09:06:52Z,f4587b90aec9127805880f7c81fc03b9fb513fe363015399b895089f,60.16829,24.94214,00000000afef4555,21.87
19512,2019-08-01T09:06:52Z,f4bbc3077da0455d4340da2eed204915327b75a792080724548b4956,60.17918,24.95141,00000000675d5200,1.54
19513,2019-08-01T09:06:52Z,f503a41d3e8b9b57628f4f061c1d8e0c53c62dd8a6fe38d212958ee6,60.16075,24.95883,00000000f1124bca,9.92
19514,2019-08-01T09:06:52Z,f50fd3b1715a94dff67461f4b8f252ecaa6acc16459b3d021f34f15e,60.1538,24.95595,0000000038bf9618,16.1
19515,2019-08-01T09:06:52Z,f55165f87792f06aaca9b79eea536f4bd692c8ee806294be5fb014df,60.16829,24.94214,00000000afef4555,23.56
19516,2019-08-01T09:06:52Z,f587de6c8c03387c5e6a66cd7d20c45abad3668c8e2246611122547b,60.14947,24.91438,000000004ef3150d,11.7
19517,2019-08-01T09:06:52Z,f665079710528911e7b7844aa55433e09506580c7fed342e1febfaa5,60.16762,24.95415,000000006b44cce7,12.69
19518,2019-08-01T09:06:52Z,f741519cf6f519194bb45b9da0e69bda8edb903e3c24d4140f340467,60.16762,24.95415,000000006b44cce7,7.05
19519,2019-08-01T09:06:52Z,f77f8836e641389801309c311e926c1662264ab16efd01cd5bf27baf,60.16762,24.95415,000000006b44cce7,5.91
19520,2019-08-01T09:06:52Z,f7f8272d0f5b75ba15174fd69f84bd80cad47290165ec2a6cd06a5cd,60.16829,24.94214,00000000afef4555,20.28
19521,2019-08-01T09:06:52Z,f9e527876f8dfe750fd29bc42664bbf572aed5d09d344a8934a83d90,60.17065,24.93641,000000000f4919c9,3.74
19522,2019-08-01T09:06:52Z,fa1a3814c680b20020a08346c37ee2853e895984574575312bf262e7,60.14947,24.91438,000000004ef3150d,17.4
19523,2019-08-01T09:06:52Z,fa9f19c58a086fde9429d732b1eec80eacf5fc1b2c0124d17243d008,60.17918,24.95141,00000000675d5200,2.3
19524,2019-08-01T09:06:52Z,fb2df85c8938d6a1bbd1ff0a1cd8aa23480ae08dc39d2b584ed35e14,60.16762,24.95415,000000006b44cce7,11.7
19525,2019-08-01T09:06:52Z,fba6e66dd09200012637e0b454c96fd7a5459b7e8b0ba01863cdbd77,60.16762,24.95415,000000006b44cce7,1.54
19526,2019-08-01T09:06:52Z,fe191b6937595e5cf2ac1491e9056f0f9fb5bf66c0cb900df00b4c64,60.16829,24.94214,00000000afef4555,5.41
19527,2019-08-01T09:06:52Z,fea1453360073dfc1896bf1f005f51addb49661f953e16cffba3c63d,60.16531,24.9442,00000000fdda10fe,7.69
19528,2019-08-01T09:06:53Z,03e0fc996a589ccdf1871b3c78e089c08c93ba1f2a02d740fb384aac,60.16531,24.9442,00000000fdda10fe,29.32
19529,2019-08-01T09:06:53Z,1414f663d2473f4a645b134b21c47ae893fd81bf5726e00dcb023866,60.14951,24.92138,0000000006dd41f6,17.4
19530,2019-08-01T09:06:53Z,14c7e1511b70f4dd3359cbece1377aebb4d70531f5489eefe53d7c3c,60.16544,24.95398,0000000038d83d41,31.5
19531,2019-08-01T09:06:53Z,15918569de0a46a8eb56b43d8d39f7fc82619ff1006f00822c85745c,60.17918,24.95141,00000000675d5200,1.7
19532,2019-08-01T09:06:53Z,171d0bf49a26400390df42bc1c9af98d9279bf8ccee92f39288845e1,60.16762,24.95415,000000006b44cce7,2.3
19533,2019-08-01T09:06:53Z,1f0f0628cdc688d76bde2b82bee5b9b4916bf0bbdfe76cf3213e1c65,60.15432,24.9211,0000000019fb59c4,12.69
19534,2019-08-01T09:06:53Z,24d2f2ddd119efcb13abb0ab2cb53850e9788b6713967ccca4d6e071,60.16762,24.95415,000000006b44cce7,16.1
19535,2019-08-01T09:06:53Z,2a93b61a3863ace54349d7a0937e4134fcc6d4dfcf064eefae2b7cf8,60.15432,24.9211,0000000019fb59c4,18.79
19536,2019-08-01T09:06:53Z,2b768144e797cf0d3542f04f2af4f693d622b17946500d54430aacbb,60.1538,24.95595,0000000038bf9618,33.81
19537,2019-08-01T09:06:53Z,5b91abc1d452431fdb7bc15f638eee91a54034b6327f40e58ccacda6,60.14947,24.91438,000000004ef3150d,33.81
19538,2019-08-01T09:06:53Z,5d65719c4cbf045f068d084b72302f447d5fd034413d97d13be00d0e,60.18203,24.91341,00000000342570c2,23.56
19539,2019-08-01T09:06:53Z,6a657079c1bdc8114c289be1ddd83e5846d4279a920d1697b8ff0033,60.18203,24.91341,00000000342570c2,31.5
19540,2019-08-01T09:06:53Z,6d22b751ff5173035dc85c52c3dff0780126adae67fe33dc62dd45ef,60.16531,24.9442,00000000fdda10fe,20.28
19541,2019-08-01T09:06:53Z,6ff437688c444238352c28f64f9d2a7d0f14d19c9ea42c225380501e,60.16762,24.95415,000000006b44cce7,12.69
19542,2019-08-01T09:06:53Z,76c7f42283513d0e289bf786d89463b5025b2ae0f4e13519a4cf228b,60.15432,24.9211,0000000019fb59c4,27.28
19543,2019-08-01T09:06:53Z,84fdfd8881f633c5f0c71c1480053953ca4b05e848052d97c063ad38,60.1538,24.95595,0000000038bf9618,23.56
19544,2019-08-01T09:06:53Z,87dfaad29a9276ddddb1fa021d3bc23ad14824c1af16f7d87e713689,60.14951,24.92138,0000000006dd41f6,11.7
19545,2019-08-01T09:06:53Z,8c75c3289c84fe4493e1e272a77b615fe1985880c5dc68a7c1a17b53,60.16762,24.95415,000000006b44cce7,10.78
19546,2019-08-01T09:06:53Z,8cc6ddaa460aeae8cc9e8a33f91a01c8cd4c0c8bf8a943210a28c84d,60.1538,24.95595,0000000038bf9618,20.28
19547,2019-08-01T09:06:53Z,90778cdb407c97aacbb3fd01f29f2680b24f7e8b2365e56cf8d9b4c4,60.16531,24.9442,00000000fdda10fe,33.81
19548,2019-08-01T09:06:53Z,9500bab795f51bdd64c3f0f2cd00ad5aa6d9b93195c29484e6e5f92a,60.16762,24.95415,000000006b44cce7,18.79
19549,2019-08-01T09:06:53Z,9843c6216661048343a0e49cf3d8aa2883cf77f452666a1c873a1052,60.16448,24.97323,0000000053c6c2be,10.78
19550,2019-08-01T09:06:53Z,9d03d14afa49576281aa26db60e517f7c1ec8aa36f7756959a860a8a,60.16629,24.95957,00000000fb7600be,10.78
19551,2019-08-01T09:06:53Z,9ff35a7f150d05ef75c3777dbae4f91e5b1a4d0830a984c50f6da1bc,60.16897,24.95222,00000000aa852af1,27.28
19552,2019-08-01T09:06:53Z,a5302e72a58b038ac7633e65863bac48d8153d8837533ac7b5409f37,60.16629,24.95957,00000000fb7600be,14.89
19553,2019-08-01T09:06:53Z,a9da1ee82e3b670e276c26b483dd50f4a6d0c6f77ef82245d3ae6086,60.18203,24.91341,00000000342570c2,14.89
19554,2019-08-01T09:06:53Z,ab0f67c0c0e1ba5eac9013f9c314feadf340ddf08543b91e70483594,60.16544,24.95398,0000000038d83d41,18.79
19555,2019-08-01T09:06:53Z,b1f358076ba79ef902a36ca8ae3f8ec7c93308a67c479345bfdbdecf,60.1538,24.95595,0000000038bf9618,38.87
19556,2019-08-01T09:06:53Z,b4faf2d3c4d2b199afeab6ab63b583fe3a2e81e14abbef6917f25129,60.15432,24.9211,0000000019fb59c4,18.79
19557,2019-08-01T09:06:53Z,b5fd6b317890e5ab2d79e2cd1abe61626d45a753c7337d0d40728898,60.16762,24.95415,000000006b44cce7,9.12
19558,2019-08-01T09:06:53Z,cf05623e4d87ce0906c0b0b7dbf53aacc1228016cd27c341228b6e76,60.18203,24.91341,00000000342570c2,18.79
19559,2019-08-01T09:06:53Z,d178749a24c32676d0da0f51ae6ff63c456499d4b1814af8fa75ca9e,60.16448,24.97323,0000000053c6c2be,12.69
19560,2019-08-01T09:06:53Z,d97b8c7fe3fb576de87ee95dc8687379962a385369468f3e6799bfcf,60.149,24.9843,00000000fffb8cf0,21.87
19561,2019-08-01T09:06:53Z,dd2c9c82cf3737146294aff6f814a1349fb0bc4bedf518715dacbe8f,60.18203,24.91341,00000000342570c2,13.75
19562,2019-08-01T09:06:53Z,df89b51aeaaa1a8c64db45d6c35f918b650806b37aea9b50246a3267,60.16829,24.94214,00000000afef4555,23.56
19563,2019-08-01T09:06:53Z,ec72ef080c605e71978aed0d3b5f22c3c3133677a43c614b72eedc6d,60.14699,24.922,00000000a53ed894,21.87
19564,2019-08-01T09:06:53Z,f22981c21af00fc334b3d8bdd523e23a50384666e97815f0ec1dc0ac,60.16897,24.95222,00000000aa852af1,18.79
19565,2019-08-01T09:06:53Z,f7e45613ad966fea53fab73b435ba3a087c774e36596b3a5156a3487,60.16829,24.94214,00000000afef4555,4.5
19566,2019-08-01T09:06:53Z,f83d4b6b8ffbf8a674d212e32100b2360b80261b4e9207d77c0b0ed3,60.17918,24.95141,00000000675d5200,4.5
19567,2019-08-01T09:06:53Z,fc4f3a44235f1cfc7b53f14ba2da599976a5a0a220d23b852688e485,60.17918,24.95141,00000000675d5200,17.4
19568,2019-08-01T09:06:53Z,02050a536056486b1bf139282f0d0a3af63def1d56ff0c73ac51bb19,60.14947,24.91438,000000004ef3150d,10.78
19569,2019-08-01T09:06:53Z,023083c44c772667f1727e01c74518889b2a82d78ceb28c08b6f8a20,60.16531,24.9442,00000000fdda10fe,16.1
19570,2019-08-01T09:06:53Z,028149b8bfaf37d1f064cb0b4f23ae118f00d8eff41679fb8830396a,60.16531,24.9442,00000000fdda10fe,20.28
19571,2019-08-01T09:06:53Z,0362cc670dcfab795a3911957b6a177416bf9b99d0e2732716796c4d,60.15432,24.9211,0000000019fb59c4,18.79
19572,2019-08-01T09:06:53Z,03f427d436ba092925de462b11374bdbdab0443620037675621fbc11,60.17918,24.95141,00000000675d5200,17.4
19573,2019-08-01T09:06:53Z,0483eb7342f4e704caa76b9bc3d6a7bd836282960dafc2c756247134,60.16762,24.95415,000000006b44cce7,13.75
19574,2019-08-01T09:06:53Z,063935180fff0e58de5d319ecb9320cf794423e3c6aeac0cca8f1a9f,60.16897,24.95222,00000000aa852af1,20.28
19575,2019-08-01T09:06:53Z,0849a091b1aabe9b614b6b5c54dffd083dbb4473ca90dc972e4d37de,60.16829,24.94214,00000000afef4555,8.38
19576,2019-08-01T09:06:53Z,0c1684b697a63d7f47ebaedcfa060b3b4af294fec1e62d613699291a,60.16897,24.95222,00000000aa852af1,6.46
19577,2019-08-01T09:06:53Z,0c2d3bdaf0e8a9d6efcf95298acb85805b31c1c6618f00dd4489dddb,60.16762,24.95415,000000006b44cce7,13.75
19578,2019-08-01T09:06:53Z,0d36588b0274c7fc1c33ed938ed6883bd98d7e2d5a66328940df8a94,60.14947,24.91438,000000004ef3150d,10.78
19579,2019-08-01T09:06:53Z,0e62c7194170ff5abcdede8e7bb2dc9370e053dcd7957fc62f077453,60.16829,24.94214,00000000afef4555,20.28
19580,2019-08-01T09:06:53Z,1069967e3921871955b1b2b42e60f829c593a3e024401bfe61ae410e,60.16629,24.95957,00000000fb7600be,16.1
19581,2019-08-01T09:06:53Z,1134a082e36fe03359bac74c814a0ed20468c45230115d4e25aa230d,60.16829,24.94214,00000000afef4555,18.79
19582,2019-08-01T09:06:53Z,1271bcd33c0056265a5bdf6df4092a3c9e2209abee80570cb172031b,60.16897,24.95222,00000000aa852af1,17.4
19583,2019-08-01T09:06:53Z,141ffc858c3ea6a2e69c954115114304736a35dc25ec947323090dc0,60.16762,24.95415,000000006b44cce7,3.74
19584,2019-08-01T09:06:53Z,14b431f72fc7a1705dec55f60900c3104cc3eab2bed0b01ad6745910,60.173,24.92524,0000000096918cfa,33.81
19585,2019-08-01T09:06:53Z,15f0c7729a45bd0fc3da95ba2b96438413942d1d46ab4add644c9f45,60.16762,24.95415,000000006b44cce7,17.4
19586,2019-08-01T09:06:53Z,164d8280dbb888033f64368dd641bcef597fc327148fcf74374894c5,60.16544,24.95398,0000000038d83d41,17.4
19587,2019-08-01T09:06:53Z,16e18d478be872d2a9801fa885d08edeb3f5ae1840b38478f9baf535,60.17918,24.95141,00000000675d5200,10.78
19588,2019-08-01T09:06:53Z,171980d40f8d22e4729243ca1e6e18c1416a08d9e495829266ca211e,60.16897,24.95222,00000000aa852af1,11.7
19589,2019-08-01T09:06:53Z,190cdde22bc3e3a41cd0f9da7efb3a917bc09e8034b05ca6064ea8a8,60.17918,24.95141,00000000675d5200,18.79
19590,2019-08-01T09:06:53Z,1b68a6bcf7b740e0c437e0976d4900f31368afcb2c757bba30e0a249,60.16829,24.94214,00000000afef4555,9.12
19591,2019-08-01T09:06:53Z,1cfafdaa3ff1975bcf6f699641431e88775ba2183074d825eeb81dd3,60.149,24.9843,00000000fffb8cf0,16.1
19592,2019-08-01T09:06:53Z,1d70ff49909e1d6fb653ae053aa78084daf385dbbd2ad22b05707309,60.16829,24.94214,00000000afef4555,9.92
19593,2019-08-01T09:06:53Z,1dacfb371d75dd4f90f447aac2a00faad98beb4188a6971c19eb2375,60.16629,24.95957,00000000fb7600be,18.79
19594,2019-08-01T09:06:53Z,1dbecade1f3540eb44c3d86cb1ffc73d5bf422ea0cf76927c2d5cd74,60.16829,24.94214,00000000afef4555,18.79
19595,2019-08-01T09:06:53Z,1dcff36b6f83b08b6ea87c1c1018c542c270299839908ca446dffb39,60.16762,24.95415,000000006b44cce7,10.78
19596,2019-08-01T09:06:53Z,1e3044c19f6913531b6dd4bccb88ad02c1b39192513ccffa05444edb,60.1538,24.95595,0000000038bf9618,25.36
19597,2019-08-01T09:06:53Z,1e3af5697f0a2ae45f261da79e4ba71c868dc4d78008bd1995fe6259,60.16448,24.97323,0000000053c6c2be,18.79
19598,2019-08-01T09:06:53Z,1eadb2c1984aa73c3c2f13eab0a2e793331443c617681e36887f0bcc,60.16629,24.95957,00000000fb7600be,18.79
19599,2019-08-01T09:06:53Z,20b37aa6c3ad0dfea9c182498905a450537b0efbbd8563b205e93afd,60.16897,24.95222,00000000aa852af1,17.4
19600,2019-08-01T09:06:53Z,20ecc60ba6748bb4a65d10d3f27a3b928bcbc43ea0eab6ff9121c1bd,60.16829,24.94214,00000000afef4555,29.32
19601,2019-08-01T09:06:53Z,25479245e5a8b0fe47e2bd590cdd63256d84afd6c164781dc64e527d,60.149,24.9843,00000000fffb8cf0,7.69
19602,2019-08-01T09:06:53Z,25cb2083e37b94c494721a209c618536fa197160b36f5c57394e1077,60.16762,24.95415,000000006b44cce7,20.28
19603,2019-08-01T09:06:53Z,277fcf3cc917a89b46a34e0cf5164a78f5bcc88d92bb45ded60f1a91,60.17065,24.93641,000000000f4919c9,9.12
19604,2019-08-01T09:06:53Z,27b591b33a56a542440b53031a24f42290b0ec1a194af27700b75a3a,60.17918,24.95141,00000000675d5200,10.78
19605,2019-08-01T09:06:53Z,2823bf6afde4a5cc05342c15e7417c9590ba52264be5793bb688faab,60.17065,24.93641,000000000f4919c9,33.81
19606,2019-08-01T09:06:53Z,28296ae2b460df2f6807f8a84b81e5ebd24677a05bded29111dc33a4,60.17002,24.94407,000000006b087f40,25.36
19607,2019-08-01T09:06:53Z,28ce50ca84cdcd4c17a36ac666e7ac0267b6ab5b77f4bfb08b2573a1,60.16762,24.95415,000000006b44cce7,2.3
19608,2019-08-01T09:06:53Z,28d50861d92f962c7a49eabaa524431aebf52870e44b79f77d7167c6,60.17918,24.95141,00000000675d5200,7.05
19609,2019-08-01T09:06:53Z,29ae3c5c3aeac0c607bc816f7e74c232a40142b79a52c43c7b1ed42f,60.16829,24.94214,00000000afef4555,3.4
19610,2019-08-01T09:06:53Z,2afa9ac588b2c55e8edf99ee96ecaf63451a7ab1e51571b7e2d1d491,60.16762,24.95415,000000006b44cce7,3.74
19611,2019-08-01T09:06:53Z,2c184c9cc9c9a744c6959766a13f23462ffce29c252d073a252b6a7a,60.16762,24.95415,000000006b44cce7,14.89
19612,2019-08-01T09:06:53Z,2c6810efb2565383ca0a554f3c51f3f7905484357f5e00756dbf091a,60.17918,24.95141,00000000675d5200,5.91
19613,2019-08-01T09:06:53Z,2c6f6440161f9061a850e8db96383d5eb111f0d1d8f0b666b7c49f22,60.16897,24.95222,00000000aa852af1,25.36
19614,2019-08-01T09:06:53Z,2cec6d5db391b4d6a591b943d00f7151e23bf652d8c1a8d674a041a3,60.16762,24.95415,000000006b44cce7,17.4
19615,2019-08-01T09:06:53Z,2ea9a23b1a04016fb4810d1ceb5731d90774224fd9235877005a4e1c,60.16897,24.95222,00000000aa852af1,27.28
19616,2019-08-01T09:06:53Z,2f43b7a683b0d365a46b6259a032813c293472eaedcdbcc3507adee5,60.17918,24.95141,00000000675d5200,2.8
19617,2019-08-01T09:06:53Z,2f79108a454c0072885ad1447280ed5098d061b229eaae61a8bb67be,60.15432,24.9211,0000000019fb59c4,10.78
19618,2019-08-01T09:06:53Z,2f82b3546af2df53b58cddc668c9aa196554108cdf39120ea40b417c,60.16629,24.95957,00000000fb7600be,1.88
19619,2019-08-01T09:06:53Z,2fb39eae730ec6f291700f841a64aaf680d52a8346399aec6ccb1dbb,60.17065,24.93641,000000000f4919c9,16.1
19620,2019-08-01T09:06:53Z,2ff189e5846383641192cafb595a7a8f77394239ee03aabd1bf3c49f,60.16829,24.94214,00000000afef4555,13.75
19621,2019-08-01T09:06:53Z,31b02b3b271f6feef9e49d9285929ff1c25a11e608fc5d70bc6a1fac,60.16897,24.95222,00000000aa852af1,16.1
19622,2019-08-01T09:06:53Z,3227dbecd3a095676006e4ad615dc2aea1f506c310c940230a15ac94,60.17919,24.95181,000000007b5207b6,25.36
19623,2019-08-01T09:06:53Z,3371cfaa0eed702110b1f5501d188c9e7424a2e018bb905af13896cc,60.16448,24.97323,0000000053c6c2be,27.28
19624,2019-08-01T09:06:53Z,33fa4cb82db5b44ffe6e7ae1039635187f90d1df328f8f139da0c693,60.17918,24.95141,00000000675d5200,3.74
19625,2019-08-01T09:06:53Z,3480c16a6649952c388d8902596e332f018e609b9585f483353ae026,60.17065,24.93641,000000000f4919c9,2.8
19626,2019-08-01T09:06:53Z,34aa4c3c2f71b736426f6819c09b12c961bc996110fe1fa7c9772c5d,60.15432,24.9211,0000000019fb59c4,10.78
19627,2019-08-01T09:06:53Z,34e96c7caa63e7ede8f428b18e8fb556ac235d61a50c9d6ac7ff268f,60.17918,24.95141,00000000675d5200,25.36
19628,2019-08-01T09:06:53Z,3609f484ad7e56259f60a61aba44f22dfca5c8b2564fce7e802ad342,60.16829,24.94214,00000000afef4555,25.36
19629,2019-08-01T09:06:53Z,367b1989198ef11170dd9fcfa7e6ebb5ceb58aab87c613ee1bb86e8c,60.16531,24.9442,00000000fdda10fe,12.69
19630,2019-08-01T09:06:53Z,3685ee6d322dcb2ad0ae181f66c3c5427d4531d7896d2f5f7571bb6d,60.16762,24.95415,000000006b44cce7,5.91
19631,2019-08-01T09:06:53Z,370e50e1f77aeb2782c892f70147b6a5749ecd7e9ee41036f693ba0a,60.16762,24.95415,000000006b44cce7,17.4
19632,2019-08-01T09:06:53Z,38fb20c6d55b10dd10a39c0fb41ad61297453e25afda81cf32313ae3,60.16531,24.9442,00000000fdda10fe,20.28
19633,2019-08-01T09:06:53Z,39126ffb278f49e06180cc6abe5b31ab3acdce1534b5b6ffa0b6e567,60.18203,24.91341,00000000342570c2,20.28
19634,2019-08-01T09:06:53Z,39c6456ee66fe96eee3d97cee2a70923cedb3da760bb5d4d413adb9c,60.17918,24.95141,00000000675d5200,3.09
19635,2019-08-01T09:06:53Z,39e9fa7033887b7ab339887aa68753ff94d4771cda2bb8ff4ea7aa0a,60.17918,24.95141,00000000675d5200,13.75
19636,2019-08-01T09:06:53Z,39f63cf5760b5bae69e8e4a32c6d9b96a1ed84e29cc868d27af934c0,60.149,24.9843,00000000fffb8cf0,31.5
19637,2019-08-01T09:06:53Z,3a253f272d2781dc2001addfbddcac5f3dbf18610988531707b80b60,60.16829,24.94214,00000000afef4555,5.41
19638,2019-08-01T09:06:53Z,3a2f1a2c6c645bd161943b3f19c171d021512d7a8c4273ed3022f5df,60.16829,24.94214,00000000afef4555,16.1
19639,2019-08-01T09:06:53Z,3a38ba36c098f2741d6c5fb5a751fcd074d05d698ac592ca09ab443c,60.16448,24.97323,0000000053c6c2be,18.79
19640,2019-08-01T09:06:53Z,3a7b4023cee4b0d567a123a3d6aff0bc8f94663522bbdf0ea4306607,60.149,24.9843,00000000fffb8cf0,9.12
19641,2019-08-01T09:06:53Z,3a97ae4dcab31eb5e15e5d036d286e9764e25bcf0ad8afcfba854c90,60.16762,24.95415,000000006b44cce7,9.12
19642,2019-08-01T09:06:53Z,3b124e1851087531134d5e5d0a10b6afe3551982609a81a19dd969dd,60.16829,24.94214,00000000afef4555,25.36
19643,2019-08-01T09:06:53Z,3be40c84926a525adbd09eeeb3a12b73b24c633942b2e1fbe8151ac3,60.16448,24.97323,0000000053c6c2be,17.4
19644,2019-08-01T09:06:53Z,3c864716e211395e6a02802fbf80abb7b7c4519243bea4994fca7720,60.16762,24.95415,000000006b44cce7,16.1
19645,2019-08-01T09:06:53Z,3cc82d532d2a768e0c987e2653e32825a8b11fc2f7ba36388535f6e2,60.16075,24.95883,00000000f1124bca,41.64
19646,2019-08-01T09:06:53Z,3eea43670f4f29a90ced59c1af122371340275fb61ff8f14c7120658,60.16762,24.95415,000000006b44cce7,7.05
19647,2019-08-01T09:06:53Z,41298dbe42c249c1484958a8818cfdb22e455565699a470137217284,60.17919,24.95181,000000007b5207b6,20.28
19648,2019-08-01T09:06:53Z,41468f2301503c821063394ab4f8a8c9dc5484824282edcad0457d30,60.16629,24.95957,00000000fb7600be,21.87
19649,2019-08-01T09:06:53Z,42844e90c7134ebb3ec325f57cd27cd24711c779548ebc8692a820d5,60.14951,24.92138,0000000006dd41f6,3.4
19650,2019-08-01T09:06:53Z,432417b4972b744ded3410777a6bbb583cf56172bf3436ddbe48a21d,60.16762,24.95415,000000006b44cce7,5.91
19651,2019-08-01T09:06:53Z,4470412c4b059a920f2699fbfb72b261e0847b3e1caa8c71d2edd5a2,60.16448,24.97323,0000000053c6c2be,21.87
19652,2019-08-01T09:06:53Z,4642dfa1df839f11e64f68bca4e3dce7bde2ff6dd68c54959fcb4788,60.17918,24.95141,00000000675d5200,7.69
19653,2019-08-01T09:06:53Z,4682d95464cedcc021f38271a51bab9c000762b4acf802070e259ba2,60.16629,24.95957,00000000fb7600be,11.7
19654,2019-08-01T09:06:53Z,46c37bb9313fa511d142a461fb0eedda90bf18eb9016d20db109f6a4,60.16829,24.94214,00000000afef4555,12.69
19655,2019-08-01T09:06:53Z,478830e26b1b9314c3f35b4ca62aba9828872733abbc7f32b78daac3,60.16531,24.9442,00000000fdda10fe,31.5
19656,2019-08-01T09:06:53Z,47bd1492244c444d45674eb48dd2e6f222cb109d820ba807c4e18c1a,60.16629,24.95957,00000000fb7600be,10.78
19657,2019-08-01T09:06:53Z,48004849b2f48b2314aa9175433d754db1641b949bb8cf050e2dd128,60.17918,24.95141,00000000675d5200,7.69
19658,2019-08-01T09:06:53Z,484bbaa5a9d6bdd2259f022b6ea4e3c290985c13a1286bd7142d878f,60.16762,24.95415,000000006b44cce7,2.3
19659,2019-08-01T09:06:53Z,49bbad87e4d6cd03bdb073bde7be91193d74d29943badce7fc536916,60.16448,24.97323,0000000053c6c2be,5.41
19660,2019-08-01T09:06:53Z,49df780a7f20a99ad2810fa4bbb46b5fac9bc5cbe3fc800cd572f63a,60.14947,24.91438,000000004ef3150d,13.75
19661,2019-08-01T09:06:53Z,49f30a741207cbfec775d36d911b5e67735df0f53762d3d5e0de05a8,60.16531,24.9442,00000000fdda10fe,23.56
19662,2019-08-01T09:06:53Z,4a411358c7be8ae8840c6e6538ae0d8d6ea43b68bb1e6cce531add45,60.173,24.92524,0000000096918cfa,33.81
19663,2019-08-01T09:06:53Z,4adf9bed4c6391fd34fc9611c3ff6977a984d62d20c49b647cf1d4d3,60.17002,24.94407,000000006b087f40,20.28
19664,2019-08-01T09:06:53Z,4afcc27c652d3d50a44d060f84e33dd4b17529d982928dae936cf10f,60.16448,24.97323,0000000053c6c2be,25.36
19665,2019-08-01T09:06:53Z,4ba529eeafb27285cbbade6e5ece0d4d04bd2d13c98b27a5d17abd22,60.16897,24.95222,00000000aa852af1,3.09
19666,2019-08-01T09:06:53Z,4c85a4a0756c1707ca2f02a74870d1e1d1a90f1793d229dc3a2bbb63,60.16531,24.9442,00000000fdda10fe,20.28
19667,2019-08-01T09:06:53Z,4c8696833edf46025bc9b5f589679b77a73c857736036aa9ef6696e5,60.17002,24.94407,000000006b087f40,17.4
19668,2019-08-01T09:06:53Z,4e5e16adfd317b7f9617f681099821bae42d6f0dca51dfd0957c65b4,60.16762,24.95415,000000006b44cce7,8.38
19669,2019-08-01T09:06:53Z,4f9125edf503fe3cb0ba1e1221fe6a67aafd99fcd89fd92d2bf20e97,60.16897,24.95222,00000000aa852af1,27.28
19670,2019-08-01T09:06:53Z,4f93c5c493e876fd65b50774e1c92d808bcddb72337905c0c6bb385b,60.16829,24.94214,00000000afef4555,21.87
19671,2019-08-01T09:06:53Z,4fb4a3650a2a28469dde9c537458d24411aa6075666e047dd756fba9,60.17919,24.95181,000000007b5207b6,23.56
19672,2019-08-01T09:06:53Z,5001aabb6808b9fd96b705d1ebe8e7aca52713c2640100d81879dd86,60.17918,24.95141,00000000675d5200,5.41
19673,2019-08-01T09:06:53Z,518381021c83c138e4a82160bc6cc947b3866647e3c5d6818bdd63bb,60.17002,24.94407,000000006b087f40,21.87
19674,2019-08-01T09:06:53Z,52dafb8d2f758077fde6a37220aa103d803e9c58d64ac234a45708ee,60.16531,24.9442,00000000fdda10fe,27.28
19675,2019-08-01T09:06:53Z,5328327c1bd91c38f3e3d1200d630dcc186849d71a76e63154527d36,60.16829,24.94214,00000000afef4555,27.28
19676,2019-08-01T09:06:53Z,5372348389197e6c4bc4c5e3dab047e7384d562220e6295904bbda1b,60.17065,24.93641,000000000f4919c9,4.11
19677,2019-08-01T09:06:53Z,53fb53be4440aecb1a1fa63a9da1db08182cc7e252da14685e63373d,60.16762,24.95415,000000006b44cce7,6.46
19678,2019-08-01T09:06:53Z,54b89ed12e25892c9160e029a0379d61425b88db1aa30b06f9ea2d8b,60.17002,24.94407,000000006b087f40,13.75
19679,2019-08-01T09:06:53Z,54bd709173219e8017f317b63ecc83d0a48f64542e6fa1b83c86a56c,60.17918,24.95141,00000000675d5200,6.46
19680,2019-08-01T09:06:53Z,556cae6b2e2dec6fe691a835e8e08bd016b1a65797c0aca46879329f,60.17919,24.95181,000000007b5207b6,16.1
19681,2019-08-01T09:06:53Z,559429bba23762a872fc7b1e2219d42125ab101e4355d43fdb94ed7b,60.17918,24.95141,00000000675d5200,5.91
19682,2019-08-01T09:06:53Z,559e6a5225ce35ab844c63ea0d0c1695dc490a3d9cfbafa5d35ac8d8,60.14947,24.91438,000000004ef3150d,12.69
19683,2019-08-01T09:06:53Z,57c17edc71bbce06ad692952a1e05eaa77181884e580c0848f3a23fc,60.14951,24.92138,0000000006dd41f6,25.36
19684,2019-08-01T09:06:53Z,5830a481876da00686f25b17dad06258a39212c0816ed04dda2df1bd,60.16531,24.9442,00000000fdda10fe,21.87
19685,2019-08-01T09:06:53Z,584cb0b0cdd14e608c8b57c8aecc9826f9b40027e365e2438a444ea2,60.16762,24.95415,000000006b44cce7,8.38
19686,2019-08-01T09:06:53Z,5865a27b5b56a60bca38e4a1403655e3e7fd0232a3ff2079965aff81,60.15432,24.9211,0000000019fb59c4,27.28
19687,2019-08-01T09:06:53Z,58754229cd3381042c5ffda79c0108c5f77aa1f0f6d1468b9cb42b4c,60.16829,24.94214,00000000afef4555,18.79
19688,2019-08-01T09:06:53Z,587bff756f80d37255456988cd830aec24c7fa6faa4dbff5bd2350ca,60.17065,24.93641,000000000f4919c9,23.56
19689,2019-08-01T09:06:53Z,5978726eeef638856dafd3a8d199287f8daf9e90ddde750b402f8bb0,60.17065,24.93641,000000000f4919c9,2.8
19690,2019-08-01T09:06:53Z,5a34b02faac3189217466888ef1d31cc80f721ac2f18638c5db88d53,60.14947,24.91438,000000004ef3150d,11.7
19691,2019-08-01T09:06:53Z,5a857d46d2710076dd9ff377dc9ae0c17e4db2a46db79f1e8d158cfa,60.16829,24.94214,00000000afef4555,13.75
19692,2019-08-01T09:06:53Z,5a8d671a78b976d212d9746d88b9a754a2d9c8341c529e88b7c6b8f4,60.17065,24.93641,000000000f4919c9,21.87
19693,2019-08-01T09:06:53Z,5b06617477af6dcee75a94ac347364b50f6f3b5b7d747e5413d9ad58,60.14947,24.91438,000000004ef3150d,8.38
19694,2019-08-01T09:06:53Z,5c1f71098d5d7258d2971061c791c94e0138c8e02225c5f60d6a0428,60.149,24.9843,00000000fffb8cf0,18.79
19695,2019-08-01T09:06:53Z,5daa76852f3e1be6c75fa2185d5787ab9010cf83d6671515769a8649,60.16531,24.9442,00000000fdda10fe,13.75
19696,2019-08-01T09:06:53Z,5e2c5c20c88ccf362ed8749d1ddc041b1cb1c38d8dbeac7870179322,60.16629,24.95957,00000000fb7600be,4.5
19697,2019-08-01T09:06:53Z,5fc2fafdb6649a869ffd226bfe99095b50996797c20447b63333997d,60.15133,24.92329,00000000e8a064a4,11.7
19698,2019-08-01T09:06:53Z,6072bfb496e2b8a999c9edbda5b76fbc0e783ff2a439c4e6c881fabf,60.16829,24.94214,00000000afef4555,27.28
19699,2019-08-01T09:06:53Z,61267c0b8343a0506f17cee501b5a33952b38a1e8cf2e5aaf2961e0d,60.16762,24.95415,000000006b44cce7,27.28
19700,2019-08-01T09:06:53Z,61e4465b011a94bbf6341adebb1aed56100967cac117b368910b36de,60.16544,24.95398,0000000038d83d41,29.32
19701,2019-08-01T09:06:53Z,63ff2439779051005c18876d20ed53ce060c1de9d7976821bd518fc6,60.15432,24.9211,0000000019fb59c4,9.92
19702,2019-08-01T09:06:53Z,65b6b62b547e11e10f7f83ad497446bee2bb9653097d9d62e9b1b817,60.17065,24.93641,000000000f4919c9,5.41
19703,2019-08-01T09:06:53Z,67cf7d2881080aa59ed36a6d88ea1946d17e9d1d5e1ad9eee1851969,60.18203,24.91341,00000000342570c2,23.56
19704,2019-08-01T09:06:53Z,684e7a868866e631c134ab5bd21b6ba738f6ebc6d5b5c169e366c6ee,60.16897,24.95222,00000000aa852af1,8.38
19705,2019-08-01T09:06:53Z,685af6b01bd180194d718801bb8b9c9de22050cc392d6c6441fe986b,60.18203,24.91341,00000000342570c2,14.89
19706,2019-08-01T09:06:53Z,69e2854c78a472b462941ef730aa9fa7a9dba9c1cc22996396d4c78a,60.17918,24.95141,00000000675d5200,4.94
19707,2019-08-01T09:06:53Z,6adce4d05e58232a97635a2fd7918e4e49d9295afc0989d727f9c712,60.17002,24.94407,000000006b087f40,2.8
19708,2019-08-01T09:06:53Z,6d98ac1fea7056e5b96d6095caf0e3677a4ec30e9fbcc2e50ae1cf65,60.16629,24.95957,00000000fb7600be,21.87
19709,2019-08-01T09:06:53Z,6dd5463e670c352180c1e912300e21e59f5e2976266df8c3c92b0baf,60.16829,24.94214,00000000afef4555,8.38
19710,2019-08-01T09:06:53Z,6e80fcea10d21e1d5e672b554c0f3fe686dc58934f38c3391fd5c262,60.17002,24.94407,000000006b087f40,17.4
19711,2019-08-01T09:06:53Z,6f616e6334d0ed70e5ea15408a51e9daf643369911d94d76830a7d65,60.16544,24.95398,0000000038d83d41,14.89
19712,2019-08-01T09:06:53Z,6fe2cf6737d40d71251dac8ebef5356a2b765621e97a346c00a6031c,60.15432,24.9211,0000000019fb59c4,3.74
19713,2019-08-01T09:06:53Z,7003a7f6a5523b645634f014e04bea36016953a8af9324e35602bc2e,60.14947,24.91438,000000004ef3150d,36.27
19714,2019-08-01T09:06:53Z,701dc50417b28dba15ad9ff809844f1766b6579389a2e5ebb0562635,60.16629,24.95957,00000000fb7600be,23.56
19715,2019-08-01T09:06:53Z,704c3f3075f13713c363014fa828e4a932e7a05676813b9963a1e554,60.17918,24.95141,00000000675d5200,2.3
19716,2019-08-01T09:06:53Z,70d391038ec56b63a3737605c2c1db6ffbdca8e4490691776dc993f1,60.16829,24.94214,00000000afef4555,9.12
19717,2019-08-01T09:06:53Z,71b01bb8b8e877dc9ca40e756f441571d12ee3311a945417e8aaa116,60.16762,24.95415,000000006b44cce7,5.91
19718,2019-08-01T09:06:53Z,72439a1f997fd347d46394f31f5789edc877fe61ca34fcd31f9150b1,60.18203,24.91341,00000000342570c2,18.79
19719,2019-08-01T09:06:53Z,729c5f2cffe7e3f5554f3c2bbc7f717457700e648ccb716bb2e98c8a,60.17002,24.94407,000000006b087f40,20.28
19720,2019-08-01T09:06:53Z,72f088587da3409c5a4bec360a52a230a7551c3671441baaaabc6357,60.16829,24.94214,00000000afef4555,13.75
19721,2019-08-01T09:06:53Z,74d0c0f340d9edbc94f0053d217dded19fcf40450363f4568f14a421,60.16762,24.95415,000000006b44cce7,14.89
19722,2019-08-01T09:06:53Z,750297d0d8ff0ca837d9c2289c26302d62f38708617150431ab14509,60.16531,24.9442,00000000fdda10fe,16.1
19723,2019-08-01T09:06:53Z,7563b91d728fe470bc4d89aa18128a87b92c747336dd2c70cfbf9e84,60.1538,24.95595,0000000038bf9618,25.36
19724,2019-08-01T09:06:53Z,76c2f7b3773d4bebd4dabada1c2b98fe4ea9762e9c98b4a6371d7746,60.16762,24.95415,000000006b44cce7,9.12
19725,2019-08-01T09:06:53Z,7700297fec4982ad776529835e2ab46d4e5cbc889e26f368c19efeef,60.16829,24.94214,00000000afef4555,1.38
19726,2019-08-01T09:06:53Z,774131d73accbbb31ec3c43c3501b7969645eb65df1839ca8116526e,60.15432,24.9211,0000000019fb59c4,12.69
19727,2019-08-01T09:06:53Z,774bf331a7d205164487c930f8e043d9f4064d968a7f9cb28bfa5dc9,60.16762,24.95415,000000006b44cce7,12.69
19728,2019-08-01T09:06:53Z,7a2b35da2d6119549eacb416bea033d3d3eb6cbe4d4ff47c50c1fea1,60.16762,24.95415,000000006b44cce7,18.79
19729,2019-08-01T09:06:53Z,7c1534082e86ff4387878d813207626d8f728aa26b97248e00a3b8d7,60.16629,24.95957,00000000fb7600be,13.75
19730,2019-08-01T09:06:53Z,7cd51189de07d01882cf0a9346f0830a9b21764875334d45e143fbd5,60.17002,24.94407,000000006b087f40,14.89
19731,2019-08-01T09:06:53Z,7d12711d47425111a6dce413faa867542b9532f3b9c5a934b37a0bc8,60.17918,24.95141,00000000675d5200,14.89
19732,2019-08-01T09:06:53Z,7d415f4fd9093fb383b4ebb88961ad74e6a00d3ece39504712dad639,60.17918,24.95141,00000000675d5200,7.69
19733,2019-08-01T09:06:53Z,7e2e3d07c939e3e76e7ce87678faf64e056afe54215e00488839100f,60.14947,24.91438,000000004ef3150d,10.78
19734,2019-08-01T09:06:53Z,7eb4a715919b3eb4085270535ce4d7b57112591ad7242eb189bf652a,60.17065,24.93641,000000000f4919c9,11.7
19735,2019-08-01T09:06:53Z,7eee93799a4b0a73081b5997eaba4036febdfde0bb766caf4de4b5a2,60.16829,24.94214,00000000afef4555,7.69
19736,2019-08-01T09:06:53Z,7f59aaecea1eee6c703ec5d46d67b44289ddedf080defee495b73739,60.14947,24.91438,000000004ef3150d,17.4
19737,2019-08-01T09:06:53Z,7faf8705e89a761625aaed50b89538581e25d5950ec8f051d36ed829,60.14947,24.91438,000000004ef3150d,25.36
19738,2019-08-01T09:06:53Z,809bf2d7a0745ae512b934a578fd5fd47c13c5398b6d06ad350b9e7c,60.14947,24.91438,000000004ef3150d,14.89
19739,2019-08-01T09:06:53Z,814fca075a588ae71c130bafc9384a1c17e7bd8168994ae6fca55205,60.16829,24.94214,00000000afef4555,18.79
19740,2019-08-01T09:06:53Z,8165c5f8d06298ffd56f071c0ad1cc9f1d4f08084936937d712d0b61,60.15133,24.92329,00000000e8a064a4,38.87
19741,2019-08-01T09:06:53Z,828afe5ee1f94b9afbfd61b9673b7c8b21457d11dafb1d2ad98dbd23,60.149,24.9843,00000000fffb8cf0,9.12
19742,2019-08-01T09:06:53Z,82bab0a1bfd11576cf62159546b756e1da44125c76909e270ced391b,60.16897,24.95222,00000000aa852af1,20.28
19743,2019-08-01T09:06:53Z,8524898e498c83bde4bc1848aa2b372da84e7b2266f36aabe128cc27,60.17919,24.95181,000000007b5207b6,21.87
19744,2019-08-01T09:06:53Z,85bdce5b262dbd94adcff03e6cad26a1152828b6ab27e6fdd56b2b13,60.16762,24.95415,000000006b44cce7,7.05
19745,2019-08-01T09:06:53Z,86e7584bf95733cef59d74bb4955881e99dc86b73a0d5b4e3ef58b50,60.18203,24.91341,00000000342570c2,23.56
19746,2019-08-01T09:06:53Z,87f1cc4c4a9de1ab81fe39cf7fde6cf0d4778e690f1665b62231ce46,60.149,24.9843,00000000fffb8cf0,27.28
19747,2019-08-01T09:06:53Z,880f9cbb91b9caf48ea9c5dd1a0c8e1db72922b6dfcb647b102fc469,60.16629,24.95957,00000000fb7600be,4.94
19748,2019-08-01T09:06:53Z,88c2bc6310f27465b9f08b28fb52075d7703ce7b097e5beb37c7437c,60.14947,24.91438,000000004ef3150d,25.36
19749,2019-08-01T09:06:53Z,893080d82bb28aa3ab91e41ddd4569086c8135ade7be10aa644fca95,60.17065,24.93641,000000000f4919c9,27.28
19750,2019-08-01T09:06:53Z,898cde3317c73907bb23b1b885828c4bf3187c3a757a18dc32abe970,60.16762,24.95415,000000006b44cce7,3.74
19751,2019-08-01T09:06:53Z,8a01e28fd327e5c56dcf2dc8b2b7762a96d77584c21990a073ceb11f,60.16829,24.94214,00000000afef4555,20.28
19752,2019-08-01T09:06:53Z,8a70673a694137689441a8a18cff0044d959d5d1991c92c7b5fb8f0c,60.16829,24.94214,00000000afef4555,9.92
19753,2019-08-01T09:06:53Z,8c571538c285dba9d77edacfb1829b282d54b772b62209c6e4004237,60.17918,24.95141,00000000675d5200,0.5
19754,2019-08-01T09:06:53Z,8e20d0d67339e3cf43e77c3a340d9dc6766de8d079197a08a1343ff0,60.17065,24.93641,000000000f4919c9,9.92
19755,2019-08-01T09:06:53Z,8ff038d2521ba9895dd51ec173283988249667ca25f11a1486edd49e,60.16829,24.94214,00000000afef4555,25.36
19756,2019-08-01T09:06:53Z,90a44cbd1a957cc59a6986cff9b6b7b8e151d379e17da645069428b8,60.173,24.92524,0000000096918cfa,23.56
19757,2019-08-01T09:06:53Z,91deffb31a198a250cab767f56dfaa0452c84a6bc95e3d49d52dceb7,60.17002,24.94407,000000006b087f40,33.81
19758,2019-08-01T09:06:53Z,9236c27efd200a9ad94ce53d3d2cd84e25047b2280d7e96d6c4d971b,60.16897,24.95222,00000000aa852af1,21.87
19759,2019-08-01T09:06:53Z,941e13893853105c86bfbc6d31d62274937602143ce3bb530c8c17ed,60.17918,24.95141,00000000675d5200,13.75
19760,2019-08-01T09:06:53Z,94a511f0495a2cff2df26ded8f6da40e7a15287287ccf3125b5affd1,60.16897,24.95222,00000000aa852af1,41.64
19761,2019-08-01T09:06:53Z,9609babe3114439a82f93f797f4a6e779b6bab625488b8ff5b63e674,60.16829,24.94214,00000000afef4555,20.28
19762,2019-08-01T09:06:53Z,9998e64e3b5162fd8890fc4e2dfe41a3e875f08500f1cef0c4820855,60.16829,24.94214,00000000afef4555,12.69
19763,2019-08-01T09:06:53Z,9abbc86fb0fc1c0532042814af76a97e6a17121831d4394749a290a6,60.16762,24.95415,000000006b44cce7,8.38
19764,2019-08-01T09:06:53Z,9b3e6848d8b34e802134d6da0e5a594897ec3fafbbf08b6d0b84068e,60.17918,24.95141,00000000675d5200,6.46
19765,2019-08-01T09:06:53Z,9bc129708b07f3c5bbf4195e83f0e5b9a663b6f371f416a8e3a605f0,60.16897,24.95222,00000000aa852af1,20.28
19766,2019-08-01T09:06:53Z,9bef8b28ea93ecaee57d05b037edbfe7f80014aaf56343345fedd7be,60.17919,24.95181,000000007b5207b6,5.41
19767,2019-08-01T09:06:53Z,9c3468620f03e8cd338f2e12c4d2839479aae001db527fb45cba43a6,60.149,24.9843,00000000fffb8cf0,14.89
19768,2019-08-01T09:06:53Z,9e343a150f07bb3dcce5ecab8ac061b84d65b347b1af5a232e00eeb6,60.16829,24.94214,00000000afef4555,10.78
19769,2019-08-01T09:06:53Z,9eee6d740f1d483c484d02f0995f35550c09e6a8cf01f02680db5efc,60.16448,24.97323,0000000053c6c2be,14.89
19770,2019-08-01T09:06:53Z,9fe150ec915809e658e73e8d7076541dd0ae11c3374241f41adbb90b,60.16629,24.95957,00000000fb7600be,16.1
19771,2019-08-01T09:06:53Z,a04214b56cac7d70680703ee6a28fac742f3c3190b55b46a79c1f76d,60.149,24.9843,00000000fffb8cf0,13.75
19772,2019-08-01T09:06:53Z,a2333053951d093ef490bcc3b9455fa0ed512421b5b597602785ab28,60.16531,24.9442,00000000fdda10fe,9.12
19773,2019-08-01T09:06:53Z,a2c53a9ecb3dab08bc3bf70db35ea02e6f15cedb137ce7817751f27c,60.16829,24.94214,00000000afef4555,18.79
19774,2019-08-01T09:06:53Z,a2e761fd97d8bdf78601300822b531e306b9ab7a1a43b6bfb07eba52,60.14947,24.91438,000000004ef3150d,9.92
19775,2019-08-01T09:06:53Z,a38c11c450b472b9dad2f076e2d9a63651292d3de806331d06af7f46,60.16531,24.9442,00000000fdda10fe,14.89
19776,2019-08-01T09:06:53Z,a403dc1eebc5d130e12a4c3e4298737c9e00b25b1b6b2cc36a6979c9,60.16629,24.95957,00000000fb7600be,20.28
19777,2019-08-01T09:06:53Z,a4b9f871dcc986c95f1e84fe203bb392ba0fe13164d89119bda2c94a,60.16762,24.95415,000000006b44cce7,5.41
19778,2019-08-01T09:06:53Z,a66eb6150c36b53f6240acfe16dd98ceb16c43b8e02d0b56993bac73,60.16897,24.95222,00000000aa852af1,17.4
19779,2019-08-01T09:06:53Z,a6d0dd9de406b1201a4e438ec7c5f4a467f38c41e2dec42ff6c71d50,60.16897,24.95222,00000000aa852af1,12.69
19780,2019-08-01T09:06:53Z,a786eb3b8a25c58099a428799e99d0b86401f803ee38d3e5d20e59d3,60.15432,24.9211,0000000019fb59c4,8.38
19781,2019-08-01T09:06:53Z,a808962cb511e5ed2d23e6e33efe252b1be29dc1d2f7c6154817f04f,60.16448,24.97323,0000000053c6c2be,14.89
19782,2019-08-01T09:06:53Z,a83415babca8eac00f69a32371a230fdadda29bf40fd69f75cf2e8fb,60.17918,24.95141,00000000675d5200,21.87
19783,2019-08-01T09:06:53Z,a83703c80a4d58db87327a53b0d3664d23edf7350ff6b0afaa49c530,60.16629,24.95957,00000000fb7600be,21.87
19784,2019-08-01T09:06:53Z,a8ca7fb815e707c04434a085c4f99e783d56372143afc92225eae622,60.15133,24.92329,00000000e8a064a4,27.28
19785,2019-08-01T09:06:53Z,a9ee2aabbd32919adf0325ca2f2c5f8e0ba801bc168e8756cda957da,60.16629,24.95957,00000000fb7600be,14.89
19786,2019-08-01T09:06:53Z,aa05a7036c3586a79d23f426b78bf158357208bc82d7ddf9a1326dd2,60.16531,24.9442,00000000fdda10fe,21.87
19787,2019-08-01T09:06:53Z,aa5281244780ac8f283c3452639d477cd76e31fc6f0b95b99c51a9b0,60.16762,24.95415,000000006b44cce7,1.7
19788,2019-08-01T09:06:53Z,ab615ee5bbf567aee3505fbb360d09fc6b851f93fb15aef778b57128,60.16531,24.9442,00000000fdda10fe,11.7
19789,2019-08-01T09:06:53Z,acbbe4765d72f36b0323407c7dbe43db7b4ad5e2da0a6a9e5966db0b,60.16897,24.95222,00000000aa852af1,20.28
19790,2019-08-01T09:06:53Z,ad22512fd6a5ad9e19fdfad7e02b2793ecb01875be243f894c637ae2,60.16829,24.94214,00000000afef4555,10.78
19791,2019-08-01T09:06:53Z,ada9cbdd139a5d0131aba9cfe347856bafb7185ed4828a4f76412f1b,60.17065,24.93641,000000000f4919c9,20.28
19792,2019-08-01T09:06:53Z,af67ffa8b538058603b74f48e04ab914e8f6cd450f53c47f8c3d683d,60.15432,24.9211,0000000019fb59c4,11.7
19793,2019-08-01T09:06:53Z,afaed9946dbc1509500c6f80f87eed8fe44a74ba3e14328c6efe3971,60.16829,24.94214,00000000afef4555,9.92
19794,2019-08-01T09:06:53Z,b09e9bb62cc49c085c1aee3b752af1bec69dabc939323e5733f73933,60.17065,24.93641,000000000f4919c9,16.1
19795,2019-08-01T09:06:53Z,b32e57a6f5865a23d7a0e9fa346d5ec4e975f99c4df815fe8b1449b2,60.17918,24.95141,00000000675d5200,14.89
19796,2019-08-01T09:06:53Z,b474e34db18d21635ec9ea2654513e6759c326f3aaec96c25f9a204e,60.16897,24.95222,00000000aa852af1,13.75
19797,2019-08-01T09:06:53Z,b4ad2ae124ba06d650fd30de0b19851bff32daef16a95b7f1bb96a00,60.16897,24.95222,00000000aa852af1,29.32
19798,2019-08-01T09:06:53Z,b50a45ac0708e7b5cca42f3458430eb22ff70a81c575bafe99ffda23,60.17002,24.94407,000000006b087f40,12.69
19799,2019-08-01T09:06:53Z,b5603e758440226e490d1d7d7271a7b0d5c261eccbad198f81110136,60.15432,24.9211,0000000019fb59c4,5.41
19800,2019-08-01T09:06:53Z,b69604356a52f2b1b9c5de09a350f42d87f5b969e3e824d8b6b2368f,60.16829,24.94214,00000000afef4555,16.1
19801,2019-08-01T09:06:53Z,b7c3b37b32d534f6824ac8d99b4c79d0cb915cab104fdb745550ea22,60.16762,24.95415,000000006b44cce7,10.78
19802,2019-08-01T09:06:53Z,b8fb70225ee0a2d655e2809da07a2f8cd2feb7295aa256f8b35fcf1e,60.16629,24.95957,00000000fb7600be,17.4
19803,2019-08-01T09:06:53Z,bb2187a4e20012ad694c768ef2c47c9a9055671024ebf4855d4e6243,60.16531,24.9442,00000000fdda10fe,1.25
19804,2019-08-01T09:06:53Z,bbb86467d71e5ec5bd140995d266fd33a85efe89654eb13ee0471416,60.17002,24.94407,000000006b087f40,17.4
19805,2019-08-01T09:06:53Z,bc436a99a8805080541bd9dc9743df4f0e34172e2c70b59f64c4260c,60.16762,24.95415,000000006b44cce7,13.75
19806,2019-08-01T09:06:53Z,bc6d5082ca52e6dae7a1689a835434f3f6341e90afea565480eb9674,60.16829,24.94214,00000000afef4555,18.79
19807,2019-08-01T09:06:53Z,bc82f76c979de19b559e9e3aa0cd6cbf5ac361e2d7b1ac9f81fe2f4f,60.17918,24.95141,00000000675d5200,8.38
19808,2019-08-01T09:06:53Z,be12d6aaccf354197284a8c92b960bd6a4e1705f7d948823e7891fde,60.16762,24.95415,000000006b44cce7,3.09
19809,2019-08-01T09:06:53Z,bee144e090a471427ec7878609f2446cb79f4c8d7e3c3bf0f67cf8d2,60.16762,24.95415,000000006b44cce7,17.4
19810,2019-08-01T09:06:53Z,c004fa64cb7de7e87d3b91639ae5f95304fb1a90b0a0e927cea958af,60.16762,24.95415,000000006b44cce7,11.7
19811,2019-08-01T09:06:53Z,c15da9ed244b57a27a083919c67d0edde078a31b18cb58f13581f173,60.1538,24.95595,0000000038bf9618,23.56
19812,2019-08-01T09:06:53Z,c1674c59c49d5bf74e6808239a91d18a04e47697d298bc61a7618af2,60.16448,24.97323,0000000053c6c2be,16.1
19813,2019-08-01T09:06:53Z,c19294a0a6dd80604d1435e92cecc363af55f32ef9d41af8b67687e2,60.16897,24.95222,00000000aa852af1,18.79
19814,2019-08-01T09:06:53Z,c1bf1bf699e9bc78ca15c9490d1ef02e3323f0c2c76bf0fca7955a69,60.14947,24.91438,000000004ef3150d,16.1
19815,2019-08-01T09:06:53Z,c3320c19d0343faf8c298070dd061465dd6b2e745170ca7a14b0b01f,60.1538,24.95595,0000000038bf9618,23.56
19816,2019-08-01T09:06:53Z,c434f18b802a764aad7a2dfb46e93546acb1b0975cf9b93fd47363f6,60.15432,24.9211,0000000019fb59c4,20.28
19817,2019-08-01T09:06:53Z,c65c11ee6e8b5894ead3ea9b007a39127edb65a67be253aca6f78ed0,60.16448,24.97323,0000000053c6c2be,25.36
19818,2019-08-01T09:06:53Z,c872af9997af535c4615ee0b4194c7c8d644b7962afb3ca321eb386f,60.15133,24.92329,00000000e8a064a4,25.36
19819,2019-08-01T09:06:53Z,c98bce1cc275ed0a1b833011f8cd251ac848fdc84501fe87eb8b5d54,60.17918,24.95141,00000000675d5200,18.79
19820,2019-08-01T09:06:53Z,ca2c0921a9cc3e9d131808519cd1653a1d46f1f5ffefd42465a09f7c,60.173,24.92524,0000000096918cfa,29.32
19821,2019-08-01T09:06:53Z,ca7719c7cd8d4496b666f608fc07ba9930e362a0b2d96890b0778618,60.16629,24.95957,00000000fb7600be,11.7
19822,2019-08-01T09:06:53Z,cc1fcf6550ac1eee3eceef1f35de652b641407007a7c0464ac54fdbd,60.16897,24.95222,00000000aa852af1,23.56
19823,2019-08-01T09:06:53Z,cccf3ba2a9d11b9330c18af8064a20aca9995473495bf119162a1619,60.16897,24.95222,00000000aa852af1,12.69
19824,2019-08-01T09:06:53Z,cd24d4831d3c3e8dad5e555b47528aa6b11e307b2882be4f65dd4076,60.17002,24.94407,000000006b087f40,7.05
19825,2019-08-01T09:06:53Z,cdac044b0b1896d284492c14301798e2f2534db67c03cfbef7722fb3,60.17919,24.95181,000000007b5207b6,21.87
19826,2019-08-01T09:06:53Z,ce7de55c7709396c70ce5930097e84449a4889700e605a0b062aaeae,60.16531,24.9442,00000000fdda10fe,16.1
19827,2019-08-01T09:06:53Z,cf3becaea135664fbc96426dfc7fc59f775667f15648d29541c80ece,60.16762,24.95415,000000006b44cce7,13.75
19828,2019-08-01T09:06:53Z,cf9455daa4877b79636eca3ae57056b08dfc0b42f107cedb6f5a3f16,60.16829,24.94214,00000000afef4555,18.79
19829,2019-08-01T09:06:53Z,d16e16def718519430296afa23976c226aaf720722bce3d92a2aad43,60.14947,24.91438,000000004ef3150d,25.36
19830,2019-08-01T09:06:53Z,d1faee5d7ab668314d8972190af2f3649a33a478db8ffb92927d5eb0,60.16829,24.94214,00000000afef4555,14.89
19831,2019-08-01T09:06:53Z,d2565986030ddea596554d64d126e84d618ce72222ab6888c3debf59,60.16448,24.97323,0000000053c6c2be,11.7
19832,2019-08-01T09:06:53Z,d29a5ebd00326d5dedb6c60cab75fd238bdaa9d7f703f6b5974edbc7,60.16762,24.95415,000000006b44cce7,7.69
19833,2019-08-01T09:06:53Z,d31d6921eee92503b486a1b30f5330581c4744a82e6549f375544846,60.17919,24.95181,000000007b5207b6,11.7
19834,2019-08-01T09:06:53Z,d562afdedae521be241c98441e436608a323fdb944dedc24c835e762,60.17065,24.93641,000000000f4919c9,3.4
19835,2019-08-01T09:06:53Z,d653ef8368d33df4fc7edeb5a381d5826be1471f1470aa9744d47901,60.173,24.92524,0000000096918cfa,2.3
19836,2019-08-01T09:06:53Z,d65b8625c1f24304ff0e3c4a4dce7aa5d434d36be87be41834a49420,60.16531,24.9442,00000000fdda10fe,5.91
19837,2019-08-01T09:06:53Z,d6e217c6592e449e2390b1a874e08cbc9126116901dbdbf84501c6b8,60.17065,24.93641,000000000f4919c9,5.91
19838,2019-08-01T09:06:53Z,d74ea3c9e0aaa523c791aa01f4f9a7c1c43f01f585dc4146b19edf83,60.17918,24.95141,00000000675d5200,10.78
19839,2019-08-01T09:06:53Z,d81eea3c8bf927d879268dc01665b897d48eecc647bbf61f91f37a33,60.16544,24.95398,0000000038d83d41,27.28
19840,2019-08-01T09:06:53Z,d87c4d5dc2cd620de54fdd076d4f9b35245053d65b644d9e01f558b5,60.16762,24.95415,000000006b44cce7,7.05
19841,2019-08-01T09:06:53Z,d95956cedfc4dfe06014194cc1071864bd835fcc014c1fd6f4d33337,60.16762,24.95415,000000006b44cce7,20.28
19842,2019-08-01T09:06:53Z,da78c33b53b0b3a551adb83bc2953f20006ca37faff42dbdd687045c,60.17065,24.93641,000000000f4919c9,25.36
19843,2019-08-01T09:06:53Z,dc00d45c0dd506326fb4dd3692d409df80cb3d871341ffff720dc834,60.16762,24.95415,000000006b44cce7,21.87
19844,2019-08-01T09:06:53Z,dc786895c819070347a0a268463f0a8b15f5eec1647f016a9e78e9e0,60.1538,24.95595,0000000038bf9618,20.28
19845,2019-08-01T09:06:53Z,ddae2128c72cf011df2a698a8254b8738fd07a971349ea8a5e8bfa9f,60.16829,24.94214,00000000afef4555,16.1
19846,2019-08-01T09:06:53Z,deb8a213e1b4930e676ee8fdb394161ec46adb785171fa37437b4d44,60.15133,24.92329,00000000e8a064a4,11.7
19847,2019-08-01T09:06:53Z,dfe80baf219bd267a459c954a8e3027b3f1ed29fea2a5355456d5652,60.16897,24.95222,00000000aa852af1,9.92
19848,2019-08-01T09:06:53Z,e09515dbe1e90af07cb756a83c222c60f5f0566f94590848e72f6401,60.16762,24.95415,000000006b44cce7,5.91
19849,2019-08-01T09:06:53Z,e0cf7a6517d1ada0d8ef91433c515d7c771cb73905ec354546b9741f,60.16762,24.95415,000000006b44cce7,14.89
19850,2019-08-01T09:06:53Z,e0fe7fe5854899c0eb42b75b300339808143419404558ed4d00b0f17,60.17918,24.95141,00000000675d5200,7.69
19851,2019-08-01T09:06:53Z,e234769b1ce1634554f5fa4a290d11b2a30c3dfd009d4c39a2e9dd3d,60.17065,24.93641,000000000f4919c9,17.4
19852,2019-08-01T09:06:53Z,e294dde431d68c7b73efcf1f9b916e40bf408111c79228032c7830a4,60.16544,24.95398,0000000038d83d41,16.1
19853,2019-08-01T09:06:53Z,e2bb0ae74deee6cbc4f50c5f85da3f1779ca1db1ae7ff48ab4b33dbc,60.17918,24.95141,00000000675d5200,2.08
19854,2019-08-01T09:06:53Z,e2f445c6711e0e7d48a6a045bec347587f9f398e8928a171cfa2ca38,60.16762,24.95415,000000006b44cce7,11.7
19855,2019-08-01T09:06:53Z,e528235be3e5cc4945024d50d1ed43061e2e2f2845f2b41e081e1721,60.17918,24.95141,00000000675d5200,10.78
19856,2019-08-01T09:06:53Z,e5cad8bb9a6c8dcc067948d7f869033aca5bdd062da175c8734092e6,60.17919,24.95181,000000007b5207b6,4.5
19857,2019-08-01T09:06:53Z,e73dcccbc4dd6af49316f19a34c347cc94ff7ab079a93a2672d78a16,60.14947,24.91438,000000004ef3150d,17.4
19858,2019-08-01T09:06:53Z,e8add7e8346b99cd4b67924113f3763441a1899897c6d1ac3a1a40a6,60.17918,24.95141,00000000675d5200,5.91
19859,2019-08-01T09:06:53Z,e8ed8051f57ad9d9029a5e3b443c5e93e5059f8c487ba45e2583d35a,60.16829,24.94214,00000000afef4555,12.69
19860,2019-08-01T09:06:53Z,e8fe5d3b6aa0651dff5b4a9c6dcff3135e3bdcbb1cddc9b871e9d991,60.14947,24.91438,000000004ef3150d,18.79
19861,2019-08-01T09:06:53Z,e979a153601f7520f54d4733fe91f75f154c8f1c08dc3408dbba5345,60.15432,24.9211,0000000019fb59c4,3.74
19862,2019-08-01T09:06:53Z,e9e1a66ce9f699fc1713bb44cd67a332f584f0c51d18774fc72b8eea,60.16762,24.95415,000000006b44cce7,18.79
19863,2019-08-01T09:06:53Z,ea1b1a8ba1c01fdd1e098c585b133fc3d60f7c2458e7c2726e2df8ee,60.16629,24.95957,00000000fb7600be,14.89
19864,2019-08-01T09:06:53Z,ea3f8412ed9c4d92448688dd9cc7ff9e3eeb5fe4373d0953bf0349c1,60.16531,24.9442,00000000fdda10fe,14.89
19865,2019-08-01T09:06:53Z,ea94130fbb3464dc656765cfddbad802ddfafb1af8007cb5f42cd41f,60.16829,24.94214,00000000afef4555,9.12
19866,2019-08-01T09:06:53Z,eaf572301dc5c1eaff007bc1886cce8f0f5e92a233b8686ed2a1a9cc,60.17065,24.93641,000000000f4919c9,10.78
19867,2019-08-01T09:06:53Z,ec2dd83e04d225caca9f6b9d28bd3080ed37c5bf42e5f65123fa2394,60.17065,24.93641,000000000f4919c9,14.89
19868,2019-08-01T09:06:53Z,ec7121833f0e4b509d683b00a9c5e992e4b84882cb857145102e14f4,60.16531,24.9442,00000000fdda10fe,1.38
19869,2019-08-01T09:06:53Z,eef621895ee74145a6d76c5f5493a93d7c728c80abe45a2e1933ae9f,60.16897,24.95222,00000000aa852af1,16.1
19870,2019-08-01T09:06:53Z,ef67b9e4617f284b84167b4bdaff71108579a33ced0a2450ff25a1a1,60.16629,24.95957,00000000fb7600be,17.4
19871,2019-08-01T09:06:53Z,ef6e7d641ebef891165f5f8178b3195fbc6c86dc5f904ca2cca43e32,60.16897,24.95222,00000000aa852af1,17.4
19872,2019-08-01T09:06:53Z,efc51406db4c66b8a573ec325afe8a9258a04a71b46ff3aae1cfa696,60.16762,24.95415,000000006b44cce7,13.75
19873,2019-08-01T09:06:53Z,efea2968b05cd9924e68d3fbaf8228870c4495f46133b86315804899,60.17002,24.94407,000000006b087f40,25.36
19874,2019-08-01T09:06:53Z,f1447725764ec0dca245fc67f2aa0a0c42e6b05808076aa74f0c1e7e,60.17918,24.95141,00000000675d5200,8.38
19875,2019-08-01T09:06:53Z,f18c0c32d067aecf5602d70693ac888cab1be6dbb0d154be5153dfcc,60.16829,24.94214,00000000afef4555,6.46
19876,2019-08-01T09:06:53Z,f1b28329fc91f4708ca34857c5582c0bf1b7d0ab06127746029cd72c,60.17918,24.95141,00000000675d5200,14.89
19877,2019-08-01T09:06:53Z,f20935810c1567a80c288016c4d4dd32fe86b3479f47ae7dd64d15cc,60.15432,24.9211,0000000019fb59c4,4.11
19878,2019-08-01T09:06:53Z,f29ed00b645af4bbf50174e71f58a9b691d2e2342e59eda242d97380,60.16829,24.94214,00000000afef4555,21.87
19879,2019-08-01T09:06:53Z,f2a253f2741501e675bd4bc055e22329fb09089d8bbe9813fc170cdb,60.16762,24.95415,000000006b44cce7,11.7
19880,2019-08-01T09:06:53Z,f4131e8c526b295b32dc9448a2a43ec900e25e8914003a963782e36c,60.16829,24.94214,00000000afef4555,23.56
19881,2019-08-01T09:06:53Z,f4587b90aec9127805880f7c81fc03b9fb513fe363015399b895089f,60.16829,24.94214,00000000afef4555,14.89
19882,2019-08-01T09:06:53Z,f4bbc3077da0455d4340da2eed204915327b75a792080724548b4956,60.17918,24.95141,00000000675d5200,1.88
19883,2019-08-01T09:06:53Z,f503a41d3e8b9b57628f4f061c1d8e0c53c62dd8a6fe38d212958ee6,60.16075,24.95883,00000000f1124bca,21.87
19884,2019-08-01T09:06:53Z,f50fd3b1715a94dff67461f4b8f252ecaa6acc16459b3d021f34f15e,60.1538,24.95595,0000000038bf9618,14.89
19885,2019-08-01T09:06:53Z,f587de6c8c03387c5e6a66cd7d20c45abad3668c8e2246611122547b,60.14947,24.91438,000000004ef3150d,11.7
19886,2019-08-01T09:06:53Z,f741519cf6f519194bb45b9da0e69bda8edb903e3c24d4140f340467,60.16762,24.95415,000000006b44cce7,9.12
19887,2019-08-01T09:06:53Z,f77f8836e641389801309c311e926c1662264ab16efd01cd5bf27baf,60.16762,24.95415,000000006b44cce7,11.7
19888,2019-08-01T09:06:53Z,f7f8272d0f5b75ba15174fd69f84bd80cad47290165ec2a6cd06a5cd,60.16829,24.94214,00000000afef4555,17.4
19889,2019-08-01T09:06:53Z,f9e527876f8dfe750fd29bc42664bbf572aed5d09d344a8934a83d90,60.17065,24.93641,000000000f4919c9,5.91
19890,2019-08-01T09:06:53Z,fa1a3814c680b20020a08346c37ee2853e895984574575312bf262e7,60.14947,24.91438,000000004ef3150d,16.1
19891,2019-08-01T09:06:53Z,fa63dbf5999ebbf46864d144ca4cde0c355b6bd369afa04c4b55ff0f,60.16762,24.95415,000000006b44cce7,14.89
19892,2019-08-01T09:06:53Z,fa9f19c58a086fde9429d732b1eec80eacf5fc1b2c0124d17243d008,60.17918,24.95141,00000000675d5200,11.7
19893,2019-08-01T09:06:53Z,fba6e66dd09200012637e0b454c96fd7a5459b7e8b0ba01863cdbd77,60.16762,24.95415,000000006b44cce7,2.54
19894,2019-08-01T09:06:53Z,fdb3239bb0017def73005dc66a8d674c713493499c8feff7a6c01018,60.16762,24.95415,000000006b44cce7,23.56
19895,2019-08-01T09:06:53Z,fea1453360073dfc1896bf1f005f51addb49661f953e16cffba3c63d,60.16531,24.9442,00000000fdda10fe,17.4
19896,2019-08-01T09:06:54Z,144afc51fc2443c7031a2912566eff2ce60226a49d6d2bd7c2923700,60.16544,24.95398,0000000038d83d41,20.28
19897,2019-08-01T09:06:54Z,14c7e1511b70f4dd3359cbece1377aebb4d70531f5489eefe53d7c3c,60.16544,24.95398,0000000038d83d41,27.28
19898,2019-08-01T09:06:54Z,15918569de0a46a8eb56b43d8d39f7fc82619ff1006f00822c85745c,60.17919,24.95181,000000007b5207b6,5.91
19899,2019-08-01T09:06:54Z,171d0bf49a26400390df42bc1c9af98d9279bf8ccee92f39288845e1,60.16762,24.95415,000000006b44cce7,2.54
19900,2019-08-01T09:06:54Z,1951291ca064d0fb480d958037c1477427d2ca8db455fef0b741bf9f,60.16448,24.97323,0000000053c6c2be,20.28
19901,2019-08-01T09:06:54Z,1f0f0628cdc688d76bde2b82bee5b9b4916bf0bbdfe76cf3213e1c65,60.15432,24.9211,0000000019fb59c4,18.79
19902,2019-08-01T09:06:54Z,1fdda4c2884e3254418c088e71dea3d2c474714fdba7d0d12c487ce5,60.16829,24.94214,00000000afef4555,18.79
19903,2019-08-01T09:06:54Z,292606f67d727ffe99f3d106b447f4be48f7a9d57bab0871c46eeb58,60.1538,24.95595,0000000038bf9618,27.28
19904,2019-08-01T09:06:54Z,2a93b61a3863ace54349d7a0937e4134fcc6d4dfcf064eefae2b7cf8,60.15432,24.9211,0000000019fb59c4,18.79
19905,2019-08-01T09:06:54Z,2b768144e797cf0d3542f04f2af4f693d622b17946500d54430aacbb,60.1538,24.95595,0000000038bf9618,27.28
19906,2019-08-01T09:06:54Z,5b91abc1d452431fdb7bc15f638eee91a54034b6327f40e58ccacda6,60.14947,24.91438,000000004ef3150d,33.81
19907,2019-08-01T09:06:54Z,5d65719c4cbf045f068d084b72302f447d5fd034413d97d13be00d0e,60.18203,24.91341,00000000342570c2,23.56
19908,2019-08-01T09:06:54Z,6066632ddc94b5c482a2d4f45ed2532e55e3fd63e414a084a596a737,60.16762,24.95415,000000006b44cce7,18.79
19909,2019-08-01T09:06:54Z,6a657079c1bdc8114c289be1ddd83e5846d4279a920d1697b8ff0033,60.18203,24.91341,00000000342570c2,27.28
19910,2019-08-01T09:06:54Z,6d22b751ff5173035dc85c52c3dff0780126adae67fe33dc62dd45ef,60.16531,24.9442,00000000fdda10fe,20.28
19911,2019-08-01T09:06:54Z,6ff437688c444238352c28f64f9d2a7d0f14d19c9ea42c225380501e,60.16762,24.95415,000000006b44cce7,14.89
19912,2019-08-01T09:06:54Z,76c7f42283513d0e289bf786d89463b5025b2ae0f4e13519a4cf228b,60.15432,24.9211,0000000019fb59c4,20.28
19913,2019-08-01T09:06:54Z,84fdfd8881f633c5f0c71c1480053953ca4b05e848052d97c063ad38,60.1538,24.95595,0000000038bf9618,23.56
19914,2019-08-01T09:06:54Z,87dfaad29a9276ddddb1fa021d3bc23ad14824c1af16f7d87e713689,60.14951,24.92138,0000000006dd41f6,9.92
19915,2019-08-01T09:06:54Z,8c75c3289c84fe4493e1e272a77b615fe1985880c5dc68a7c1a17b53,60.16762,24.95415,000000006b44cce7,7.69
19916,2019-08-01T09:06:54Z,8cc6ddaa460aeae8cc9e8a33f91a01c8cd4c0c8bf8a943210a28c84d,60.1538,24.95595,0000000038bf9618,16.1
19917,2019-08-01T09:06:54Z,9843c6216661048343a0e49cf3d8aa2883cf77f452666a1c873a1052,60.16448,24.97323,0000000053c6c2be,13.75
19918,2019-08-01T09:06:54Z,9d03d14afa49576281aa26db60e517f7c1ec8aa36f7756959a860a8a,60.16629,24.95957,00000000fb7600be,11.7
19919,2019-08-01T09:06:54Z,9ff35a7f150d05ef75c3777dbae4f91e5b1a4d0830a984c50f6da1bc,60.16897,24.95222,00000000aa852af1,27.28
19920,2019-08-01T09:06:54Z,a9da1ee82e3b670e276c26b483dd50f4a6d0c6f77ef82245d3ae6086,60.18203,24.91341,00000000342570c2,12.69
19921,2019-08-01T09:06:54Z,ab0f67c0c0e1ba5eac9013f9c314feadf340ddf08543b91e70483594,60.16544,24.95398,0000000038d83d41,23.56
19922,2019-08-01T09:06:54Z,b4faf2d3c4d2b199afeab6ab63b583fe3a2e81e14abbef6917f25129,60.15432,24.9211,0000000019fb59c4,13.75
19923,2019-08-01T09:06:54Z,b5fd6b317890e5ab2d79e2cd1abe61626d45a753c7337d0d40728898,60.16762,24.95415,000000006b44cce7,9.12
19924,2019-08-01T09:06:54Z,c40c37def6bf11a63a2556519a7c6233fd417cdeea2cf14f28e7c42c,60.16531,24.9442,00000000fdda10fe,21.87
19925,2019-08-01T09:06:54Z,cf05623e4d87ce0906c0b0b7dbf53aacc1228016cd27c341228b6e76,60.18203,24.91341,00000000342570c2,17.4
19926,2019-08-01T09:06:54Z,d127ead865385b64ae537a703a26be15fae4b5332ce0fbf03d5e0c23,60.1538,24.95595,0000000038bf9618,33.81
19927,2019-08-01T09:06:54Z,dd2c9c82cf3737146294aff6f814a1349fb0bc4bedf518715dacbe8f,60.18203,24.91341,00000000342570c2,13.75
19928,2019-08-01T09:06:54Z,ec72ef080c605e71978aed0d3b5f22c3c3133677a43c614b72eedc6d,60.14699,24.922,00000000a53ed894,21.87
19929,2019-08-01T09:06:54Z,ed70dda6b7faebd4340dacdb452ab224d9d3c308df417b7fa76f54e8,60.14951,24.92138,0000000006dd41f6,20.28
19930,2019-08-01T09:06:54Z,eef99e1b009ee72f3ad613783b605943de301866502dd0382cd2d2b7,60.16897,24.95222,00000000aa852af1,20.28
19931,2019-08-01T09:06:54Z,f088630d7476dae7d4b7e2bb1f10575f2c89acb4b6e061f3d57c2b40,60.16531,24.9442,00000000fdda10fe,21.87
19932,2019-08-01T09:06:54Z,f7e45613ad966fea53fab73b435ba3a087c774e36596b3a5156a3487,60.16829,24.94214,00000000afef4555,3.09
19933,2019-08-01T09:06:54Z,f83d4b6b8ffbf8a674d212e32100b2360b80261b4e9207d77c0b0ed3,60.17919,24.95181,000000007b5207b6,13.75
19934,2019-08-01T09:06:54Z,f99c5dd8cc08bd2353083d875ce8bc585fb2c2ff8427b90d92f571de,60.1538,24.95595,0000000038bf9618,50.98
19935,2019-08-01T09:06:54Z,fc4f3a44235f1cfc7b53f14ba2da599976a5a0a220d23b852688e485,60.17919,24.95181,000000007b5207b6,20.28
19936,2019-08-01T09:06:54Z,003df90ad3d2a718b8afbb46befc7b616ad6b8a25b63fcc99e515eed,60.16629,24.95957,00000000fb7600be,33.81
19937,2019-08-01T09:06:54Z,011372b726688a0c953368b50bc5a1cb0212c17dbecc587d9f9d75ce,60.16629,24.95957,00000000fb7600be,16.1
19938,2019-08-01T09:06:54Z,02050a536056486b1bf139282f0d0a3af63def1d56ff0c73ac51bb19,60.14947,24.91438,000000004ef3150d,31.5
19939,2019-08-01T09:06:54Z,023083c44c772667f1727e01c74518889b2a82d78ceb28c08b6f8a20,60.16531,24.9442,00000000fdda10fe,21.87
19940,2019-08-01T09:06:54Z,028149b8bfaf37d1f064cb0b4f23ae118f00d8eff41679fb8830396a,60.16531,24.9442,00000000fdda10fe,20.28
19941,2019-08-01T09:06:54Z,0362cc670dcfab795a3911957b6a177416bf9b99d0e2732716796c4d,60.15432,24.9211,0000000019fb59c4,14.89
19942,2019-08-01T09:06:54Z,0483eb7342f4e704caa76b9bc3d6a7bd836282960dafc2c756247134,60.16762,24.95415,000000006b44cce7,9.92
19943,2019-08-01T09:06:54Z,06753eb9c56292934b34f1c8d302486ee36fd733da500c23c70a53cd,60.16448,24.97323,0000000053c6c2be,20.28
19944,2019-08-01T09:06:54Z,0849a091b1aabe9b614b6b5c54dffd083dbb4473ca90dc972e4d37de,60.16829,24.94214,00000000afef4555,9.12
19945,2019-08-01T09:06:54Z,0951ec0c700dba7330b8e8181fc852becde054d0dc7474d1488db3cd,60.17065,24.93641,000000000f4919c9,21.87
19946,2019-08-01T09:06:54Z,0c1684b697a63d7f47ebaedcfa060b3b4af294fec1e62d613699291a,60.16897,24.95222,00000000aa852af1,10.78
19947,2019-08-01T09:06:54Z,0d2a30f4e69ed2b7c428129d550b561c93cfe41bbf290ae41a4343bc,60.16762,24.95415,000000006b44cce7,14.89
19948,2019-08-01T09:06:54Z,0d36588b0274c7fc1c33ed938ed6883bd98d7e2d5a66328940df8a94,60.14947,24.91438,000000004ef3150d,17.4
19949,2019-08-01T09:06:54Z,1069967e3921871955b1b2b42e60f829c593a3e024401bfe61ae410e,60.16629,24.95957,00000000fb7600be,14.89
19950,2019-08-01T09:06:54Z,10d0fed0f7d40b253b5fc5a53297dc9af8bb76fa6f34d5e71383cb62,60.17918,24.95141,00000000675d5200,27.28
19951,2019-08-01T09:06:54Z,1134a082e36fe03359bac74c814a0ed20468c45230115d4e25aa230d,60.16829,24.94214,00000000afef4555,27.28
19952,2019-08-01T09:06:54Z,1271bcd33c0056265a5bdf6df4092a3c9e2209abee80570cb172031b,60.16897,24.95222,00000000aa852af1,12.69
19953,2019-08-01T09:06:54Z,13a759fd293cbde0d55db753d853768b718e59036c4007d2e3a8757a,60.16762,24.95415,000000006b44cce7,9.12
19954,2019-08-01T09:06:54Z,141ffc858c3ea6a2e69c954115114304736a35dc25ec947323090dc0,60.16762,24.95415,000000006b44cce7,4.94
19955,2019-08-01T09:06:54Z,14b431f72fc7a1705dec55f60900c3104cc3eab2bed0b01ad6745910,60.173,24.92524,0000000096918cfa,27.28
19956,2019-08-01T09:06:54Z,1564db6ab71666bfe0865d19fd134f7018f49bc12ff1969853697784,60.16531,24.9442,00000000fdda10fe,25.36
19957,2019-08-01T09:06:54Z,15a3cdd20e3ce88c179a07d78a2d5fdda854b0fef8441d8cb3aebde8,60.17065,24.93641,000000000f4919c9,18.79
19958,2019-08-01T09:06:54Z,164d8280dbb888033f64368dd641bcef597fc327148fcf74374894c5,60.16544,24.95398,0000000038d83d41,14.89
19959,2019-08-01T09:06:54Z,167a52adcdc4d9a7f697ffc5e058fcb79a22a32ba0b8ed45a36311f2,60.17002,24.94407,000000006b087f40,27.28
19960,2019-08-01T09:06:54Z,16e18d478be872d2a9801fa885d08edeb3f5ae1840b38478f9baf535,60.17919,24.95181,000000007b5207b6,20.28
19961,2019-08-01T09:06:54Z,190cdde22bc3e3a41cd0f9da7efb3a917bc09e8034b05ca6064ea8a8,60.17919,24.95181,000000007b5207b6,44.58
19962,2019-08-01T09:06:54Z,1a057a74ec50ab7dac4f29547e82a9c7f37192d592a42f63379e1d8f,60.16448,24.97323,0000000053c6c2be,27.28
19963,2019-08-01T09:06:54Z,1b68a6bcf7b740e0c437e0976d4900f31368afcb2c757bba30e0a249,60.16829,24.94214,00000000afef4555,9.92
19964,2019-08-01T09:06:54Z,1cfafdaa3ff1975bcf6f699641431e88775ba2183074d825eeb81dd3,60.149,24.9843,00000000fffb8cf0,25.36
19965,2019-08-01T09:06:54Z,1d3e776f5c2d0514afd5e1fdcfda632877b1f59274c7293182e7c9ad,60.16762,24.95415,000000006b44cce7,18.79
19966,2019-08-01T09:06:54Z,1d70ff49909e1d6fb653ae053aa78084daf385dbbd2ad22b05707309,60.16829,24.94214,00000000afef4555,3.4
19967,2019-08-01T09:06:54Z,1dcff36b6f83b08b6ea87c1c1018c542c270299839908ca446dffb39,60.16762,24.95415,000000006b44cce7,11.7
19968,2019-08-01T09:06:54Z,1e3044c19f6913531b6dd4bccb88ad02c1b39192513ccffa05444edb,60.1538,24.95595,0000000038bf9618,20.28
19969,2019-08-01T09:06:54Z,1eadb2c1984aa73c3c2f13eab0a2e793331443c617681e36887f0bcc,60.16629,24.95957,00000000fb7600be,17.4
19970,2019-08-01T09:06:54Z,1eb71232cacfabc37966931f8112e59acabc361048ad25dc2468949f,60.16762,24.95415,000000006b44cce7,11.7
19971,2019-08-01T09:06:54Z,1ecbc7c6afe89033252e5510cbb893666af2b3bc29f555a3a6287fdb,60.14951,24.92138,0000000006dd41f6,3.09
19972,2019-08-01T09:06:54Z,1f813dc10021899138c12ca17c58ab3dc24db1750dcb1790f9c20e8f,60.15133,24.92329,00000000e8a064a4,11.7
19973,2019-08-01T09:06:54Z,20b37aa6c3ad0dfea9c182498905a450537b0efbbd8563b205e93afd,60.16897,24.95222,00000000aa852af1,14.89
19974,2019-08-01T09:06:54Z,20ecc60ba6748bb4a65d10d3f27a3b928bcbc43ea0eab6ff9121c1bd,60.16829,24.94214,00000000afef4555,18.79
19975,2019-08-01T09:06:54Z,22b68b1dc6e6d815ca8e6afbd434ae0e229670798c443052e7444648,60.16762,24.95415,000000006b44cce7,8.38
19976,2019-08-01T09:06:54Z,25479245e5a8b0fe47e2bd590cdd63256d84afd6c164781dc64e527d,60.149,24.9843,00000000fffb8cf0,12.69
19977,2019-08-01T09:06:54Z,270749ab8e1a83f0dcbf45dc861bcc0e10361d103d7589841787e366,60.16531,24.9442,00000000fdda10fe,23.56
19978,2019-08-01T09:06:54Z,277fcf3cc917a89b46a34e0cf5164a78f5bcc88d92bb45ded60f1a91,60.17065,24.93641,000000000f4919c9,6.46
19979,2019-08-01T09:06:54Z,27b591b33a56a542440b53031a24f42290b0ec1a194af27700b75a3a,60.17918,24.95141,00000000675d5200,23.56
19980,2019-08-01T09:06:54Z,2823bf6afde4a5cc05342c15e7417c9590ba52264be5793bb688faab,60.17065,24.93641,000000000f4919c9,23.56
19981,2019-08-01T09:06:54Z,28296ae2b460df2f6807f8a84b81e5ebd24677a05bded29111dc33a4,60.17002,24.94407,000000006b087f40,20.28
19982,2019-08-01T09:06:54Z,28ce50ca84cdcd4c17a36ac666e7ac0267b6ab5b77f4bfb08b2573a1,60.16762,24.95415,000000006b44cce7,1.88
19983,2019-08-01T09:06:54Z,28d50861d92f962c7a49eabaa524431aebf52870e44b79f77d7167c6,60.17919,24.95181,000000007b5207b6,3.09
19984,2019-08-01T09:06:54Z,29ae3c5c3aeac0c607bc816f7e74c232a40142b79a52c43c7b1ed42f,60.16829,24.94214,00000000afef4555,4.11
19985,2019-08-01T09:06:54Z,2acb10e8d2001852ed5509e35d5d2db4dd0ad524df43f50896b7ec04,60.16629,24.95957,00000000fb7600be,20.28
19986,2019-08-01T09:06:54Z,2afa9ac588b2c55e8edf99ee96ecaf63451a7ab1e51571b7e2d1d491,60.16762,24.95415,000000006b44cce7,5.91
19987,2019-08-01T09:06:54Z,2c184c9cc9c9a744c6959766a13f23462ffce29c252d073a252b6a7a,60.16762,24.95415,000000006b44cce7,16.1
19988,2019-08-01T09:06:54Z,2c6810efb2565383ca0a554f3c51f3f7905484357f5e00756dbf091a,60.17919,24.95181,000000007b5207b6,17.4
19989,2019-08-01T09:06:54Z,2c6f6440161f9061a850e8db96383d5eb111f0d1d8f0b666b7c49f22,60.16897,24.95222,00000000aa852af1,23.56
19990,2019-08-01T09:06:54Z,2f43b7a683b0d365a46b6259a032813c293472eaedcdbcc3507adee5,60.17919,24.95181,000000007b5207b6,5.91
19991,2019-08-01T09:06:54Z,2f79108a454c0072885ad1447280ed5098d061b229eaae61a8bb67be,60.15432,24.9211,0000000019fb59c4,9.92
19992,2019-08-01T09:06:54Z,2f82b3546af2df53b58cddc668c9aa196554108cdf39120ea40b417c,60.16629,24.95957,00000000fb7600be,1.25
19993,2019-08-01T09:06:54Z,2fb39eae730ec6f291700f841a64aaf680d52a8346399aec6ccb1dbb,60.17065,24.93641,000000000f4919c9,10.78
19994,2019-08-01T09:06:54Z,2ff189e5846383641192cafb595a7a8f77394239ee03aabd1bf3c49f,60.16829,24.94214,00000000afef4555,16.1
19995,2019-08-01T09:06:54Z,31b02b3b271f6feef9e49d9285929ff1c25a11e608fc5d70bc6a1fac,60.16897,24.95222,00000000aa852af1,20.28
19996,2019-08-01T09:06:54Z,33fa4cb82db5b44ffe6e7ae1039635187f90d1df328f8f139da0c693,60.17919,24.95181,000000007b5207b6,9.12
19997,2019-08-01T09:06:54Z,3480c16a6649952c388d8902596e332f018e609b9585f483353ae026,60.17065,24.93641,000000000f4919c9,1.88
19998,2019-08-01T09:06:54Z,34aa4c3c2f71b736426f6819c09b12c961bc996110fe1fa7c9772c5d,60.15432,24.9211,0000000019fb59c4,9.92
19999,2019-08-01T09:06:54Z,34e96c7caa63e7ede8f428b18e8fb556ac235d61a50c9d6ac7ff268f,60.17919,24.95181,000000007b5207b6,7.05
20000,2019-08-01T09:06:54Z,359348d27f82b0270a68e954bff8bde5e1a2a32949c7088f12ce7dc8,60.15133,24.92329,00000000e8a064a4,31.5
20001,2019-08-01T09:06:54Z,3609f484ad7e56259f60a61aba44f22dfca5c8b2564fce7e802ad342,60.16829,24.94214,00000000afef4555,18.79
20002,2019-08-01T09:06:54Z,3685ee6d322dcb2ad0ae181f66c3c5427d4531d7896d2f5f7571bb6d,60.16762,24.95415,000000006b44cce7,4.5
20003,2019-08-01T09:06:54Z,36fe97cd2ec69118778c771a87593630f8a6a2cb77d9ce72f845cd3c,60.16762,24.95415,000000006b44cce7,9.12
20004,2019-08-01T09:06:54Z,370e50e1f77aeb2782c892f70147b6a5749ecd7e9ee41036f693ba0a,60.16762,24.95415,000000006b44cce7,17.4
20005,2019-08-01T09:06:54Z,38fb20c6d55b10dd10a39c0fb41ad61297453e25afda81cf32313ae3,60.16531,24.9442,00000000fdda10fe,25.36
20006,2019-08-01T09:06:54Z,39126ffb278f49e06180cc6abe5b31ab3acdce1534b5b6ffa0b6e567,60.18203,24.91341,00000000342570c2,20.28
20007,2019-08-01T09:06:54Z,39c6456ee66fe96eee3d97cee2a70923cedb3da760bb5d4d413adb9c,60.17919,24.95181,000000007b5207b6,9.12
20008,2019-08-01T09:06:54Z,39e9fa7033887b7ab339887aa68753ff94d4771cda2bb8ff4ea7aa0a,60.17919,24.95181,000000007b5207b6,2.3
20009,2019-08-01T09:06:54Z,3a253f272d2781dc2001addfbddcac5f3dbf18610988531707b80b60,60.16829,24.94214,00000000afef4555,3.74
20010,2019-08-01T09:06:54Z,3a2f1a2c6c645bd161943b3f19c171d021512d7a8c4273ed3022f5df,60.16829,24.94214,00000000afef4555,14.89
20011,2019-08-01T09:06:54Z,3a38ba36c098f2741d6c5fb5a751fcd074d05d698ac592ca09ab443c,60.16448,24.97323,0000000053c6c2be,21.87
20012,2019-08-01T09:06:54Z,3a7b4023cee4b0d567a123a3d6aff0bc8f94663522bbdf0ea4306607,60.149,24.9843,00000000fffb8cf0,16.1
20013,2019-08-01T09:06:54Z,3a97ae4dcab31eb5e15e5d036d286e9764e25bcf0ad8afcfba854c90,60.16762,24.95415,000000006b44cce7,7.69
20014,2019-08-01T09:06:54Z,3b124e1851087531134d5e5d0a10b6afe3551982609a81a19dd969dd,60.16829,24.94214,00000000afef4555,16.1
20015,2019-08-01T09:06:54Z,3b668254c5b51de3e9aff861091c76a5e275ac5f20953174a90b82a2,60.17065,24.93641,000000000f4919c9,27.28
20016,2019-08-01T09:06:54Z,3be40c84926a525adbd09eeeb3a12b73b24c633942b2e1fbe8151ac3,60.16448,24.97323,0000000053c6c2be,16.1
20017,2019-08-01T09:06:54Z,3cc82d532d2a768e0c987e2653e32825a8b11fc2f7ba36388535f6e2,60.16075,24.95883,00000000f1124bca,31.5
20018,2019-08-01T09:06:54Z,3d0437a1d090cd3cad05629e69a61c519aa6218e1b7fb47811e5a4ae,60.16762,24.95415,000000006b44cce7,13.75
20019,2019-08-01T09:06:54Z,41f455676c61a2d8e1658c60afd7984613a3bc84daac78079c0d8b0c,60.16829,24.94214,00000000afef4555,4.94
20020,2019-08-01T09:06:54Z,4256b81faf420b0636e1bfcf21e8b61482045aed964aae9089c67296,60.16829,24.94214,00000000afef4555,18.79
20021,2019-08-01T09:06:54Z,42844e90c7134ebb3ec325f57cd27cd24711c779548ebc8692a820d5,60.14951,24.92138,0000000006dd41f6,3.4
20022,2019-08-01T09:06:54Z,432417b4972b744ded3410777a6bbb583cf56172bf3436ddbe48a21d,60.16762,24.95415,000000006b44cce7,5.41
20023,2019-08-01T09:06:54Z,4470412c4b059a920f2699fbfb72b261e0847b3e1caa8c71d2edd5a2,60.16448,24.97323,0000000053c6c2be,18.79
20024,2019-08-01T09:06:54Z,4642dfa1df839f11e64f68bca4e3dce7bde2ff6dd68c54959fcb4788,60.17918,24.95141,00000000675d5200,8.38
20025,2019-08-01T09:06:54Z,4682d95464cedcc021f38271a51bab9c000762b4acf802070e259ba2,60.16629,24.95957,00000000fb7600be,4.11
20026,2019-08-01T09:06:54Z,46c37bb9313fa511d142a461fb0eedda90bf18eb9016d20db109f6a4,60.16829,24.94214,00000000afef4555,9.12
20027,2019-08-01T09:06:54Z,47bd1492244c444d45674eb48dd2e6f222cb109d820ba807c4e18c1a,60.16629,24.95957,00000000fb7600be,11.7
20028,2019-08-01T09:06:54Z,48004849b2f48b2314aa9175433d754db1641b949bb8cf050e2dd128,60.17918,24.95141,00000000675d5200,7.05
20029,2019-08-01T09:06:54Z,484bbaa5a9d6bdd2259f022b6ea4e3c290985c13a1286bd7142d878f,60.16762,24.95415,000000006b44cce7,1.01
20030,2019-08-01T09:06:54Z,49bbad87e4d6cd03bdb073bde7be91193d74d29943badce7fc536916,60.16448,24.97323,0000000053c6c2be,12.69
20031,2019-08-01T09:06:54Z,49df780a7f20a99ad2810fa4bbb46b5fac9bc5cbe3fc800cd572f63a,60.14947,24.91438,000000004ef3150d,13.75
20032,2019-08-01T09:06:54Z,4ba529eeafb27285cbbade6e5ece0d4d04bd2d13c98b27a5d17abd22,60.16897,24.95222,00000000aa852af1,3.09
20033,2019-08-01T09:06:54Z,4c8696833edf46025bc9b5f589679b77a73c857736036aa9ef6696e5,60.17002,24.94407,000000006b087f40,25.36
20034,2019-08-01T09:06:54Z,4e5e16adfd317b7f9617f681099821bae42d6f0dca51dfd0957c65b4,60.16762,24.95415,000000006b44cce7,9.12
20035,2019-08-01T09:06:54Z,4fb4a3650a2a28469dde9c537458d24411aa6075666e047dd756fba9,60.17918,24.95141,00000000675d5200,10.78
20036,2019-08-01T09:06:54Z,5001aabb6808b9fd96b705d1ebe8e7aca52713c2640100d81879dd86,60.17919,24.95181,000000007b5207b6,3.4
20037,2019-08-01T09:06:54Z,504f910a0bd104a130b85d0c50467a15e74dc950bcc9eac3ebecc43e,60.16531,24.9442,00000000fdda10fe,11.7
20038,2019-08-01T09:06:54Z,518381021c83c138e4a82160bc6cc947b3866647e3c5d6818bdd63bb,60.17002,24.94407,000000006b087f40,17.4
20039,2019-08-01T09:06:54Z,5372348389197e6c4bc4c5e3dab047e7384d562220e6295904bbda1b,60.17065,24.93641,000000000f4919c9,3.74
20040,2019-08-01T09:06:54Z,54b89ed12e25892c9160e029a0379d61425b88db1aa30b06f9ea2d8b,60.17002,24.94407,000000006b087f40,27.28
20041,2019-08-01T09:06:54Z,54bd709173219e8017f317b63ecc83d0a48f64542e6fa1b83c86a56c,60.17918,24.95141,00000000675d5200,7.69
20042,2019-08-01T09:06:54Z,556cae6b2e2dec6fe691a835e8e08bd016b1a65797c0aca46879329f,60.17919,24.95181,000000007b5207b6,6.46
20043,2019-08-01T09:06:54Z,559429bba23762a872fc7b1e2219d42125ab101e4355d43fdb94ed7b,60.17919,24.95181,000000007b5207b6,7.05
20044,2019-08-01T09:06:54Z,559e6a5225ce35ab844c63ea0d0c1695dc490a3d9cfbafa5d35ac8d8,60.14947,24.91438,000000004ef3150d,9.12
20045,2019-08-01T09:06:54Z,5830a481876da00686f25b17dad06258a39212c0816ed04dda2df1bd,60.16531,24.9442,00000000fdda10fe,25.36
20046,2019-08-01T09:06:54Z,584cb0b0cdd14e608c8b57c8aecc9826f9b40027e365e2438a444ea2,60.16762,24.95415,000000006b44cce7,8.38
20047,2019-08-01T09:06:54Z,5865a27b5b56a60bca38e4a1403655e3e7fd0232a3ff2079965aff81,60.15432,24.9211,0000000019fb59c4,7.05
20048,2019-08-01T09:06:54Z,58754229cd3381042c5ffda79c0108c5f77aa1f0f6d1468b9cb42b4c,60.16829,24.94214,00000000afef4555,14.89
20049,2019-08-01T09:06:54Z,5978726eeef638856dafd3a8d199287f8daf9e90ddde750b402f8bb0,60.17065,24.93641,000000000f4919c9,0.34
20050,2019-08-01T09:06:54Z,5a34b02faac3189217466888ef1d31cc80f721ac2f18638c5db88d53,60.14947,24.91438,000000004ef3150d,14.89
20051,2019-08-01T09:06:54Z,5a857d46d2710076dd9ff377dc9ae0c17e4db2a46db79f1e8d158cfa,60.16829,24.94214,00000000afef4555,9.92
20052,2019-08-01T09:06:54Z,5a8d671a78b976d212d9746d88b9a754a2d9c8341c529e88b7c6b8f4,60.17065,24.93641,000000000f4919c9,18.79
20053,2019-08-01T09:06:54Z,5b06617477af6dcee75a94ac347364b50f6f3b5b7d747e5413d9ad58,60.14947,24.91438,000000004ef3150d,16.1
20054,2019-08-01T09:06:54Z,5b24733f1e45af711e2eebfb97b6b1467ca5cf1f466e6c8add4f7935,60.16762,24.95415,000000006b44cce7,9.12
20055,2019-08-01T09:06:54Z,5c1f71098d5d7258d2971061c791c94e0138c8e02225c5f60d6a0428,60.149,24.9843,00000000fffb8cf0,27.28
20056,2019-08-01T09:06:54Z,5e2c5c20c88ccf362ed8749d1ddc041b1cb1c38d8dbeac7870179322,60.16629,24.95957,00000000fb7600be,6.46
20057,2019-08-01T09:06:54Z,5fc2fafdb6649a869ffd226bfe99095b50996797c20447b63333997d,60.15133,24.92329,00000000e8a064a4,18.79
20058,2019-08-01T09:06:54Z,61cad0901875294dc868a6d894b5f275a95e6ab6e4a369eefa0fe4bd,60.16762,24.95415,000000006b44cce7,10.78
20059,2019-08-01T09:06:54Z,61e4465b011a94bbf6341adebb1aed56100967cac117b368910b36de,60.16544,24.95398,0000000038d83d41,23.56
20060,2019-08-01T09:06:54Z,626bf35ce16dba1054cfd175d09475d3ee751bf70e56f984ff5c7ab6,60.15133,24.92329,00000000e8a064a4,21.87
20061,2019-08-01T09:06:54Z,63ff2439779051005c18876d20ed53ce060c1de9d7976821bd518fc6,60.15432,24.9211,0000000019fb59c4,9.92
20062,2019-08-01T09:06:54Z,65b6b62b547e11e10f7f83ad497446bee2bb9653097d9d62e9b1b817,60.17065,24.93641,000000000f4919c9,14.89
20063,2019-08-01T09:06:54Z,673cc832b626feba4fd2b89c6da4fc24da9d4872367191c0a723d09b,60.16829,24.94214,00000000afef4555,33.81
20064,2019-08-01T09:06:54Z,67cf7d2881080aa59ed36a6d88ea1946d17e9d1d5e1ad9eee1851969,60.18203,24.91341,00000000342570c2,20.28
20065,2019-08-01T09:06:54Z,684e7a868866e631c134ab5bd21b6ba738f6ebc6d5b5c169e366c6ee,60.16897,24.95222,00000000aa852af1,7.69
20066,2019-08-01T09:06:54Z,685af6b01bd180194d718801bb8b9c9de22050cc392d6c6441fe986b,60.18203,24.91341,00000000342570c2,16.1
20067,2019-08-01T09:06:54Z,68d7ad8fab31b3c5967a814376d0ddc6cf42e1db0d9e09dfbba169bd,60.16762,24.95415,000000006b44cce7,7.69
20068,2019-08-01T09:06:54Z,69e2854c78a472b462941ef730aa9fa7a9dba9c1cc22996396d4c78a,60.17919,24.95181,000000007b5207b6,8.38
20069,2019-08-01T09:06:54Z,6adce4d05e58232a97635a2fd7918e4e49d9295afc0989d727f9c712,60.17002,24.94407,000000006b087f40,1.54
20070,2019-08-01T09:06:54Z,6dca84ddf4be668487766d17c5d13961ed713d24032f709ae87a497f,60.16829,24.94214,00000000afef4555,18.79
20071,2019-08-01T09:06:54Z,6dd5463e670c352180c1e912300e21e59f5e2976266df8c3c92b0baf,60.16829,24.94214,00000000afef4555,7.05
20072,2019-08-01T09:06:54Z,6e7752ad629d4259fce88e4af7b24cb9c9c541027aebf01885998449,60.16544,24.95398,0000000038d83d41,18.79
20073,2019-08-01T09:06:54Z,6f616e6334d0ed70e5ea15408a51e9daf643369911d94d76830a7d65,60.16544,24.95398,0000000038d83d41,14.89
20074,2019-08-01T09:06:54Z,6fe2cf6737d40d71251dac8ebef5356a2b765621e97a346c00a6031c,60.15432,24.9211,0000000019fb59c4,4.11
20075,2019-08-01T09:06:54Z,7003a7f6a5523b645634f014e04bea36016953a8af9324e35602bc2e,60.14947,24.91438,000000004ef3150d,20.28
20076,2019-08-01T09:06:54Z,701dc50417b28dba15ad9ff809844f1766b6579389a2e5ebb0562635,60.16629,24.95957,00000000fb7600be,21.87
20077,2019-08-01T09:06:54Z,704c3f3075f13713c363014fa828e4a932e7a05676813b9963a1e554,60.17918,24.95141,00000000675d5200,4.5
20078,2019-08-01T09:06:54Z,70d391038ec56b63a3737605c2c1db6ffbdca8e4490691776dc993f1,60.16829,24.94214,00000000afef4555,10.78
20079,2019-08-01T09:06:54Z,7105a68b527be40338bcf13245fe1975a15988a3c557bbb24fd26422,60.16762,24.95415,000000006b44cce7,21.87
20080,2019-08-01T09:06:54Z,71b01bb8b8e877dc9ca40e756f441571d12ee3311a945417e8aaa116,60.16762,24.95415,000000006b44cce7,7.69
20081,2019-08-01T09:06:54Z,72439a1f997fd347d46394f31f5789edc877fe61ca34fcd31f9150b1,60.18203,24.91341,00000000342570c2,25.36
20082,2019-08-01T09:06:54Z,7292a4a47ed655e0ce0ead026bb0ae4b8093342f87a9aed5665c1456,60.16762,24.95415,000000006b44cce7,10.78
20083,2019-08-01T09:06:54Z,729c5f2cffe7e3f5554f3c2bbc7f717457700e648ccb716bb2e98c8a,60.17002,24.94407,000000006b087f40,23.56
20084,2019-08-01T09:06:54Z,72f088587da3409c5a4bec360a52a230a7551c3671441baaaabc6357,60.16829,24.94214,00000000afef4555,10.78
20085,2019-08-01T09:06:54Z,74cb545f76f0bfc5498607247e26e814276a11ce91f77208054ecbc5,60.17002,24.94407,000000006b087f40,21.87
20086,2019-08-01T09:06:54Z,74d0c0f340d9edbc94f0053d217dded19fcf40450363f4568f14a421,60.16762,24.95415,000000006b44cce7,12.69
20087,2019-08-01T09:06:54Z,750297d0d8ff0ca837d9c2289c26302d62f38708617150431ab14509,60.16531,24.9442,00000000fdda10fe,20.28
20088,2019-08-01T09:06:54Z,7563b91d728fe470bc4d89aa18128a87b92c747336dd2c70cfbf9e84,60.1538,24.95595,0000000038bf9618,29.32
20089,2019-08-01T09:06:54Z,76c2f7b3773d4bebd4dabada1c2b98fe4ea9762e9c98b4a6371d7746,60.16762,24.95415,000000006b44cce7,10.78
20090,2019-08-01T09:06:54Z,7700297fec4982ad776529835e2ab46d4e5cbc889e26f368c19efeef,60.16829,24.94214,00000000afef4555,3.74
20091,2019-08-01T09:06:54Z,774131d73accbbb31ec3c43c3501b7969645eb65df1839ca8116526e,60.15432,24.9211,0000000019fb59c4,7.69
20092,2019-08-01T09:06:54Z,774bf331a7d205164487c930f8e043d9f4064d968a7f9cb28bfa5dc9,60.16762,24.95415,000000006b44cce7,10.78
20093,2019-08-01T09:06:54Z,7a6e7ba82e6b0c07f13302099a2ffb55e08a56850ee8c1c6c1bd65d3,60.17065,24.93641,000000000f4919c9,17.4
20094,2019-08-01T09:06:54Z,7c1534082e86ff4387878d813207626d8f728aa26b97248e00a3b8d7,60.16629,24.95957,00000000fb7600be,13.75
20095,2019-08-01T09:06:54Z,7d12711d47425111a6dce413faa867542b9532f3b9c5a934b37a0bc8,60.17919,24.95181,000000007b5207b6,31.5
20096,2019-08-01T09:06:54Z,7d415f4fd9093fb383b4ebb88961ad74e6a00d3ece39504712dad639,60.17919,24.95181,000000007b5207b6,17.4
20097,2019-08-01T09:06:54Z,7e2e3d07c939e3e76e7ce87678faf64e056afe54215e00488839100f,60.14947,24.91438,000000004ef3150d,10.78
20098,2019-08-01T09:06:54Z,7eb4a715919b3eb4085270535ce4d7b57112591ad7242eb189bf652a,60.17065,24.93641,000000000f4919c9,9.92
20099,2019-08-01T09:06:54Z,7eee93799a4b0a73081b5997eaba4036febdfde0bb766caf4de4b5a2,60.16829,24.94214,00000000afef4555,21.87
20100,2019-08-01T09:06:54Z,7efa1cf3118062946e8958e89ffe767322a7bbf0d35d9d76b711e3b5,60.16762,24.95415,000000006b44cce7,16.1
20101,2019-08-01T09:06:54Z,7f59aaecea1eee6c703ec5d46d67b44289ddedf080defee495b73739,60.14947,24.91438,000000004ef3150d,21.87
20102,2019-08-01T09:06:54Z,809bf2d7a0745ae512b934a578fd5fd47c13c5398b6d06ad350b9e7c,60.14947,24.91438,000000004ef3150d,10.78
20103,2019-08-01T09:06:54Z,814fca075a588ae71c130bafc9384a1c17e7bd8168994ae6fca55205,60.16829,24.94214,00000000afef4555,17.4
20104,2019-08-01T09:06:54Z,8165c5f8d06298ffd56f071c0ad1cc9f1d4f08084936937d712d0b61,60.15133,24.92329,00000000e8a064a4,29.32
20105,2019-08-01T09:06:54Z,828afe5ee1f94b9afbfd61b9673b7c8b21457d11dafb1d2ad98dbd23,60.149,24.9843,00000000fffb8cf0,9.92
20106,2019-08-01T09:06:54Z,82bab0a1bfd11576cf62159546b756e1da44125c76909e270ced391b,60.16897,24.95222,00000000aa852af1,18.79
20107,2019-08-01T09:06:54Z,8524898e498c83bde4bc1848aa2b372da84e7b2266f36aabe128cc27,60.17919,24.95181,000000007b5207b6,14.89
20108,2019-08-01T09:06:54Z,85bdce5b262dbd94adcff03e6cad26a1152828b6ab27e6fdd56b2b13,60.16762,24.95415,000000006b44cce7,2.54
20109,2019-08-01T09:06:54Z,86b066ea755e9fd56188a608365c78bc7873db821770bdcfc83ed149,60.16762,24.95415,000000006b44cce7,8.38
20110,2019-08-01T09:06:54Z,86e7584bf95733cef59d74bb4955881e99dc86b73a0d5b4e3ef58b50,60.18203,24.91341,00000000342570c2,20.28
20111,2019-08-01T09:06:54Z,880f9cbb91b9caf48ea9c5dd1a0c8e1db72922b6dfcb647b102fc469,60.16629,24.95957,00000000fb7600be,1.38
20112,2019-08-01T09:06:54Z,88c2bc6310f27465b9f08b28fb52075d7703ce7b097e5beb37c7437c,60.14947,24.91438,000000004ef3150d,13.75
20113,2019-08-01T09:06:54Z,898cde3317c73907bb23b1b885828c4bf3187c3a757a18dc32abe970,60.16762,24.95415,000000006b44cce7,5.41
20114,2019-08-01T09:06:54Z,8a01e28fd327e5c56dcf2dc8b2b7762a96d77584c21990a073ceb11f,60.16829,24.94214,00000000afef4555,18.79
20115,2019-08-01T09:06:54Z,8a70673a694137689441a8a18cff0044d959d5d1991c92c7b5fb8f0c,60.16829,24.94214,00000000afef4555,13.75
20116,2019-08-01T09:06:54Z,8c571538c285dba9d77edacfb1829b282d54b772b62209c6e4004237,60.17918,24.95141,00000000675d5200,1.12
20117,2019-08-01T09:06:54Z,8d5e893f77b3d167ebefad4ecab181fea08513599a6f9450f0b9a827,60.17919,24.95181,000000007b5207b6,9.92
20118,2019-08-01T09:06:54Z,90a44cbd1a957cc59a6986cff9b6b7b8e151d379e17da645069428b8,60.173,24.92524,0000000096918cfa,20.28
20119,2019-08-01T09:06:54Z,941e13893853105c86bfbc6d31d62274937602143ce3bb530c8c17ed,60.17919,24.95181,000000007b5207b6,5.91
20120,2019-08-01T09:06:54Z,94d0134c78d883121a7e06e18094d572c8f674376c94be77cc087513,60.16762,24.95415,000000006b44cce7,23.56
20121,2019-08-01T09:06:54Z,9998e64e3b5162fd8890fc4e2dfe41a3e875f08500f1cef0c4820855,60.16829,24.94214,00000000afef4555,16.1
20122,2019-08-01T09:06:54Z,99a026b5100e23129fa529e9a57a3dbc8490dc03b58f2193f03e2dcf,60.14951,24.92138,0000000006dd41f6,5.91
20123,2019-08-01T09:06:54Z,9abbc86fb0fc1c0532042814af76a97e6a17121831d4394749a290a6,60.16762,24.95415,000000006b44cce7,10.78
20124,2019-08-01T09:06:54Z,9b3e6848d8b34e802134d6da0e5a594897ec3fafbbf08b6d0b84068e,60.17919,24.95181,000000007b5207b6,11.7
20125,2019-08-01T09:06:54Z,9bdb503344071eddd74d821f537246d8a6c19468b05d38d0170377f9,60.16897,24.95222,00000000aa852af1,12.69
20126,2019-08-01T09:06:54Z,9bef8b28ea93ecaee57d05b037edbfe7f80014aaf56343345fedd7be,60.17919,24.95181,000000007b5207b6,5.41
20127,2019-08-01T09:06:54Z,9c3468620f03e8cd338f2e12c4d2839479aae001db527fb45cba43a6,60.149,24.9843,00000000fffb8cf0,27.28
20128,2019-08-01T09:06:54Z,9ce214896068957a21bc57af08680d84debbd091b49ad5e6402c4cc8,60.16629,24.95957,00000000fb7600be,20.28
20129,2019-08-01T09:06:54Z,9d8bccbf9432d2550d92c4db2ed6fb167b2195c3726bb8a77acb06df,60.17065,24.93641,000000000f4919c9,21.87
20130,2019-08-01T09:06:54Z,9e343a150f07bb3dcce5ecab8ac061b84d65b347b1af5a232e00eeb6,60.16829,24.94214,00000000afef4555,14.89
20131,2019-08-01T09:06:54Z,9eee6d740f1d483c484d02f0995f35550c09e6a8cf01f02680db5efc,60.16448,24.97323,0000000053c6c2be,27.28
20132,2019-08-01T09:06:54Z,9fa57cff946eb6b758bd810321b0bb80d6f0c46ca5fb40b0ec22ca0d,60.16762,24.95415,000000006b44cce7,20.28
20133,2019-08-01T09:06:54Z,a04214b56cac7d70680703ee6a28fac742f3c3190b55b46a79c1f76d,60.149,24.9843,00000000fffb8cf0,23.56
20134,2019-08-01T09:06:54Z,a1f8844ce75ef5913e9d53a69e442c2a1132adc18ca0fbf2857f5656,60.1538,24.95595,0000000038bf9618,44.58
20135,2019-08-01T09:06:54Z,a2333053951d093ef490bcc3b9455fa0ed512421b5b597602785ab28,60.16531,24.9442,00000000fdda10fe,7.69
20136,2019-08-01T09:06:54Z,a2c53a9ecb3dab08bc3bf70db35ea02e6f15cedb137ce7817751f27c,60.16829,24.94214,00000000afef4555,25.36
20137,2019-08-01T09:06:54Z,a2e761fd97d8bdf78601300822b531e306b9ab7a1a43b6bfb07eba52,60.14947,24.91438,000000004ef3150d,10.78
20138,2019-08-01T09:06:54Z,a38c11c450b472b9dad2f076e2d9a63651292d3de806331d06af7f46,60.16531,24.9442,00000000fdda10fe,17.4
20139,2019-08-01T09:06:54Z,a403dc1eebc5d130e12a4c3e4298737c9e00b25b1b6b2cc36a6979c9,60.16629,24.95957,00000000fb7600be,9.12
20140,2019-08-01T09:06:54Z,a47e8613674297dc49b26801b19d2110d009aaee57412f2127f3b093,60.16897,24.95222,00000000aa852af1,20.28
20141,2019-08-01T09:06:54Z,a61a6156cbe24f1f3fc8708456044502186478f34ecccb0620788ac3,60.16762,24.95415,000000006b44cce7,12.69
20142,2019-08-01T09:06:54Z,a66eb6150c36b53f6240acfe16dd98ceb16c43b8e02d0b56993bac73,60.16897,24.95222,00000000aa852af1,21.87
20143,2019-08-01T09:06:54Z,a6d0dd9de406b1201a4e438ec7c5f4a467f38c41e2dec42ff6c71d50,60.16897,24.95222,00000000aa852af1,9.92
20144,2019-08-01T09:06:54Z,a786eb3b8a25c58099a428799e99d0b86401f803ee38d3e5d20e59d3,60.15432,24.9211,0000000019fb59c4,10.78
20145,2019-08-01T09:06:54Z,a808962cb511e5ed2d23e6e33efe252b1be29dc1d2f7c6154817f04f,60.16448,24.97323,0000000053c6c2be,18.79
20146,2019-08-01T09:06:54Z,a83415babca8eac00f69a32371a230fdadda29bf40fd69f75cf2e8fb,60.17918,24.95141,00000000675d5200,21.87
20147,2019-08-01T09:06:54Z,a83703c80a4d58db87327a53b0d3664d23edf7350ff6b0afaa49c530,60.16629,24.95957,00000000fb7600be,33.81
20148,2019-08-01T09:06:54Z,a8ca7fb815e707c04434a085c4f99e783d56372143afc92225eae622,60.15133,24.92329,00000000e8a064a4,16.1
20149,2019-08-01T09:06:54Z,a982f65ed2c57aff3f744dba9f5e9ca929c81c14883516889898f207,60.16762,24.95415,000000006b44cce7,16.1
20150,2019-08-01T09:06:54Z,aa05a7036c3586a79d23f426b78bf158357208bc82d7ddf9a1326dd2,60.16531,24.9442,00000000fdda10fe,25.36
20151,2019-08-01T09:06:54Z,aa5281244780ac8f283c3452639d477cd76e31fc6f0b95b99c51a9b0,60.16762,24.95415,000000006b44cce7,1.7
20152,2019-08-01T09:06:54Z,ab615ee5bbf567aee3505fbb360d09fc6b851f93fb15aef778b57128,60.16531,24.9442,00000000fdda10fe,11.7
20153,2019-08-01T09:06:54Z,abf0be93e7a8aec9fa8284fdbcc2493f32084aa95f15660b23e149c6,60.16629,24.95957,00000000fb7600be,9.92
20154,2019-08-01T09:06:54Z,ad22512fd6a5ad9e19fdfad7e02b2793ecb01875be243f894c637ae2,60.16829,24.94214,00000000afef4555,10.78
20155,2019-08-01T09:06:54Z,ada9cbdd139a5d0131aba9cfe347856bafb7185ed4828a4f76412f1b,60.17065,24.93641,000000000f4919c9,36.27
20156,2019-08-01T09:06:54Z,af67ffa8b538058603b74f48e04ab914e8f6cd450f53c47f8c3d683d,60.15432,24.9211,0000000019fb59c4,10.78
20157,2019-08-01T09:06:54Z,afaed9946dbc1509500c6f80f87eed8fe44a74ba3e14328c6efe3971,60.16829,24.94214,00000000afef4555,9.92
20158,2019-08-01T09:06:54Z,b09e9bb62cc49c085c1aee3b752af1bec69dabc939323e5733f73933,60.17065,24.93641,000000000f4919c9,25.36
20159,2019-08-01T09:06:54Z,b145976b011f15e3003f22672f601d9130c24384be2b0caab07d182e,60.16448,24.97323,0000000053c6c2be,25.36
20160,2019-08-01T09:06:54Z,b25339bfcf356e1460eec7d6494ab8fa8fe2ee363afb6496ab1a1fb9,60.16829,24.94214,00000000afef4555,13.75
20161,2019-08-01T09:06:54Z,b2728a54ebd2991e59d91f96f73d376de0adccecfef1326c4f51b74a,60.16762,24.95415,000000006b44cce7,10.78
20162,2019-08-01T09:06:54Z,b32e57a6f5865a23d7a0e9fa346d5ec4e975f99c4df815fe8b1449b2,60.17919,24.95181,000000007b5207b6,16.1
20163,2019-08-01T09:06:54Z,b474e34db18d21635ec9ea2654513e6759c326f3aaec96c25f9a204e,60.16897,24.95222,00000000aa852af1,10.78
20164,2019-08-01T09:06:54Z,b50a45ac0708e7b5cca42f3458430eb22ff70a81c575bafe99ffda23,60.17002,24.94407,000000006b087f40,11.7
20165,2019-08-01T09:06:54Z,b5603e758440226e490d1d7d7271a7b0d5c261eccbad198f81110136,60.15432,24.9211,0000000019fb59c4,3.09
20166,2019-08-01T09:06:54Z,b69604356a52f2b1b9c5de09a350f42d87f5b969e3e824d8b6b2368f,60.16829,24.94214,00000000afef4555,27.28
20167,2019-08-01T09:06:54Z,b6c43126ca83e916a68e57d0178060c24fc61305836b6c8f188f7285,60.17918,24.95141,00000000675d5200,9.12
20168,2019-08-01T09:06:54Z,b8fb70225ee0a2d655e2809da07a2f8cd2feb7295aa256f8b35fcf1e,60.16629,24.95957,00000000fb7600be,9.12
20169,2019-08-01T09:06:54Z,baca220bc4dd6e05e27f7b99db1588e9c29a5e18a36a70622dea1e65,60.17065,24.93641,000000000f4919c9,31.5
20170,2019-08-01T09:06:54Z,bb2187a4e20012ad694c768ef2c47c9a9055671024ebf4855d4e6243,60.16531,24.9442,00000000fdda10fe,1.7
20171,2019-08-01T09:06:54Z,bc436a99a8805080541bd9dc9743df4f0e34172e2c70b59f64c4260c,60.16762,24.95415,000000006b44cce7,10.78
20172,2019-08-01T09:06:54Z,bc6d5082ca52e6dae7a1689a835434f3f6341e90afea565480eb9674,60.16829,24.94214,00000000afef4555,10.78
20173,2019-08-01T09:06:54Z,bc82f76c979de19b559e9e3aa0cd6cbf5ac361e2d7b1ac9f81fe2f4f,60.17919,24.95181,000000007b5207b6,11.7
20174,2019-08-01T09:06:54Z,be12d6aaccf354197284a8c92b960bd6a4e1705f7d948823e7891fde,60.16762,24.95415,000000006b44cce7,3.09
20175,2019-08-01T09:06:54Z,bf546b1abc8eba5c7f399f527508a7304dea62586aa297896d71ea5c,60.18203,24.91341,00000000342570c2,23.56
20176,2019-08-01T09:06:54Z,c0a0ca3433586ed2ae0e448f2406fabac7292ac79d49562e0bd5cef8,60.16762,24.95415,000000006b44cce7,17.4
20177,2019-08-01T09:06:54Z,c15da9ed244b57a27a083919c67d0edde078a31b18cb58f13581f173,60.1538,24.95595,0000000038bf9618,25.36
20178,2019-08-01T09:06:54Z,c1674c59c49d5bf74e6808239a91d18a04e47697d298bc61a7618af2,60.16448,24.97323,0000000053c6c2be,13.75
20179,2019-08-01T09:06:54Z,c19294a0a6dd80604d1435e92cecc363af55f32ef9d41af8b67687e2,60.16897,24.95222,00000000aa852af1,17.4
20180,2019-08-01T09:06:54Z,c1bf1bf699e9bc78ca15c9490d1ef02e3323f0c2c76bf0fca7955a69,60.14947,24.91438,000000004ef3150d,13.75
20181,2019-08-01T09:06:54Z,c434f18b802a764aad7a2dfb46e93546acb1b0975cf9b93fd47363f6,60.15432,24.9211,0000000019fb59c4,9.92
20182,2019-08-01T09:06:54Z,c4e5e1409f130a1f2516097c1f556cac0ca2761a07925c6ed70f001c,60.16762,24.95415,000000006b44cce7,16.1
20183,2019-08-01T09:06:54Z,c55f651c108f569fe59364de834d31b122908186d2f95d20ed519564,60.16762,24.95415,000000006b44cce7,8.38
20184,2019-08-01T09:06:54Z,c65c11ee6e8b5894ead3ea9b007a39127edb65a67be253aca6f78ed0,60.16448,24.97323,0000000053c6c2be,21.87
20185,2019-08-01T09:06:54Z,c6d34066a212d08ed92a2a2ac4ec1eeebbac7e6aea3ef939d15d0e35,60.1638,24.96846,00000000d747f075,18.79
20186,2019-08-01T09:06:54Z,c872af9997af535c4615ee0b4194c7c8d644b7962afb3ca321eb386f,60.15133,24.92329,00000000e8a064a4,21.87
20187,2019-08-01T09:06:54Z,c8b9856a261673c3360915cd9a4dabb4afe22b63a86d7f59f7dc5f20,60.17002,24.94407,000000006b087f40,16.1
20188,2019-08-01T09:06:54Z,c98bce1cc275ed0a1b833011f8cd251ac848fdc84501fe87eb8b5d54,60.17918,24.95141,00000000675d5200,21.87
20189,2019-08-01T09:06:54Z,c9ed2b3285b32321fb5fe458b9215ed21abc67263dabc3693aa23302,60.16829,24.94214,00000000afef4555,14.89
20190,2019-08-01T09:06:54Z,ca7719c7cd8d4496b666f608fc07ba9930e362a0b2d96890b0778618,60.16629,24.95957,00000000fb7600be,16.1
20191,2019-08-01T09:06:54Z,cccf3ba2a9d11b9330c18af8064a20aca9995473495bf119162a1619,60.16897,24.95222,00000000aa852af1,11.7
20192,2019-08-01T09:06:54Z,cd24d4831d3c3e8dad5e555b47528aa6b11e307b2882be4f65dd4076,60.17002,24.94407,000000006b087f40,9.92
20193,2019-08-01T09:06:54Z,cd36467a9e57a5646d6d8d587b8089c12074243a9ac10ee83b37fbac,60.16629,24.95957,00000000fb7600be,14.89
20194,2019-08-01T09:06:54Z,ce7de55c7709396c70ce5930097e84449a4889700e605a0b062aaeae,60.16531,24.9442,00000000fdda10fe,23.56
20195,2019-08-01T09:06:54Z,cf061f5093c857b2efc346d3ad51fd17cca7eb360060ba7875630cf5,60.16897,24.95222,00000000aa852af1,21.87
20196,2019-08-01T09:06:54Z,cf823e18aa21de251222a9ab70c1b76b6218dea694752d56f6f84082,60.149,24.9843,00000000fffb8cf0,18.79
20197,2019-08-01T09:06:54Z,d0ae4fabf429edbfdad59f8183cc6e5929f68633315448c9b83d4c16,60.16762,24.95415,000000006b44cce7,9.12
20198,2019-08-01T09:06:54Z,d16e16def718519430296afa23976c226aaf720722bce3d92a2aad43,60.14947,24.91438,000000004ef3150d,14.89
20199,2019-08-01T09:06:54Z,d2565986030ddea596554d64d126e84d618ce72222ab6888c3debf59,60.16448,24.97323,0000000053c6c2be,13.75
20200,2019-08-01T09:06:54Z,d29a5ebd00326d5dedb6c60cab75fd238bdaa9d7f703f6b5974edbc7,60.16762,24.95415,000000006b44cce7,13.75
20201,2019-08-01T09:06:54Z,d562afdedae521be241c98441e436608a323fdb944dedc24c835e762,60.17065,24.93641,000000000f4919c9,3.09
20202,2019-08-01T09:06:54Z,d653ef8368d33df4fc7edeb5a381d5826be1471f1470aa9744d47901,60.173,24.92524,0000000096918cfa,7.05
20203,2019-08-01T09:06:54Z,d65b8625c1f24304ff0e3c4a4dce7aa5d434d36be87be41834a49420,60.16531,24.9442,00000000fdda10fe,4.94
20204,2019-08-01T09:06:54Z,d6e217c6592e449e2390b1a874e08cbc9126116901dbdbf84501c6b8,60.17065,24.93641,000000000f4919c9,5.91
20205,2019-08-01T09:06:54Z,d74ea3c9e0aaa523c791aa01f4f9a7c1c43f01f585dc4146b19edf83,60.17918,24.95141,00000000675d5200,7.05
20206,2019-08-01T09:06:54Z,d7734ef0345fcffc0f4bd7579275af62987490aba012209832e92059,60.16629,24.95957,00000000fb7600be,25.36
20207,2019-08-01T09:06:54Z,d81eea3c8bf927d879268dc01665b897d48eecc647bbf61f91f37a33,60.16544,24.95398,0000000038d83d41,21.87
20208,2019-08-01T09:06:54Z,d87c4d5dc2cd620de54fdd076d4f9b35245053d65b644d9e01f558b5,60.16762,24.95415,000000006b44cce7,7.69
20209,2019-08-01T09:06:54Z,d95956cedfc4dfe06014194cc1071864bd835fcc014c1fd6f4d33337,60.16762,24.95415,000000006b44cce7,20.28
20210,2019-08-01T09:06:54Z,da78c33b53b0b3a551adb83bc2953f20006ca37faff42dbdd687045c,60.17065,24.93641,000000000f4919c9,27.28
20211,2019-08-01T09:06:54Z,dc00d45c0dd506326fb4dd3692d409df80cb3d871341ffff720dc834,60.16762,24.95415,000000006b44cce7,21.87
20212,2019-08-01T09:06:54Z,dc786895c819070347a0a268463f0a8b15f5eec1647f016a9e78e9e0,60.1538,24.95595,0000000038bf9618,23.56
20213,2019-08-01T09:06:54Z,ddae2128c72cf011df2a698a8254b8738fd07a971349ea8a5e8bfa9f,60.16829,24.94214,00000000afef4555,9.12
20214,2019-08-01T09:06:54Z,deb8a213e1b4930e676ee8fdb394161ec46adb785171fa37437b4d44,60.15133,24.92329,00000000e8a064a4,16.1
20215,2019-08-01T09:06:54Z,dfe80baf219bd267a459c954a8e3027b3f1ed29fea2a5355456d5652,60.16897,24.95222,00000000aa852af1,7.05
20216,2019-08-01T09:06:54Z,e0fe7fe5854899c0eb42b75b300339808143419404558ed4d00b0f17,60.17918,24.95141,00000000675d5200,8.38
20217,2019-08-01T09:06:54Z,e234769b1ce1634554f5fa4a290d11b2a30c3dfd009d4c39a2e9dd3d,60.17065,24.93641,000000000f4919c9,16.1
20218,2019-08-01T09:06:54Z,e294dde431d68c7b73efcf1f9b916e40bf408111c79228032c7830a4,60.16544,24.95398,0000000038d83d41,21.87
20219,2019-08-01T09:06:54Z,e2bb0ae74deee6cbc4f50c5f85da3f1779ca1db1ae7ff48ab4b33dbc,60.17918,24.95141,00000000675d5200,3.74
20220,2019-08-01T09:06:54Z,e2f445c6711e0e7d48a6a045bec347587f9f398e8928a171cfa2ca38,60.16762,24.95415,000000006b44cce7,12.69
20221,2019-08-01T09:06:54Z,e3f844c56875bd572c3b57a835b884f1060b467d3bbd25c50dcc7e28,60.16762,24.95415,000000006b44cce7,8.38
20222,2019-08-01T09:06:54Z,e528235be3e5cc4945024d50d1ed43061e2e2f2845f2b41e081e1721,60.17919,24.95181,000000007b5207b6,10.78
20223,2019-08-01T09:06:54Z,e5cad8bb9a6c8dcc067948d7f869033aca5bdd062da175c8734092e6,60.17919,24.95181,000000007b5207b6,5.91
20224,2019-08-01T09:06:54Z,e73dcccbc4dd6af49316f19a34c347cc94ff7ab079a93a2672d78a16,60.14947,24.91438,000000004ef3150d,23.56
20225,2019-08-01T09:06:54Z,e8add7e8346b99cd4b67924113f3763441a1899897c6d1ac3a1a40a6,60.17918,24.95141,00000000675d5200,17.4
20226,2019-08-01T09:06:54Z,e8ed8051f57ad9d9029a5e3b443c5e93e5059f8c487ba45e2583d35a,60.16829,24.94214,00000000afef4555,11.7
20227,2019-08-01T09:06:54Z,e8fe5d3b6aa0651dff5b4a9c6dcff3135e3bdcbb1cddc9b871e9d991,60.14947,24.91438,000000004ef3150d,27.28
20228,2019-08-01T09:06:54Z,e9275b4d525e0593374e00e9cf9885062a1699ecb3462c758a025ef1,60.16762,24.95415,000000006b44cce7,12.69
20229,2019-08-01T09:06:54Z,e979a153601f7520f54d4733fe91f75f154c8f1c08dc3408dbba5345,60.15432,24.9211,0000000019fb59c4,3.09
20230,2019-08-01T09:06:54Z,e9e1a66ce9f699fc1713bb44cd67a332f584f0c51d18774fc72b8eea,60.16762,24.95415,000000006b44cce7,9.92
20231,2019-08-01T09:06:54Z,ea3f8412ed9c4d92448688dd9cc7ff9e3eeb5fe4373d0953bf0349c1,60.16531,24.9442,00000000fdda10fe,23.56
20232,2019-08-01T09:06:54Z,ea94130fbb3464dc656765cfddbad802ddfafb1af8007cb5f42cd41f,60.16829,24.94214,00000000afef4555,17.4
20233,2019-08-01T09:06:54Z,eaf572301dc5c1eaff007bc1886cce8f0f5e92a233b8686ed2a1a9cc,60.17065,24.93641,000000000f4919c9,16.1
20234,2019-08-01T09:06:54Z,ec2dd83e04d225caca9f6b9d28bd3080ed37c5bf42e5f65123fa2394,60.17065,24.93641,000000000f4919c9,6.46
20235,2019-08-01T09:06:54Z,ec7121833f0e4b509d683b00a9c5e992e4b84882cb857145102e14f4,60.16531,24.9442,00000000fdda10fe,2.3
20236,2019-08-01T09:06:54Z,ee06dc571acc6f8cad13e6cd588349958dc601934f851b25d2ebee6c,60.16762,24.95415,000000006b44cce7,17.4
20237,2019-08-01T09:06:54Z,eef621895ee74145a6d76c5f5493a93d7c728c80abe45a2e1933ae9f,60.16897,24.95222,00000000aa852af1,21.87
20238,2019-08-01T09:06:54Z,ef6e7d641ebef891165f5f8178b3195fbc6c86dc5f904ca2cca43e32,60.16897,24.95222,00000000aa852af1,14.89
20239,2019-08-01T09:06:54Z,efc51406db4c66b8a573ec325afe8a9258a04a71b46ff3aae1cfa696,60.16762,24.95415,000000006b44cce7,8.38
20240,2019-08-01T09:06:54Z,f1447725764ec0dca245fc67f2aa0a0c42e6b05808076aa74f0c1e7e,60.17918,24.95141,00000000675d5200,9.12
20241,2019-08-01T09:06:54Z,f18c0c32d067aecf5602d70693ac888cab1be6dbb0d154be5153dfcc,60.16829,24.94214,00000000afef4555,25.36
20242,2019-08-01T09:06:54Z,f1b28329fc91f4708ca34857c5582c0bf1b7d0ab06127746029cd72c,60.17919,24.95181,000000007b5207b6,6.46
20243,2019-08-01T09:06:54Z,f20935810c1567a80c288016c4d4dd32fe86b3479f47ae7dd64d15cc,60.15432,24.9211,0000000019fb59c4,3.4
20244,2019-08-01T09:06:54Z,f29ed00b645af4bbf50174e71f58a9b691d2e2342e59eda242d97380,60.16829,24.94214,00000000afef4555,12.69
20245,2019-08-01T09:06:54Z,f4131e8c526b295b32dc9448a2a43ec900e25e8914003a963782e36c,60.16829,24.94214,00000000afef4555,9.92
20246,2019-08-01T09:06:54Z,f4587b90aec9127805880f7c81fc03b9fb513fe363015399b895089f,60.16829,24.94214,00000000afef4555,10.78
20247,2019-08-01T09:06:54Z,f4bbc3077da0455d4340da2eed204915327b75a792080724548b4956,60.17919,24.95181,000000007b5207b6,4.5
20248,2019-08-01T09:06:54Z,f503a41d3e8b9b57628f4f061c1d8e0c53c62dd8a6fe38d212958ee6,60.16075,24.95883,00000000f1124bca,11.7
20249,2019-08-01T09:06:54Z,f50fd3b1715a94dff67461f4b8f252ecaa6acc16459b3d021f34f15e,60.1538,24.95595,0000000038bf9618,25.36
20250,2019-08-01T09:06:54Z,f562b1903f67e226973ef1d1beaa993d24ca93d25d025c5224650c27,60.16448,24.97323,0000000053c6c2be,31.5
20251,2019-08-01T09:06:54Z,f587de6c8c03387c5e6a66cd7d20c45abad3668c8e2246611122547b,60.14947,24.91438,000000004ef3150d,23.56
20252,2019-08-01T09:06:54Z,f77f8836e641389801309c311e926c1662264ab16efd01cd5bf27baf,60.16762,24.95415,000000006b44cce7,6.46
20253,2019-08-01T09:06:54Z,f803aeb1f00a057ed31451d0f3d132f27fec17305dc699176ac5339a,60.16897,24.95222,00000000aa852af1,21.87
20254,2019-08-01T09:06:54Z,f9e527876f8dfe750fd29bc42664bbf572aed5d09d344a8934a83d90,60.17065,24.93641,000000000f4919c9,4.94
20255,2019-08-01T09:06:54Z,fa1a3814c680b20020a08346c37ee2853e895984574575312bf262e7,60.14947,24.91438,000000004ef3150d,14.89
20256,2019-08-01T09:06:54Z,fa9f19c58a086fde9429d732b1eec80eacf5fc1b2c0124d17243d008,60.17918,24.95141,00000000675d5200,6.46
20257,2019-08-01T09:06:54Z,fb2df85c8938d6a1bbd1ff0a1cd8aa23480ae08dc39d2b584ed35e14,60.16762,24.95415,000000006b44cce7,10.78
20258,2019-08-01T09:06:54Z,fba6e66dd09200012637e0b454c96fd7a5459b7e8b0ba01863cdbd77,60.16762,24.95415,000000006b44cce7,3.74
20259,2019-08-01T09:06:54Z,fe191b6937595e5cf2ac1491e9056f0f9fb5bf66c0cb900df00b4c64,60.16829,24.94214,00000000afef4555,10.78
20260,2019-08-01T09:06:54Z,fea1453360073dfc1896bf1f005f51addb49661f953e16cffba3c63d,60.16531,24.9442,00000000fdda10fe,9.92
20261,2019-08-01T09:06:54Z,ff10218d9a15a3bf160a969fa266f197770d363bc52dce7fa08ae990,60.16762,24.95415,000000006b44cce7,12.69
20262,2019-08-01T09:06:54Z,ff3580f7bd2e1882c23d4afbfcaa5eb85473ce822d5833faecefdd31,60.16897,24.95222,00000000aa852af1,21.87
20263,2019-08-01T09:06:55Z,144afc51fc2443c7031a2912566eff2ce60226a49d6d2bd7c2923700,60.16544,24.95398,0000000038d83d41,29.32
20264,2019-08-01T09:06:55Z,14c7e1511b70f4dd3359cbece1377aebb4d70531f5489eefe53d7c3c,60.16544,24.95398,0000000038d83d41,27.28
20265,2019-08-01T09:06:55Z,15918569de0a46a8eb56b43d8d39f7fc82619ff1006f00822c85745c,60.17919,24.95181,000000007b5207b6,13.75
20266,2019-08-01T09:06:55Z,171d0bf49a26400390df42bc1c9af98d9279bf8ccee92f39288845e1,60.16762,24.95415,000000006b44cce7,2.3
20267,2019-08-01T09:06:55Z,1f0f0628cdc688d76bde2b82bee5b9b4916bf0bbdfe76cf3213e1c65,60.15432,24.9211,0000000019fb59c4,21.87
20268,2019-08-01T09:06:55Z,2a93b61a3863ace54349d7a0937e4134fcc6d4dfcf064eefae2b7cf8,60.15432,24.9211,0000000019fb59c4,25.36
20269,2019-08-01T09:06:55Z,2f411a8ed0163ac1f5c2d0d420253f0df61225f7b25ff4896843ca83,60.16762,24.95415,000000006b44cce7,27.28
20270,2019-08-01T09:06:55Z,550534e45b2c130b5fe0c57978a29a8efc3d42d657bdffc49469b85b,60.16544,24.95398,0000000038d83d41,25.36
20271,2019-08-01T09:06:55Z,5d65719c4cbf045f068d084b72302f447d5fd034413d97d13be00d0e,60.18203,24.91341,00000000342570c2,21.87
20272,2019-08-01T09:06:55Z,6a657079c1bdc8114c289be1ddd83e5846d4279a920d1697b8ff0033,60.18203,24.91341,00000000342570c2,20.28
20273,2019-08-01T09:06:55Z,6d22b751ff5173035dc85c52c3dff0780126adae67fe33dc62dd45ef,60.16531,24.9442,00000000fdda10fe,16.1
20274,2019-08-01T09:06:55Z,6ff437688c444238352c28f64f9d2a7d0f14d19c9ea42c225380501e,60.16762,24.95415,000000006b44cce7,11.7
20275,2019-08-01T09:06:55Z,76c7f42283513d0e289bf786d89463b5025b2ae0f4e13519a4cf228b,60.15432,24.9211,0000000019fb59c4,21.87
20276,2019-08-01T09:06:55Z,78d5f60b36b59c06c3988b94e11744bb3aed5dcbc214f91f228bf892,60.16448,24.97323,0000000053c6c2be,31.5
20277,2019-08-01T09:06:55Z,81a4986dfaad24ef59c0c8c5c6613c46bc95633fd499fd66abd71bf5,60.15432,24.9211,0000000019fb59c4,17.4
20278,2019-08-01T09:06:55Z,84fdfd8881f633c5f0c71c1480053953ca4b05e848052d97c063ad38,60.1538,24.95595,0000000038bf9618,27.28
20279,2019-08-01T09:06:55Z,87dfaad29a9276ddddb1fa021d3bc23ad14824c1af16f7d87e713689,60.14951,24.92138,0000000006dd41f6,9.92
20280,2019-08-01T09:06:55Z,8c75c3289c84fe4493e1e272a77b615fe1985880c5dc68a7c1a17b53,60.16762,24.95415,000000006b44cce7,7.69
20281,2019-08-01T09:06:55Z,8cc6ddaa460aeae8cc9e8a33f91a01c8cd4c0c8bf8a943210a28c84d,60.1538,24.95595,0000000038bf9618,27.28
20282,2019-08-01T09:06:55Z,9500bab795f51bdd64c3f0f2cd00ad5aa6d9b93195c29484e6e5f92a,60.16762,24.95415,000000006b44cce7,20.28
20283,2019-08-01T09:06:55Z,9843c6216661048343a0e49cf3d8aa2883cf77f452666a1c873a1052,60.16448,24.97323,0000000053c6c2be,12.69
20284,2019-08-01T09:06:55Z,9d03d14afa49576281aa26db60e517f7c1ec8aa36f7756959a860a8a,60.16629,24.95957,00000000fb7600be,12.69
20285,2019-08-01T09:06:55Z,9ff35a7f150d05ef75c3777dbae4f91e5b1a4d0830a984c50f6da1bc,60.16897,24.95222,00000000aa852af1,25.36
20286,2019-08-01T09:06:55Z,a08cae03363d2e483a6ea717973088f4bd4276de96a9d438a7358ff4,60.16897,24.95222,00000000aa852af1,27.28
20287,2019-08-01T09:06:55Z,a9da1ee82e3b670e276c26b483dd50f4a6d0c6f77ef82245d3ae6086,60.18203,24.91341,00000000342570c2,12.69
20288,2019-08-01T09:06:55Z,ab0f67c0c0e1ba5eac9013f9c314feadf340ddf08543b91e70483594,60.16544,24.95398,0000000038d83d41,16.1
20289,2019-08-01T09:06:55Z,b1f358076ba79ef902a36ca8ae3f8ec7c93308a67c479345bfdbdecf,60.1538,24.95595,0000000038bf9618,29.32
20290,2019-08-01T09:06:55Z,b4faf2d3c4d2b199afeab6ab63b583fe3a2e81e14abbef6917f25129,60.15432,24.9211,0000000019fb59c4,21.87
20291,2019-08-01T09:06:55Z,b5fd6b317890e5ab2d79e2cd1abe61626d45a753c7337d0d40728898,60.16762,24.95415,000000006b44cce7,11.7
20292,2019-08-01T09:06:55Z,ba42c72ea7c2663b3ea5044faf12173ab18e523dc35de0e24bf374ac,60.16544,24.95398,0000000038d83d41,31.5
20293,2019-08-01T09:06:55Z,c40c37def6bf11a63a2556519a7c6233fd417cdeea2cf14f28e7c42c,60.16531,24.9442,00000000fdda10fe,18.79
20294,2019-08-01T09:06:55Z,cf05623e4d87ce0906c0b0b7dbf53aacc1228016cd27c341228b6e76,60.18203,24.91341,00000000342570c2,18.79
20295,2019-08-01T09:06:55Z,d127ead865385b64ae537a703a26be15fae4b5332ce0fbf03d5e0c23,60.1538,24.95595,0000000038bf9618,38.87
20296,2019-08-01T09:06:55Z,d178749a24c32676d0da0f51ae6ff63c456499d4b1814af8fa75ca9e,60.16448,24.97323,0000000053c6c2be,10.78
20297,2019-08-01T09:06:55Z,dd2c9c82cf3737146294aff6f814a1349fb0bc4bedf518715dacbe8f,60.18203,24.91341,00000000342570c2,14.89
20298,2019-08-01T09:06:55Z,df89b51aeaaa1a8c64db45d6c35f918b650806b37aea9b50246a3267,60.16829,24.94214,00000000afef4555,20.28
20299,2019-08-01T09:06:55Z,ec72ef080c605e71978aed0d3b5f22c3c3133677a43c614b72eedc6d,60.14699,24.922,00000000a53ed894,18.79
20300,2019-08-01T09:06:55Z,f088630d7476dae7d4b7e2bb1f10575f2c89acb4b6e061f3d57c2b40,60.16531,24.9442,00000000fdda10fe,20.28
20301,2019-08-01T09:06:55Z,f22981c21af00fc334b3d8bdd523e23a50384666e97815f0ec1dc0ac,60.16897,24.95222,00000000aa852af1,9.12
20302,2019-08-01T09:06:55Z,f7e45613ad966fea53fab73b435ba3a087c774e36596b3a5156a3487,60.16829,24.94214,00000000afef4555,1.54
20303,2019-08-01T09:06:55Z,f83d4b6b8ffbf8a674d212e32100b2360b80261b4e9207d77c0b0ed3,60.17919,24.95181,000000007b5207b6,14.89
20304,2019-08-01T09:06:55Z,f99c5dd8cc08bd2353083d875ce8bc585fb2c2ff8427b90d92f571de,60.1538,24.95595,0000000038bf9618,38.87
20305,2019-08-01T09:06:55Z,fc4f3a44235f1cfc7b53f14ba2da599976a5a0a220d23b852688e485,60.17919,24.95181,000000007b5207b6,9.92
20306,2019-08-01T09:06:55Z,003df90ad3d2a718b8afbb46befc7b616ad6b8a25b63fcc99e515eed,60.16629,24.95957,00000000fb7600be,16.1
20307,2019-08-01T09:06:55Z,00787dad708490660b0b836fa415681cc57046fa521c0c0aaea14a9e,60.16762,24.95415,000000006b44cce7,9.92
20308,2019-08-01T09:06:55Z,011372b726688a0c953368b50bc5a1cb0212c17dbecc587d9f9d75ce,60.16629,24.95957,00000000fb7600be,8.38
20309,2019-08-01T09:06:55Z,02050a536056486b1bf139282f0d0a3af63def1d56ff0c73ac51bb19,60.14947,24.91438,000000004ef3150d,13.75
20310,2019-08-01T09:06:55Z,023083c44c772667f1727e01c74518889b2a82d78ceb28c08b6f8a20,60.16531,24.9442,00000000fdda10fe,16.1
20311,2019-08-01T09:06:55Z,026f61905925674212a1c7d1e14b2ee5d1039bb4ecb5159f7d522150,60.16762,24.95415,000000006b44cce7,13.75
20312,2019-08-01T09:06:55Z,028149b8bfaf37d1f064cb0b4f23ae118f00d8eff41679fb8830396a,60.16531,24.9442,00000000fdda10fe,17.4
20313,2019-08-01T09:06:55Z,0362cc670dcfab795a3911957b6a177416bf9b99d0e2732716796c4d,60.15432,24.9211,0000000019fb59c4,23.56
20314,2019-08-01T09:06:55Z,03f427d436ba092925de462b11374bdbdab0443620037675621fbc11,60.17919,24.95181,000000007b5207b6,10.78
20315,2019-08-01T09:06:55Z,04c26e81b9a9c7fbc6060d74236c616220c3cd580100a0c58a62ea1a,60.16897,24.95222,00000000aa852af1,20.28
20316,2019-08-01T09:06:55Z,063935180fff0e58de5d319ecb9320cf794423e3c6aeac0cca8f1a9f,60.16897,24.95222,00000000aa852af1,20.28
20317,2019-08-01T09:06:55Z,06753eb9c56292934b34f1c8d302486ee36fd733da500c23c70a53cd,60.16448,24.97323,0000000053c6c2be,20.28
20318,2019-08-01T09:06:55Z,0849a091b1aabe9b614b6b5c54dffd083dbb4473ca90dc972e4d37de,60.16829,24.94214,00000000afef4555,12.69
20319,2019-08-01T09:06:55Z,08f10568d1e90d000e41196f141e0c1a52bab88fcf08f4753a3c055e,60.16897,24.95222,00000000aa852af1,23.56
20320,2019-08-01T09:06:55Z,08f9fd60f852d3502bfa509c955e9963e73954f961d55ba8cd46cae9,60.16629,24.95957,00000000fb7600be,20.28
20321,2019-08-01T09:06:55Z,0951ec0c700dba7330b8e8181fc852becde054d0dc7474d1488db3cd,60.17065,24.93641,000000000f4919c9,41.64
20322,2019-08-01T09:06:55Z,0b3b301285fae363875718a7338dde0194def91b17f92d4553261ed2,60.16762,24.95415,000000006b44cce7,13.75
20323,2019-08-01T09:06:55Z,0c1684b697a63d7f47ebaedcfa060b3b4af294fec1e62d613699291a,60.16897,24.95222,00000000aa852af1,10.78
20324,2019-08-01T09:06:55Z,0d2a30f4e69ed2b7c428129d550b561c93cfe41bbf290ae41a4343bc,60.16762,24.95415,000000006b44cce7,11.7
20325,2019-08-01T09:06:55Z,0d36588b0274c7fc1c33ed938ed6883bd98d7e2d5a66328940df8a94,60.14947,24.91438,000000004ef3150d,20.28
20326,2019-08-01T09:06:55Z,0f8637c1e98f21a79714a4d84d3453ac1b96b2bf4ef2361119067e39,60.16629,24.95957,00000000fb7600be,27.28
20327,2019-08-01T09:06:55Z,0f8e18e52422d7fb71594f8dbfc8bb5ae986eb9f664407f954e275b4,60.16762,24.95415,000000006b44cce7,17.4
20328,2019-08-01T09:06:55Z,1069967e3921871955b1b2b42e60f829c593a3e024401bfe61ae410e,60.16629,24.95957,00000000fb7600be,13.75
20329,2019-08-01T09:06:55Z,10d0fed0f7d40b253b5fc5a53297dc9af8bb76fa6f34d5e71383cb62,60.17918,24.95141,00000000675d5200,18.79
20330,2019-08-01T09:06:55Z,1134a082e36fe03359bac74c814a0ed20468c45230115d4e25aa230d,60.16829,24.94214,00000000afef4555,21.87
20331,2019-08-01T09:06:55Z,13a759fd293cbde0d55db753d853768b718e59036c4007d2e3a8757a,60.16762,24.95415,000000006b44cce7,12.69
20332,2019-08-01T09:06:55Z,141ffc858c3ea6a2e69c954115114304736a35dc25ec947323090dc0,60.16762,24.95415,000000006b44cce7,5.41
20333,2019-08-01T09:06:55Z,15a3cdd20e3ce88c179a07d78a2d5fdda854b0fef8441d8cb3aebde8,60.17065,24.93641,000000000f4919c9,27.28
20334,2019-08-01T09:06:55Z,164d8280dbb888033f64368dd641bcef597fc327148fcf74374894c5,60.16544,24.95398,0000000038d83d41,25.36
20335,2019-08-01T09:06:55Z,167a52adcdc4d9a7f697ffc5e058fcb79a22a32ba0b8ed45a36311f2,60.17002,24.94407,000000006b087f40,21.87
20336,2019-08-01T09:06:55Z,16e18d478be872d2a9801fa885d08edeb3f5ae1840b38478f9baf535,60.17919,24.95181,000000007b5207b6,18.79
20337,2019-08-01T09:06:55Z,190cdde22bc3e3a41cd0f9da7efb3a917bc09e8034b05ca6064ea8a8,60.17918,24.95141,00000000675d5200,17.4
20338,2019-08-01T09:06:55Z,1a057a74ec50ab7dac4f29547e82a9c7f37192d592a42f63379e1d8f,60.16448,24.97323,0000000053c6c2be,31.5
20339,2019-08-01T09:06:55Z,1b68a6bcf7b740e0c437e0976d4900f31368afcb2c757bba30e0a249,60.16829,24.94214,00000000afef4555,17.4
20340,2019-08-01T09:06:55Z,1cfafdaa3ff1975bcf6f699641431e88775ba2183074d825eeb81dd3,60.149,24.9843,00000000fffb8cf0,21.87
20341,2019-08-01T09:06:55Z,1d70ff49909e1d6fb653ae053aa78084daf385dbbd2ad22b05707309,60.16829,24.94214,00000000afef4555,11.7
20342,2019-08-01T09:06:55Z,1da40c618e0432bb037d08723b65821f6223509e8b4033a4b4190047,60.17065,24.93641,000000000f4919c9,29.32
20343,2019-08-01T09:06:55Z,1dcff36b6f83b08b6ea87c1c1018c542c270299839908ca446dffb39,60.16762,24.95415,000000006b44cce7,11.7
20344,2019-08-01T09:06:55Z,1e3af5697f0a2ae45f261da79e4ba71c868dc4d78008bd1995fe6259,60.16448,24.97323,0000000053c6c2be,16.1
20345,2019-08-01T09:06:55Z,1e6029f749dce72746f03dcc61a1986b14438610b7ff6a19c8165e6f,60.16829,24.94214,00000000afef4555,31.5
20346,2019-08-01T09:06:55Z,1eadb2c1984aa73c3c2f13eab0a2e793331443c617681e36887f0bcc,60.16629,24.95957,00000000fb7600be,18.79
20347,2019-08-01T09:06:55Z,1eb71232cacfabc37966931f8112e59acabc361048ad25dc2468949f,60.16762,24.95415,000000006b44cce7,10.78
20348,2019-08-01T09:06:55Z,1ecbc7c6afe89033252e5510cbb893666af2b3bc29f555a3a6287fdb,60.14951,24.92138,0000000006dd41f6,3.4
20349,2019-08-01T09:06:55Z,1f813dc10021899138c12ca17c58ab3dc24db1750dcb1790f9c20e8f,60.15133,24.92329,00000000e8a064a4,25.36
20350,2019-08-01T09:06:55Z,2283762fe3af8329ae65aec44de728da8f383810e9f2a3d3b84fa031,60.16897,24.95222,00000000aa852af1,21.87
20351,2019-08-01T09:06:55Z,22b68b1dc6e6d815ca8e6afbd434ae0e229670798c443052e7444648,60.16762,24.95415,000000006b44cce7,9.12
20352,2019-08-01T09:06:55Z,25479245e5a8b0fe47e2bd590cdd63256d84afd6c164781dc64e527d,60.149,24.9843,00000000fffb8cf0,8.38
20353,2019-08-01T09:06:55Z,270749ab8e1a83f0dcbf45dc861bcc0e10361d103d7589841787e366,60.16531,24.9442,00000000fdda10fe,18.79
20354,2019-08-01T09:06:55Z,277fcf3cc917a89b46a34e0cf5164a78f5bcc88d92bb45ded60f1a91,60.17065,24.93641,000000000f4919c9,9.12
20355,2019-08-01T09:06:55Z,27b591b33a56a542440b53031a24f42290b0ec1a194af27700b75a3a,60.17919,24.95181,000000007b5207b6,17.4
20356,2019-08-01T09:06:55Z,2823bf6afde4a5cc05342c15e7417c9590ba52264be5793bb688faab,60.17065,24.93641,000000000f4919c9,20.28
20357,2019-08-01T09:06:55Z,28296ae2b460df2f6807f8a84b81e5ebd24677a05bded29111dc33a4,60.17002,24.94407,000000006b087f40,25.36
20358,2019-08-01T09:06:55Z,2832565094d8e4bd54c7a2442ac8807d97669bc460c1cb75a831bbb8,60.16762,24.95415,000000006b44cce7,18.79
20359,2019-08-01T09:06:55Z,2851f1c6f7f1a08c1f0a282a34a8f383121075c15cf18ea40d134972,60.16531,24.9442,00000000fdda10fe,23.56
20360,2019-08-01T09:06:55Z,28ce50ca84cdcd4c17a36ac666e7ac0267b6ab5b77f4bfb08b2573a1,60.16762,24.95415,000000006b44cce7,2.08
20361,2019-08-01T09:06:55Z,28d50861d92f962c7a49eabaa524431aebf52870e44b79f77d7167c6,60.17919,24.95181,000000007b5207b6,7.05
20362,2019-08-01T09:06:55Z,29ae3c5c3aeac0c607bc816f7e74c232a40142b79a52c43c7b1ed42f,60.16829,24.94214,00000000afef4555,3.74
20363,2019-08-01T09:06:55Z,2afa9ac588b2c55e8edf99ee96ecaf63451a7ab1e51571b7e2d1d491,60.16762,24.95415,000000006b44cce7,4.11
20364,2019-08-01T09:06:55Z,2c6810efb2565383ca0a554f3c51f3f7905484357f5e00756dbf091a,60.17919,24.95181,000000007b5207b6,20.28
20365,2019-08-01T09:06:55Z,2cd1630b209fe260a2b08554ebbf46b801e6390566ac1d78e6514b11,60.16531,24.9442,00000000fdda10fe,20.28
20366,2019-08-01T09:06:55Z,2cec6d5db391b4d6a591b943d00f7151e23bf652d8c1a8d674a041a3,60.16762,24.95415,000000006b44cce7,18.79
20367,2019-08-01T09:06:55Z,2ea9a23b1a04016fb4810d1ceb5731d90774224fd9235877005a4e1c,60.16897,24.95222,00000000aa852af1,20.28
20368,2019-08-01T09:06:55Z,2f43b7a683b0d365a46b6259a032813c293472eaedcdbcc3507adee5,60.17919,24.95181,000000007b5207b6,7.05
20369,2019-08-01T09:06:55Z,2f79108a454c0072885ad1447280ed5098d061b229eaae61a8bb67be,60.15432,24.9211,0000000019fb59c4,9.92
20370,2019-08-01T09:06:55Z,2f82b3546af2df53b58cddc668c9aa196554108cdf39120ea40b417c,60.16629,24.95957,00000000fb7600be,3.74
20371,2019-08-01T09:06:55Z,2fb39eae730ec6f291700f841a64aaf680d52a8346399aec6ccb1dbb,60.17065,24.93641,000000000f4919c9,7.05
20372,2019-08-01T09:06:55Z,2ff189e5846383641192cafb595a7a8f77394239ee03aabd1bf3c49f,60.16829,24.94214,00000000afef4555,12.69
20373,2019-08-01T09:06:55Z,33fa4cb82db5b44ffe6e7ae1039635187f90d1df328f8f139da0c693,60.17919,24.95181,000000007b5207b6,14.89
20374,2019-08-01T09:06:55Z,3480c16a6649952c388d8902596e332f018e609b9585f483353ae026,60.17065,24.93641,000000000f4919c9,2.3
20375,2019-08-01T09:06:55Z,34aa4c3c2f71b736426f6819c09b12c961bc996110fe1fa7c9772c5d,60.15432,24.9211,0000000019fb59c4,9.92
20376,2019-08-01T09:06:55Z,3609f484ad7e56259f60a61aba44f22dfca5c8b2564fce7e802ad342,60.16829,24.94214,00000000afef4555,17.4
20377,2019-08-01T09:06:55Z,367b1989198ef11170dd9fcfa7e6ebb5ceb58aab87c613ee1bb86e8c,60.16531,24.9442,00000000fdda10fe,7.69
20378,2019-08-01T09:06:55Z,3685ee6d322dcb2ad0ae181f66c3c5427d4531d7896d2f5f7571bb6d,60.16762,24.95415,000000006b44cce7,9.12
20379,2019-08-01T09:06:55Z,36fe97cd2ec69118778c771a87593630f8a6a2cb77d9ce72f845cd3c,60.16762,24.95415,000000006b44cce7,4.11
20380,2019-08-01T09:06:55Z,374fc31543065ee6919d8b33e9e675c81b07cd874ecc22a2c54db9c7,60.16544,24.95398,0000000038d83d41,31.5
20381,2019-08-01T09:06:55Z,38fb20c6d55b10dd10a39c0fb41ad61297453e25afda81cf32313ae3,60.16531,24.9442,00000000fdda10fe,23.56
20382,2019-08-01T09:06:55Z,39e9fa7033887b7ab339887aa68753ff94d4771cda2bb8ff4ea7aa0a,60.17919,24.95181,000000007b5207b6,2.54
20383,2019-08-01T09:06:55Z,39f63cf5760b5bae69e8e4a32c6d9b96a1ed84e29cc868d27af934c0,60.149,24.9843,00000000fffb8cf0,31.5
20384,2019-08-01T09:06:55Z,3a253f272d2781dc2001addfbddcac5f3dbf18610988531707b80b60,60.16829,24.94214,00000000afef4555,2.54
20385,2019-08-01T09:06:55Z,3a2f1a2c6c645bd161943b3f19c171d021512d7a8c4273ed3022f5df,60.16829,24.94214,00000000afef4555,17.4
20386,2019-08-01T09:06:55Z,3a38ba36c098f2741d6c5fb5a751fcd074d05d698ac592ca09ab443c,60.16448,24.97323,0000000053c6c2be,23.56
20387,2019-08-01T09:06:55Z,3a7b4023cee4b0d567a123a3d6aff0bc8f94663522bbdf0ea4306607,60.149,24.9843,00000000fffb8cf0,9.92
20388,2019-08-01T09:06:55Z,3b668254c5b51de3e9aff861091c76a5e275ac5f20953174a90b82a2,60.17065,24.93641,000000000f4919c9,36.27
20389,2019-08-01T09:06:55Z,3be40c84926a525adbd09eeeb3a12b73b24c633942b2e1fbe8151ac3,60.16448,24.97323,0000000053c6c2be,14.89
20390,2019-08-01T09:06:55Z,3c84dc456230381a1e1358e89031487d34c88aaa31201204e58517b7,60.16762,24.95415,000000006b44cce7,25.36
20391,2019-08-01T09:06:55Z,3eea43670f4f29a90ced59c1af122371340275fb61ff8f14c7120658,60.16762,24.95415,000000006b44cce7,4.94
20392,2019-08-01T09:06:55Z,40825cb0d315c92e0e0a73cc8e86c3b763bbf7ce226f112913e05e0f,60.17065,24.93641,000000000f4919c9,33.81
20393,2019-08-01T09:06:55Z,41298dbe42c249c1484958a8818cfdb22e455565699a470137217284,60.17919,24.95181,000000007b5207b6,18.79
20394,2019-08-01T09:06:55Z,41468f2301503c821063394ab4f8a8c9dc5484824282edcad0457d30,60.16629,24.95957,00000000fb7600be,21.87
20395,2019-08-01T09:06:55Z,432417b4972b744ded3410777a6bbb583cf56172bf3436ddbe48a21d,60.16762,24.95415,000000006b44cce7,9.12
20396,2019-08-01T09:06:55Z,43e023a8726ec4c53a8cea6dcaa79e722da4677e37f3f6c9d3cc9873,60.16544,24.95398,0000000038d83d41,23.56
20397,2019-08-01T09:06:55Z,4470412c4b059a920f2699fbfb72b261e0847b3e1caa8c71d2edd5a2,60.16448,24.97323,0000000053c6c2be,18.79
20398,2019-08-01T09:06:55Z,4642dfa1df839f11e64f68bca4e3dce7bde2ff6dd68c54959fcb4788,60.17919,24.95181,000000007b5207b6,20.28
20399,2019-08-01T09:06:55Z,4682d95464cedcc021f38271a51bab9c000762b4acf802070e259ba2,60.16629,24.95957,00000000fb7600be,3.4
20400,2019-08-01T09:06:55Z,46c37bb9313fa511d142a461fb0eedda90bf18eb9016d20db109f6a4,60.16829,24.94214,00000000afef4555,14.89
20401,2019-08-01T09:06:55Z,47bd1492244c444d45674eb48dd2e6f222cb109d820ba807c4e18c1a,60.16629,24.95957,00000000fb7600be,9.12
20402,2019-08-01T09:06:55Z,48004849b2f48b2314aa9175433d754db1641b949bb8cf050e2dd128,60.17919,24.95181,000000007b5207b6,21.87
20403,2019-08-01T09:06:55Z,49bbad87e4d6cd03bdb073bde7be91193d74d29943badce7fc536916,60.16448,24.97323,0000000053c6c2be,4.5
20404,2019-08-01T09:06:55Z,49df780a7f20a99ad2810fa4bbb46b5fac9bc5cbe3fc800cd572f63a,60.14947,24.91438,000000004ef3150d,13.75
20405,2019-08-01T09:06:55Z,4afcc27c652d3d50a44d060f84e33dd4b17529d982928dae936cf10f,60.16448,24.97323,0000000053c6c2be,23.56
20406,2019-08-01T09:06:55Z,4ba529eeafb27285cbbade6e5ece0d4d04bd2d13c98b27a5d17abd22,60.16897,24.95222,00000000aa852af1,3.09
20407,2019-08-01T09:06:55Z,4e5e16adfd317b7f9617f681099821bae42d6f0dca51dfd0957c65b4,60.16762,24.95415,000000006b44cce7,9.92
20408,2019-08-01T09:06:55Z,4ef7629001e9a181f4c7b8eda6016f249d61beb74eeb1a61e8cc6693,60.16829,24.94214,00000000afef4555,17.4
20409,2019-08-01T09:06:55Z,4f9125edf503fe3cb0ba1e1221fe6a67aafd99fcd89fd92d2bf20e97,60.16897,24.95222,00000000aa852af1,17.4
20410,2019-08-01T09:06:55Z,4f93c5c493e876fd65b50774e1c92d808bcddb72337905c0c6bb385b,60.16829,24.94214,00000000afef4555,23.56
20411,2019-08-01T09:06:55Z,4fb4a3650a2a28469dde9c537458d24411aa6075666e047dd756fba9,60.17919,24.95181,000000007b5207b6,8.38
20412,2019-08-01T09:06:55Z,5001aabb6808b9fd96b705d1ebe8e7aca52713c2640100d81879dd86,60.17919,24.95181,000000007b5207b6,3.4
20413,2019-08-01T09:06:55Z,504f910a0bd104a130b85d0c50467a15e74dc950bcc9eac3ebecc43e,60.16531,24.9442,00000000fdda10fe,18.79
20414,2019-08-01T09:06:55Z,518381021c83c138e4a82160bc6cc947b3866647e3c5d6818bdd63bb,60.17002,24.94407,000000006b087f40,12.69
20415,2019-08-01T09:06:55Z,51ec42fdd85671ae93876c3d875b24e56cb45699e9c3d2b623dca70d,60.16762,24.95415,000000006b44cce7,11.7
20416,2019-08-01T09:06:55Z,52d04561c07e0aab4f89e343cff0691d714ec5284ffb9a71954c93d8,60.16762,24.95415,000000006b44cce7,20.28
20417,2019-08-01T09:06:55Z,5328327c1bd91c38f3e3d1200d630dcc186849d71a76e63154527d36,60.16829,24.94214,00000000afef4555,18.79
20418,2019-08-01T09:06:55Z,5372348389197e6c4bc4c5e3dab047e7384d562220e6295904bbda1b,60.17065,24.93641,000000000f4919c9,4.11
20419,2019-08-01T09:06:55Z,54b89ed12e25892c9160e029a0379d61425b88db1aa30b06f9ea2d8b,60.17002,24.94407,000000006b087f40,14.89
20420,2019-08-01T09:06:55Z,54bd709173219e8017f317b63ecc83d0a48f64542e6fa1b83c86a56c,60.17919,24.95181,000000007b5207b6,20.28
20421,2019-08-01T09:06:55Z,556cae6b2e2dec6fe691a835e8e08bd016b1a65797c0aca46879329f,60.17919,24.95181,000000007b5207b6,10.78
20422,2019-08-01T09:06:55Z,559429bba23762a872fc7b1e2219d42125ab101e4355d43fdb94ed7b,60.17919,24.95181,000000007b5207b6,12.69
20423,2019-08-01T09:06:55Z,559e6a5225ce35ab844c63ea0d0c1695dc490a3d9cfbafa5d35ac8d8,60.14947,24.91438,000000004ef3150d,9.12
20424,2019-08-01T09:06:55Z,560816066eb4d44c34d0d56c57c994c0cccbd36fef545059b8e4d9d7,60.14947,24.91438,000000004ef3150d,18.79
20425,2019-08-01T09:06:55Z,5830a481876da00686f25b17dad06258a39212c0816ed04dda2df1bd,60.16531,24.9442,00000000fdda10fe,21.87
20426,2019-08-01T09:06:55Z,584adabea16213fba5e201e8dddabc4a069951e35fb1731180ebf8b3,60.16762,24.95415,000000006b44cce7,29.32
20427,2019-08-01T09:06:55Z,584cb0b0cdd14e608c8b57c8aecc9826f9b40027e365e2438a444ea2,60.16762,24.95415,000000006b44cce7,12.69
20428,2019-08-01T09:06:55Z,5865a27b5b56a60bca38e4a1403655e3e7fd0232a3ff2079965aff81,60.15432,24.9211,0000000019fb59c4,13.75
20429,2019-08-01T09:06:55Z,58754229cd3381042c5ffda79c0108c5f77aa1f0f6d1468b9cb42b4c,60.16829,24.94214,00000000afef4555,14.89
20430,2019-08-01T09:06:55Z,587bff756f80d37255456988cd830aec24c7fa6faa4dbff5bd2350ca,60.17065,24.93641,000000000f4919c9,33.81
20431,2019-08-01T09:06:55Z,5978726eeef638856dafd3a8d199287f8daf9e90ddde750b402f8bb0,60.17065,24.93641,000000000f4919c9,2.3
20432,2019-08-01T09:06:55Z,5a34b02faac3189217466888ef1d31cc80f721ac2f18638c5db88d53,60.14947,24.91438,000000004ef3150d,18.79
20433,2019-08-01T09:06:55Z,5a857d46d2710076dd9ff377dc9ae0c17e4db2a46db79f1e8d158cfa,60.16829,24.94214,00000000afef4555,14.89
20434,2019-08-01T09:06:55Z,5a8d671a78b976d212d9746d88b9a754a2d9c8341c529e88b7c6b8f4,60.17065,24.93641,000000000f4919c9,21.87
20435,2019-08-01T09:06:55Z,5b06617477af6dcee75a94ac347364b50f6f3b5b7d747e5413d9ad58,60.14947,24.91438,000000004ef3150d,7.69
20436,2019-08-01T09:06:55Z,5c1f71098d5d7258d2971061c791c94e0138c8e02225c5f60d6a0428,60.149,24.9843,00000000fffb8cf0,25.36
20437,2019-08-01T09:06:55Z,5daa76852f3e1be6c75fa2185d5787ab9010cf83d6671515769a8649,60.16531,24.9442,00000000fdda10fe,29.32
20438,2019-08-01T09:06:55Z,5e2c5c20c88ccf362ed8749d1ddc041b1cb1c38d8dbeac7870179322,60.16629,24.95957,00000000fb7600be,11.7
20439,2019-08-01T09:06:55Z,5fc2fafdb6649a869ffd226bfe99095b50996797c20447b63333997d,60.15133,24.92329,00000000e8a064a4,16.1
20440,2019-08-01T09:06:55Z,626bf35ce16dba1054cfd175d09475d3ee751bf70e56f984ff5c7ab6,60.15133,24.92329,00000000e8a064a4,20.28
20441,2019-08-01T09:06:55Z,63ff2439779051005c18876d20ed53ce060c1de9d7976821bd518fc6,60.15432,24.9211,0000000019fb59c4,10.78
20442,2019-08-01T09:06:55Z,65b6b62b547e11e10f7f83ad497446bee2bb9653097d9d62e9b1b817,60.17065,24.93641,000000000f4919c9,5.41
20443,2019-08-01T09:06:55Z,67cf7d2881080aa59ed36a6d88ea1946d17e9d1d5e1ad9eee1851969,60.18203,24.91341,00000000342570c2,13.75
20444,2019-08-01T09:06:55Z,684e7a868866e631c134ab5bd21b6ba738f6ebc6d5b5c169e366c6ee,60.16897,24.95222,00000000aa852af1,4.94
20445,2019-08-01T09:06:55Z,685af6b01bd180194d718801bb8b9c9de22050cc392d6c6441fe986b,60.18203,24.91341,00000000342570c2,9.92
20446,2019-08-01T09:06:55Z,68d7ad8fab31b3c5967a814376d0ddc6cf42e1db0d9e09dfbba169bd,60.16762,24.95415,000000006b44cce7,10.78
20447,2019-08-01T09:06:55Z,69e2854c78a472b462941ef730aa9fa7a9dba9c1cc22996396d4c78a,60.17918,24.95141,00000000675d5200,7.69
20448,2019-08-01T09:06:55Z,6adce4d05e58232a97635a2fd7918e4e49d9295afc0989d727f9c712,60.17002,24.94407,000000006b087f40,2.3
20449,2019-08-01T09:06:55Z,6d94a134d3b5f52416c91453c67615e480218e6db3a6004b1ba8a79e,60.16829,24.94214,00000000afef4555,27.28
20450,2019-08-01T09:06:55Z,6dd5463e670c352180c1e912300e21e59f5e2976266df8c3c92b0baf,60.16829,24.94214,00000000afef4555,17.4
20451,2019-08-01T09:06:55Z,6e80fcea10d21e1d5e672b554c0f3fe686dc58934f38c3391fd5c262,60.17002,24.94407,000000006b087f40,20.28
20452,2019-08-01T09:06:55Z,6eb390f743af2f8f87ce6c2ab53228450ccce1d21de54f8abba160df,60.16829,24.94214,00000000afef4555,23.56
20453,2019-08-01T09:06:55Z,6f616e6334d0ed70e5ea15408a51e9daf643369911d94d76830a7d65,60.16544,24.95398,0000000038d83d41,16.1
20454,2019-08-01T09:06:55Z,7003a7f6a5523b645634f014e04bea36016953a8af9324e35602bc2e,60.14947,24.91438,000000004ef3150d,27.28
20455,2019-08-01T09:06:55Z,704c3f3075f13713c363014fa828e4a932e7a05676813b9963a1e554,60.17919,24.95181,000000007b5207b6,2.08
20456,2019-08-01T09:06:55Z,7105a68b527be40338bcf13245fe1975a15988a3c557bbb24fd26422,60.16762,24.95415,000000006b44cce7,17.4
20457,2019-08-01T09:06:55Z,7176ddd6f2dc9be71319e3a2ea67061af7b5277adc890f23882c0afd,60.16829,24.94214,00000000afef4555,27.28
20458,2019-08-01T09:06:55Z,71b01bb8b8e877dc9ca40e756f441571d12ee3311a945417e8aaa116,60.16762,24.95415,000000006b44cce7,9.92
20459,2019-08-01T09:06:55Z,729c5f2cffe7e3f5554f3c2bbc7f717457700e648ccb716bb2e98c8a,60.17002,24.94407,000000006b087f40,21.87
20460,2019-08-01T09:06:55Z,72f088587da3409c5a4bec360a52a230a7551c3671441baaaabc6357,60.16829,24.94214,00000000afef4555,9.12
20461,2019-08-01T09:06:55Z,74ba75dad2ea927fc314c0fbb84543052db70630f09f9447902fbd58,60.16762,24.95415,000000006b44cce7,17.4
20462,2019-08-01T09:06:55Z,7563b91d728fe470bc4d89aa18128a87b92c747336dd2c70cfbf9e84,60.1538,24.95595,0000000038bf9618,29.32
20463,2019-08-01T09:06:55Z,76c2f7b3773d4bebd4dabada1c2b98fe4ea9762e9c98b4a6371d7746,60.16762,24.95415,000000006b44cce7,9.92
20464,2019-08-01T09:06:55Z,7700297fec4982ad776529835e2ab46d4e5cbc889e26f368c19efeef,60.16829,24.94214,00000000afef4555,3.74
20465,2019-08-01T09:06:55Z,774131d73accbbb31ec3c43c3501b7969645eb65df1839ca8116526e,60.15432,24.9211,0000000019fb59c4,9.92
20466,2019-08-01T09:06:55Z,774bf331a7d205164487c930f8e043d9f4064d968a7f9cb28bfa5dc9,60.16762,24.95415,000000006b44cce7,11.7
20467,2019-08-01T09:06:55Z,7803e2d46157a5482e745447d4c2c332fbd818d87a20b0f6187c628d,60.17065,24.93641,000000000f4919c9,29.32
20468,2019-08-01T09:06:55Z,7a6e7ba82e6b0c07f13302099a2ffb55e08a56850ee8c1c6c1bd65d3,60.17065,24.93641,000000000f4919c9,31.5
20469,2019-08-01T09:06:55Z,7c1534082e86ff4387878d813207626d8f728aa26b97248e00a3b8d7,60.16629,24.95957,00000000fb7600be,12.69
20470,2019-08-01T09:06:55Z,7cd51189de07d01882cf0a9346f0830a9b21764875334d45e143fbd5,60.17002,24.94407,000000006b087f40,16.1
20471,2019-08-01T09:06:55Z,7d12711d47425111a6dce413faa867542b9532f3b9c5a934b37a0bc8,60.17918,24.95141,00000000675d5200,13.75
20472,2019-08-01T09:06:55Z,7d415f4fd9093fb383b4ebb88961ad74e6a00d3ece39504712dad639,60.17919,24.95181,000000007b5207b6,18.79
20473,2019-08-01T09:06:55Z,7e2e3d07c939e3e76e7ce87678faf64e056afe54215e00488839100f,60.14947,24.91438,000000004ef3150d,16.1
20474,2019-08-01T09:06:55Z,7f59aaecea1eee6c703ec5d46d67b44289ddedf080defee495b73739,60.14947,24.91438,000000004ef3150d,20.28
20475,2019-08-01T09:06:55Z,809bf2d7a0745ae512b934a578fd5fd47c13c5398b6d06ad350b9e7c,60.14947,24.91438,000000004ef3150d,11.7
20476,2019-08-01T09:06:55Z,814fca075a588ae71c130bafc9384a1c17e7bd8168994ae6fca55205,60.16829,24.94214,00000000afef4555,17.4
20477,2019-08-01T09:06:55Z,8165c5f8d06298ffd56f071c0ad1cc9f1d4f08084936937d712d0b61,60.15133,24.92329,00000000e8a064a4,13.75
20478,2019-08-01T09:06:55Z,828afe5ee1f94b9afbfd61b9673b7c8b21457d11dafb1d2ad98dbd23,60.149,24.9843,00000000fffb8cf0,21.87
20479,2019-08-01T09:06:55Z,82bab0a1bfd11576cf62159546b756e1da44125c76909e270ced391b,60.16897,24.95222,00000000aa852af1,18.79
20480,2019-08-01T09:06:55Z,8524898e498c83bde4bc1848aa2b372da84e7b2266f36aabe128cc27,60.17919,24.95181,000000007b5207b6,16.1
20481,2019-08-01T09:06:55Z,85bdce5b262dbd94adcff03e6cad26a1152828b6ab27e6fdd56b2b13,60.16762,24.95415,000000006b44cce7,2.54
20482,2019-08-01T09:06:55Z,86b066ea755e9fd56188a608365c78bc7873db821770bdcfc83ed149,60.16762,24.95415,000000006b44cce7,8.38
20483,2019-08-01T09:06:55Z,86e7584bf95733cef59d74bb4955881e99dc86b73a0d5b4e3ef58b50,60.18203,24.91341,00000000342570c2,17.4
20484,2019-08-01T09:06:55Z,880f9cbb91b9caf48ea9c5dd1a0c8e1db72922b6dfcb647b102fc469,60.16629,24.95957,00000000fb7600be,1.7
20485,2019-08-01T09:06:55Z,882b4e8c11d5289859a9b04eee03db7d8d641b175ed0315b25d4ed76,60.16531,24.9442,00000000fdda10fe,23.56
20486,2019-08-01T09:06:55Z,88c2bc6310f27465b9f08b28fb52075d7703ce7b097e5beb37c7437c,60.14947,24.91438,000000004ef3150d,17.4
20487,2019-08-01T09:06:55Z,893080d82bb28aa3ab91e41ddd4569086c8135ade7be10aa644fca95,60.17065,24.93641,000000000f4919c9,38.87
20488,2019-08-01T09:06:55Z,898cde3317c73907bb23b1b885828c4bf3187c3a757a18dc32abe970,60.16762,24.95415,000000006b44cce7,4.5
20489,2019-08-01T09:06:55Z,8a70673a694137689441a8a18cff0044d959d5d1991c92c7b5fb8f0c,60.16829,24.94214,00000000afef4555,6.46
20490,2019-08-01T09:06:55Z,8c571538c285dba9d77edacfb1829b282d54b772b62209c6e4004237,60.17919,24.95181,000000007b5207b6,10.78
20491,2019-08-01T09:06:55Z,8d5e893f77b3d167ebefad4ecab181fea08513599a6f9450f0b9a827,60.17919,24.95181,000000007b5207b6,9.12
20492,2019-08-01T09:06:55Z,8e20d0d67339e3cf43e77c3a340d9dc6766de8d079197a08a1343ff0,60.17065,24.93641,000000000f4919c9,21.87
20493,2019-08-01T09:06:55Z,90a44cbd1a957cc59a6986cff9b6b7b8e151d379e17da645069428b8,60.173,24.92524,0000000096918cfa,27.28
20494,2019-08-01T09:06:55Z,941ae9ee7e3b81b7cee350c534d24d49294910aaccfec7cf9a38fb2d,60.16629,24.95957,00000000fb7600be,18.79
20495,2019-08-01T09:06:55Z,941e13893853105c86bfbc6d31d62274937602143ce3bb530c8c17ed,60.17919,24.95181,000000007b5207b6,5.91
20496,2019-08-01T09:06:55Z,9998e64e3b5162fd8890fc4e2dfe41a3e875f08500f1cef0c4820855,60.16829,24.94214,00000000afef4555,25.36
20497,2019-08-01T09:06:55Z,99a026b5100e23129fa529e9a57a3dbc8490dc03b58f2193f03e2dcf,60.14951,24.92138,0000000006dd41f6,5.41
20498,2019-08-01T09:06:55Z,9abbc86fb0fc1c0532042814af76a97e6a17121831d4394749a290a6,60.16762,24.95415,000000006b44cce7,7.05
20499,2019-08-01T09:06:55Z,9b3e6848d8b34e802134d6da0e5a594897ec3fafbbf08b6d0b84068e,60.17919,24.95181,000000007b5207b6,2.8
20500,2019-08-01T09:06:55Z,9bc129708b07f3c5bbf4195e83f0e5b9a663b6f371f416a8e3a605f0,60.16897,24.95222,00000000aa852af1,14.89
20501,2019-08-01T09:06:55Z,9bdb503344071eddd74d821f537246d8a6c19468b05d38d0170377f9,60.16897,24.95222,00000000aa852af1,12.69
20502,2019-08-01T09:06:55Z,9bef8b28ea93ecaee57d05b037edbfe7f80014aaf56343345fedd7be,60.17919,24.95181,000000007b5207b6,5.41
20503,2019-08-01T09:06:55Z,9c3468620f03e8cd338f2e12c4d2839479aae001db527fb45cba43a6,60.149,24.9843,00000000fffb8cf0,29.32
20504,2019-08-01T09:06:55Z,9ce214896068957a21bc57af08680d84debbd091b49ad5e6402c4cc8,60.16629,24.95957,00000000fb7600be,17.4
20505,2019-08-01T09:06:55Z,9d713c9ce415e473048b45bbb35d6dcdef35cabaca39aa54f2e781a3,60.16531,24.9442,00000000fdda10fe,31.5
20506,2019-08-01T09:06:55Z,9dfecc3e26cb27e4b80721e355ef0d6cb182ac2eebf66b006e2d9f8e,60.149,24.9843,00000000fffb8cf0,33.81
20507,2019-08-01T09:06:55Z,9e343a150f07bb3dcce5ecab8ac061b84d65b347b1af5a232e00eeb6,60.16829,24.94214,00000000afef4555,7.05
20508,2019-08-01T09:06:55Z,9eee6d740f1d483c484d02f0995f35550c09e6a8cf01f02680db5efc,60.16448,24.97323,0000000053c6c2be,25.36
20509,2019-08-01T09:06:55Z,9fa57cff946eb6b758bd810321b0bb80d6f0c46ca5fb40b0ec22ca0d,60.16762,24.95415,000000006b44cce7,13.75
20510,2019-08-01T09:06:55Z,a04214b56cac7d70680703ee6a28fac742f3c3190b55b46a79c1f76d,60.149,24.9843,00000000fffb8cf0,16.1
20511,2019-08-01T09:06:55Z,a0af15cb8910790ac8af904ddf7b0dbf5ef778ba6dd3b3e690926089,60.16762,24.95415,000000006b44cce7,14.89
20512,2019-08-01T09:06:55Z,a2333053951d093ef490bcc3b9455fa0ed512421b5b597602785ab28,60.16531,24.9442,00000000fdda10fe,23.56
20513,2019-08-01T09:06:55Z,a38c11c450b472b9dad2f076e2d9a63651292d3de806331d06af7f46,60.16531,24.9442,00000000fdda10fe,12.69
20514,2019-08-01T09:06:55Z,a403dc1eebc5d130e12a4c3e4298737c9e00b25b1b6b2cc36a6979c9,60.16629,24.95957,00000000fb7600be,7.05
20515,2019-08-01T09:06:55Z,a47e8613674297dc49b26801b19d2110d009aaee57412f2127f3b093,60.16897,24.95222,00000000aa852af1,21.87
20516,2019-08-01T09:06:55Z,a4b9f871dcc986c95f1e84fe203bb392ba0fe13164d89119bda2c94a,60.16762,24.95415,000000006b44cce7,7.05
20517,2019-08-01T09:06:55Z,a61a6156cbe24f1f3fc8708456044502186478f34ecccb0620788ac3,60.16762,24.95415,000000006b44cce7,16.1
20518,2019-08-01T09:06:55Z,a66eb6150c36b53f6240acfe16dd98ceb16c43b8e02d0b56993bac73,60.16897,24.95222,00000000aa852af1,13.75
20519,2019-08-01T09:06:55Z,a6d0dd9de406b1201a4e438ec7c5f4a467f38c41e2dec42ff6c71d50,60.16897,24.95222,00000000aa852af1,9.92
20520,2019-08-01T09:06:55Z,a76678cf99f7c5094ab4c60bfd0496e3c2778bfa786c67e54427c8b0,60.16531,24.9442,00000000fdda10fe,25.36
20521,2019-08-01T09:06:55Z,a786eb3b8a25c58099a428799e99d0b86401f803ee38d3e5d20e59d3,60.15432,24.9211,0000000019fb59c4,8.38
20522,2019-08-01T09:06:55Z,a808962cb511e5ed2d23e6e33efe252b1be29dc1d2f7c6154817f04f,60.16448,24.97323,0000000053c6c2be,17.4
20523,2019-08-01T09:06:55Z,a83415babca8eac00f69a32371a230fdadda29bf40fd69f75cf2e8fb,60.17919,24.95181,000000007b5207b6,18.79
20524,2019-08-01T09:06:55Z,a83703c80a4d58db87327a53b0d3664d23edf7350ff6b0afaa49c530,60.16629,24.95957,00000000fb7600be,29.32
20525,2019-08-01T09:06:55Z,a837f2314938b1510f3b4cc5900d5d67bc7212d234d9fed1c64f3861,60.16762,24.95415,000000006b44cce7,13.75
20526,2019-08-01T09:06:55Z,a8ca7fb815e707c04434a085c4f99e783d56372143afc92225eae622,60.15133,24.92329,00000000e8a064a4,25.36
20527,2019-08-01T09:06:55Z,aa05a7036c3586a79d23f426b78bf158357208bc82d7ddf9a1326dd2,60.16531,24.9442,00000000fdda10fe,23.56
20528,2019-08-01T09:06:55Z,aa5281244780ac8f283c3452639d477cd76e31fc6f0b95b99c51a9b0,60.16762,24.95415,000000006b44cce7,3.4
20529,2019-08-01T09:06:55Z,abf0be93e7a8aec9fa8284fdbcc2493f32084aa95f15660b23e149c6,60.16629,24.95957,00000000fb7600be,9.12
20530,2019-08-01T09:06:55Z,aca524ceb3c7373172ecd0d06b26e7d610d441f4a47ab78ae0ad3340,60.15133,24.92329,00000000e8a064a4,29.32
20531,2019-08-01T09:06:55Z,ad22512fd6a5ad9e19fdfad7e02b2793ecb01875be243f894c637ae2,60.16829,24.94214,00000000afef4555,7.69
20532,2019-08-01T09:06:55Z,ada9cbdd139a5d0131aba9cfe347856bafb7185ed4828a4f76412f1b,60.17065,24.93641,000000000f4919c9,25.36
20533,2019-08-01T09:06:55Z,af67ffa8b538058603b74f48e04ab914e8f6cd450f53c47f8c3d683d,60.15432,24.9211,0000000019fb59c4,23.56
20534,2019-08-01T09:06:55Z,afaed9946dbc1509500c6f80f87eed8fe44a74ba3e14328c6efe3971,60.16829,24.94214,00000000afef4555,11.7
20535,2019-08-01T09:06:55Z,b09e9bb62cc49c085c1aee3b752af1bec69dabc939323e5733f73933,60.17065,24.93641,000000000f4919c9,16.1
20536,2019-08-01T09:06:55Z,b28757d67868f9471f0d997a935e857fd0ff1095449820929597563b,60.16762,24.95415,000000006b44cce7,9.12
20537,2019-08-01T09:06:55Z,b32e57a6f5865a23d7a0e9fa346d5ec4e975f99c4df815fe8b1449b2,60.17918,24.95141,00000000675d5200,13.75
20538,2019-08-01T09:06:55Z,b474e34db18d21635ec9ea2654513e6759c326f3aaec96c25f9a204e,60.16897,24.95222,00000000aa852af1,20.28
20539,2019-08-01T09:06:55Z,b50a45ac0708e7b5cca42f3458430eb22ff70a81c575bafe99ffda23,60.17002,24.94407,000000006b087f40,7.05
20540,2019-08-01T09:06:55Z,b5603e758440226e490d1d7d7271a7b0d5c261eccbad198f81110136,60.15432,24.9211,0000000019fb59c4,3.09
20541,2019-08-01T09:06:55Z,b6c43126ca83e916a68e57d0178060c24fc61305836b6c8f188f7285,60.17919,24.95181,000000007b5207b6,9.92
20542,2019-08-01T09:06:55Z,b7c3b37b32d534f6824ac8d99b4c79d0cb915cab104fdb745550ea22,60.16762,24.95415,000000006b44cce7,12.69
20543,2019-08-01T09:06:55Z,b8fb70225ee0a2d655e2809da07a2f8cd2feb7295aa256f8b35fcf1e,60.16629,24.95957,00000000fb7600be,9.12
20544,2019-08-01T09:06:55Z,bb2187a4e20012ad694c768ef2c47c9a9055671024ebf4855d4e6243,60.16531,24.9442,00000000fdda10fe,1.25
20545,2019-08-01T09:06:55Z,bbb86467d71e5ec5bd140995d266fd33a85efe89654eb13ee0471416,60.17002,24.94407,000000006b087f40,27.28
20546,2019-08-01T09:06:55Z,bc20b3b236588d3632c07aba05bd43ff4ec70f10290f2feb5175b8ab,60.16762,24.95415,000000006b44cce7,9.92
20547,2019-08-01T09:06:55Z,bc6d5082ca52e6dae7a1689a835434f3f6341e90afea565480eb9674,60.16829,24.94214,00000000afef4555,14.89
20548,2019-08-01T09:06:55Z,bc82f76c979de19b559e9e3aa0cd6cbf5ac361e2d7b1ac9f81fe2f4f,60.17919,24.95181,000000007b5207b6,9.12
20549,2019-08-01T09:06:55Z,be12d6aaccf354197284a8c92b960bd6a4e1705f7d948823e7891fde,60.16762,24.95415,000000006b44cce7,4.94
20550,2019-08-01T09:06:55Z,c004fa64cb7de7e87d3b91639ae5f95304fb1a90b0a0e927cea958af,60.16762,24.95415,000000006b44cce7,18.79
20551,2019-08-01T09:06:55Z,c15da9ed244b57a27a083919c67d0edde078a31b18cb58f13581f173,60.1538,24.95595,0000000038bf9618,16.1
20552,2019-08-01T09:06:55Z,c1674c59c49d5bf74e6808239a91d18a04e47697d298bc61a7618af2,60.16448,24.97323,0000000053c6c2be,14.89
20553,2019-08-01T09:06:55Z,c3320c19d0343faf8c298070dd061465dd6b2e745170ca7a14b0b01f,60.1538,24.95595,0000000038bf9618,38.87
20554,2019-08-01T09:06:55Z,c375f2dac85f963c33b2daf76ffb0c32d2c8fd08172419336e308686,60.14947,24.91438,000000004ef3150d,29.32
20555,2019-08-01T09:06:55Z,c434f18b802a764aad7a2dfb46e93546acb1b0975cf9b93fd47363f6,60.15432,24.9211,0000000019fb59c4,3.4
20556,2019-08-01T09:06:55Z,c51beff15d228f2dab9416cadfcc60fe269ce3d9202a9cf2ec7e7647,60.16829,24.94214,00000000afef4555,23.56
20557,2019-08-01T09:06:55Z,c65c11ee6e8b5894ead3ea9b007a39127edb65a67be253aca6f78ed0,60.16448,24.97323,0000000053c6c2be,21.87
20558,2019-08-01T09:06:55Z,c6d34066a212d08ed92a2a2ac4ec1eeebbac7e6aea3ef939d15d0e35,60.1638,24.96846,00000000d747f075,25.36
20559,2019-08-01T09:06:55Z,c8aef405537103b9d31a7e2dda43949f5844b9a36494f8defaf0d803,60.17002,24.94407,000000006b087f40,29.32
20560,2019-08-01T09:06:55Z,c98bce1cc275ed0a1b833011f8cd251ac848fdc84501fe87eb8b5d54,60.17918,24.95141,00000000675d5200,20.28
20561,2019-08-01T09:06:55Z,cccf3ba2a9d11b9330c18af8064a20aca9995473495bf119162a1619,60.16897,24.95222,00000000aa852af1,9.92
20562,2019-08-01T09:06:55Z,cd24d4831d3c3e8dad5e555b47528aa6b11e307b2882be4f65dd4076,60.17002,24.94407,000000006b087f40,9.92
20563,2019-08-01T09:06:55Z,cd36467a9e57a5646d6d8d587b8089c12074243a9ac10ee83b37fbac,60.16629,24.95957,00000000fb7600be,11.7
20564,2019-08-01T09:06:55Z,ce7de55c7709396c70ce5930097e84449a4889700e605a0b062aaeae,60.16531,24.9442,00000000fdda10fe,27.28
20565,2019-08-01T09:06:55Z,cf061f5093c857b2efc346d3ad51fd17cca7eb360060ba7875630cf5,60.16897,24.95222,00000000aa852af1,20.28
20566,2019-08-01T09:06:55Z,cf3becaea135664fbc96426dfc7fc59f775667f15648d29541c80ece,60.16762,24.95415,000000006b44cce7,16.1
20567,2019-08-01T09:06:55Z,d16e16def718519430296afa23976c226aaf720722bce3d92a2aad43,60.14947,24.91438,000000004ef3150d,18.79
20568,2019-08-01T09:06:55Z,d1faee5d7ab668314d8972190af2f3649a33a478db8ffb92927d5eb0,60.16829,24.94214,00000000afef4555,21.87
20569,2019-08-01T09:06:55Z,d2565986030ddea596554d64d126e84d618ce72222ab6888c3debf59,60.16448,24.97323,0000000053c6c2be,16.1
20570,2019-08-01T09:06:55Z,d29a5ebd00326d5dedb6c60cab75fd238bdaa9d7f703f6b5974edbc7,60.16762,24.95415,000000006b44cce7,9.12
20571,2019-08-01T09:06:55Z,d2e031effb19fbd1a46b33bd84dab9823c8c4d8260318b7bd28832d3,60.16762,24.95415,000000006b44cce7,14.89
20572,2019-08-01T09:06:55Z,d31d6921eee92503b486a1b30f5330581c4744a82e6549f375544846,60.17919,24.95181,000000007b5207b6,20.28
20573,2019-08-01T09:06:55Z,d3f966516acf006031daf47f0af91fa5d59aa383ac5728b0bf05534d,60.16829,24.94214,00000000afef4555,27.28
20574,2019-08-01T09:06:55Z,d562afdedae521be241c98441e436608a323fdb944dedc24c835e762,60.17065,24.93641,000000000f4919c9,5.91
20575,2019-08-01T09:06:55Z,d653ef8368d33df4fc7edeb5a381d5826be1471f1470aa9744d47901,60.173,24.92524,0000000096918cfa,7.05
20576,2019-08-01T09:06:55Z,d65b8625c1f24304ff0e3c4a4dce7aa5d434d36be87be41834a49420,60.16531,24.9442,00000000fdda10fe,6.46
20577,2019-08-01T09:06:55Z,d6e217c6592e449e2390b1a874e08cbc9126116901dbdbf84501c6b8,60.17065,24.93641,000000000f4919c9,4.5
20578,2019-08-01T09:06:55Z,d74ea3c9e0aaa523c791aa01f4f9a7c1c43f01f585dc4146b19edf83,60.17919,24.95181,000000007b5207b6,3.09
20579,2019-08-01T09:06:55Z,d7734ef0345fcffc0f4bd7579275af62987490aba012209832e92059,60.16629,24.95957,00000000fb7600be,14.89
20580,2019-08-01T09:06:55Z,d87c4d5dc2cd620de54fdd076d4f9b35245053d65b644d9e01f558b5,60.16762,24.95415,000000006b44cce7,4.94
20581,2019-08-01T09:06:55Z,d95956cedfc4dfe06014194cc1071864bd835fcc014c1fd6f4d33337,60.16762,24.95415,000000006b44cce7,18.79
20582,2019-08-01T09:06:55Z,dc786895c819070347a0a268463f0a8b15f5eec1647f016a9e78e9e0,60.1538,24.95595,0000000038bf9618,21.87
20583,2019-08-01T09:06:55Z,ddae2128c72cf011df2a698a8254b8738fd07a971349ea8a5e8bfa9f,60.16829,24.94214,00000000afef4555,27.28
20584,2019-08-01T09:06:55Z,deb8a213e1b4930e676ee8fdb394161ec46adb785171fa37437b4d44,60.15133,24.92329,00000000e8a064a4,14.89
20585,2019-08-01T09:06:55Z,dfe80baf219bd267a459c954a8e3027b3f1ed29fea2a5355456d5652,60.16897,24.95222,00000000aa852af1,5.41
20586,2019-08-01T09:06:55Z,e0fe7fe5854899c0eb42b75b300339808143419404558ed4d00b0f17,60.17919,24.95181,000000007b5207b6,16.1
20587,2019-08-01T09:06:55Z,e294dde431d68c7b73efcf1f9b916e40bf408111c79228032c7830a4,60.16544,24.95398,0000000038d83d41,20.28
20588,2019-08-01T09:06:55Z,e2bb0ae74deee6cbc4f50c5f85da3f1779ca1db1ae7ff48ab4b33dbc,60.17919,24.95181,000000007b5207b6,10.78
20589,2019-08-01T09:06:55Z,e2f445c6711e0e7d48a6a045bec347587f9f398e8928a171cfa2ca38,60.16762,24.95415,000000006b44cce7,8.38
20590,2019-08-01T09:06:55Z,e3f844c56875bd572c3b57a835b884f1060b467d3bbd25c50dcc7e28,60.16762,24.95415,000000006b44cce7,12.69
20591,2019-08-01T09:06:55Z,e528235be3e5cc4945024d50d1ed43061e2e2f2845f2b41e081e1721,60.17919,24.95181,000000007b5207b6,20.28
20592,2019-08-01T09:06:55Z,e5cad8bb9a6c8dcc067948d7f869033aca5bdd062da175c8734092e6,60.17919,24.95181,000000007b5207b6,4.94
20593,2019-08-01T09:06:55Z,e73dcccbc4dd6af49316f19a34c347cc94ff7ab079a93a2672d78a16,60.14947,24.91438,000000004ef3150d,25.36
20594,2019-08-01T09:06:55Z,e8add7e8346b99cd4b67924113f3763441a1899897c6d1ac3a1a40a6,60.17919,24.95181,000000007b5207b6,12.69
20595,2019-08-01T09:06:55Z,e8b14b185b461432fb53173b85222a67aa1f06d08737fe48a4c20ae5,60.17002,24.94407,000000006b087f40,21.87
20596,2019-08-01T09:06:55Z,e8ed8051f57ad9d9029a5e3b443c5e93e5059f8c487ba45e2583d35a,60.16829,24.94214,00000000afef4555,11.7
20597,2019-08-01T09:06:55Z,e9275b4d525e0593374e00e9cf9885062a1699ecb3462c758a025ef1,60.16762,24.95415,000000006b44cce7,10.78
20598,2019-08-01T09:06:55Z,e979a153601f7520f54d4733fe91f75f154c8f1c08dc3408dbba5345,60.15432,24.9211,0000000019fb59c4,9.92
20599,2019-08-01T09:06:55Z,ea1b1a8ba1c01fdd1e098c585b133fc3d60f7c2458e7c2726e2df8ee,60.16629,24.95957,00000000fb7600be,20.28
20600,2019-08-01T09:06:55Z,ea3f8412ed9c4d92448688dd9cc7ff9e3eeb5fe4373d0953bf0349c1,60.16531,24.9442,00000000fdda10fe,27.28
20601,2019-08-01T09:06:55Z,ea94130fbb3464dc656765cfddbad802ddfafb1af8007cb5f42cd41f,60.16829,24.94214,00000000afef4555,13.75
20602,2019-08-01T09:06:55Z,ec2dd83e04d225caca9f6b9d28bd3080ed37c5bf42e5f65123fa2394,60.17065,24.93641,000000000f4919c9,8.38
20603,2019-08-01T09:06:55Z,ec7121833f0e4b509d683b00a9c5e992e4b84882cb857145102e14f4,60.16531,24.9442,00000000fdda10fe,2.08
20604,2019-08-01T09:06:55Z,ec8c0160ac1ee5aeaf6204956c9db2ee4f98f55ae3fe1ec0af07fab8,60.16762,24.95415,000000006b44cce7,21.87
20605,2019-08-01T09:06:55Z,eedbd720e471fc3c0653bce4eb38b2f3225c8ee78a75d6b9c94a0f86,60.16629,24.95957,00000000fb7600be,25.36
20606,2019-08-01T09:06:55Z,eef621895ee74145a6d76c5f5493a93d7c728c80abe45a2e1933ae9f,60.16897,24.95222,00000000aa852af1,14.89
20607,2019-08-01T09:06:55Z,ef67b9e4617f284b84167b4bdaff71108579a33ced0a2450ff25a1a1,60.16629,24.95957,00000000fb7600be,18.79
20608,2019-08-01T09:06:55Z,ef6e7d641ebef891165f5f8178b3195fbc6c86dc5f904ca2cca43e32,60.16897,24.95222,00000000aa852af1,18.79
20609,2019-08-01T09:06:55Z,efc51406db4c66b8a573ec325afe8a9258a04a71b46ff3aae1cfa696,60.16762,24.95415,000000006b44cce7,11.7
20610,2019-08-01T09:06:55Z,f1447725764ec0dca245fc67f2aa0a0c42e6b05808076aa74f0c1e7e,60.17919,24.95181,000000007b5207b6,18.79
20611,2019-08-01T09:06:55Z,f18c0c32d067aecf5602d70693ac888cab1be6dbb0d154be5153dfcc,60.16829,24.94214,00000000afef4555,12.69
20612,2019-08-01T09:06:55Z,f1b28329fc91f4708ca34857c5582c0bf1b7d0ab06127746029cd72c,60.17919,24.95181,000000007b5207b6,3.74
20613,2019-08-01T09:06:55Z,f20935810c1567a80c288016c4d4dd32fe86b3479f47ae7dd64d15cc,60.15432,24.9211,0000000019fb59c4,3.74
20614,2019-08-01T09:06:55Z,f29ed00b645af4bbf50174e71f58a9b691d2e2342e59eda242d97380,60.16829,24.94214,00000000afef4555,11.7
20615,2019-08-01T09:06:55Z,f4131e8c526b295b32dc9448a2a43ec900e25e8914003a963782e36c,60.16829,24.94214,00000000afef4555,1.7
20616,2019-08-01T09:06:55Z,f4587b90aec9127805880f7c81fc03b9fb513fe363015399b895089f,60.16829,24.94214,00000000afef4555,7.69
20617,2019-08-01T09:06:55Z,f4bbc3077da0455d4340da2eed204915327b75a792080724548b4956,60.17919,24.95181,000000007b5207b6,9.92
20618,2019-08-01T09:06:55Z,f503a41d3e8b9b57628f4f061c1d8e0c53c62dd8a6fe38d212958ee6,60.16075,24.95883,00000000f1124bca,11.7
20619,2019-08-01T09:06:55Z,f50fd3b1715a94dff67461f4b8f252ecaa6acc16459b3d021f34f15e,60.1538,24.95595,0000000038bf9618,12.69
20620,2019-08-01T09:06:55Z,f587de6c8c03387c5e6a66cd7d20c45abad3668c8e2246611122547b,60.14947,24.91438,000000004ef3150d,13.75
20621,2019-08-01T09:06:55Z,f77f8836e641389801309c311e926c1662264ab16efd01cd5bf27baf,60.16762,24.95415,000000006b44cce7,4.94
20622,2019-08-01T09:06:55Z,f803aeb1f00a057ed31451d0f3d132f27fec17305dc699176ac5339a,60.16897,24.95222,00000000aa852af1,27.28
20623,2019-08-01T09:06:55Z,f9e527876f8dfe750fd29bc42664bbf572aed5d09d344a8934a83d90,60.17065,24.93641,000000000f4919c9,4.5
20624,2019-08-01T09:06:55Z,fa1a3814c680b20020a08346c37ee2853e895984574575312bf262e7,60.14947,24.91438,000000004ef3150d,11.7
20625,2019-08-01T09:06:55Z,fa9f19c58a086fde9429d732b1eec80eacf5fc1b2c0124d17243d008,60.17919,24.95181,000000007b5207b6,20.28
20626,2019-08-01T09:06:55Z,fb2df85c8938d6a1bbd1ff0a1cd8aa23480ae08dc39d2b584ed35e14,60.16762,24.95415,000000006b44cce7,16.1
20627,2019-08-01T09:06:55Z,fba6e66dd09200012637e0b454c96fd7a5459b7e8b0ba01863cdbd77,60.16762,24.95415,000000006b44cce7,4.94
20628,2019-08-01T09:06:55Z,fe191b6937595e5cf2ac1491e9056f0f9fb5bf66c0cb900df00b4c64,60.16829,24.94214,00000000afef4555,18.79
20629,2019-08-01T09:06:55Z,fe88879502b9755093db192b4ea06a7b5b568f7e8b92970727636c68,60.16762,24.95415,000000006b44cce7,18.79
20630,2019-08-01T09:06:55Z,fea1453360073dfc1896bf1f005f51addb49661f953e16cffba3c63d,60.16531,24.9442,00000000fdda10fe,9.92
20631,2019-08-01T09:06:55Z,ff10218d9a15a3bf160a969fa266f197770d363bc52dce7fa08ae990,60.16762,24.95415,000000006b44cce7,13.75
20632,2019-08-01T09:06:55Z,ff3580f7bd2e1882c23d4afbfcaa5eb85473ce822d5833faecefdd31,60.16897,24.95222,00000000aa852af1,20.28
20633,2019-08-01T09:06:56Z,0fff89885f08417f20aadfdbf62a372277e9085bcd024374b772ecac,60.16531,24.9442,00000000fdda10fe,31.5
20634,2019-08-01T09:06:56Z,144afc51fc2443c7031a2912566eff2ce60226a49d6d2bd7c2923700,60.16544,24.95398,0000000038d83d41,23.56
20635,2019-08-01T09:06:56Z,14c7e1511b70f4dd3359cbece1377aebb4d70531f5489eefe53d7c3c,60.16544,24.95398,0000000038d83d41,29.32
20636,2019-08-01T09:06:56Z,15918569de0a46a8eb56b43d8d39f7fc82619ff1006f00822c85745c,60.17919,24.95181,000000007b5207b6,16.1
20637,2019-08-01T09:06:56Z,165ebbb4090d47319ae370f0d0854fdc1f6b79499f8b2e4d3c3533c0,60.16544,24.95398,0000000038d83d41,23.56
20638,2019-08-01T09:06:56Z,1951291ca064d0fb480d958037c1477427d2ca8db455fef0b741bf9f,60.16448,24.97323,0000000053c6c2be,18.79
20639,2019-08-01T09:06:56Z,1f0f0628cdc688d76bde2b82bee5b9b4916bf0bbdfe76cf3213e1c65,60.15432,24.9211,0000000019fb59c4,21.87
20640,2019-08-01T09:06:56Z,2a93b61a3863ace54349d7a0937e4134fcc6d4dfcf064eefae2b7cf8,60.15432,24.9211,0000000019fb59c4,20.28
20641,2019-08-01T09:06:56Z,5d65719c4cbf045f068d084b72302f447d5fd034413d97d13be00d0e,60.18203,24.91341,00000000342570c2,20.28
20642,2019-08-01T09:06:56Z,6066632ddc94b5c482a2d4f45ed2532e55e3fd63e414a084a596a737,60.16762,24.95415,000000006b44cce7,27.28
20643,2019-08-01T09:06:56Z,6a657079c1bdc8114c289be1ddd83e5846d4279a920d1697b8ff0033,60.18203,24.91341,00000000342570c2,17.4
20644,2019-08-01T09:06:56Z,6d22b751ff5173035dc85c52c3dff0780126adae67fe33dc62dd45ef,60.16531,24.9442,00000000fdda10fe,16.1
20645,2019-08-01T09:06:56Z,6f06341f358e61699fe1e55e986dd0554bc8da28b91daf0c5ad99db6,60.16629,24.95957,00000000fb7600be,20.28
20646,2019-08-01T09:06:56Z,6ff437688c444238352c28f64f9d2a7d0f14d19c9ea42c225380501e,60.16762,24.95415,000000006b44cce7,11.7
20647,2019-08-01T09:06:56Z,76c7f42283513d0e289bf786d89463b5025b2ae0f4e13519a4cf228b,60.15432,24.9211,0000000019fb59c4,25.36
20648,2019-08-01T09:06:56Z,78d5f60b36b59c06c3988b94e11744bb3aed5dcbc214f91f228bf892,60.16448,24.97323,0000000053c6c2be,21.87
20649,2019-08-01T09:06:56Z,81a4986dfaad24ef59c0c8c5c6613c46bc95633fd499fd66abd71bf5,60.15432,24.9211,0000000019fb59c4,27.28
20650,2019-08-01T09:06:56Z,84fdfd8881f633c5f0c71c1480053953ca4b05e848052d97c063ad38,60.1538,24.95595,0000000038bf9618,29.32
20651,2019-08-01T09:06:56Z,87dfaad29a9276ddddb1fa021d3bc23ad14824c1af16f7d87e713689,60.14951,24.92138,0000000006dd41f6,9.92
20652,2019-08-01T09:06:56Z,89982a6acf91b79a282a6b63978e946ee205f303fcd20e944e06baf0,60.16544,24.95398,0000000038d83d41,25.36
20653,2019-08-01T09:06:56Z,8c75c3289c84fe4493e1e272a77b615fe1985880c5dc68a7c1a17b53,60.16762,24.95415,000000006b44cce7,9.92
20654,2019-08-01T09:06:56Z,8cc6ddaa460aeae8cc9e8a33f91a01c8cd4c0c8bf8a943210a28c84d,60.1538,24.95595,0000000038bf9618,14.89
20655,2019-08-01T09:06:56Z,8ffeb52bff155eab19ca329d16be495cd44a08aa7f79b94db079caf9,60.15432,24.9211,0000000019fb59c4,29.32
20656,2019-08-01T09:06:56Z,9843c6216661048343a0e49cf3d8aa2883cf77f452666a1c873a1052,60.16448,24.97323,0000000053c6c2be,11.7
20657,2019-08-01T09:06:56Z,9d03d14afa49576281aa26db60e517f7c1ec8aa36f7756959a860a8a,60.16629,24.95957,00000000fb7600be,9.92
20658,2019-08-01T09:06:56Z,9ff35a7f150d05ef75c3777dbae4f91e5b1a4d0830a984c50f6da1bc,60.16897,24.95222,00000000aa852af1,29.32
20659,2019-08-01T09:06:56Z,a08cae03363d2e483a6ea717973088f4bd4276de96a9d438a7358ff4,60.16897,24.95222,00000000aa852af1,23.56
20660,2019-08-01T09:06:56Z,a9da1ee82e3b670e276c26b483dd50f4a6d0c6f77ef82245d3ae6086,60.18203,24.91341,00000000342570c2,16.1
20661,2019-08-01T09:06:56Z,ab0f67c0c0e1ba5eac9013f9c314feadf340ddf08543b91e70483594,60.16544,24.95398,0000000038d83d41,18.79
20662,2019-08-01T09:06:56Z,b1f358076ba79ef902a36ca8ae3f8ec7c93308a67c479345bfdbdecf,60.1538,24.95595,0000000038bf9618,33.81
20663,2019-08-01T09:06:56Z,b4faf2d3c4d2b199afeab6ab63b583fe3a2e81e14abbef6917f25129,60.15432,24.9211,0000000019fb59c4,23.56
20664,2019-08-01T09:06:56Z,b5fd6b317890e5ab2d79e2cd1abe61626d45a753c7337d0d40728898,60.16762,24.95415,000000006b44cce7,9.12
20665,2019-08-01T09:06:56Z,c40c37def6bf11a63a2556519a7c6233fd417cdeea2cf14f28e7c42c,60.16531,24.9442,00000000fdda10fe,25.36
20666,2019-08-01T09:06:56Z,cf05623e4d87ce0906c0b0b7dbf53aacc1228016cd27c341228b6e76,60.18203,24.91341,00000000342570c2,18.79
20667,2019-08-01T09:06:56Z,d178749a24c32676d0da0f51ae6ff63c456499d4b1814af8fa75ca9e,60.16448,24.97323,0000000053c6c2be,7.05
20668,2019-08-01T09:06:56Z,d79d022c8a242c83798d4cf5a6365a20f715d812ce928be39177407a,60.16448,24.97323,0000000053c6c2be,23.56
20669,2019-08-01T09:06:56Z,dd2c9c82cf3737146294aff6f814a1349fb0bc4bedf518715dacbe8f,60.18203,24.91341,00000000342570c2,13.75
20670,2019-08-01T09:06:56Z,ebd5792818b1818f5d1ea2cd8ef5e4b500cfc7a7fbb7be7907ce2d0c,60.16762,24.95415,000000006b44cce7,17.4
20671,2019-08-01T09:06:56Z,ec72ef080c605e71978aed0d3b5f22c3c3133677a43c614b72eedc6d,60.14699,24.922,00000000a53ed894,29.32
20672,2019-08-01T09:06:56Z,efd1806e1eee5eca948bc2537df8d816e2cce41009b41189c350ce74,60.16531,24.9442,00000000fdda10fe,29.32
20673,2019-08-01T09:06:56Z,f088630d7476dae7d4b7e2bb1f10575f2c89acb4b6e061f3d57c2b40,60.16531,24.9442,00000000fdda10fe,29.32
20674,2019-08-01T09:06:56Z,f22981c21af00fc334b3d8bdd523e23a50384666e97815f0ec1dc0ac,60.16897,24.95222,00000000aa852af1,5.91
20675,2019-08-01T09:06:56Z,f7e45613ad966fea53fab73b435ba3a087c774e36596b3a5156a3487,60.16829,24.94214,00000000afef4555,8.38
20676,2019-08-01T09:06:56Z,f83d4b6b8ffbf8a674d212e32100b2360b80261b4e9207d77c0b0ed3,60.17918,24.95141,00000000675d5200,1.88
20677,2019-08-01T09:06:56Z,fc4f3a44235f1cfc7b53f14ba2da599976a5a0a220d23b852688e485,60.17919,24.95181,000000007b5207b6,9.92
20678,2019-08-01T09:06:56Z,011372b726688a0c953368b50bc5a1cb0212c17dbecc587d9f9d75ce,60.16629,24.95957,00000000fb7600be,14.89
20679,2019-08-01T09:06:56Z,02050a536056486b1bf139282f0d0a3af63def1d56ff0c73ac51bb19,60.14947,24.91438,000000004ef3150d,20.28
20680,2019-08-01T09:06:56Z,023083c44c772667f1727e01c74518889b2a82d78ceb28c08b6f8a20,60.16531,24.9442,00000000fdda10fe,20.28
20681,2019-08-01T09:06:56Z,026f61905925674212a1c7d1e14b2ee5d1039bb4ecb5159f7d522150,60.16762,24.95415,000000006b44cce7,9.92
20682,2019-08-01T09:06:56Z,028149b8bfaf37d1f064cb0b4f23ae118f00d8eff41679fb8830396a,60.16531,24.9442,00000000fdda10fe,20.28
20683,2019-08-01T09:06:56Z,0362cc670dcfab795a3911957b6a177416bf9b99d0e2732716796c4d,60.15432,24.9211,0000000019fb59c4,7.69
20684,2019-08-01T09:06:56Z,03f427d436ba092925de462b11374bdbdab0443620037675621fbc11,60.17919,24.95181,000000007b5207b6,9.12
20685,2019-08-01T09:06:56Z,0483eb7342f4e704caa76b9bc3d6a7bd836282960dafc2c756247134,60.16762,24.95415,000000006b44cce7,5.41
20686,2019-08-01T09:06:56Z,063935180fff0e58de5d319ecb9320cf794423e3c6aeac0cca8f1a9f,60.16897,24.95222,00000000aa852af1,18.79
20687,2019-08-01T09:06:56Z,0951ec0c700dba7330b8e8181fc852becde054d0dc7474d1488db3cd,60.17065,24.93641,000000000f4919c9,25.36
20688,2019-08-01T09:06:56Z,0bbf3e8a8b496959ba413e4ebbe23719511fa4c9dd914960054d7c7f,60.16762,24.95415,000000006b44cce7,7.05
20689,2019-08-01T09:06:56Z,0c1684b697a63d7f47ebaedcfa060b3b4af294fec1e62d613699291a,60.16897,24.95222,00000000aa852af1,9.12
20690,2019-08-01T09:06:56Z,0d36588b0274c7fc1c33ed938ed6883bd98d7e2d5a66328940df8a94,60.14947,24.91438,000000004ef3150d,10.78
20691,2019-08-01T09:06:56Z,0e62c7194170ff5abcdede8e7bb2dc9370e053dcd7957fc62f077453,60.16829,24.94214,00000000afef4555,29.32
20692,2019-08-01T09:06:56Z,1025f7b70ca8c07f7a4decc96c14136ae9dfa75c89510f704accf13b,60.17002,24.94407,000000006b087f40,23.56
20693,2019-08-01T09:06:56Z,1069967e3921871955b1b2b42e60f829c593a3e024401bfe61ae410e,60.16629,24.95957,00000000fb7600be,13.75
20694,2019-08-01T09:06:56Z,10d0fed0f7d40b253b5fc5a53297dc9af8bb76fa6f34d5e71383cb62,60.17919,24.95181,000000007b5207b6,25.36
20695,2019-08-01T09:06:56Z,1271bcd33c0056265a5bdf6df4092a3c9e2209abee80570cb172031b,60.16897,24.95222,00000000aa852af1,18.79
20696,2019-08-01T09:06:56Z,13a759fd293cbde0d55db753d853768b718e59036c4007d2e3a8757a,60.16762,24.95415,000000006b44cce7,10.78
20697,2019-08-01T09:06:56Z,14b431f72fc7a1705dec55f60900c3104cc3eab2bed0b01ad6745910,60.173,24.92524,0000000096918cfa,23.56
20698,2019-08-01T09:06:56Z,15a3cdd20e3ce88c179a07d78a2d5fdda854b0fef8441d8cb3aebde8,60.17065,24.93641,000000000f4919c9,18.79
20699,2019-08-01T09:06:56Z,164d8280dbb888033f64368dd641bcef597fc327148fcf74374894c5,60.16544,24.95398,0000000038d83d41,18.79
20700,2019-08-01T09:06:56Z,16e18d478be872d2a9801fa885d08edeb3f5ae1840b38478f9baf535,60.17919,24.95181,000000007b5207b6,17.4
20701,2019-08-01T09:06:56Z,171980d40f8d22e4729243ca1e6e18c1416a08d9e495829266ca211e,60.16897,24.95222,00000000aa852af1,13.75
20702,2019-08-01T09:06:56Z,190cdde22bc3e3a41cd0f9da7efb3a917bc09e8034b05ca6064ea8a8,60.17918,24.95141,00000000675d5200,18.79
20703,2019-08-01T09:06:56Z,1b68a6bcf7b740e0c437e0976d4900f31368afcb2c757bba30e0a249,60.16829,24.94214,00000000afef4555,7.05
20704,2019-08-01T09:06:56Z,1ca38fda596b437fcaa63f5296adc43c90e729aa040f4b66265aff47,60.173,24.92524,0000000096918cfa,17.4
20705,2019-08-01T09:06:56Z,1cfafdaa3ff1975bcf6f699641431e88775ba2183074d825eeb81dd3,60.149,24.9843,00000000fffb8cf0,16.1
20706,2019-08-01T09:06:56Z,1d70ff49909e1d6fb653ae053aa78084daf385dbbd2ad22b05707309,60.16829,24.94214,00000000afef4555,9.92
20707,2019-08-01T09:06:56Z,1da40c618e0432bb037d08723b65821f6223509e8b4033a4b4190047,60.17065,24.93641,000000000f4919c9,23.56
20708,2019-08-01T09:06:56Z,1dcff36b6f83b08b6ea87c1c1018c542c270299839908ca446dffb39,60.16762,24.95415,000000006b44cce7,9.12
20709,2019-08-01T09:06:56Z,1e3044c19f6913531b6dd4bccb88ad02c1b39192513ccffa05444edb,60.1538,24.95595,0000000038bf9618,18.79
20710,2019-08-01T09:06:56Z,1e3af5697f0a2ae45f261da79e4ba71c868dc4d78008bd1995fe6259,60.16448,24.97323,0000000053c6c2be,18.79
20711,2019-08-01T09:06:56Z,1e6029f749dce72746f03dcc61a1986b14438610b7ff6a19c8165e6f,60.16829,24.94214,00000000afef4555,21.87
20712,2019-08-01T09:06:56Z,1eadb2c1984aa73c3c2f13eab0a2e793331443c617681e36887f0bcc,60.16629,24.95957,00000000fb7600be,18.79
20713,2019-08-01T09:06:56Z,1ecbc7c6afe89033252e5510cbb893666af2b3bc29f555a3a6287fdb,60.14951,24.92138,0000000006dd41f6,4.94
20714,2019-08-01T09:06:56Z,1f813dc10021899138c12ca17c58ab3dc24db1750dcb1790f9c20e8f,60.15133,24.92329,00000000e8a064a4,33.81
20715,2019-08-01T09:06:56Z,20b37aa6c3ad0dfea9c182498905a450537b0efbbd8563b205e93afd,60.16897,24.95222,00000000aa852af1,21.87
20716,2019-08-01T09:06:56Z,2283762fe3af8329ae65aec44de728da8f383810e9f2a3d3b84fa031,60.16897,24.95222,00000000aa852af1,20.28
20717,2019-08-01T09:06:56Z,25479245e5a8b0fe47e2bd590cdd63256d84afd6c164781dc64e527d,60.149,24.9843,00000000fffb8cf0,9.92
20718,2019-08-01T09:06:56Z,270749ab8e1a83f0dcbf45dc861bcc0e10361d103d7589841787e366,60.16531,24.9442,00000000fdda10fe,18.79
20719,2019-08-01T09:06:56Z,277fcf3cc917a89b46a34e0cf5164a78f5bcc88d92bb45ded60f1a91,60.17065,24.93641,000000000f4919c9,9.92
20720,2019-08-01T09:06:56Z,27b591b33a56a542440b53031a24f42290b0ec1a194af27700b75a3a,60.17919,24.95181,000000007b5207b6,21.87
20721,2019-08-01T09:06:56Z,2823bf6afde4a5cc05342c15e7417c9590ba52264be5793bb688faab,60.17065,24.93641,000000000f4919c9,16.1
20722,2019-08-01T09:06:56Z,28296ae2b460df2f6807f8a84b81e5ebd24677a05bded29111dc33a4,60.17002,24.94407,000000006b087f40,23.56
20723,2019-08-01T09:06:56Z,28ce50ca84cdcd4c17a36ac666e7ac0267b6ab5b77f4bfb08b2573a1,60.16762,24.95415,000000006b44cce7,2.08
20724,2019-08-01T09:06:56Z,28d50861d92f962c7a49eabaa524431aebf52870e44b79f77d7167c6,60.17919,24.95181,000000007b5207b6,3.74
20725,2019-08-01T09:06:56Z,29ae3c5c3aeac0c607bc816f7e74c232a40142b79a52c43c7b1ed42f,60.16829,24.94214,00000000afef4555,5.91
20726,2019-08-01T09:06:56Z,2afa9ac588b2c55e8edf99ee96ecaf63451a7ab1e51571b7e2d1d491,60.16762,24.95415,000000006b44cce7,4.5
20727,2019-08-01T09:06:56Z,2c6810efb2565383ca0a554f3c51f3f7905484357f5e00756dbf091a,60.17919,24.95181,000000007b5207b6,18.79
20728,2019-08-01T09:06:56Z,2cd1630b209fe260a2b08554ebbf46b801e6390566ac1d78e6514b11,60.16531,24.9442,00000000fdda10fe,17.4
20729,2019-08-01T09:06:56Z,2ce60a208e01e24def4575b3644a29b3883aa0e76ae2294afe3978ca,60.1538,24.95595,0000000038bf9618,31.5
20730,2019-08-01T09:06:56Z,2cec6d5db391b4d6a591b943d00f7151e23bf652d8c1a8d674a041a3,60.16762,24.95415,000000006b44cce7,12.69
20731,2019-08-01T09:06:56Z,2f43b7a683b0d365a46b6259a032813c293472eaedcdbcc3507adee5,60.17919,24.95181,000000007b5207b6,7.69
20732,2019-08-01T09:06:56Z,2f79108a454c0072885ad1447280ed5098d061b229eaae61a8bb67be,60.15432,24.9211,0000000019fb59c4,10.78
20733,2019-08-01T09:06:56Z,2f82b3546af2df53b58cddc668c9aa196554108cdf39120ea40b417c,60.16629,24.95957,00000000fb7600be,4.94
20734,2019-08-01T09:06:56Z,2fb39eae730ec6f291700f841a64aaf680d52a8346399aec6ccb1dbb,60.17065,24.93641,000000000f4919c9,5.41
20735,2019-08-01T09:06:56Z,2ff189e5846383641192cafb595a7a8f77394239ee03aabd1bf3c49f,60.16829,24.94214,00000000afef4555,6.46
20736,2019-08-01T09:06:56Z,305fbd6210068d9850f2080e20d5f4674db13ed9e5b56d5f71c4d21f,60.16629,24.95957,00000000fb7600be,17.4
20737,2019-08-01T09:06:56Z,3227dbecd3a095676006e4ad615dc2aea1f506c310c940230a15ac94,60.17919,24.95181,000000007b5207b6,23.56
20738,2019-08-01T09:06:56Z,32fcb1ab3a9fde533916ca28a0d5b56bbb45fd171dd5bae91f66ec6c,60.16897,24.95222,00000000aa852af1,21.87
20739,2019-08-01T09:06:56Z,33fa4cb82db5b44ffe6e7ae1039635187f90d1df328f8f139da0c693,60.17919,24.95181,000000007b5207b6,7.05
20740,2019-08-01T09:06:56Z,3480c16a6649952c388d8902596e332f018e609b9585f483353ae026,60.17065,24.93641,000000000f4919c9,4.11
20741,2019-08-01T09:06:56Z,34aa4c3c2f71b736426f6819c09b12c961bc996110fe1fa7c9772c5d,60.15432,24.9211,0000000019fb59c4,9.92
20742,2019-08-01T09:06:56Z,34e96c7caa63e7ede8f428b18e8fb556ac235d61a50c9d6ac7ff268f,60.17919,24.95181,000000007b5207b6,6.46
20743,2019-08-01T09:06:56Z,367b1989198ef11170dd9fcfa7e6ebb5ceb58aab87c613ee1bb86e8c,60.16531,24.9442,00000000fdda10fe,9.92
20744,2019-08-01T09:06:56Z,3685ee6d322dcb2ad0ae181f66c3c5427d4531d7896d2f5f7571bb6d,60.16762,24.95415,000000006b44cce7,5.91
20745,2019-08-01T09:06:56Z,36fe97cd2ec69118778c771a87593630f8a6a2cb77d9ce72f845cd3c,60.16762,24.95415,000000006b44cce7,4.94
20746,2019-08-01T09:06:56Z,39c6456ee66fe96eee3d97cee2a70923cedb3da760bb5d4d413adb9c,60.17919,24.95181,000000007b5207b6,7.05
20747,2019-08-01T09:06:56Z,39e9fa7033887b7ab339887aa68753ff94d4771cda2bb8ff4ea7aa0a,60.17919,24.95181,000000007b5207b6,5.41
20748,2019-08-01T09:06:56Z,39f63cf5760b5bae69e8e4a32c6d9b96a1ed84e29cc868d27af934c0,60.149,24.9843,00000000fffb8cf0,17.4
20749,2019-08-01T09:06:56Z,3a253f272d2781dc2001addfbddcac5f3dbf18610988531707b80b60,60.16829,24.94214,00000000afef4555,2.3
20750,2019-08-01T09:06:56Z,3a2f1a2c6c645bd161943b3f19c171d021512d7a8c4273ed3022f5df,60.16829,24.94214,00000000afef4555,27.28
20751,2019-08-01T09:06:56Z,3a38ba36c098f2741d6c5fb5a751fcd074d05d698ac592ca09ab443c,60.16448,24.97323,0000000053c6c2be,18.79
20752,2019-08-01T09:06:56Z,3a7b4023cee4b0d567a123a3d6aff0bc8f94663522bbdf0ea4306607,60.149,24.9843,00000000fffb8cf0,7.69
20753,2019-08-01T09:06:56Z,3b72559f8671f9bc77441302cc7d3167d5e13c8c4fb0a19edf83bed1,60.16629,24.95957,00000000fb7600be,23.56
20754,2019-08-01T09:06:56Z,3be40c84926a525adbd09eeeb3a12b73b24c633942b2e1fbe8151ac3,60.16448,24.97323,0000000053c6c2be,14.89
20755,2019-08-01T09:06:56Z,3e38f81e326b0b05865281c970ada8f17e15292f3591242542bfb73e,60.16531,24.9442,00000000fdda10fe,27.28
20756,2019-08-01T09:06:56Z,3eea43670f4f29a90ced59c1af122371340275fb61ff8f14c7120658,60.16762,24.95415,000000006b44cce7,5.41
20757,2019-08-01T09:06:56Z,40646914186edc6142b7fc3daf766121b55f5bb36ea38facff686ea5,60.16897,24.95222,00000000aa852af1,18.79
20758,2019-08-01T09:06:56Z,40825cb0d315c92e0e0a73cc8e86c3b763bbf7ce226f112913e05e0f,60.17065,24.93641,000000000f4919c9,29.32
20759,2019-08-01T09:06:56Z,41298dbe42c249c1484958a8818cfdb22e455565699a470137217284,60.17919,24.95181,000000007b5207b6,27.28
20760,2019-08-01T09:06:56Z,41a0ca2955e0ae0324f6e14aeb77ebfaac5305e31d86c42a20277b94,60.15133,24.92329,00000000e8a064a4,23.56
20761,2019-08-01T09:06:56Z,41f455676c61a2d8e1658c60afd7984613a3bc84daac78079c0d8b0c,60.16829,24.94214,00000000afef4555,11.7
20762,2019-08-01T09:06:56Z,432417b4972b744ded3410777a6bbb583cf56172bf3436ddbe48a21d,60.16762,24.95415,000000006b44cce7,5.91
20763,2019-08-01T09:06:56Z,4393fccdbc9fb22fab14f03ea52183ad558bcd436202e69f56a7b77a,60.16762,24.95415,000000006b44cce7,10.78
20764,2019-08-01T09:06:56Z,4470412c4b059a920f2699fbfb72b261e0847b3e1caa8c71d2edd5a2,60.16448,24.97323,0000000053c6c2be,18.79
20765,2019-08-01T09:06:56Z,4642dfa1df839f11e64f68bca4e3dce7bde2ff6dd68c54959fcb4788,60.17918,24.95141,00000000675d5200,9.12
20766,2019-08-01T09:06:56Z,4682d95464cedcc021f38271a51bab9c000762b4acf802070e259ba2,60.16629,24.95957,00000000fb7600be,4.94
20767,2019-08-01T09:06:56Z,46c37bb9313fa511d142a461fb0eedda90bf18eb9016d20db109f6a4,60.16829,24.94214,00000000afef4555,9.92
20768,2019-08-01T09:06:56Z,47bd1492244c444d45674eb48dd2e6f222cb109d820ba807c4e18c1a,60.16629,24.95957,00000000fb7600be,6.46
20769,2019-08-01T09:06:56Z,48004849b2f48b2314aa9175433d754db1641b949bb8cf050e2dd128,60.17919,24.95181,000000007b5207b6,20.28
20770,2019-08-01T09:06:56Z,484bbaa5a9d6bdd2259f022b6ea4e3c290985c13a1286bd7142d878f,60.16762,24.95415,000000006b44cce7,3.4
20771,2019-08-01T09:06:56Z,49bbad87e4d6cd03bdb073bde7be91193d74d29943badce7fc536916,60.16448,24.97323,0000000053c6c2be,11.7
20772,2019-08-01T09:06:56Z,49df780a7f20a99ad2810fa4bbb46b5fac9bc5cbe3fc800cd572f63a,60.14947,24.91438,000000004ef3150d,13.75
20773,2019-08-01T09:06:56Z,49f30a741207cbfec775d36d911b5e67735df0f53762d3d5e0de05a8,60.16531,24.9442,00000000fdda10fe,41.64
20774,2019-08-01T09:06:56Z,4adf9bed4c6391fd34fc9611c3ff6977a984d62d20c49b647cf1d4d3,60.17002,24.94407,000000006b087f40,16.1
20775,2019-08-01T09:06:56Z,4ba529eeafb27285cbbade6e5ece0d4d04bd2d13c98b27a5d17abd22,60.16897,24.95222,00000000aa852af1,3.09
20776,2019-08-01T09:06:56Z,4c8696833edf46025bc9b5f589679b77a73c857736036aa9ef6696e5,60.17002,24.94407,000000006b087f40,20.28
20777,2019-08-01T09:06:56Z,4e5e16adfd317b7f9617f681099821bae42d6f0dca51dfd0957c65b4,60.16762,24.95415,000000006b44cce7,9.92
20778,2019-08-01T09:06:56Z,4f9125edf503fe3cb0ba1e1221fe6a67aafd99fcd89fd92d2bf20e97,60.16897,24.95222,00000000aa852af1,23.56
20779,2019-08-01T09:06:56Z,4fb4a3650a2a28469dde9c537458d24411aa6075666e047dd756fba9,60.17919,24.95181,000000007b5207b6,9.92
20780,2019-08-01T09:06:56Z,5001aabb6808b9fd96b705d1ebe8e7aca52713c2640100d81879dd86,60.17919,24.95181,000000007b5207b6,3.4
20781,2019-08-01T09:06:56Z,51ec42fdd85671ae93876c3d875b24e56cb45699e9c3d2b623dca70d,60.16762,24.95415,000000006b44cce7,5.91
20782,2019-08-01T09:06:56Z,52d04561c07e0aab4f89e343cff0691d714ec5284ffb9a71954c93d8,60.16762,24.95415,000000006b44cce7,13.75
20783,2019-08-01T09:06:56Z,5328327c1bd91c38f3e3d1200d630dcc186849d71a76e63154527d36,60.16829,24.94214,00000000afef4555,20.28
20784,2019-08-01T09:06:56Z,5372348389197e6c4bc4c5e3dab047e7384d562220e6295904bbda1b,60.17065,24.93641,000000000f4919c9,2.3
20785,2019-08-01T09:06:56Z,5385ddf78e929052bb12c39651fb3ff99e3642aa079d49f687b4c73c,60.16762,24.95415,000000006b44cce7,5.91
20786,2019-08-01T09:06:56Z,53fb53be4440aecb1a1fa63a9da1db08182cc7e252da14685e63373d,60.16762,24.95415,000000006b44cce7,9.92
20787,2019-08-01T09:06:56Z,54b89ed12e25892c9160e029a0379d61425b88db1aa30b06f9ea2d8b,60.17002,24.94407,000000006b087f40,20.28
20788,2019-08-01T09:06:56Z,54bd709173219e8017f317b63ecc83d0a48f64542e6fa1b83c86a56c,60.17919,24.95181,000000007b5207b6,18.79
20789,2019-08-01T09:06:56Z,556cae6b2e2dec6fe691a835e8e08bd016b1a65797c0aca46879329f,60.17919,24.95181,000000007b5207b6,13.75
20790,2019-08-01T09:06:56Z,559429bba23762a872fc7b1e2219d42125ab101e4355d43fdb94ed7b,60.17919,24.95181,000000007b5207b6,9.92
20791,2019-08-01T09:06:56Z,559e6a5225ce35ab844c63ea0d0c1695dc490a3d9cfbafa5d35ac8d8,60.14947,24.91438,000000004ef3150d,9.92
20792,2019-08-01T09:06:56Z,57c17edc71bbce06ad692952a1e05eaa77181884e580c0848f3a23fc,60.14951,24.92138,0000000006dd41f6,36.27
20793,2019-08-01T09:06:56Z,5830a481876da00686f25b17dad06258a39212c0816ed04dda2df1bd,60.16531,24.9442,00000000fdda10fe,20.28
20794,2019-08-01T09:06:56Z,584adabea16213fba5e201e8dddabc4a069951e35fb1731180ebf8b3,60.16762,24.95415,000000006b44cce7,23.56
20795,2019-08-01T09:06:56Z,584cb0b0cdd14e608c8b57c8aecc9826f9b40027e365e2438a444ea2,60.16762,24.95415,000000006b44cce7,11.7
20796,2019-08-01T09:06:56Z,5865a27b5b56a60bca38e4a1403655e3e7fd0232a3ff2079965aff81,60.15432,24.9211,0000000019fb59c4,5.41
20797,2019-08-01T09:06:56Z,587bff756f80d37255456988cd830aec24c7fa6faa4dbff5bd2350ca,60.17065,24.93641,000000000f4919c9,21.87
20798,2019-08-01T09:06:56Z,5978726eeef638856dafd3a8d199287f8daf9e90ddde750b402f8bb0,60.17065,24.93641,000000000f4919c9,0.84
20799,2019-08-01T09:06:56Z,5a34b02faac3189217466888ef1d31cc80f721ac2f18638c5db88d53,60.14947,24.91438,000000004ef3150d,14.89
20800,2019-08-01T09:06:56Z,5a857d46d2710076dd9ff377dc9ae0c17e4db2a46db79f1e8d158cfa,60.16829,24.94214,00000000afef4555,9.92
20801,2019-08-01T09:06:56Z,5b06617477af6dcee75a94ac347364b50f6f3b5b7d747e5413d9ad58,60.14947,24.91438,000000004ef3150d,10.78
20802,2019-08-01T09:06:56Z,5b24733f1e45af711e2eebfb97b6b1467ca5cf1f466e6c8add4f7935,60.16762,24.95415,000000006b44cce7,12.69
20803,2019-08-01T09:06:56Z,5c1f71098d5d7258d2971061c791c94e0138c8e02225c5f60d6a0428,60.149,24.9843,00000000fffb8cf0,20.28
20804,2019-08-01T09:06:56Z,5e2c5c20c88ccf362ed8749d1ddc041b1cb1c38d8dbeac7870179322,60.16629,24.95957,00000000fb7600be,8.38
20805,2019-08-01T09:06:56Z,5fc2fafdb6649a869ffd226bfe99095b50996797c20447b63333997d,60.15133,24.92329,00000000e8a064a4,18.79
20806,2019-08-01T09:06:56Z,626bf35ce16dba1054cfd175d09475d3ee751bf70e56f984ff5c7ab6,60.15133,24.92329,00000000e8a064a4,25.36
20807,2019-08-01T09:06:56Z,63ff2439779051005c18876d20ed53ce060c1de9d7976821bd518fc6,60.15432,24.9211,0000000019fb59c4,10.78
20808,2019-08-01T09:06:56Z,6470ee836399c5610581ec9de09772d350282ecc4c5c57fa02a5ec68,60.16075,24.95883,00000000f1124bca,27.28
20809,2019-08-01T09:06:56Z,674355e17da9460e58566497be518f2eb537880c67c788fedb5067db,60.16629,24.95957,00000000fb7600be,4.94
20810,2019-08-01T09:06:56Z,67cf7d2881080aa59ed36a6d88ea1946d17e9d1d5e1ad9eee1851969,60.18203,24.91341,00000000342570c2,12.69
20811,2019-08-01T09:06:56Z,684e7a868866e631c134ab5bd21b6ba738f6ebc6d5b5c169e366c6ee,60.16897,24.95222,00000000aa852af1,7.69
20812,2019-08-01T09:06:56Z,685af6b01bd180194d718801bb8b9c9de22050cc392d6c6441fe986b,60.18203,24.91341,00000000342570c2,14.89
20813,2019-08-01T09:06:56Z,68d7ad8fab31b3c5967a814376d0ddc6cf42e1db0d9e09dfbba169bd,60.16762,24.95415,000000006b44cce7,5.91
20814,2019-08-01T09:06:56Z,69e2854c78a472b462941ef730aa9fa7a9dba9c1cc22996396d4c78a,60.17919,24.95181,000000007b5207b6,23.56
20815,2019-08-01T09:06:56Z,6adce4d05e58232a97635a2fd7918e4e49d9295afc0989d727f9c712,60.17002,24.94407,000000006b087f40,1.7
20816,2019-08-01T09:06:56Z,6b1470ba4a0c39b3c73624a301dfd10eeec91f5f7e1c0311b8932de0,60.16897,24.95222,00000000aa852af1,29.32
20817,2019-08-01T09:06:56Z,6bd8f29dd69224345723669424cf7a61a7315a6f812ef43e5a7a44da,60.16762,24.95415,000000006b44cce7,20.28
20818,2019-08-01T09:06:56Z,6d94a134d3b5f52416c91453c67615e480218e6db3a6004b1ba8a79e,60.16829,24.94214,00000000afef4555,17.4
20819,2019-08-01T09:06:56Z,6dd5463e670c352180c1e912300e21e59f5e2976266df8c3c92b0baf,60.16829,24.94214,00000000afef4555,11.7
20820,2019-08-01T09:06:56Z,6e80fcea10d21e1d5e672b554c0f3fe686dc58934f38c3391fd5c262,60.17002,24.94407,000000006b087f40,23.56
20821,2019-08-01T09:06:56Z,6f616e6334d0ed70e5ea15408a51e9daf643369911d94d76830a7d65,60.16544,24.95398,0000000038d83d41,25.36
20822,2019-08-01T09:06:56Z,701dc50417b28dba15ad9ff809844f1766b6579389a2e5ebb0562635,60.16629,24.95957,00000000fb7600be,14.89
20823,2019-08-01T09:06:56Z,704c3f3075f13713c363014fa828e4a932e7a05676813b9963a1e554,60.17919,24.95181,000000007b5207b6,2.8
20824,2019-08-01T09:06:56Z,70d391038ec56b63a3737605c2c1db6ffbdca8e4490691776dc993f1,60.16829,24.94214,00000000afef4555,16.1
20825,2019-08-01T09:06:56Z,7176ddd6f2dc9be71319e3a2ea67061af7b5277adc890f23882c0afd,60.16829,24.94214,00000000afef4555,12.69
20826,2019-08-01T09:06:56Z,71b01bb8b8e877dc9ca40e756f441571d12ee3311a945417e8aaa116,60.16762,24.95415,000000006b44cce7,4.5
20827,2019-08-01T09:06:56Z,7292a4a47ed655e0ce0ead026bb0ae4b8093342f87a9aed5665c1456,60.16762,24.95415,000000006b44cce7,13.75
20828,2019-08-01T09:06:56Z,729c5f2cffe7e3f5554f3c2bbc7f717457700e648ccb716bb2e98c8a,60.17002,24.94407,000000006b087f40,25.36
20829,2019-08-01T09:06:56Z,72f088587da3409c5a4bec360a52a230a7551c3671441baaaabc6357,60.16829,24.94214,00000000afef4555,10.78
20830,2019-08-01T09:06:56Z,73d6b97f785fc0a0a9ed2a397fe1bf1cfa199679f6262451d10e0382,60.16762,24.95415,000000006b44cce7,13.75
20831,2019-08-01T09:06:56Z,747f06eec526dd916a0cc2ddbd175a102cdfd56f751802854085caea,60.16829,24.94214,00000000afef4555,16.1
20832,2019-08-01T09:06:56Z,74cb545f76f0bfc5498607247e26e814276a11ce91f77208054ecbc5,60.17002,24.94407,000000006b087f40,21.87
20833,2019-08-01T09:06:56Z,750297d0d8ff0ca837d9c2289c26302d62f38708617150431ab14509,60.16531,24.9442,00000000fdda10fe,16.1
20834,2019-08-01T09:06:56Z,76c2f7b3773d4bebd4dabada1c2b98fe4ea9762e9c98b4a6371d7746,60.16762,24.95415,000000006b44cce7,9.12
20835,2019-08-01T09:06:56Z,7700297fec4982ad776529835e2ab46d4e5cbc889e26f368c19efeef,60.16829,24.94214,00000000afef4555,2.3
20836,2019-08-01T09:06:56Z,774131d73accbbb31ec3c43c3501b7969645eb65df1839ca8116526e,60.15432,24.9211,0000000019fb59c4,25.36
20837,2019-08-01T09:06:56Z,7803e2d46157a5482e745447d4c2c332fbd818d87a20b0f6187c628d,60.17065,24.93641,000000000f4919c9,29.32
20838,2019-08-01T09:06:56Z,78609e8c2bd9c5464a2dcac1e41e4dedfa24ed31cca7098fd67c668b,60.16829,24.94214,00000000afef4555,18.79
20839,2019-08-01T09:06:56Z,78a9535148d256e36a93dcce58f6dac7864c3bcd43b255c37291aa30,60.17002,24.94407,000000006b087f40,18.79
20840,2019-08-01T09:06:56Z,7a6e7ba82e6b0c07f13302099a2ffb55e08a56850ee8c1c6c1bd65d3,60.17065,24.93641,000000000f4919c9,27.28
20841,2019-08-01T09:06:56Z,7c1534082e86ff4387878d813207626d8f728aa26b97248e00a3b8d7,60.16629,24.95957,00000000fb7600be,13.75
20842,2019-08-01T09:06:56Z,7d12711d47425111a6dce413faa867542b9532f3b9c5a934b37a0bc8,60.17919,24.95181,000000007b5207b6,20.28
20843,2019-08-01T09:06:56Z,7d415f4fd9093fb383b4ebb88961ad74e6a00d3ece39504712dad639,60.17919,24.95181,000000007b5207b6,21.87
20844,2019-08-01T09:06:56Z,7e2e3d07c939e3e76e7ce87678faf64e056afe54215e00488839100f,60.14947,24.91438,000000004ef3150d,13.75
20845,2019-08-01T09:06:56Z,7eee93799a4b0a73081b5997eaba4036febdfde0bb766caf4de4b5a2,60.16829,24.94214,00000000afef4555,4.94
20846,2019-08-01T09:06:56Z,7f59aaecea1eee6c703ec5d46d67b44289ddedf080defee495b73739,60.14947,24.91438,000000004ef3150d,17.4
20847,2019-08-01T09:06:56Z,809bf2d7a0745ae512b934a578fd5fd47c13c5398b6d06ad350b9e7c,60.14947,24.91438,000000004ef3150d,21.87
20848,2019-08-01T09:06:56Z,814fca075a588ae71c130bafc9384a1c17e7bd8168994ae6fca55205,60.16829,24.94214,00000000afef4555,27.28
20849,2019-08-01T09:06:56Z,8165c5f8d06298ffd56f071c0ad1cc9f1d4f08084936937d712d0b61,60.15133,24.92329,00000000e8a064a4,17.4
20850,2019-08-01T09:06:56Z,8243f773d2010adb11a0b1b0e2753bbd59392977ab58b60946376387,60.16829,24.94214,00000000afef4555,33.81
20851,2019-08-01T09:06:56Z,828afe5ee1f94b9afbfd61b9673b7c8b21457d11dafb1d2ad98dbd23,60.149,24.9843,00000000fffb8cf0,9.92
20852,2019-08-01T09:06:56Z,82bab0a1bfd11576cf62159546b756e1da44125c76909e270ced391b,60.16897,24.95222,00000000aa852af1,20.28
20853,2019-08-01T09:06:56Z,8524898e498c83bde4bc1848aa2b372da84e7b2266f36aabe128cc27,60.17919,24.95181,000000007b5207b6,13.75
20854,2019-08-01T09:06:56Z,85bdce5b262dbd94adcff03e6cad26a1152828b6ab27e6fdd56b2b13,60.16762,24.95415,000000006b44cce7,2.8
20855,2019-08-01T09:06:56Z,86b066ea755e9fd56188a608365c78bc7873db821770bdcfc83ed149,60.16762,24.95415,000000006b44cce7,9.12
20856,2019-08-01T09:06:56Z,86e7584bf95733cef59d74bb4955881e99dc86b73a0d5b4e3ef58b50,60.18203,24.91341,00000000342570c2,14.89
20857,2019-08-01T09:06:56Z,87f1cc4c4a9de1ab81fe39cf7fde6cf0d4778e690f1665b62231ce46,60.149,24.9843,00000000fffb8cf0,25.36
20858,2019-08-01T09:06:56Z,880f9cbb91b9caf48ea9c5dd1a0c8e1db72922b6dfcb647b102fc469,60.16629,24.95957,00000000fb7600be,3.09
20859,2019-08-01T09:06:56Z,88c2bc6310f27465b9f08b28fb52075d7703ce7b097e5beb37c7437c,60.14947,24.91438,000000004ef3150d,13.75
20860,2019-08-01T09:06:56Z,898cde3317c73907bb23b1b885828c4bf3187c3a757a18dc32abe970,60.16762,24.95415,000000006b44cce7,4.5
20861,2019-08-01T09:06:56Z,8b789024cc2e6b2143ce205690fe87cbdb761aa292e434010176906d,60.16629,24.95957,00000000fb7600be,12.69
20862,2019-08-01T09:06:56Z,8c571538c285dba9d77edacfb1829b282d54b772b62209c6e4004237,60.17919,24.95181,000000007b5207b6,7.69
20863,2019-08-01T09:06:56Z,8e20d0d67339e3cf43e77c3a340d9dc6766de8d079197a08a1343ff0,60.17065,24.93641,000000000f4919c9,14.89
20864,2019-08-01T09:06:56Z,941ae9ee7e3b81b7cee350c534d24d49294910aaccfec7cf9a38fb2d,60.16629,24.95957,00000000fb7600be,21.87
20865,2019-08-01T09:06:56Z,941e13893853105c86bfbc6d31d62274937602143ce3bb530c8c17ed,60.17919,24.95181,000000007b5207b6,3.74
20866,2019-08-01T09:06:56Z,94a511f0495a2cff2df26ded8f6da40e7a15287287ccf3125b5affd1,60.16897,24.95222,00000000aa852af1,27.28
20867,2019-08-01T09:06:56Z,9895eb1b16709e4d13b4f48b3370501a15b60673cd2eba7a2581113f,60.16762,24.95415,000000006b44cce7,18.79
20868,2019-08-01T09:06:56Z,99a026b5100e23129fa529e9a57a3dbc8490dc03b58f2193f03e2dcf,60.14951,24.92138,0000000006dd41f6,5.91
20869,2019-08-01T09:06:56Z,9abbc86fb0fc1c0532042814af76a97e6a17121831d4394749a290a6,60.16762,24.95415,000000006b44cce7,5.41
20870,2019-08-01T09:06:56Z,9b3e6848d8b34e802134d6da0e5a594897ec3fafbbf08b6d0b84068e,60.17919,24.95181,000000007b5207b6,4.5
20871,2019-08-01T09:06:56Z,9bdb503344071eddd74d821f537246d8a6c19468b05d38d0170377f9,60.16897,24.95222,00000000aa852af1,25.36
20872,2019-08-01T09:06:56Z,9bef8b28ea93ecaee57d05b037edbfe7f80014aaf56343345fedd7be,60.17919,24.95181,000000007b5207b6,7.05
20873,2019-08-01T09:06:56Z,9c3468620f03e8cd338f2e12c4d2839479aae001db527fb45cba43a6,60.149,24.9843,00000000fffb8cf0,25.36
20874,2019-08-01T09:06:56Z,9e343a150f07bb3dcce5ecab8ac061b84d65b347b1af5a232e00eeb6,60.16829,24.94214,00000000afef4555,6.46
20875,2019-08-01T09:06:56Z,9eee6d740f1d483c484d02f0995f35550c09e6a8cf01f02680db5efc,60.16448,24.97323,0000000053c6c2be,16.1
20876,2019-08-01T09:06:56Z,9fa57cff946eb6b758bd810321b0bb80d6f0c46ca5fb40b0ec22ca0d,60.16762,24.95415,000000006b44cce7,10.78
20877,2019-08-01T09:06:56Z,a04214b56cac7d70680703ee6a28fac742f3c3190b55b46a79c1f76d,60.149,24.9843,00000000fffb8cf0,17.4
20878,2019-08-01T09:06:56Z,a09607edc17117a3069b79434e751f93a2a00d0d6f9aceb043e32074,60.16762,24.95415,000000006b44cce7,9.12
20879,2019-08-01T09:06:56Z,a1049deed97cd1989c882cb47bb39f0d93d1fddbac4e9307e8a4249e,60.16544,24.95398,0000000038d83d41,25.36
20880,2019-08-01T09:06:56Z,a249a94b2496960ff9b9a9c75e4ff6fdf9cca679ff77028fd89163b9,60.16762,24.95415,000000006b44cce7,21.87
20881,2019-08-01T09:06:56Z,a2c53a9ecb3dab08bc3bf70db35ea02e6f15cedb137ce7817751f27c,60.16829,24.94214,00000000afef4555,17.4
20882,2019-08-01T09:06:56Z,a2e761fd97d8bdf78601300822b531e306b9ab7a1a43b6bfb07eba52,60.14947,24.91438,000000004ef3150d,14.89
20883,2019-08-01T09:06:56Z,a403dc1eebc5d130e12a4c3e4298737c9e00b25b1b6b2cc36a6979c9,60.16629,24.95957,00000000fb7600be,9.92
20884,2019-08-01T09:06:56Z,a47e8613674297dc49b26801b19d2110d009aaee57412f2127f3b093,60.16897,24.95222,00000000aa852af1,25.36
20885,2019-08-01T09:06:56Z,a6d0dd9de406b1201a4e438ec7c5f4a467f38c41e2dec42ff6c71d50,60.16897,24.95222,00000000aa852af1,21.87
20886,2019-08-01T09:06:56Z,a786eb3b8a25c58099a428799e99d0b86401f803ee38d3e5d20e59d3,60.15432,24.9211,0000000019fb59c4,10.78
20887,2019-08-01T09:06:56Z,a83415babca8eac00f69a32371a230fdadda29bf40fd69f75cf2e8fb,60.17919,24.95181,000000007b5207b6,10.78
20888,2019-08-01T09:06:56Z,a83703c80a4d58db87327a53b0d3664d23edf7350ff6b0afaa49c530,60.16629,24.95957,00000000fb7600be,14.89
20889,2019-08-01T09:06:56Z,a8ca7fb815e707c04434a085c4f99e783d56372143afc92225eae622,60.15133,24.92329,00000000e8a064a4,29.32
20890,2019-08-01T09:06:56Z,a982f65ed2c57aff3f744dba9f5e9ca929c81c14883516889898f207,60.16762,24.95415,000000006b44cce7,13.75
20891,2019-08-01T09:06:56Z,a9ee2aabbd32919adf0325ca2f2c5f8e0ba801bc168e8756cda957da,60.16629,24.95957,00000000fb7600be,25.36
20892,2019-08-01T09:06:56Z,aa05a7036c3586a79d23f426b78bf158357208bc82d7ddf9a1326dd2,60.16531,24.9442,00000000fdda10fe,21.87
20893,2019-08-01T09:06:56Z,aa5281244780ac8f283c3452639d477cd76e31fc6f0b95b99c51a9b0,60.16762,24.95415,000000006b44cce7,3.4
20894,2019-08-01T09:06:56Z,ab615ee5bbf567aee3505fbb360d09fc6b851f93fb15aef778b57128,60.16531,24.9442,00000000fdda10fe,9.92
20895,2019-08-01T09:06:56Z,abf0be93e7a8aec9fa8284fdbcc2493f32084aa95f15660b23e149c6,60.16629,24.95957,00000000fb7600be,14.89
20896,2019-08-01T09:06:56Z,ad22512fd6a5ad9e19fdfad7e02b2793ecb01875be243f894c637ae2,60.16829,24.94214,00000000afef4555,5.41
20897,2019-08-01T09:06:56Z,af67ffa8b538058603b74f48e04ab914e8f6cd450f53c47f8c3d683d,60.15432,24.9211,0000000019fb59c4,7.69
20898,2019-08-01T09:06:56Z,afaed9946dbc1509500c6f80f87eed8fe44a74ba3e14328c6efe3971,60.16829,24.94214,00000000afef4555,9.92
20899,2019-08-01T09:06:56Z,b09e9bb62cc49c085c1aee3b752af1bec69dabc939323e5733f73933,60.17065,24.93641,000000000f4919c9,23.56
20900,2019-08-01T09:06:56Z,b25339bfcf356e1460eec7d6494ab8fa8fe2ee363afb6496ab1a1fb9,60.16829,24.94214,00000000afef4555,7.05
20901,2019-08-01T09:06:56Z,b32e57a6f5865a23d7a0e9fa346d5ec4e975f99c4df815fe8b1449b2,60.17919,24.95181,000000007b5207b6,12.69
20902,2019-08-01T09:06:56Z,b50a45ac0708e7b5cca42f3458430eb22ff70a81c575bafe99ffda23,60.17002,24.94407,000000006b087f40,5.41
20903,2019-08-01T09:06:56Z,b5603e758440226e490d1d7d7271a7b0d5c261eccbad198f81110136,60.15432,24.9211,0000000019fb59c4,3.09
20904,2019-08-01T09:06:56Z,b6c43126ca83e916a68e57d0178060c24fc61305836b6c8f188f7285,60.17919,24.95181,000000007b5207b6,8.38
20905,2019-08-01T09:06:56Z,b8fb70225ee0a2d655e2809da07a2f8cd2feb7295aa256f8b35fcf1e,60.16629,24.95957,00000000fb7600be,11.7
20906,2019-08-01T09:06:56Z,bb2187a4e20012ad694c768ef2c47c9a9055671024ebf4855d4e6243,60.16531,24.9442,00000000fdda10fe,1.54
20907,2019-08-01T09:06:56Z,bc20b3b236588d3632c07aba05bd43ff4ec70f10290f2feb5175b8ab,60.16762,24.95415,000000006b44cce7,17.4
20908,2019-08-01T09:06:56Z,bc436a99a8805080541bd9dc9743df4f0e34172e2c70b59f64c4260c,60.16762,24.95415,000000006b44cce7,7.05
20909,2019-08-01T09:06:56Z,bc6d5082ca52e6dae7a1689a835434f3f6341e90afea565480eb9674,60.16829,24.94214,00000000afef4555,14.89
20910,2019-08-01T09:06:56Z,bc82f76c979de19b559e9e3aa0cd6cbf5ac361e2d7b1ac9f81fe2f4f,60.17919,24.95181,000000007b5207b6,8.38
20911,2019-08-01T09:06:56Z,be12d6aaccf354197284a8c92b960bd6a4e1705f7d948823e7891fde,60.16762,24.95415,000000006b44cce7,3.74
20912,2019-08-01T09:06:56Z,beaae42e2432399a2fe1038d7d9bc164f369b4ad61458aaa4fd733b6,60.16762,24.95415,000000006b44cce7,11.7
20913,2019-08-01T09:06:56Z,c113f079b71821e38aa26138713642ff78a6b47616331b78bf9e7f63,60.16829,24.94214,00000000afef4555,25.36
20914,2019-08-01T09:06:56Z,c15da9ed244b57a27a083919c67d0edde078a31b18cb58f13581f173,60.1538,24.95595,0000000038bf9618,23.56
20915,2019-08-01T09:06:56Z,c1674c59c49d5bf74e6808239a91d18a04e47697d298bc61a7618af2,60.16448,24.97323,0000000053c6c2be,16.1
20916,2019-08-01T09:06:56Z,c1bf1bf699e9bc78ca15c9490d1ef02e3323f0c2c76bf0fca7955a69,60.14947,24.91438,000000004ef3150d,14.89
20917,2019-08-01T09:06:56Z,c3320c19d0343faf8c298070dd061465dd6b2e745170ca7a14b0b01f,60.1538,24.95595,0000000038bf9618,33.81
20918,2019-08-01T09:06:56Z,c434f18b802a764aad7a2dfb46e93546acb1b0975cf9b93fd47363f6,60.15432,24.9211,0000000019fb59c4,9.92
20919,2019-08-01T09:06:56Z,c6d34066a212d08ed92a2a2ac4ec1eeebbac7e6aea3ef939d15d0e35,60.16448,24.97323,0000000053c6c2be,27.28
20920,2019-08-01T09:06:56Z,c872af9997af535c4615ee0b4194c7c8d644b7962afb3ca321eb386f,60.15133,24.92329,00000000e8a064a4,20.28
20921,2019-08-01T09:06:56Z,c8aef405537103b9d31a7e2dda43949f5844b9a36494f8defaf0d803,60.17002,24.94407,000000006b087f40,33.81
20922,2019-08-01T09:06:56Z,c98bce1cc275ed0a1b833011f8cd251ac848fdc84501fe87eb8b5d54,60.17918,24.95141,00000000675d5200,16.1
20923,2019-08-01T09:06:56Z,cccf3ba2a9d11b9330c18af8064a20aca9995473495bf119162a1619,60.16897,24.95222,00000000aa852af1,9.92
20924,2019-08-01T09:06:56Z,cd24d4831d3c3e8dad5e555b47528aa6b11e307b2882be4f65dd4076,60.17002,24.94407,000000006b087f40,21.87
20925,2019-08-01T09:06:56Z,cd36467a9e57a5646d6d8d587b8089c12074243a9ac10ee83b37fbac,60.16629,24.95957,00000000fb7600be,13.75
20926,2019-08-01T09:06:56Z,ce7de55c7709396c70ce5930097e84449a4889700e605a0b062aaeae,60.16531,24.9442,00000000fdda10fe,31.5
20927,2019-08-01T09:06:56Z,cf3becaea135664fbc96426dfc7fc59f775667f15648d29541c80ece,60.16762,24.95415,000000006b44cce7,16.1
20928,2019-08-01T09:06:56Z,cf9455daa4877b79636eca3ae57056b08dfc0b42f107cedb6f5a3f16,60.16829,24.94214,00000000afef4555,14.89
20929,2019-08-01T09:06:56Z,d062562fed5ad0a61560e267310beb0b717d2a1e2a11d1d575507861,60.16897,24.95222,00000000aa852af1,36.27
20930,2019-08-01T09:06:56Z,d16e16def718519430296afa23976c226aaf720722bce3d92a2aad43,60.14947,24.91438,000000004ef3150d,16.1
20931,2019-08-01T09:06:56Z,d2565986030ddea596554d64d126e84d618ce72222ab6888c3debf59,60.16448,24.97323,0000000053c6c2be,21.87
20932,2019-08-01T09:06:56Z,d29a5ebd00326d5dedb6c60cab75fd238bdaa9d7f703f6b5974edbc7,60.16762,24.95415,000000006b44cce7,17.4
20933,2019-08-01T09:06:56Z,d31d6921eee92503b486a1b30f5330581c4744a82e6549f375544846,60.17919,24.95181,000000007b5207b6,14.89
20934,2019-08-01T09:06:56Z,d3f966516acf006031daf47f0af91fa5d59aa383ac5728b0bf05534d,60.16829,24.94214,00000000afef4555,14.89
20935,2019-08-01T09:06:56Z,d48c8d6c9167c2eb6e1b8f9bd677138e52ac99b3f5bc81849215a6dd,60.16762,24.95415,000000006b44cce7,11.7
20936,2019-08-01T09:06:56Z,d562afdedae521be241c98441e436608a323fdb944dedc24c835e762,60.17065,24.93641,000000000f4919c9,4.11
20937,2019-08-01T09:06:56Z,d653ef8368d33df4fc7edeb5a381d5826be1471f1470aa9744d47901,60.173,24.92524,0000000096918cfa,2.3
20938,2019-08-01T09:06:56Z,d65b8625c1f24304ff0e3c4a4dce7aa5d434d36be87be41834a49420,60.16531,24.9442,00000000fdda10fe,6.46
20939,2019-08-01T09:06:56Z,d6e217c6592e449e2390b1a874e08cbc9126116901dbdbf84501c6b8,60.17065,24.93641,000000000f4919c9,3.74
20940,2019-08-01T09:06:56Z,d74ea3c9e0aaa523c791aa01f4f9a7c1c43f01f585dc4146b19edf83,60.17919,24.95181,000000007b5207b6,6.46
20941,2019-08-01T09:06:56Z,d7b78a846d4e33fb65a24c98f7ee48e56f0a27b89b8c1f352538e69e,60.16629,24.95957,00000000fb7600be,33.81
20942,2019-08-01T09:06:56Z,d81eea3c8bf927d879268dc01665b897d48eecc647bbf61f91f37a33,60.16544,24.95398,0000000038d83d41,21.87
20943,2019-08-01T09:06:56Z,d87c4d5dc2cd620de54fdd076d4f9b35245053d65b644d9e01f558b5,60.16762,24.95415,000000006b44cce7,5.91
20944,2019-08-01T09:06:56Z,d8e192aeb0216a9b0596cedcf42e1b5140d6cfbbc830edc10f50c3d1,60.16762,24.95415,000000006b44cce7,20.28
20945,2019-08-01T09:06:56Z,d96f75e45e25f419ec5440ac7b974af6ecb23842b2dc149285d892d5,60.17002,24.94407,000000006b087f40,25.36
20946,2019-08-01T09:06:56Z,dabcb9bbcad959eef577459aac69f25a0518f57fb7a7e1f03711fd9d,60.16762,24.95415,000000006b44cce7,21.87
20947,2019-08-01T09:06:56Z,dc00d45c0dd506326fb4dd3692d409df80cb3d871341ffff720dc834,60.16762,24.95415,000000006b44cce7,14.89
20948,2019-08-01T09:06:56Z,dc786895c819070347a0a268463f0a8b15f5eec1647f016a9e78e9e0,60.1538,24.95595,0000000038bf9618,25.36
20949,2019-08-01T09:06:56Z,deb8a213e1b4930e676ee8fdb394161ec46adb785171fa37437b4d44,60.15133,24.92329,00000000e8a064a4,14.89
20950,2019-08-01T09:06:56Z,dfe80baf219bd267a459c954a8e3027b3f1ed29fea2a5355456d5652,60.16897,24.95222,00000000aa852af1,7.05
20951,2019-08-01T09:06:56Z,e09515dbe1e90af07cb756a83c222c60f5f0566f94590848e72f6401,60.16762,24.95415,000000006b44cce7,20.28
20952,2019-08-01T09:06:56Z,e0fe7fe5854899c0eb42b75b300339808143419404558ed4d00b0f17,60.17919,24.95181,000000007b5207b6,21.87
20953,2019-08-01T09:06:56Z,e2089089425122e7663529894c1f8f09bed5855d30e49bc5d422097e,60.14699,24.922,00000000a53ed894,27.28
20954,2019-08-01T09:06:56Z,e234769b1ce1634554f5fa4a290d11b2a30c3dfd009d4c39a2e9dd3d,60.17065,24.93641,000000000f4919c9,12.69
20955,2019-08-01T09:06:56Z,e294dde431d68c7b73efcf1f9b916e40bf408111c79228032c7830a4,60.16544,24.95398,0000000038d83d41,25.36
20956,2019-08-01T09:06:56Z,e2bb0ae74deee6cbc4f50c5f85da3f1779ca1db1ae7ff48ab4b33dbc,60.17919,24.95181,000000007b5207b6,10.78
20957,2019-08-01T09:06:56Z,e3f844c56875bd572c3b57a835b884f1060b467d3bbd25c50dcc7e28,60.16762,24.95415,000000006b44cce7,11.7
20958,2019-08-01T09:06:56Z,e508e239ba2ca68b34ad5074f3d7b013e72f6f7df36eb6cdf545be78,60.16762,24.95415,000000006b44cce7,21.87
20959,2019-08-01T09:06:56Z,e528235be3e5cc4945024d50d1ed43061e2e2f2845f2b41e081e1721,60.17919,24.95181,000000007b5207b6,14.89
20960,2019-08-01T09:06:56Z,e5cad8bb9a6c8dcc067948d7f869033aca5bdd062da175c8734092e6,60.17919,24.95181,000000007b5207b6,4.94
20961,2019-08-01T09:06:56Z,e73dcccbc4dd6af49316f19a34c347cc94ff7ab079a93a2672d78a16,60.14947,24.91438,000000004ef3150d,17.4
20962,2019-08-01T09:06:56Z,e8add7e8346b99cd4b67924113f3763441a1899897c6d1ac3a1a40a6,60.17919,24.95181,000000007b5207b6,11.7
20963,2019-08-01T09:06:56Z,e8b14b185b461432fb53173b85222a67aa1f06d08737fe48a4c20ae5,60.17002,24.94407,000000006b087f40,23.56
20964,2019-08-01T09:06:56Z,e8ed8051f57ad9d9029a5e3b443c5e93e5059f8c487ba45e2583d35a,60.16829,24.94214,00000000afef4555,29.32
20965,2019-08-01T09:06:56Z,e9275b4d525e0593374e00e9cf9885062a1699ecb3462c758a025ef1,60.16762,24.95415,000000006b44cce7,13.75
20966,2019-08-01T09:06:56Z,e979a153601f7520f54d4733fe91f75f154c8f1c08dc3408dbba5345,60.15432,24.9211,0000000019fb59c4,6.46
20967,2019-08-01T09:06:56Z,ea1b1a8ba1c01fdd1e098c585b133fc3d60f7c2458e7c2726e2df8ee,60.16629,24.95957,00000000fb7600be,31.5
20968,2019-08-01T09:06:56Z,ea3f8412ed9c4d92448688dd9cc7ff9e3eeb5fe4373d0953bf0349c1,60.16531,24.9442,00000000fdda10fe,12.69
20969,2019-08-01T09:06:56Z,ec7121833f0e4b509d683b00a9c5e992e4b84882cb857145102e14f4,60.16531,24.9442,00000000fdda10fe,1.54
20970,2019-08-01T09:06:56Z,ee424f3045accaa01434f840d87b26b22f65fb6b2f8d34a4b94d6fcc,60.16762,24.95415,000000006b44cce7,18.79
20971,2019-08-01T09:06:56Z,eef621895ee74145a6d76c5f5493a93d7c728c80abe45a2e1933ae9f,60.16897,24.95222,00000000aa852af1,17.4
20972,2019-08-01T09:06:56Z,ef67b9e4617f284b84167b4bdaff71108579a33ced0a2450ff25a1a1,60.16629,24.95957,00000000fb7600be,11.7
20973,2019-08-01T09:06:56Z,ef6e7d641ebef891165f5f8178b3195fbc6c86dc5f904ca2cca43e32,60.16897,24.95222,00000000aa852af1,23.56
20974,2019-08-01T09:06:56Z,f1447725764ec0dca245fc67f2aa0a0c42e6b05808076aa74f0c1e7e,60.17918,24.95141,00000000675d5200,7.69
20975,2019-08-01T09:06:56Z,f1b28329fc91f4708ca34857c5582c0bf1b7d0ab06127746029cd72c,60.17919,24.95181,000000007b5207b6,3.09
20976,2019-08-01T09:06:56Z,f20935810c1567a80c288016c4d4dd32fe86b3479f47ae7dd64d15cc,60.15432,24.9211,0000000019fb59c4,9.92
20977,2019-08-01T09:06:56Z,f29ed00b645af4bbf50174e71f58a9b691d2e2342e59eda242d97380,60.16829,24.94214,00000000afef4555,14.89
20978,2019-08-01T09:06:56Z,f4131e8c526b295b32dc9448a2a43ec900e25e8914003a963782e36c,60.16829,24.94214,00000000afef4555,3.4
20979,2019-08-01T09:06:56Z,f4bbc3077da0455d4340da2eed204915327b75a792080724548b4956,60.17919,24.95181,000000007b5207b6,4.94
20980,2019-08-01T09:06:56Z,f503a41d3e8b9b57628f4f061c1d8e0c53c62dd8a6fe38d212958ee6,60.16075,24.95883,00000000f1124bca,11.7
20981,2019-08-01T09:06:56Z,f50fd3b1715a94dff67461f4b8f252ecaa6acc16459b3d021f34f15e,60.1538,24.95595,0000000038bf9618,33.81
20982,2019-08-01T09:06:56Z,f587de6c8c03387c5e6a66cd7d20c45abad3668c8e2246611122547b,60.14947,24.91438,000000004ef3150d,10.78
20983,2019-08-01T09:06:56Z,f77f8836e641389801309c311e926c1662264ab16efd01cd5bf27baf,60.16762,24.95415,000000006b44cce7,3.09
20984,2019-08-01T09:06:56Z,f9e527876f8dfe750fd29bc42664bbf572aed5d09d344a8934a83d90,60.17065,24.93641,000000000f4919c9,5.41
20985,2019-08-01T09:06:56Z,fa1a3814c680b20020a08346c37ee2853e895984574575312bf262e7,60.14947,24.91438,000000004ef3150d,16.1
20986,2019-08-01T09:06:56Z,fa9f19c58a086fde9429d732b1eec80eacf5fc1b2c0124d17243d008,60.17919,24.95181,000000007b5207b6,16.1
20987,2019-08-01T09:06:56Z,fb2df85c8938d6a1bbd1ff0a1cd8aa23480ae08dc39d2b584ed35e14,60.16762,24.95415,000000006b44cce7,10.78
20988,2019-08-01T09:06:56Z,fba6e66dd09200012637e0b454c96fd7a5459b7e8b0ba01863cdbd77,60.16762,24.95415,000000006b44cce7,6.46
20989,2019-08-01T09:06:56Z,fea1453360073dfc1896bf1f005f51addb49661f953e16cffba3c63d,60.16531,24.9442,00000000fdda10fe,12.69
20990,2019-08-01T09:06:56Z,ff3580f7bd2e1882c23d4afbfcaa5eb85473ce822d5833faecefdd31,60.16897,24.95222,00000000aa852af1,10.78
20991,2019-08-01T09:06:57Z,0bc5d37416fd27c336d64358a660668746f2c088ea9bf78994076bf9,60.16829,24.94214,00000000afef4555,17.4
20992,2019-08-01T09:06:57Z,144afc51fc2443c7031a2912566eff2ce60226a49d6d2bd7c2923700,60.16544,24.95398,0000000038d83d41,25.36
20993,2019-08-01T09:06:57Z,14c7e1511b70f4dd3359cbece1377aebb4d70531f5489eefe53d7c3c,60.16544,24.95398,0000000038d83d41,27.28
20994,2019-08-01T09:06:57Z,15918569de0a46a8eb56b43d8d39f7fc82619ff1006f00822c85745c,60.17919,24.95181,000000007b5207b6,11.7
20995,2019-08-01T09:06:57Z,165ebbb4090d47319ae370f0d0854fdc1f6b79499f8b2e4d3c3533c0,60.16544,24.95398,0000000038d83d41,20.28
20996,2019-08-01T09:06:57Z,171d0bf49a26400390df42bc1c9af98d9279bf8ccee92f39288845e1,60.16762,24.95415,000000006b44cce7,6.46
20997,2019-08-01T09:06:57Z,1951291ca064d0fb480d958037c1477427d2ca8db455fef0b741bf9f,60.16448,24.97323,0000000053c6c2be,20.28
20998,2019-08-01T09:06:57Z,1f0f0628cdc688d76bde2b82bee5b9b4916bf0bbdfe76cf3213e1c65,60.15432,24.9211,0000000019fb59c4,21.87
20999,2019-08-01T09:06:57Z,292606f67d727ffe99f3d106b447f4be48f7a9d57bab0871c46eeb58,60.1538,24.95595,0000000038bf9618,29.32
21000,2019-08-01T09:06:57Z,2a93b61a3863ace54349d7a0937e4134fcc6d4dfcf064eefae2b7cf8,60.15432,24.9211,0000000019fb59c4,20.28
21001,2019-08-01T09:06:57Z,5d65719c4cbf045f068d084b72302f447d5fd034413d97d13be00d0e,60.18203,24.91341,00000000342570c2,20.28
21002,2019-08-01T09:06:57Z,6a657079c1bdc8114c289be1ddd83e5846d4279a920d1697b8ff0033,60.18203,24.91341,00000000342570c2,21.87
21003,2019-08-01T09:06:57Z,6d22b751ff5173035dc85c52c3dff0780126adae67fe33dc62dd45ef,60.16531,24.9442,00000000fdda10fe,18.79
21004,2019-08-01T09:06:57Z,6ff437688c444238352c28f64f9d2a7d0f14d19c9ea42c225380501e,60.16762,24.95415,000000006b44cce7,11.7
21005,2019-08-01T09:06:57Z,76c7f42283513d0e289bf786d89463b5025b2ae0f4e13519a4cf228b,60.15432,24.9211,0000000019fb59c4,16.1
21006,2019-08-01T09:06:57Z,7e3732555857e1d69a6cca9b4394bf4a41e57241a23c4afe2816f715,60.17002,24.94407,000000006b087f40,20.28
21007,2019-08-01T09:06:57Z,84fdfd8881f633c5f0c71c1480053953ca4b05e848052d97c063ad38,60.1538,24.95595,0000000038bf9618,36.27
21008,2019-08-01T09:06:57Z,87dfaad29a9276ddddb1fa021d3bc23ad14824c1af16f7d87e713689,60.14951,24.92138,0000000006dd41f6,9.92
21009,2019-08-01T09:06:57Z,8cc6ddaa460aeae8cc9e8a33f91a01c8cd4c0c8bf8a943210a28c84d,60.1538,24.95595,0000000038bf9618,16.1
21010,2019-08-01T09:06:57Z,8ffeb52bff155eab19ca329d16be495cd44a08aa7f79b94db079caf9,60.15432,24.9211,0000000019fb59c4,27.28
21011,2019-08-01T09:06:57Z,9843c6216661048343a0e49cf3d8aa2883cf77f452666a1c873a1052,60.16448,24.97323,0000000053c6c2be,9.12
21012,2019-08-01T09:06:57Z,9d03d14afa49576281aa26db60e517f7c1ec8aa36f7756959a860a8a,60.16629,24.95957,00000000fb7600be,10.78
21013,2019-08-01T09:06:57Z,9ff35a7f150d05ef75c3777dbae4f91e5b1a4d0830a984c50f6da1bc,60.16897,24.95222,00000000aa852af1,27.28
21014,2019-08-01T09:06:57Z,a91d379a4b57c5df22db0d7a041ff69f657b4b31f28554b1011fc03c,60.16544,24.95398,0000000038d83d41,27.28
21015,2019-08-01T09:06:57Z,a9da1ee82e3b670e276c26b483dd50f4a6d0c6f77ef82245d3ae6086,60.18203,24.91341,00000000342570c2,11.7
21016,2019-08-01T09:06:57Z,ab0f67c0c0e1ba5eac9013f9c314feadf340ddf08543b91e70483594,60.16544,24.95398,0000000038d83d41,20.28
21017,2019-08-01T09:06:57Z,b33ae7715d6d2571066655c2c8954a5a364b5601869047de83410d9f,60.16629,24.95957,00000000fb7600be,23.56
21018,2019-08-01T09:06:57Z,b4faf2d3c4d2b199afeab6ab63b583fe3a2e81e14abbef6917f25129,60.15432,24.9211,0000000019fb59c4,18.79
21019,2019-08-01T09:06:57Z,b5fd6b317890e5ab2d79e2cd1abe61626d45a753c7337d0d40728898,60.16762,24.95415,000000006b44cce7,10.78
21020,2019-08-01T09:06:57Z,c40c37def6bf11a63a2556519a7c6233fd417cdeea2cf14f28e7c42c,60.16531,24.9442,00000000fdda10fe,25.36
21021,2019-08-01T09:06:57Z,cf05623e4d87ce0906c0b0b7dbf53aacc1228016cd27c341228b6e76,60.18203,24.91341,00000000342570c2,18.79
21022,2019-08-01T09:06:57Z,d178749a24c32676d0da0f51ae6ff63c456499d4b1814af8fa75ca9e,60.16448,24.97323,0000000053c6c2be,6.46
21023,2019-08-01T09:06:57Z,dd2c9c82cf3737146294aff6f814a1349fb0bc4bedf518715dacbe8f,60.18203,24.91341,00000000342570c2,14.89
21024,2019-08-01T09:06:57Z,df89b51aeaaa1a8c64db45d6c35f918b650806b37aea9b50246a3267,60.16829,24.94214,00000000afef4555,23.56
21025,2019-08-01T09:06:57Z,ebd5792818b1818f5d1ea2cd8ef5e4b500cfc7a7fbb7be7907ce2d0c,60.16762,24.95415,000000006b44cce7,17.4
21026,2019-08-01T09:06:57Z,ec72ef080c605e71978aed0d3b5f22c3c3133677a43c614b72eedc6d,60.14699,24.922,00000000a53ed894,27.28
21027,2019-08-01T09:06:57Z,ed70dda6b7faebd4340dacdb452ab224d9d3c308df417b7fa76f54e8,60.14951,24.92138,0000000006dd41f6,21.87
21028,2019-08-01T09:06:57Z,f088630d7476dae7d4b7e2bb1f10575f2c89acb4b6e061f3d57c2b40,60.16531,24.9442,00000000fdda10fe,23.56
21029,2019-08-01T09:06:57Z,f543e7230fc191ff5f761b17871123a9e0ce4227cc186135a42f511a,60.149,24.9843,00000000fffb8cf0,21.87
21030,2019-08-01T09:06:57Z,f83d4b6b8ffbf8a674d212e32100b2360b80261b4e9207d77c0b0ed3,60.17919,24.95181,000000007b5207b6,16.1
21031,2019-08-01T09:06:57Z,fc4f3a44235f1cfc7b53f14ba2da599976a5a0a220d23b852688e485,60.17919,24.95181,000000007b5207b6,13.75
21032,2019-08-01T09:06:57Z,0097b685a95e22fc898384590c0f5bf87d9831b8750326fbf9a740c3,60.16829,24.94214,00000000afef4555,21.87
21033,2019-08-01T09:06:57Z,00cf880933075f70a32ca748c0299b5dee3089d042185bd2787eed56,60.16762,24.95415,000000006b44cce7,11.7
21034,2019-08-01T09:06:57Z,02050a536056486b1bf139282f0d0a3af63def1d56ff0c73ac51bb19,60.14947,24.91438,000000004ef3150d,17.4
21035,2019-08-01T09:06:57Z,023083c44c772667f1727e01c74518889b2a82d78ceb28c08b6f8a20,60.16531,24.9442,00000000fdda10fe,27.28
21036,2019-08-01T09:06:57Z,026f61905925674212a1c7d1e14b2ee5d1039bb4ecb5159f7d522150,60.16762,24.95415,000000006b44cce7,14.89
21037,2019-08-01T09:06:57Z,028149b8bfaf37d1f064cb0b4f23ae118f00d8eff41679fb8830396a,60.16531,24.9442,00000000fdda10fe,23.56
21038,2019-08-01T09:06:57Z,031cc7ace40b0f25c93928f5a9f985a46a0a3f62b0a13b2b05b46171,60.18203,24.91341,00000000342570c2,23.56
21039,2019-08-01T09:06:57Z,0362cc670dcfab795a3911957b6a177416bf9b99d0e2732716796c4d,60.15432,24.9211,0000000019fb59c4,16.1
21040,2019-08-01T09:06:57Z,03f427d436ba092925de462b11374bdbdab0443620037675621fbc11,60.17919,24.95181,000000007b5207b6,7.69
21041,2019-08-01T09:06:57Z,0483eb7342f4e704caa76b9bc3d6a7bd836282960dafc2c756247134,60.16762,24.95415,000000006b44cce7,4.94
21042,2019-08-01T09:06:57Z,04bd08c0b620fe867a3c4d80944e941f2d99bb23f6ae4681d03357a8,60.16829,24.94214,00000000afef4555,36.27
21043,2019-08-01T09:06:57Z,04c26e81b9a9c7fbc6060d74236c616220c3cd580100a0c58a62ea1a,60.16897,24.95222,00000000aa852af1,25.36
21044,2019-08-01T09:06:57Z,063935180fff0e58de5d319ecb9320cf794423e3c6aeac0cca8f1a9f,60.16897,24.95222,00000000aa852af1,29.32
21045,2019-08-01T09:06:57Z,06753eb9c56292934b34f1c8d302486ee36fd733da500c23c70a53cd,60.16448,24.97323,0000000053c6c2be,10.78
21046,2019-08-01T09:06:57Z,0849a091b1aabe9b614b6b5c54dffd083dbb4473ca90dc972e4d37de,60.16829,24.94214,00000000afef4555,8.38
21047,2019-08-01T09:06:57Z,08f9fd60f852d3502bfa509c955e9963e73954f961d55ba8cd46cae9,60.16629,24.95957,00000000fb7600be,17.4
21048,2019-08-01T09:06:57Z,0951ec0c700dba7330b8e8181fc852becde054d0dc7474d1488db3cd,60.17065,24.93641,000000000f4919c9,21.87
21049,2019-08-01T09:06:57Z,0b2113aef6343bd380b41eb56db078464631da4182d2a54328c937df,60.16762,24.95415,000000006b44cce7,11.7
21050,2019-08-01T09:06:57Z,0bbf3e8a8b496959ba413e4ebbe23719511fa4c9dd914960054d7c7f,60.16762,24.95415,000000006b44cce7,13.75
21051,2019-08-01T09:06:57Z,0c1684b697a63d7f47ebaedcfa060b3b4af294fec1e62d613699291a,60.16897,24.95222,00000000aa852af1,6.46
21052,2019-08-01T09:06:57Z,0d36588b0274c7fc1c33ed938ed6883bd98d7e2d5a66328940df8a94,60.14947,24.91438,000000004ef3150d,13.75
21053,2019-08-01T09:06:57Z,0e62c7194170ff5abcdede8e7bb2dc9370e053dcd7957fc62f077453,60.16829,24.94214,00000000afef4555,18.79
21054,2019-08-01T09:06:57Z,0f8e18e52422d7fb71594f8dbfc8bb5ae986eb9f664407f954e275b4,60.16762,24.95415,000000006b44cce7,14.89
21055,2019-08-01T09:06:57Z,1069967e3921871955b1b2b42e60f829c593a3e024401bfe61ae410e,60.16629,24.95957,00000000fb7600be,12.69
21056,2019-08-01T09:06:57Z,10d0fed0f7d40b253b5fc5a53297dc9af8bb76fa6f34d5e71383cb62,60.17919,24.95181,000000007b5207b6,18.79
21057,2019-08-01T09:06:57Z,1271bcd33c0056265a5bdf6df4092a3c9e2209abee80570cb172031b,60.16897,24.95222,00000000aa852af1,8.38
21058,2019-08-01T09:06:57Z,12b9b313e577dbbb9619247e0a5ded14c2b56bede5b421cac44f9597,60.16448,24.97323,0000000053c6c2be,25.36
21059,2019-08-01T09:06:57Z,13a759fd293cbde0d55db753d853768b718e59036c4007d2e3a8757a,60.16762,24.95415,000000006b44cce7,9.12
21060,2019-08-01T09:06:57Z,141ffc858c3ea6a2e69c954115114304736a35dc25ec947323090dc0,60.16762,24.95415,000000006b44cce7,9.12
21061,2019-08-01T09:06:57Z,14a062f886bdedfe7c4c6cdae992fae0cd9703f957f69bbc4616d894,60.16897,24.95222,00000000aa852af1,23.56
21062,2019-08-01T09:06:57Z,14b431f72fc7a1705dec55f60900c3104cc3eab2bed0b01ad6745910,60.173,24.92524,0000000096918cfa,38.87
21063,2019-08-01T09:06:57Z,15a3cdd20e3ce88c179a07d78a2d5fdda854b0fef8441d8cb3aebde8,60.17065,24.93641,000000000f4919c9,17.4
21064,2019-08-01T09:06:57Z,167a52adcdc4d9a7f697ffc5e058fcb79a22a32ba0b8ed45a36311f2,60.17002,24.94407,000000006b087f40,21.87
21065,2019-08-01T09:06:57Z,16e18d478be872d2a9801fa885d08edeb3f5ae1840b38478f9baf535,60.17919,24.95181,000000007b5207b6,16.1
21066,2019-08-01T09:06:57Z,171980d40f8d22e4729243ca1e6e18c1416a08d9e495829266ca211e,60.16897,24.95222,00000000aa852af1,12.69
21067,2019-08-01T09:06:57Z,190cdde22bc3e3a41cd0f9da7efb3a917bc09e8034b05ca6064ea8a8,60.17918,24.95141,00000000675d5200,17.4
21068,2019-08-01T09:06:57Z,1ad9bdffafbbf8933ab6b3b695988ad31df32a874eddbf84de369e78,60.16448,24.97323,0000000053c6c2be,20.28
21069,2019-08-01T09:06:57Z,1b68a6bcf7b740e0c437e0976d4900f31368afcb2c757bba30e0a249,60.16829,24.94214,00000000afef4555,2.54
21070,2019-08-01T09:06:57Z,1ca38fda596b437fcaa63f5296adc43c90e729aa040f4b66265aff47,60.173,24.92524,0000000096918cfa,17.4
21071,2019-08-01T09:06:57Z,1cfafdaa3ff1975bcf6f699641431e88775ba2183074d825eeb81dd3,60.149,24.9843,00000000fffb8cf0,14.89
21072,2019-08-01T09:06:57Z,1d70ff49909e1d6fb653ae053aa78084daf385dbbd2ad22b05707309,60.16829,24.94214,00000000afef4555,21.87
21073,2019-08-01T09:06:57Z,1da40c618e0432bb037d08723b65821f6223509e8b4033a4b4190047,60.17065,24.93641,000000000f4919c9,29.32
21074,2019-08-01T09:06:57Z,1dcff36b6f83b08b6ea87c1c1018c542c270299839908ca446dffb39,60.16762,24.95415,000000006b44cce7,10.78
21075,2019-08-01T09:06:57Z,1e3044c19f6913531b6dd4bccb88ad02c1b39192513ccffa05444edb,60.1538,24.95595,0000000038bf9618,23.56
21076,2019-08-01T09:06:57Z,1eadb2c1984aa73c3c2f13eab0a2e793331443c617681e36887f0bcc,60.16629,24.95957,00000000fb7600be,20.28
21077,2019-08-01T09:06:57Z,1ecbc7c6afe89033252e5510cbb893666af2b3bc29f555a3a6287fdb,60.14951,24.92138,0000000006dd41f6,3.4
21078,2019-08-01T09:06:57Z,1f813dc10021899138c12ca17c58ab3dc24db1750dcb1790f9c20e8f,60.15133,24.92329,00000000e8a064a4,16.1
21079,2019-08-01T09:06:57Z,20ecc60ba6748bb4a65d10d3f27a3b928bcbc43ea0eab6ff9121c1bd,60.16829,24.94214,00000000afef4555,25.36
21080,2019-08-01T09:06:57Z,227fd98ceb97d84d0c2c3af35c32cee7a87aea62d71b1a5353ae3588,60.17065,24.93641,000000000f4919c9,25.36
21081,2019-08-01T09:06:57Z,2283762fe3af8329ae65aec44de728da8f383810e9f2a3d3b84fa031,60.16897,24.95222,00000000aa852af1,21.87
21082,2019-08-01T09:06:57Z,22b68b1dc6e6d815ca8e6afbd434ae0e229670798c443052e7444648,60.16762,24.95415,000000006b44cce7,14.89
21083,2019-08-01T09:06:57Z,25479245e5a8b0fe47e2bd590cdd63256d84afd6c164781dc64e527d,60.149,24.9843,00000000fffb8cf0,7.05
21084,2019-08-01T09:06:57Z,277fcf3cc917a89b46a34e0cf5164a78f5bcc88d92bb45ded60f1a91,60.17065,24.93641,000000000f4919c9,11.7
21085,2019-08-01T09:06:57Z,27b591b33a56a542440b53031a24f42290b0ec1a194af27700b75a3a,60.17918,24.95141,00000000675d5200,13.75
21086,2019-08-01T09:06:57Z,2823bf6afde4a5cc05342c15e7417c9590ba52264be5793bb688faab,60.17065,24.93641,000000000f4919c9,17.4
21087,2019-08-01T09:06:57Z,28296ae2b460df2f6807f8a84b81e5ebd24677a05bded29111dc33a4,60.17002,24.94407,000000006b087f40,23.56
21088,2019-08-01T09:06:57Z,28ce50ca84cdcd4c17a36ac666e7ac0267b6ab5b77f4bfb08b2573a1,60.16762,24.95415,000000006b44cce7,2.54
21089,2019-08-01T09:06:57Z,28d50861d92f962c7a49eabaa524431aebf52870e44b79f77d7167c6,60.17919,24.95181,000000007b5207b6,2.8
21090,2019-08-01T09:06:57Z,28f1b5463ae8d5cf8ebcf90e05258b85a05413941998844a0118d5a0,60.16897,24.95222,00000000aa852af1,16.1
21091,2019-08-01T09:06:57Z,29795b9ff1f5a6605d8cd112953fbcc6f466c5eed26286a73fffba91,60.16544,24.95398,0000000038d83d41,36.27
21092,2019-08-01T09:06:57Z,29ae3c5c3aeac0c607bc816f7e74c232a40142b79a52c43c7b1ed42f,60.16829,24.94214,00000000afef4555,4.5
21093,2019-08-01T09:06:57Z,2afa9ac588b2c55e8edf99ee96ecaf63451a7ab1e51571b7e2d1d491,60.16762,24.95415,000000006b44cce7,6.46
21094,2019-08-01T09:06:57Z,2c6810efb2565383ca0a554f3c51f3f7905484357f5e00756dbf091a,60.17919,24.95181,000000007b5207b6,21.87
21095,2019-08-01T09:06:57Z,2ce60a208e01e24def4575b3644a29b3883aa0e76ae2294afe3978ca,60.1538,24.95595,0000000038bf9618,25.36
21096,2019-08-01T09:06:57Z,2f43b7a683b0d365a46b6259a032813c293472eaedcdbcc3507adee5,60.17919,24.95181,000000007b5207b6,7.05
21097,2019-08-01T09:06:57Z,2f79108a454c0072885ad1447280ed5098d061b229eaae61a8bb67be,60.15432,24.9211,0000000019fb59c4,9.92
21098,2019-08-01T09:06:57Z,2fb39eae730ec6f291700f841a64aaf680d52a8346399aec6ccb1dbb,60.17065,24.93641,000000000f4919c9,7.69
21099,2019-08-01T09:06:57Z,2ff189e5846383641192cafb595a7a8f77394239ee03aabd1bf3c49f,60.16829,24.94214,00000000afef4555,13.75
21100,2019-08-01T09:06:57Z,33fa4cb82db5b44ffe6e7ae1039635187f90d1df328f8f139da0c693,60.17919,24.95181,000000007b5207b6,4.94
21101,2019-08-01T09:06:57Z,3480c16a6649952c388d8902596e332f018e609b9585f483353ae026,60.17065,24.93641,000000000f4919c9,2.54
21102,2019-08-01T09:06:57Z,34aa4c3c2f71b736426f6819c09b12c961bc996110fe1fa7c9772c5d,60.15432,24.9211,0000000019fb59c4,11.7
21103,2019-08-01T09:06:57Z,34cdc3630624c211194acb463285c3b512788b2045daf479b9ba3bfd,60.16829,24.94214,00000000afef4555,25.36
21104,2019-08-01T09:06:57Z,34e96c7caa63e7ede8f428b18e8fb556ac235d61a50c9d6ac7ff268f,60.17919,24.95181,000000007b5207b6,4.5
21105,2019-08-01T09:06:57Z,3609f484ad7e56259f60a61aba44f22dfca5c8b2564fce7e802ad342,60.16829,24.94214,00000000afef4555,20.28
21106,2019-08-01T09:06:57Z,367b1989198ef11170dd9fcfa7e6ebb5ceb58aab87c613ee1bb86e8c,60.16531,24.9442,00000000fdda10fe,10.78
21107,2019-08-01T09:06:57Z,3685ee6d322dcb2ad0ae181f66c3c5427d4531d7896d2f5f7571bb6d,60.16762,24.95415,000000006b44cce7,4.94
21108,2019-08-01T09:06:57Z,36fe97cd2ec69118778c771a87593630f8a6a2cb77d9ce72f845cd3c,60.16762,24.95415,000000006b44cce7,14.89
21109,2019-08-01T09:06:57Z,38fb20c6d55b10dd10a39c0fb41ad61297453e25afda81cf32313ae3,60.16531,24.9442,00000000fdda10fe,18.79
21110,2019-08-01T09:06:57Z,39126ffb278f49e06180cc6abe5b31ab3acdce1534b5b6ffa0b6e567,60.18203,24.91341,00000000342570c2,25.36
21111,2019-08-01T09:06:57Z,39c6456ee66fe96eee3d97cee2a70923cedb3da760bb5d4d413adb9c,60.17919,24.95181,000000007b5207b6,7.05
21112,2019-08-01T09:06:57Z,39e9fa7033887b7ab339887aa68753ff94d4771cda2bb8ff4ea7aa0a,60.17919,24.95181,000000007b5207b6,2.54
21113,2019-08-01T09:06:57Z,39f63cf5760b5bae69e8e4a32c6d9b96a1ed84e29cc868d27af934c0,60.149,24.9843,00000000fffb8cf0,21.87
21114,2019-08-01T09:06:57Z,3a253f272d2781dc2001addfbddcac5f3dbf18610988531707b80b60,60.16829,24.94214,00000000afef4555,2.3
21115,2019-08-01T09:06:57Z,3a38ba36c098f2741d6c5fb5a751fcd074d05d698ac592ca09ab443c,60.16448,24.97323,0000000053c6c2be,23.56
21116,2019-08-01T09:06:57Z,3a7b4023cee4b0d567a123a3d6aff0bc8f94663522bbdf0ea4306607,60.149,24.9843,00000000fffb8cf0,4.5
21117,2019-08-01T09:06:57Z,3a97ae4dcab31eb5e15e5d036d286e9764e25bcf0ad8afcfba854c90,60.16762,24.95415,000000006b44cce7,11.7
21118,2019-08-01T09:06:57Z,3b124e1851087531134d5e5d0a10b6afe3551982609a81a19dd969dd,60.16829,24.94214,00000000afef4555,21.87
21119,2019-08-01T09:06:57Z,3b72559f8671f9bc77441302cc7d3167d5e13c8c4fb0a19edf83bed1,60.16629,24.95957,00000000fb7600be,21.87
21120,2019-08-01T09:06:57Z,3be40c84926a525adbd09eeeb3a12b73b24c633942b2e1fbe8151ac3,60.16448,24.97323,0000000053c6c2be,16.1
21121,2019-08-01T09:06:57Z,3c84dc456230381a1e1358e89031487d34c88aaa31201204e58517b7,60.16762,24.95415,000000006b44cce7,18.79
21122,2019-08-01T09:06:57Z,3d0437a1d090cd3cad05629e69a61c519aa6218e1b7fb47811e5a4ae,60.16762,24.95415,000000006b44cce7,17.4
21123,2019-08-01T09:06:57Z,3e38f81e326b0b05865281c970ada8f17e15292f3591242542bfb73e,60.16531,24.9442,00000000fdda10fe,21.87
21124,2019-08-01T09:06:57Z,3eea43670f4f29a90ced59c1af122371340275fb61ff8f14c7120658,60.16762,24.95415,000000006b44cce7,5.91
21125,2019-08-01T09:06:57Z,40646914186edc6142b7fc3daf766121b55f5bb36ea38facff686ea5,60.16897,24.95222,00000000aa852af1,36.27
21126,2019-08-01T09:06:57Z,41a0ca2955e0ae0324f6e14aeb77ebfaac5305e31d86c42a20277b94,60.15133,24.92329,00000000e8a064a4,21.87
21127,2019-08-01T09:06:57Z,41f455676c61a2d8e1658c60afd7984613a3bc84daac78079c0d8b0c,60.16829,24.94214,00000000afef4555,12.69
21128,2019-08-01T09:06:57Z,42844e90c7134ebb3ec325f57cd27cd24711c779548ebc8692a820d5,60.14951,24.92138,0000000006dd41f6,3.09
21129,2019-08-01T09:06:57Z,432417b4972b744ded3410777a6bbb583cf56172bf3436ddbe48a21d,60.16762,24.95415,000000006b44cce7,3.74
21130,2019-08-01T09:06:57Z,43e9254771574c896a911bf0345887fcd1d6d846dc0ac2d2146b2e71,60.17065,24.93641,000000000f4919c9,23.56
21131,2019-08-01T09:06:57Z,4470412c4b059a920f2699fbfb72b261e0847b3e1caa8c71d2edd5a2,60.16448,24.97323,0000000053c6c2be,18.79
21132,2019-08-01T09:06:57Z,4682d95464cedcc021f38271a51bab9c000762b4acf802070e259ba2,60.16629,24.95957,00000000fb7600be,5.91
21133,2019-08-01T09:06:57Z,478830e26b1b9314c3f35b4ca62aba9828872733abbc7f32b78daac3,60.16531,24.9442,00000000fdda10fe,25.36
21134,2019-08-01T09:06:57Z,47bd1492244c444d45674eb48dd2e6f222cb109d820ba807c4e18c1a,60.16629,24.95957,00000000fb7600be,4.94
21135,2019-08-01T09:06:57Z,48004849b2f48b2314aa9175433d754db1641b949bb8cf050e2dd128,60.17919,24.95181,000000007b5207b6,16.1
21136,2019-08-01T09:06:57Z,484bbaa5a9d6bdd2259f022b6ea4e3c290985c13a1286bd7142d878f,60.16762,24.95415,000000006b44cce7,2.3
21137,2019-08-01T09:06:57Z,497d535ffc7af13ad6527c1139af3451abb3584a2490e3c470f73f9d,60.16762,24.95415,000000006b44cce7,25.36
21138,2019-08-01T09:06:57Z,49bbad87e4d6cd03bdb073bde7be91193d74d29943badce7fc536916,60.16448,24.97323,0000000053c6c2be,4.5
21139,2019-08-01T09:06:57Z,49df780a7f20a99ad2810fa4bbb46b5fac9bc5cbe3fc800cd572f63a,60.14947,24.91438,000000004ef3150d,9.92
21140,2019-08-01T09:06:57Z,4ba529eeafb27285cbbade6e5ece0d4d04bd2d13c98b27a5d17abd22,60.16897,24.95222,00000000aa852af1,3.09
21141,2019-08-01T09:06:57Z,4c8696833edf46025bc9b5f589679b77a73c857736036aa9ef6696e5,60.17002,24.94407,000000006b087f40,27.28
21142,2019-08-01T09:06:57Z,4e5e16adfd317b7f9617f681099821bae42d6f0dca51dfd0957c65b4,60.16762,24.95415,000000006b44cce7,9.92
21143,2019-08-01T09:06:57Z,4fb4a3650a2a28469dde9c537458d24411aa6075666e047dd756fba9,60.17919,24.95181,000000007b5207b6,14.89
21144,2019-08-01T09:06:57Z,5001aabb6808b9fd96b705d1ebe8e7aca52713c2640100d81879dd86,60.17919,24.95181,000000007b5207b6,11.7
21145,2019-08-01T09:06:57Z,518381021c83c138e4a82160bc6cc947b3866647e3c5d6818bdd63bb,60.17002,24.94407,000000006b087f40,21.87
21146,2019-08-01T09:06:57Z,51ec42fdd85671ae93876c3d875b24e56cb45699e9c3d2b623dca70d,60.16762,24.95415,000000006b44cce7,8.38
21147,2019-08-01T09:06:57Z,52d04561c07e0aab4f89e343cff0691d714ec5284ffb9a71954c93d8,60.16762,24.95415,000000006b44cce7,17.4
21148,2019-08-01T09:06:57Z,5372348389197e6c4bc4c5e3dab047e7384d562220e6295904bbda1b,60.17065,24.93641,000000000f4919c9,3.09
21149,2019-08-01T09:06:57Z,5385ddf78e929052bb12c39651fb3ff99e3642aa079d49f687b4c73c,60.16762,24.95415,000000006b44cce7,7.69
21150,2019-08-01T09:06:57Z,53fb53be4440aecb1a1fa63a9da1db08182cc7e252da14685e63373d,60.16762,24.95415,000000006b44cce7,9.92
21151,2019-08-01T09:06:57Z,54b89ed12e25892c9160e029a0379d61425b88db1aa30b06f9ea2d8b,60.17002,24.94407,000000006b087f40,27.28
21152,2019-08-01T09:06:57Z,54bd709173219e8017f317b63ecc83d0a48f64542e6fa1b83c86a56c,60.17919,24.95181,000000007b5207b6,14.89
21153,2019-08-01T09:06:57Z,556cae6b2e2dec6fe691a835e8e08bd016b1a65797c0aca46879329f,60.17919,24.95181,000000007b5207b6,7.69
21154,2019-08-01T09:06:57Z,559429bba23762a872fc7b1e2219d42125ab101e4355d43fdb94ed7b,60.17919,24.95181,000000007b5207b6,9.12
21155,2019-08-01T09:06:57Z,559e6a5225ce35ab844c63ea0d0c1695dc490a3d9cfbafa5d35ac8d8,60.14947,24.91438,000000004ef3150d,12.69
21156,2019-08-01T09:06:57Z,560816066eb4d44c34d0d56c57c994c0cccbd36fef545059b8e4d9d7,60.14947,24.91438,000000004ef3150d,20.28
21157,2019-08-01T09:06:57Z,57c17edc71bbce06ad692952a1e05eaa77181884e580c0848f3a23fc,60.14951,24.92138,0000000006dd41f6,23.56
21158,2019-08-01T09:06:57Z,584cb0b0cdd14e608c8b57c8aecc9826f9b40027e365e2438a444ea2,60.16762,24.95415,000000006b44cce7,9.92
21159,2019-08-01T09:06:57Z,5865a27b5b56a60bca38e4a1403655e3e7fd0232a3ff2079965aff81,60.15432,24.9211,0000000019fb59c4,7.69
21160,2019-08-01T09:06:57Z,587bff756f80d37255456988cd830aec24c7fa6faa4dbff5bd2350ca,60.17065,24.93641,000000000f4919c9,25.36
21161,2019-08-01T09:06:57Z,5978726eeef638856dafd3a8d199287f8daf9e90ddde750b402f8bb0,60.17065,24.93641,000000000f4919c9,1.01
21162,2019-08-01T09:06:57Z,5a34b02faac3189217466888ef1d31cc80f721ac2f18638c5db88d53,60.14947,24.91438,000000004ef3150d,11.7
21163,2019-08-01T09:06:57Z,5a8d671a78b976d212d9746d88b9a754a2d9c8341c529e88b7c6b8f4,60.17065,24.93641,000000000f4919c9,27.28
21164,2019-08-01T09:06:57Z,5abbc374c476b2780a817d778a7b19406b91f074eb187983199b0199,60.16448,24.97323,0000000053c6c2be,29.32
21165,2019-08-01T09:06:57Z,5b06617477af6dcee75a94ac347364b50f6f3b5b7d747e5413d9ad58,60.14947,24.91438,000000004ef3150d,7.05
21166,2019-08-01T09:06:57Z,5b24733f1e45af711e2eebfb97b6b1467ca5cf1f466e6c8add4f7935,60.16762,24.95415,000000006b44cce7,9.92
21167,2019-08-01T09:06:57Z,5c1f71098d5d7258d2971061c791c94e0138c8e02225c5f60d6a0428,60.149,24.9843,00000000fffb8cf0,25.36
21168,2019-08-01T09:06:57Z,5daa76852f3e1be6c75fa2185d5787ab9010cf83d6671515769a8649,60.16531,24.9442,00000000fdda10fe,11.7
21169,2019-08-01T09:06:57Z,5e2c5c20c88ccf362ed8749d1ddc041b1cb1c38d8dbeac7870179322,60.16629,24.95957,00000000fb7600be,6.46
21170,2019-08-01T09:06:57Z,5fc2fafdb6649a869ffd226bfe99095b50996797c20447b63333997d,60.15133,24.92329,00000000e8a064a4,9.92
21171,2019-08-01T09:06:57Z,626bf35ce16dba1054cfd175d09475d3ee751bf70e56f984ff5c7ab6,60.15133,24.92329,00000000e8a064a4,20.28
21172,2019-08-01T09:06:57Z,63ff2439779051005c18876d20ed53ce060c1de9d7976821bd518fc6,60.15432,24.9211,0000000019fb59c4,9.92
21173,2019-08-01T09:06:57Z,6470ee836399c5610581ec9de09772d350282ecc4c5c57fa02a5ec68,60.16075,24.95883,00000000f1124bca,31.5
21174,2019-08-01T09:06:57Z,65b6b62b547e11e10f7f83ad497446bee2bb9653097d9d62e9b1b817,60.17065,24.93641,000000000f4919c9,21.87
21175,2019-08-01T09:06:57Z,67cf7d2881080aa59ed36a6d88ea1946d17e9d1d5e1ad9eee1851969,60.18203,24.91341,00000000342570c2,16.1
21176,2019-08-01T09:06:57Z,684e7a868866e631c134ab5bd21b6ba738f6ebc6d5b5c169e366c6ee,60.16897,24.95222,00000000aa852af1,4.94
21177,2019-08-01T09:06:57Z,685af6b01bd180194d718801bb8b9c9de22050cc392d6c6441fe986b,60.18203,24.91341,00000000342570c2,13.75
21178,2019-08-01T09:06:57Z,69e2854c78a472b462941ef730aa9fa7a9dba9c1cc22996396d4c78a,60.17919,24.95181,000000007b5207b6,14.89
21179,2019-08-01T09:06:57Z,6adce4d05e58232a97635a2fd7918e4e49d9295afc0989d727f9c712,60.17002,24.94407,000000006b087f40,3.4
21180,2019-08-01T09:06:57Z,6b1470ba4a0c39b3c73624a301dfd10eeec91f5f7e1c0311b8932de0,60.16897,24.95222,00000000aa852af1,20.28
21181,2019-08-01T09:06:57Z,6d921e8c6e87cdf84bc51e653511984701ee6826ad2ecca28955cae8,60.16762,24.95415,000000006b44cce7,12.69
21182,2019-08-01T09:06:57Z,6d94a134d3b5f52416c91453c67615e480218e6db3a6004b1ba8a79e,60.16829,24.94214,00000000afef4555,20.28
21183,2019-08-01T09:06:57Z,6dca84ddf4be668487766d17c5d13961ed713d24032f709ae87a497f,60.16829,24.94214,00000000afef4555,16.1
21184,2019-08-01T09:06:57Z,6dd5463e670c352180c1e912300e21e59f5e2976266df8c3c92b0baf,60.16829,24.94214,00000000afef4555,13.75
21185,2019-08-01T09:06:57Z,6eb390f743af2f8f87ce6c2ab53228450ccce1d21de54f8abba160df,60.16829,24.94214,00000000afef4555,31.5
21186,2019-08-01T09:06:57Z,7003a7f6a5523b645634f014e04bea36016953a8af9324e35602bc2e,60.14947,24.91438,000000004ef3150d,12.69
21187,2019-08-01T09:06:57Z,701dc50417b28dba15ad9ff809844f1766b6579389a2e5ebb0562635,60.16629,24.95957,00000000fb7600be,18.79
21188,2019-08-01T09:06:57Z,704c3f3075f13713c363014fa828e4a932e7a05676813b9963a1e554,60.17919,24.95181,000000007b5207b6,3.4
21189,2019-08-01T09:06:57Z,70d391038ec56b63a3737605c2c1db6ffbdca8e4490691776dc993f1,60.16829,24.94214,00000000afef4555,20.28
21190,2019-08-01T09:06:57Z,71b01bb8b8e877dc9ca40e756f441571d12ee3311a945417e8aaa116,60.16762,24.95415,000000006b44cce7,5.41
21191,2019-08-01T09:06:57Z,72439a1f997fd347d46394f31f5789edc877fe61ca34fcd31f9150b1,60.18203,24.91341,00000000342570c2,27.28
21192,2019-08-01T09:06:57Z,7292a4a47ed655e0ce0ead026bb0ae4b8093342f87a9aed5665c1456,60.16762,24.95415,000000006b44cce7,12.69
21193,2019-08-01T09:06:57Z,729c5f2cffe7e3f5554f3c2bbc7f717457700e648ccb716bb2e98c8a,60.17002,24.94407,000000006b087f40,17.4
21194,2019-08-01T09:06:57Z,729ff6c11a329a93558e45f928e88c80adcb69e32a2e9a55149c0f36,60.18203,24.91341,00000000342570c2,36.27
21195,2019-08-01T09:06:57Z,72f088587da3409c5a4bec360a52a230a7551c3671441baaaabc6357,60.16829,24.94214,00000000afef4555,13.75
21196,2019-08-01T09:06:57Z,750297d0d8ff0ca837d9c2289c26302d62f38708617150431ab14509,60.16531,24.9442,00000000fdda10fe,11.7
21197,2019-08-01T09:06:57Z,7563b91d728fe470bc4d89aa18128a87b92c747336dd2c70cfbf9e84,60.1538,24.95595,0000000038bf9618,31.5
21198,2019-08-01T09:06:57Z,76c2f7b3773d4bebd4dabada1c2b98fe4ea9762e9c98b4a6371d7746,60.16762,24.95415,000000006b44cce7,8.38
21199,2019-08-01T09:06:57Z,7700297fec4982ad776529835e2ab46d4e5cbc889e26f368c19efeef,60.16829,24.94214,00000000afef4555,1.01
21200,2019-08-01T09:06:57Z,774131d73accbbb31ec3c43c3501b7969645eb65df1839ca8116526e,60.15432,24.9211,0000000019fb59c4,23.56
21201,2019-08-01T09:06:57Z,7803e2d46157a5482e745447d4c2c332fbd818d87a20b0f6187c628d,60.17065,24.93641,000000000f4919c9,41.64
21202,2019-08-01T09:06:57Z,7a83b266a20b6533b2f631fdd4074228df6594b91f4a6cc5d7f5db6e,60.16544,24.95398,0000000038d83d41,21.87
21203,2019-08-01T09:06:57Z,7c1534082e86ff4387878d813207626d8f728aa26b97248e00a3b8d7,60.16629,24.95957,00000000fb7600be,14.89
21204,2019-08-01T09:06:57Z,7cd51189de07d01882cf0a9346f0830a9b21764875334d45e143fbd5,60.17002,24.94407,000000006b087f40,20.28
21205,2019-08-01T09:06:57Z,7d12711d47425111a6dce413faa867542b9532f3b9c5a934b37a0bc8,60.17919,24.95181,000000007b5207b6,27.28
21206,2019-08-01T09:06:57Z,7d415f4fd9093fb383b4ebb88961ad74e6a00d3ece39504712dad639,60.17918,24.95141,00000000675d5200,9.12
21207,2019-08-01T09:06:57Z,7e2e3d07c939e3e76e7ce87678faf64e056afe54215e00488839100f,60.14947,24.91438,000000004ef3150d,16.1
21208,2019-08-01T09:06:57Z,7eb4a715919b3eb4085270535ce4d7b57112591ad7242eb189bf652a,60.17065,24.93641,000000000f4919c9,14.89
21209,2019-08-01T09:06:57Z,7eee93799a4b0a73081b5997eaba4036febdfde0bb766caf4de4b5a2,60.16829,24.94214,00000000afef4555,7.05
21210,2019-08-01T09:06:57Z,7f59aaecea1eee6c703ec5d46d67b44289ddedf080defee495b73739,60.14947,24.91438,000000004ef3150d,16.1
21211,2019-08-01T09:06:57Z,7faf8705e89a761625aaed50b89538581e25d5950ec8f051d36ed829,60.14947,24.91438,000000004ef3150d,20.28
21212,2019-08-01T09:06:57Z,809bf2d7a0745ae512b934a578fd5fd47c13c5398b6d06ad350b9e7c,60.14947,24.91438,000000004ef3150d,11.7
21213,2019-08-01T09:06:57Z,814fca075a588ae71c130bafc9384a1c17e7bd8168994ae6fca55205,60.16829,24.94214,00000000afef4555,16.1
21214,2019-08-01T09:06:57Z,8165c5f8d06298ffd56f071c0ad1cc9f1d4f08084936937d712d0b61,60.15133,24.92329,00000000e8a064a4,20.28
21215,2019-08-01T09:06:57Z,8243f773d2010adb11a0b1b0e2753bbd59392977ab58b60946376387,60.16829,24.94214,00000000afef4555,21.87
21216,2019-08-01T09:06:57Z,828afe5ee1f94b9afbfd61b9673b7c8b21457d11dafb1d2ad98dbd23,60.149,24.9843,00000000fffb8cf0,13.75
21217,2019-08-01T09:06:57Z,8524898e498c83bde4bc1848aa2b372da84e7b2266f36aabe128cc27,60.17918,24.95141,00000000675d5200,12.69
21218,2019-08-01T09:06:57Z,85bdce5b262dbd94adcff03e6cad26a1152828b6ab27e6fdd56b2b13,60.16762,24.95415,000000006b44cce7,5.91
21219,2019-08-01T09:06:57Z,86b066ea755e9fd56188a608365c78bc7873db821770bdcfc83ed149,60.16762,24.95415,000000006b44cce7,9.92
21220,2019-08-01T09:06:57Z,86e7584bf95733cef59d74bb4955881e99dc86b73a0d5b4e3ef58b50,60.18203,24.91341,00000000342570c2,17.4
21221,2019-08-01T09:06:57Z,880f9cbb91b9caf48ea9c5dd1a0c8e1db72922b6dfcb647b102fc469,60.16629,24.95957,00000000fb7600be,4.94
21222,2019-08-01T09:06:57Z,88c2bc6310f27465b9f08b28fb52075d7703ce7b097e5beb37c7437c,60.14947,24.91438,000000004ef3150d,9.92
21223,2019-08-01T09:06:57Z,898cde3317c73907bb23b1b885828c4bf3187c3a757a18dc32abe970,60.16762,24.95415,000000006b44cce7,4.11
21224,2019-08-01T09:06:57Z,8a70673a694137689441a8a18cff0044d959d5d1991c92c7b5fb8f0c,60.16829,24.94214,00000000afef4555,4.94
21225,2019-08-01T09:06:57Z,8c571538c285dba9d77edacfb1829b282d54b772b62209c6e4004237,60.17919,24.95181,000000007b5207b6,4.94
21226,2019-08-01T09:06:57Z,8d5e893f77b3d167ebefad4ecab181fea08513599a6f9450f0b9a827,60.17919,24.95181,000000007b5207b6,17.4
21227,2019-08-01T09:06:57Z,8e20d0d67339e3cf43e77c3a340d9dc6766de8d079197a08a1343ff0,60.17065,24.93641,000000000f4919c9,8.38
21228,2019-08-01T09:06:57Z,94cf492b77d181655514c7a3d8a0801af08b791ce038ffe4a29e0afb,60.16762,24.95415,000000006b44cce7,23.56
21229,2019-08-01T09:06:57Z,9609babe3114439a82f93f797f4a6e779b6bab625488b8ff5b63e674,60.16829,24.94214,00000000afef4555,20.28
21230,2019-08-01T09:06:57Z,99a026b5100e23129fa529e9a57a3dbc8490dc03b58f2193f03e2dcf,60.14951,24.92138,0000000006dd41f6,5.41
21231,2019-08-01T09:06:57Z,9a12cdd9d905a294b1c33d220edf652a99509b8916a79081b8e05dae,60.16629,24.95957,00000000fb7600be,17.4
21232,2019-08-01T09:06:57Z,9abbc86fb0fc1c0532042814af76a97e6a17121831d4394749a290a6,60.16762,24.95415,000000006b44cce7,4.5
21233,2019-08-01T09:06:57Z,9b3e6848d8b34e802134d6da0e5a594897ec3fafbbf08b6d0b84068e,60.17919,24.95181,000000007b5207b6,4.94
21234,2019-08-01T09:06:57Z,9bc129708b07f3c5bbf4195e83f0e5b9a663b6f371f416a8e3a605f0,60.16897,24.95222,00000000aa852af1,25.36
21235,2019-08-01T09:06:57Z,9bdb503344071eddd74d821f537246d8a6c19468b05d38d0170377f9,60.16897,24.95222,00000000aa852af1,20.28
21236,2019-08-01T09:06:57Z,9bef8b28ea93ecaee57d05b037edbfe7f80014aaf56343345fedd7be,60.17919,24.95181,000000007b5207b6,4.5
21237,2019-08-01T09:06:57Z,9e343a150f07bb3dcce5ecab8ac061b84d65b347b1af5a232e00eeb6,60.16829,24.94214,00000000afef4555,11.7
21238,2019-08-01T09:06:57Z,9eee6d740f1d483c484d02f0995f35550c09e6a8cf01f02680db5efc,60.16448,24.97323,0000000053c6c2be,14.89
21239,2019-08-01T09:06:57Z,a04214b56cac7d70680703ee6a28fac742f3c3190b55b46a79c1f76d,60.149,24.9843,00000000fffb8cf0,14.89
21240,2019-08-01T09:06:57Z,a09607edc17117a3069b79434e751f93a2a00d0d6f9aceb043e32074,60.16762,24.95415,000000006b44cce7,6.46
21241,2019-08-01T09:06:57Z,a0af15cb8910790ac8af904ddf7b0dbf5ef778ba6dd3b3e690926089,60.16762,24.95415,000000006b44cce7,9.92
21242,2019-08-01T09:06:57Z,a1049deed97cd1989c882cb47bb39f0d93d1fddbac4e9307e8a4249e,60.16544,24.95398,0000000038d83d41,25.36
21243,2019-08-01T09:06:57Z,a2333053951d093ef490bcc3b9455fa0ed512421b5b597602785ab28,60.16531,24.9442,00000000fdda10fe,17.4
21244,2019-08-01T09:06:57Z,a2c53a9ecb3dab08bc3bf70db35ea02e6f15cedb137ce7817751f27c,60.16829,24.94214,00000000afef4555,21.87
21245,2019-08-01T09:06:57Z,a2e761fd97d8bdf78601300822b531e306b9ab7a1a43b6bfb07eba52,60.14947,24.91438,000000004ef3150d,13.75
21246,2019-08-01T09:06:57Z,a38c11c450b472b9dad2f076e2d9a63651292d3de806331d06af7f46,60.16531,24.9442,00000000fdda10fe,21.87
21247,2019-08-01T09:06:57Z,a403dc1eebc5d130e12a4c3e4298737c9e00b25b1b6b2cc36a6979c9,60.16629,24.95957,00000000fb7600be,7.05
21248,2019-08-01T09:06:57Z,a61a6156cbe24f1f3fc8708456044502186478f34ecccb0620788ac3,60.16762,24.95415,000000006b44cce7,7.05
21249,2019-08-01T09:06:57Z,a66eb6150c36b53f6240acfe16dd98ceb16c43b8e02d0b56993bac73,60.16897,24.95222,00000000aa852af1,12.69
21250,2019-08-01T09:06:57Z,a6d0dd9de406b1201a4e438ec7c5f4a467f38c41e2dec42ff6c71d50,60.16897,24.95222,00000000aa852af1,13.75
21251,2019-08-01T09:06:57Z,a786eb3b8a25c58099a428799e99d0b86401f803ee38d3e5d20e59d3,60.15432,24.9211,0000000019fb59c4,9.92
21252,2019-08-01T09:06:57Z,a808962cb511e5ed2d23e6e33efe252b1be29dc1d2f7c6154817f04f,60.16448,24.97323,0000000053c6c2be,16.1
21253,2019-08-01T09:06:57Z,a83415babca8eac00f69a32371a230fdadda29bf40fd69f75cf2e8fb,60.17919,24.95181,000000007b5207b6,11.7
21254,2019-08-01T09:06:57Z,a83703c80a4d58db87327a53b0d3664d23edf7350ff6b0afaa49c530,60.16629,24.95957,00000000fb7600be,13.75
21255,2019-08-01T09:06:57Z,a837f2314938b1510f3b4cc5900d5d67bc7212d234d9fed1c64f3861,60.16762,24.95415,000000006b44cce7,12.69
21256,2019-08-01T09:06:57Z,a838fe521ed943ab5d8f7c5d408246fb2370ea139b12544208826ea9,60.16897,24.95222,00000000aa852af1,25.36
21257,2019-08-01T09:06:57Z,a8ca7fb815e707c04434a085c4f99e783d56372143afc92225eae622,60.15133,24.92329,00000000e8a064a4,18.79
21258,2019-08-01T09:06:57Z,aa5281244780ac8f283c3452639d477cd76e31fc6f0b95b99c51a9b0,60.16762,24.95415,000000006b44cce7,2.54
21259,2019-08-01T09:06:57Z,ab615ee5bbf567aee3505fbb360d09fc6b851f93fb15aef778b57128,60.16531,24.9442,00000000fdda10fe,14.89
21260,2019-08-01T09:06:57Z,abf0be93e7a8aec9fa8284fdbcc2493f32084aa95f15660b23e149c6,60.16629,24.95957,00000000fb7600be,14.89
21261,2019-08-01T09:06:57Z,acbbe4765d72f36b0323407c7dbe43db7b4ad5e2da0a6a9e5966db0b,60.16897,24.95222,00000000aa852af1,20.28
21262,2019-08-01T09:06:57Z,ad22512fd6a5ad9e19fdfad7e02b2793ecb01875be243f894c637ae2,60.16829,24.94214,00000000afef4555,9.92
21263,2019-08-01T09:06:57Z,af67ffa8b538058603b74f48e04ab914e8f6cd450f53c47f8c3d683d,60.15432,24.9211,0000000019fb59c4,11.7
21264,2019-08-01T09:06:57Z,afaed9946dbc1509500c6f80f87eed8fe44a74ba3e14328c6efe3971,60.16829,24.94214,00000000afef4555,14.89
21265,2019-08-01T09:06:57Z,b25339bfcf356e1460eec7d6494ab8fa8fe2ee363afb6496ab1a1fb9,60.16829,24.94214,00000000afef4555,6.46
21266,2019-08-01T09:06:57Z,b32e57a6f5865a23d7a0e9fa346d5ec4e975f99c4df815fe8b1449b2,60.17919,24.95181,000000007b5207b6,9.12
21267,2019-08-01T09:06:57Z,b3d94dfd4a1393ebe6b450d53a8c1c172707ab9ae1ab42b50b5b31df,60.16829,24.94214,00000000afef4555,27.28
21268,2019-08-01T09:06:57Z,b474e34db18d21635ec9ea2654513e6759c326f3aaec96c25f9a204e,60.16897,24.95222,00000000aa852af1,18.79
21269,2019-08-01T09:06:57Z,b50a45ac0708e7b5cca42f3458430eb22ff70a81c575bafe99ffda23,60.17002,24.94407,000000006b087f40,4.5
21270,2019-08-01T09:06:57Z,b5603e758440226e490d1d7d7271a7b0d5c261eccbad198f81110136,60.15432,24.9211,0000000019fb59c4,6.46
21271,2019-08-01T09:06:57Z,b69604356a52f2b1b9c5de09a350f42d87f5b969e3e824d8b6b2368f,60.16829,24.94214,00000000afef4555,21.87
21272,2019-08-01T09:06:57Z,b6c43126ca83e916a68e57d0178060c24fc61305836b6c8f188f7285,60.17919,24.95181,000000007b5207b6,18.79
21273,2019-08-01T09:06:57Z,b7be40e1dab7297344112352592811cc71698eed34fdfbebf542f9a7,60.16897,24.95222,00000000aa852af1,21.87
21274,2019-08-01T09:06:57Z,b8fb70225ee0a2d655e2809da07a2f8cd2feb7295aa256f8b35fcf1e,60.16629,24.95957,00000000fb7600be,4.94
21275,2019-08-01T09:06:57Z,babfe4a6a552c3c09e9894a1ee44588b865b293c5b1b415c94048a0d,60.16762,24.95415,000000006b44cce7,23.56
21276,2019-08-01T09:06:57Z,bb2187a4e20012ad694c768ef2c47c9a9055671024ebf4855d4e6243,60.16531,24.9442,00000000fdda10fe,1.7
21277,2019-08-01T09:06:57Z,bbb86467d71e5ec5bd140995d266fd33a85efe89654eb13ee0471416,60.17002,24.94407,000000006b087f40,18.79
21278,2019-08-01T09:06:57Z,bc436a99a8805080541bd9dc9743df4f0e34172e2c70b59f64c4260c,60.16762,24.95415,000000006b44cce7,14.89
21279,2019-08-01T09:06:57Z,bc6d5082ca52e6dae7a1689a835434f3f6341e90afea565480eb9674,60.16829,24.94214,00000000afef4555,12.69
21280,2019-08-01T09:06:57Z,bc82f76c979de19b559e9e3aa0cd6cbf5ac361e2d7b1ac9f81fe2f4f,60.17919,24.95181,000000007b5207b6,6.46
21281,2019-08-01T09:06:57Z,be0aec7d0615ab2d3b044d4d86b1cc0c2e35603c8195665e854c25ae,60.16829,24.94214,00000000afef4555,27.28
21282,2019-08-01T09:06:57Z,be12d6aaccf354197284a8c92b960bd6a4e1705f7d948823e7891fde,60.16762,24.95415,000000006b44cce7,4.5
21283,2019-08-01T09:06:57Z,bee144e090a471427ec7878609f2446cb79f4c8d7e3c3bf0f67cf8d2,60.16762,24.95415,000000006b44cce7,11.7
21284,2019-08-01T09:06:57Z,c15da9ed244b57a27a083919c67d0edde078a31b18cb58f13581f173,60.1538,24.95595,0000000038bf9618,18.79
21285,2019-08-01T09:06:57Z,c1674c59c49d5bf74e6808239a91d18a04e47697d298bc61a7618af2,60.16448,24.97323,0000000053c6c2be,16.1
21286,2019-08-01T09:06:57Z,c434f18b802a764aad7a2dfb46e93546acb1b0975cf9b93fd47363f6,60.15432,24.9211,0000000019fb59c4,4.5
21287,2019-08-01T09:06:57Z,c65c11ee6e8b5894ead3ea9b007a39127edb65a67be253aca6f78ed0,60.16448,24.97323,0000000053c6c2be,21.87
21288,2019-08-01T09:06:57Z,c8aef405537103b9d31a7e2dda43949f5844b9a36494f8defaf0d803,60.17002,24.94407,000000006b087f40,23.56
21289,2019-08-01T09:06:57Z,c8b9856a261673c3360915cd9a4dabb4afe22b63a86d7f59f7dc5f20,60.17002,24.94407,000000006b087f40,17.4
21290,2019-08-01T09:06:57Z,c8be2c26d4f0c9d399f32e84d95487a2644ffcb62681165be3d36a02,60.16762,24.95415,000000006b44cce7,7.69
21291,2019-08-01T09:06:57Z,c98bce1cc275ed0a1b833011f8cd251ac848fdc84501fe87eb8b5d54,60.17918,24.95141,00000000675d5200,31.5
21292,2019-08-01T09:06:57Z,ca2c0921a9cc3e9d131808519cd1653a1d46f1f5ffefd42465a09f7c,60.173,24.92524,0000000096918cfa,33.81
21293,2019-08-01T09:06:57Z,ca7719c7cd8d4496b666f608fc07ba9930e362a0b2d96890b0778618,60.16629,24.95957,00000000fb7600be,11.7
21294,2019-08-01T09:06:57Z,cccf3ba2a9d11b9330c18af8064a20aca9995473495bf119162a1619,60.16897,24.95222,00000000aa852af1,11.7
21295,2019-08-01T09:06:57Z,cd24d4831d3c3e8dad5e555b47528aa6b11e307b2882be4f65dd4076,60.17002,24.94407,000000006b087f40,10.78
21296,2019-08-01T09:06:57Z,cd36467a9e57a5646d6d8d587b8089c12074243a9ac10ee83b37fbac,60.16629,24.95957,00000000fb7600be,14.89
21297,2019-08-01T09:06:57Z,ce7de55c7709396c70ce5930097e84449a4889700e605a0b062aaeae,60.16531,24.9442,00000000fdda10fe,23.56
21298,2019-08-01T09:06:57Z,cf823e18aa21de251222a9ab70c1b76b6218dea694752d56f6f84082,60.149,24.9843,00000000fffb8cf0,23.56
21299,2019-08-01T09:06:57Z,cf9455daa4877b79636eca3ae57056b08dfc0b42f107cedb6f5a3f16,60.16829,24.94214,00000000afef4555,21.87
21300,2019-08-01T09:06:57Z,d0e607248d8728deb0b1b4f29fda6d8cd954a8c837fdebf9df54dc02,60.14947,24.91438,000000004ef3150d,27.28
21301,2019-08-01T09:06:57Z,d2565986030ddea596554d64d126e84d618ce72222ab6888c3debf59,60.16448,24.97323,0000000053c6c2be,25.36
21302,2019-08-01T09:06:57Z,d29a5ebd00326d5dedb6c60cab75fd238bdaa9d7f703f6b5974edbc7,60.16762,24.95415,000000006b44cce7,14.89
21303,2019-08-01T09:06:57Z,d562afdedae521be241c98441e436608a323fdb944dedc24c835e762,60.17065,24.93641,000000000f4919c9,4.11
21304,2019-08-01T09:06:57Z,d653ef8368d33df4fc7edeb5a381d5826be1471f1470aa9744d47901,60.173,24.92524,0000000096918cfa,2.54
21305,2019-08-01T09:06:57Z,d65b8625c1f24304ff0e3c4a4dce7aa5d434d36be87be41834a49420,60.16531,24.9442,00000000fdda10fe,7.05
21306,2019-08-01T09:06:57Z,d6e217c6592e449e2390b1a874e08cbc9126116901dbdbf84501c6b8,60.17065,24.93641,000000000f4919c9,4.94
21307,2019-08-01T09:06:57Z,d74ea3c9e0aaa523c791aa01f4f9a7c1c43f01f585dc4146b19edf83,60.17919,24.95181,000000007b5207b6,2.8
21308,2019-08-01T09:06:57Z,d7734ef0345fcffc0f4bd7579275af62987490aba012209832e92059,60.16629,24.95957,00000000fb7600be,10.78
21309,2019-08-01T09:06:57Z,d87c4d5dc2cd620de54fdd076d4f9b35245053d65b644d9e01f558b5,60.16762,24.95415,000000006b44cce7,7.69
21310,2019-08-01T09:06:57Z,dc00d45c0dd506326fb4dd3692d409df80cb3d871341ffff720dc834,60.16762,24.95415,000000006b44cce7,13.75
21311,2019-08-01T09:06:57Z,deb8a213e1b4930e676ee8fdb394161ec46adb785171fa37437b4d44,60.15133,24.92329,00000000e8a064a4,13.75
21312,2019-08-01T09:06:57Z,dfe80baf219bd267a459c954a8e3027b3f1ed29fea2a5355456d5652,60.16897,24.95222,00000000aa852af1,6.46
21313,2019-08-01T09:06:57Z,e09515dbe1e90af07cb756a83c222c60f5f0566f94590848e72f6401,60.16762,24.95415,000000006b44cce7,6.46
21314,2019-08-01T09:06:57Z,e0fe7fe5854899c0eb42b75b300339808143419404558ed4d00b0f17,60.17919,24.95181,000000007b5207b6,18.79
21315,2019-08-01T09:06:57Z,e10ed9cf0a6ef9efe6352e59c3741f34cbad43ae3c772f0495246564,60.149,24.9843,00000000fffb8cf0,31.5
21316,2019-08-01T09:06:57Z,e234769b1ce1634554f5fa4a290d11b2a30c3dfd009d4c39a2e9dd3d,60.17065,24.93641,000000000f4919c9,14.89
21317,2019-08-01T09:06:57Z,e294dde431d68c7b73efcf1f9b916e40bf408111c79228032c7830a4,60.16544,24.95398,0000000038d83d41,18.79
21318,2019-08-01T09:06:57Z,e2bb0ae74deee6cbc4f50c5f85da3f1779ca1db1ae7ff48ab4b33dbc,60.17919,24.95181,000000007b5207b6,4.94
21319,2019-08-01T09:06:57Z,e2f445c6711e0e7d48a6a045bec347587f9f398e8928a171cfa2ca38,60.16762,24.95415,000000006b44cce7,9.12
21320,2019-08-01T09:06:57Z,e3f844c56875bd572c3b57a835b884f1060b467d3bbd25c50dcc7e28,60.16762,24.95415,000000006b44cce7,14.89
21321,2019-08-01T09:06:57Z,e508e239ba2ca68b34ad5074f3d7b013e72f6f7df36eb6cdf545be78,60.16762,24.95415,000000006b44cce7,21.87
21322,2019-08-01T09:06:57Z,e528235be3e5cc4945024d50d1ed43061e2e2f2845f2b41e081e1721,60.17919,24.95181,000000007b5207b6,13.75
21323,2019-08-01T09:06:57Z,e5cad8bb9a6c8dcc067948d7f869033aca5bdd062da175c8734092e6,60.17919,24.95181,000000007b5207b6,5.41
21324,2019-08-01T09:06:57Z,e73dcccbc4dd6af49316f19a34c347cc94ff7ab079a93a2672d78a16,60.14947,24.91438,000000004ef3150d,20.28
21325,2019-08-01T09:06:57Z,e8add7e8346b99cd4b67924113f3763441a1899897c6d1ac3a1a40a6,60.17919,24.95181,000000007b5207b6,12.69
21326,2019-08-01T09:06:57Z,e8b14b185b461432fb53173b85222a67aa1f06d08737fe48a4c20ae5,60.17002,24.94407,000000006b087f40,29.32
21327,2019-08-01T09:06:57Z,e8ed8051f57ad9d9029a5e3b443c5e93e5059f8c487ba45e2583d35a,60.16829,24.94214,00000000afef4555,20.28
21328,2019-08-01T09:06:57Z,e9275b4d525e0593374e00e9cf9885062a1699ecb3462c758a025ef1,60.16762,24.95415,000000006b44cce7,16.1
21329,2019-08-01T09:06:57Z,e979a153601f7520f54d4733fe91f75f154c8f1c08dc3408dbba5345,60.15432,24.9211,0000000019fb59c4,7.05
21330,2019-08-01T09:06:57Z,ea1b1a8ba1c01fdd1e098c585b133fc3d60f7c2458e7c2726e2df8ee,60.16629,24.95957,00000000fb7600be,21.87
21331,2019-08-01T09:06:57Z,ea3f8412ed9c4d92448688dd9cc7ff9e3eeb5fe4373d0953bf0349c1,60.16531,24.9442,00000000fdda10fe,14.89
21332,2019-08-01T09:06:57Z,ea94130fbb3464dc656765cfddbad802ddfafb1af8007cb5f42cd41f,60.16829,24.94214,00000000afef4555,12.69
21333,2019-08-01T09:06:57Z,eaf572301dc5c1eaff007bc1886cce8f0f5e92a233b8686ed2a1a9cc,60.17065,24.93641,000000000f4919c9,20.28
21334,2019-08-01T09:06:57Z,ec2dd83e04d225caca9f6b9d28bd3080ed37c5bf42e5f65123fa2394,60.17065,24.93641,000000000f4919c9,10.78
21335,2019-08-01T09:06:57Z,ec7121833f0e4b509d683b00a9c5e992e4b84882cb857145102e14f4,60.16531,24.9442,00000000fdda10fe,1.38
21336,2019-08-01T09:06:57Z,eef621895ee74145a6d76c5f5493a93d7c728c80abe45a2e1933ae9f,60.16897,24.95222,00000000aa852af1,13.75
21337,2019-08-01T09:06:57Z,ef67b9e4617f284b84167b4bdaff71108579a33ced0a2450ff25a1a1,60.16629,24.95957,00000000fb7600be,11.7
21338,2019-08-01T09:06:57Z,ef6e7d641ebef891165f5f8178b3195fbc6c86dc5f904ca2cca43e32,60.16897,24.95222,00000000aa852af1,20.28
21339,2019-08-01T09:06:57Z,efb0235d2d9cd06b8377959fc3e5e144c222db88b6578a8fa7a48475,60.16762,24.95415,000000006b44cce7,12.69
21340,2019-08-01T09:06:57Z,f1447725764ec0dca245fc67f2aa0a0c42e6b05808076aa74f0c1e7e,60.17918,24.95141,00000000675d5200,11.7
21341,2019-08-01T09:06:57Z,f18c0c32d067aecf5602d70693ac888cab1be6dbb0d154be5153dfcc,60.16829,24.94214,00000000afef4555,18.79
21342,2019-08-01T09:06:57Z,f1b28329fc91f4708ca34857c5582c0bf1b7d0ab06127746029cd72c,60.17919,24.95181,000000007b5207b6,6.46
21343,2019-08-01T09:06:57Z,f20935810c1567a80c288016c4d4dd32fe86b3479f47ae7dd64d15cc,60.15432,24.9211,0000000019fb59c4,3.74
21344,2019-08-01T09:06:57Z,f29ed00b645af4bbf50174e71f58a9b691d2e2342e59eda242d97380,60.16829,24.94214,00000000afef4555,14.89
21345,2019-08-01T09:06:57Z,f4131e8c526b295b32dc9448a2a43ec900e25e8914003a963782e36c,60.16829,24.94214,00000000afef4555,1.88
21346,2019-08-01T09:06:57Z,f4587b90aec9127805880f7c81fc03b9fb513fe363015399b895089f,60.16829,24.94214,00000000afef4555,11.7
21347,2019-08-01T09:06:57Z,f4bbc3077da0455d4340da2eed204915327b75a792080724548b4956,60.17919,24.95181,000000007b5207b6,4.5
21348,2019-08-01T09:06:57Z,f503a41d3e8b9b57628f4f061c1d8e0c53c62dd8a6fe38d212958ee6,60.16075,24.95883,00000000f1124bca,18.79
21349,2019-08-01T09:06:57Z,f50fd3b1715a94dff67461f4b8f252ecaa6acc16459b3d021f34f15e,60.1538,24.95595,0000000038bf9618,27.28
21350,2019-08-01T09:06:57Z,f55165f87792f06aaca9b79eea536f4bd692c8ee806294be5fb014df,60.16829,24.94214,00000000afef4555,17.4
21351,2019-08-01T09:06:57Z,f587de6c8c03387c5e6a66cd7d20c45abad3668c8e2246611122547b,60.14947,24.91438,000000004ef3150d,10.78
21352,2019-08-01T09:06:57Z,f77f8836e641389801309c311e926c1662264ab16efd01cd5bf27baf,60.16762,24.95415,000000006b44cce7,7.05
21353,2019-08-01T09:06:57Z,fa1a3814c680b20020a08346c37ee2853e895984574575312bf262e7,60.14947,24.91438,000000004ef3150d,10.78
21354,2019-08-01T09:06:57Z,fa9f19c58a086fde9429d732b1eec80eacf5fc1b2c0124d17243d008,60.17919,24.95181,000000007b5207b6,10.78
21355,2019-08-01T09:06:57Z,fba6e66dd09200012637e0b454c96fd7a5459b7e8b0ba01863cdbd77,60.16762,24.95415,000000006b44cce7,1.88
21356,2019-08-01T09:06:57Z,fdb3239bb0017def73005dc66a8d674c713493499c8feff7a6c01018,60.16762,24.95415,000000006b44cce7,23.56
21357,2019-08-01T09:06:57Z,fe191b6937595e5cf2ac1491e9056f0f9fb5bf66c0cb900df00b4c64,60.16829,24.94214,00000000afef4555,17.4
21358,2019-08-01T09:06:57Z,fea1453360073dfc1896bf1f005f51addb49661f953e16cffba3c63d,60.16531,24.9442,00000000fdda10fe,9.92
21359,2019-08-01T09:06:57Z,fff7f9f42d918ac875b7e417a971d942549ba9f38b79d21d2f351959,60.16762,24.95415,000000006b44cce7,20.28
21360,2019-08-01T09:06:58Z,0ffffc922d45d8063a1ee9f51760d94aa7e3f957374f5a86b3a18d09,60.16897,24.95222,00000000aa852af1,21.87
21361,2019-08-01T09:06:58Z,144afc51fc2443c7031a2912566eff2ce60226a49d6d2bd7c2923700,60.16544,24.95398,0000000038d83d41,33.81
21362,2019-08-01T09:06:58Z,14c7e1511b70f4dd3359cbece1377aebb4d70531f5489eefe53d7c3c,60.16544,24.95398,0000000038d83d41,25.36
21363,2019-08-01T09:06:58Z,15918569de0a46a8eb56b43d8d39f7fc82619ff1006f00822c85745c,60.17919,24.95181,000000007b5207b6,5.91
21364,2019-08-01T09:06:58Z,165ebbb4090d47319ae370f0d0854fdc1f6b79499f8b2e4d3c3533c0,60.16544,24.95398,0000000038d83d41,23.56
21365,2019-08-01T09:06:58Z,1951291ca064d0fb480d958037c1477427d2ca8db455fef0b741bf9f,60.16448,24.97323,0000000053c6c2be,20.28
21366,2019-08-01T09:06:58Z,1f0f0628cdc688d76bde2b82bee5b9b4916bf0bbdfe76cf3213e1c65,60.15432,24.9211,0000000019fb59c4,13.75
21367,2019-08-01T09:06:58Z,1fdda4c2884e3254418c088e71dea3d2c474714fdba7d0d12c487ce5,60.16829,24.94214,00000000afef4555,14.89
21368,2019-08-01T09:06:58Z,2a93b61a3863ace54349d7a0937e4134fcc6d4dfcf064eefae2b7cf8,60.15432,24.9211,0000000019fb59c4,31.5
21369,2019-08-01T09:06:58Z,2b768144e797cf0d3542f04f2af4f693d622b17946500d54430aacbb,60.1538,24.95595,0000000038bf9618,18.79
21370,2019-08-01T09:06:58Z,5d65719c4cbf045f068d084b72302f447d5fd034413d97d13be00d0e,60.18203,24.91341,00000000342570c2,23.56
21371,2019-08-01T09:06:58Z,6a657079c1bdc8114c289be1ddd83e5846d4279a920d1697b8ff0033,60.18203,24.91341,00000000342570c2,23.56
21372,2019-08-01T09:06:58Z,6d22b751ff5173035dc85c52c3dff0780126adae67fe33dc62dd45ef,60.16531,24.9442,00000000fdda10fe,27.28
21373,2019-08-01T09:06:58Z,6ff437688c444238352c28f64f9d2a7d0f14d19c9ea42c225380501e,60.16762,24.95415,000000006b44cce7,9.92
21374,2019-08-01T09:06:58Z,76c7f42283513d0e289bf786d89463b5025b2ae0f4e13519a4cf228b,60.15432,24.9211,0000000019fb59c4,17.4
21375,2019-08-01T09:06:58Z,78d5f60b36b59c06c3988b94e11744bb3aed5dcbc214f91f228bf892,60.16448,24.97323,0000000053c6c2be,20.28
21376,2019-08-01T09:06:58Z,7e3732555857e1d69a6cca9b4394bf4a41e57241a23c4afe2816f715,60.17002,24.94407,000000006b087f40,33.81
21377,2019-08-01T09:06:58Z,84fdfd8881f633c5f0c71c1480053953ca4b05e848052d97c063ad38,60.1538,24.95595,0000000038bf9618,31.5
21378,2019-08-01T09:06:58Z,87dfaad29a9276ddddb1fa021d3bc23ad14824c1af16f7d87e713689,60.14951,24.92138,0000000006dd41f6,9.92
21379,2019-08-01T09:06:58Z,8cc6ddaa460aeae8cc9e8a33f91a01c8cd4c0c8bf8a943210a28c84d,60.1538,24.95595,0000000038bf9618,14.89
21380,2019-08-01T09:06:58Z,8ffeb52bff155eab19ca329d16be495cd44a08aa7f79b94db079caf9,60.15432,24.9211,0000000019fb59c4,25.36
21381,2019-08-01T09:06:58Z,9843c6216661048343a0e49cf3d8aa2883cf77f452666a1c873a1052,60.16448,24.97323,0000000053c6c2be,13.75
21382,2019-08-01T09:06:58Z,9d03d14afa49576281aa26db60e517f7c1ec8aa36f7756959a860a8a,60.16629,24.95957,00000000fb7600be,16.1
21383,2019-08-01T09:06:58Z,9ff35a7f150d05ef75c3777dbae4f91e5b1a4d0830a984c50f6da1bc,60.16897,24.95222,00000000aa852af1,23.56
21384,2019-08-01T09:06:58Z,a08cae03363d2e483a6ea717973088f4bd4276de96a9d438a7358ff4,60.16897,24.95222,00000000aa852af1,29.32
21385,2019-08-01T09:06:58Z,a5302e72a58b038ac7633e65863bac48d8153d8837533ac7b5409f37,60.16629,24.95957,00000000fb7600be,18.79
21386,2019-08-01T09:06:58Z,a794b5cd3dff23bb2fe621fa0fa64a9ad4be2ab820bff2b483489903,60.16897,24.95222,00000000aa852af1,29.32
21387,2019-08-01T09:06:58Z,a9da1ee82e3b670e276c26b483dd50f4a6d0c6f77ef82245d3ae6086,60.18203,24.91341,00000000342570c2,17.4
21388,2019-08-01T09:06:58Z,ab0f67c0c0e1ba5eac9013f9c314feadf340ddf08543b91e70483594,60.16544,24.95398,0000000038d83d41,18.79
21389,2019-08-01T09:06:58Z,b1f358076ba79ef902a36ca8ae3f8ec7c93308a67c479345bfdbdecf,60.1538,24.95595,0000000038bf9618,29.32
21390,2019-08-01T09:06:58Z,b4faf2d3c4d2b199afeab6ab63b583fe3a2e81e14abbef6917f25129,60.15432,24.9211,0000000019fb59c4,13.75
21391,2019-08-01T09:06:58Z,b5fd6b317890e5ab2d79e2cd1abe61626d45a753c7337d0d40728898,60.16762,24.95415,000000006b44cce7,8.38
21392,2019-08-01T09:06:58Z,ba42c72ea7c2663b3ea5044faf12173ab18e523dc35de0e24bf374ac,60.16544,24.95398,0000000038d83d41,31.5
21393,2019-08-01T09:06:58Z,c40c37def6bf11a63a2556519a7c6233fd417cdeea2cf14f28e7c42c,60.16531,24.9442,00000000fdda10fe,31.5
21394,2019-08-01T09:06:58Z,cf05623e4d87ce0906c0b0b7dbf53aacc1228016cd27c341228b6e76,60.18203,24.91341,00000000342570c2,20.28
21395,2019-08-01T09:06:58Z,dd2c9c82cf3737146294aff6f814a1349fb0bc4bedf518715dacbe8f,60.18203,24.91341,00000000342570c2,14.89
21396,2019-08-01T09:06:58Z,ec72ef080c605e71978aed0d3b5f22c3c3133677a43c614b72eedc6d,60.14699,24.922,00000000a53ed894,21.87
21397,2019-08-01T09:06:58Z,f543e7230fc191ff5f761b17871123a9e0ce4227cc186135a42f511a,60.149,24.9843,00000000fffb8cf0,27.28
21398,2019-08-01T09:06:58Z,f7e45613ad966fea53fab73b435ba3a087c774e36596b3a5156a3487,60.16829,24.94214,00000000afef4555,1.12
21399,2019-08-01T09:06:58Z,f83d4b6b8ffbf8a674d212e32100b2360b80261b4e9207d77c0b0ed3,60.17919,24.95181,000000007b5207b6,16.1
21400,2019-08-01T09:06:58Z,f99c5dd8cc08bd2353083d875ce8bc585fb2c2ff8427b90d92f571de,60.1538,24.95595,0000000038bf9618,38.87
21401,2019-08-01T09:06:58Z,fc4f3a44235f1cfc7b53f14ba2da599976a5a0a220d23b852688e485,60.17919,24.95181,000000007b5207b6,16.1
21402,2019-08-01T09:06:58Z,00787dad708490660b0b836fa415681cc57046fa521c0c0aaea14a9e,60.16762,24.95415,000000006b44cce7,7.69
21403,2019-08-01T09:06:58Z,00cf880933075f70a32ca748c0299b5dee3089d042185bd2787eed56,60.16762,24.95415,000000006b44cce7,11.7
21404,2019-08-01T09:06:58Z,011372b726688a0c953368b50bc5a1cb0212c17dbecc587d9f9d75ce,60.16629,24.95957,00000000fb7600be,9.92
21405,2019-08-01T09:06:58Z,02050a536056486b1bf139282f0d0a3af63def1d56ff0c73ac51bb19,60.14947,24.91438,000000004ef3150d,36.27
21406,2019-08-01T09:06:58Z,0362cc670dcfab795a3911957b6a177416bf9b99d0e2732716796c4d,60.15432,24.9211,0000000019fb59c4,23.56
21407,2019-08-01T09:06:58Z,03f427d436ba092925de462b11374bdbdab0443620037675621fbc11,60.17919,24.95181,000000007b5207b6,17.4
21408,2019-08-01T09:06:58Z,03f6be7d1ac53ba1cfd1cf3908440da6ff76778c67549533f78a62c6,60.16897,24.95222,00000000aa852af1,23.56
21409,2019-08-01T09:06:58Z,063935180fff0e58de5d319ecb9320cf794423e3c6aeac0cca8f1a9f,60.16897,24.95222,00000000aa852af1,18.79
21410,2019-08-01T09:06:58Z,06753eb9c56292934b34f1c8d302486ee36fd733da500c23c70a53cd,60.16448,24.97323,0000000053c6c2be,16.1
21411,2019-08-01T09:06:58Z,0849a091b1aabe9b614b6b5c54dffd083dbb4473ca90dc972e4d37de,60.16829,24.94214,00000000afef4555,13.75
21412,2019-08-01T09:06:58Z,08f9fd60f852d3502bfa509c955e9963e73954f961d55ba8cd46cae9,60.16629,24.95957,00000000fb7600be,13.75
21413,2019-08-01T09:06:58Z,0c1684b697a63d7f47ebaedcfa060b3b4af294fec1e62d613699291a,60.16897,24.95222,00000000aa852af1,6.46
21414,2019-08-01T09:06:58Z,0c2d3bdaf0e8a9d6efcf95298acb85805b31c1c6618f00dd4489dddb,60.16762,24.95415,000000006b44cce7,16.1
21415,2019-08-01T09:06:58Z,0d36588b0274c7fc1c33ed938ed6883bd98d7e2d5a66328940df8a94,60.14947,24.91438,000000004ef3150d,13.75
21416,2019-08-01T09:06:58Z,0f8e18e52422d7fb71594f8dbfc8bb5ae986eb9f664407f954e275b4,60.16762,24.95415,000000006b44cce7,12.69
21417,2019-08-01T09:06:58Z,1069967e3921871955b1b2b42e60f829c593a3e024401bfe61ae410e,60.16629,24.95957,00000000fb7600be,12.69
21418,2019-08-01T09:06:58Z,10d0fed0f7d40b253b5fc5a53297dc9af8bb76fa6f34d5e71383cb62,60.17919,24.95181,000000007b5207b6,27.28
21419,2019-08-01T09:06:58Z,1134a082e36fe03359bac74c814a0ed20468c45230115d4e25aa230d,60.16829,24.94214,00000000afef4555,20.28
21420,2019-08-01T09:06:58Z,1271bcd33c0056265a5bdf6df4092a3c9e2209abee80570cb172031b,60.16897,24.95222,00000000aa852af1,16.1
21421,2019-08-01T09:06:58Z,12b9b313e577dbbb9619247e0a5ded14c2b56bede5b421cac44f9597,60.16448,24.97323,0000000053c6c2be,29.32
21422,2019-08-01T09:06:58Z,13a759fd293cbde0d55db753d853768b718e59036c4007d2e3a8757a,60.16762,24.95415,000000006b44cce7,9.92
21423,2019-08-01T09:06:58Z,141ffc858c3ea6a2e69c954115114304736a35dc25ec947323090dc0,60.16762,24.95415,000000006b44cce7,9.12
21424,2019-08-01T09:06:58Z,14b431f72fc7a1705dec55f60900c3104cc3eab2bed0b01ad6745910,60.173,24.92524,0000000096918cfa,14.89
21425,2019-08-01T09:06:58Z,1564db6ab71666bfe0865d19fd134f7018f49bc12ff1969853697784,60.16531,24.9442,00000000fdda10fe,31.5
21426,2019-08-01T09:06:58Z,15bc39a4d2f214b040e45d800c2cf9fc18b612947386c9c5bac07457,60.16762,24.95415,000000006b44cce7,11.7
21427,2019-08-01T09:06:58Z,164d8280dbb888033f64368dd641bcef597fc327148fcf74374894c5,60.16544,24.95398,0000000038d83d41,12.69
21428,2019-08-01T09:06:58Z,16e18d478be872d2a9801fa885d08edeb3f5ae1840b38478f9baf535,60.17919,24.95181,000000007b5207b6,20.28
21429,2019-08-01T09:06:58Z,190cdde22bc3e3a41cd0f9da7efb3a917bc09e8034b05ca6064ea8a8,60.17918,24.95141,00000000675d5200,13.75
21430,2019-08-01T09:06:58Z,1b68a6bcf7b740e0c437e0976d4900f31368afcb2c757bba30e0a249,60.16829,24.94214,00000000afef4555,2.8
21431,2019-08-01T09:06:58Z,1cfafdaa3ff1975bcf6f699641431e88775ba2183074d825eeb81dd3,60.149,24.9843,00000000fffb8cf0,17.4
21432,2019-08-01T09:06:58Z,1d70ff49909e1d6fb653ae053aa78084daf385dbbd2ad22b05707309,60.16829,24.94214,00000000afef4555,4.94
21433,2019-08-01T09:06:58Z,1da40c618e0432bb037d08723b65821f6223509e8b4033a4b4190047,60.17065,24.93641,000000000f4919c9,33.81
21434,2019-08-01T09:06:58Z,1dbecade1f3540eb44c3d86cb1ffc73d5bf422ea0cf76927c2d5cd74,60.16829,24.94214,00000000afef4555,29.32
21435,2019-08-01T09:06:58Z,1dcff36b6f83b08b6ea87c1c1018c542c270299839908ca446dffb39,60.16762,24.95415,000000006b44cce7,16.1
21436,2019-08-01T09:06:58Z,1e3af5697f0a2ae45f261da79e4ba71c868dc4d78008bd1995fe6259,60.16448,24.97323,0000000053c6c2be,14.89
21437,2019-08-01T09:06:58Z,1eadb2c1984aa73c3c2f13eab0a2e793331443c617681e36887f0bcc,60.16629,24.95957,00000000fb7600be,17.4
21438,2019-08-01T09:06:58Z,1eb71232cacfabc37966931f8112e59acabc361048ad25dc2468949f,60.16762,24.95415,000000006b44cce7,31.5
21439,2019-08-01T09:06:58Z,1ecbc7c6afe89033252e5510cbb893666af2b3bc29f555a3a6287fdb,60.14951,24.92138,0000000006dd41f6,4.5
21440,2019-08-01T09:06:58Z,1f813dc10021899138c12ca17c58ab3dc24db1750dcb1790f9c20e8f,60.15133,24.92329,00000000e8a064a4,9.92
21441,2019-08-01T09:06:58Z,2283762fe3af8329ae65aec44de728da8f383810e9f2a3d3b84fa031,60.16897,24.95222,00000000aa852af1,21.87
21442,2019-08-01T09:06:58Z,22b68b1dc6e6d815ca8e6afbd434ae0e229670798c443052e7444648,60.16762,24.95415,000000006b44cce7,7.69
21443,2019-08-01T09:06:58Z,25479245e5a8b0fe47e2bd590cdd63256d84afd6c164781dc64e527d,60.149,24.9843,00000000fffb8cf0,5.91
21444,2019-08-01T09:06:58Z,270749ab8e1a83f0dcbf45dc861bcc0e10361d103d7589841787e366,60.16531,24.9442,00000000fdda10fe,16.1
21445,2019-08-01T09:06:58Z,277fcf3cc917a89b46a34e0cf5164a78f5bcc88d92bb45ded60f1a91,60.17065,24.93641,000000000f4919c9,4.94
21446,2019-08-01T09:06:58Z,27b591b33a56a542440b53031a24f42290b0ec1a194af27700b75a3a,60.17919,24.95181,000000007b5207b6,20.28
21447,2019-08-01T09:06:58Z,2823bf6afde4a5cc05342c15e7417c9590ba52264be5793bb688faab,60.17065,24.93641,000000000f4919c9,31.5
21448,2019-08-01T09:06:58Z,28ce50ca84cdcd4c17a36ac666e7ac0267b6ab5b77f4bfb08b2573a1,60.16762,24.95415,000000006b44cce7,2.3
21449,2019-08-01T09:06:58Z,28d50861d92f962c7a49eabaa524431aebf52870e44b79f77d7167c6,60.17918,24.95141,00000000675d5200,4.94
21450,2019-08-01T09:06:58Z,28f1b5463ae8d5cf8ebcf90e05258b85a05413941998844a0118d5a0,60.16897,24.95222,00000000aa852af1,16.1
21451,2019-08-01T09:06:58Z,29ae3c5c3aeac0c607bc816f7e74c232a40142b79a52c43c7b1ed42f,60.16829,24.94214,00000000afef4555,3.4
21452,2019-08-01T09:06:58Z,2afa9ac588b2c55e8edf99ee96ecaf63451a7ab1e51571b7e2d1d491,60.16762,24.95415,000000006b44cce7,6.46
21453,2019-08-01T09:06:58Z,2c6810efb2565383ca0a554f3c51f3f7905484357f5e00756dbf091a,60.17918,24.95141,00000000675d5200,4.11
21454,2019-08-01T09:06:58Z,2c6f6440161f9061a850e8db96383d5eb111f0d1d8f0b666b7c49f22,60.16897,24.95222,00000000aa852af1,9.12
21455,2019-08-01T09:06:58Z,2cd1630b209fe260a2b08554ebbf46b801e6390566ac1d78e6514b11,60.16531,24.9442,00000000fdda10fe,16.1
21456,2019-08-01T09:06:58Z,2ce60a208e01e24def4575b3644a29b3883aa0e76ae2294afe3978ca,60.1538,24.95595,0000000038bf9618,16.1
21457,2019-08-01T09:06:58Z,2f43b7a683b0d365a46b6259a032813c293472eaedcdbcc3507adee5,60.17919,24.95181,000000007b5207b6,11.7
21458,2019-08-01T09:06:58Z,2f79108a454c0072885ad1447280ed5098d061b229eaae61a8bb67be,60.15432,24.9211,0000000019fb59c4,7.05
21459,2019-08-01T09:06:58Z,2f82b3546af2df53b58cddc668c9aa196554108cdf39120ea40b417c,60.16629,24.95957,00000000fb7600be,7.05
21460,2019-08-01T09:06:58Z,33fa4cb82db5b44ffe6e7ae1039635187f90d1df328f8f139da0c693,60.17919,24.95181,000000007b5207b6,9.92
21461,2019-08-01T09:06:58Z,3480c16a6649952c388d8902596e332f018e609b9585f483353ae026,60.17065,24.93641,000000000f4919c9,3.09
21462,2019-08-01T09:06:58Z,34aa4c3c2f71b736426f6819c09b12c961bc996110fe1fa7c9772c5d,60.15432,24.9211,0000000019fb59c4,9.92
21463,2019-08-01T09:06:58Z,34cdc3630624c211194acb463285c3b512788b2045daf479b9ba3bfd,60.16829,24.94214,00000000afef4555,21.87
21464,2019-08-01T09:06:58Z,34e96c7caa63e7ede8f428b18e8fb556ac235d61a50c9d6ac7ff268f,60.17919,24.95181,000000007b5207b6,7.69
21465,2019-08-01T09:06:58Z,367b1989198ef11170dd9fcfa7e6ebb5ceb58aab87c613ee1bb86e8c,60.16531,24.9442,00000000fdda10fe,11.7
21466,2019-08-01T09:06:58Z,3685ee6d322dcb2ad0ae181f66c3c5427d4531d7896d2f5f7571bb6d,60.16762,24.95415,000000006b44cce7,8.38
21467,2019-08-01T09:06:58Z,36fe97cd2ec69118778c771a87593630f8a6a2cb77d9ce72f845cd3c,60.16762,24.95415,000000006b44cce7,9.12
21468,2019-08-01T09:06:58Z,370e50e1f77aeb2782c892f70147b6a5749ecd7e9ee41036f693ba0a,60.16762,24.95415,000000006b44cce7,12.69
21469,2019-08-01T09:06:58Z,38fb20c6d55b10dd10a39c0fb41ad61297453e25afda81cf32313ae3,60.16531,24.9442,00000000fdda10fe,14.89
21470,2019-08-01T09:06:58Z,39126ffb278f49e06180cc6abe5b31ab3acdce1534b5b6ffa0b6e567,60.18203,24.91341,00000000342570c2,20.28
21471,2019-08-01T09:06:58Z,39c6456ee66fe96eee3d97cee2a70923cedb3da760bb5d4d413adb9c,60.17919,24.95181,000000007b5207b6,6.46
21472,2019-08-01T09:06:58Z,39e9fa7033887b7ab339887aa68753ff94d4771cda2bb8ff4ea7aa0a,60.17919,24.95181,000000007b5207b6,7.69
21473,2019-08-01T09:06:58Z,3a253f272d2781dc2001addfbddcac5f3dbf18610988531707b80b60,60.16829,24.94214,00000000afef4555,1.38
21474,2019-08-01T09:06:58Z,3a38ba36c098f2741d6c5fb5a751fcd074d05d698ac592ca09ab443c,60.16448,24.97323,0000000053c6c2be,25.36
21475,2019-08-01T09:06:58Z,3a7b4023cee4b0d567a123a3d6aff0bc8f94663522bbdf0ea4306607,60.149,24.9843,00000000fffb8cf0,13.75
21476,2019-08-01T09:06:58Z,3b124e1851087531134d5e5d0a10b6afe3551982609a81a19dd969dd,60.16829,24.94214,00000000afef4555,18.79
21477,2019-08-01T09:06:58Z,3b668254c5b51de3e9aff861091c76a5e275ac5f20953174a90b82a2,60.17065,24.93641,000000000f4919c9,21.87
21478,2019-08-01T09:06:58Z,3be40c84926a525adbd09eeeb3a12b73b24c633942b2e1fbe8151ac3,60.16448,24.97323,0000000053c6c2be,20.28
21479,2019-08-01T09:06:58Z,3c864716e211395e6a02802fbf80abb7b7c4519243bea4994fca7720,60.16762,24.95415,000000006b44cce7,12.69
21480,2019-08-01T09:06:58Z,3d0437a1d090cd3cad05629e69a61c519aa6218e1b7fb47811e5a4ae,60.16762,24.95415,000000006b44cce7,21.87
21481,2019-08-01T09:06:58Z,3eea43670f4f29a90ced59c1af122371340275fb61ff8f14c7120658,60.16762,24.95415,000000006b44cce7,6.46
21482,2019-08-01T09:06:58Z,40825cb0d315c92e0e0a73cc8e86c3b763bbf7ce226f112913e05e0f,60.17065,24.93641,000000000f4919c9,16.1
21483,2019-08-01T09:06:58Z,41f455676c61a2d8e1658c60afd7984613a3bc84daac78079c0d8b0c,60.16829,24.94214,00000000afef4555,3.74
21484,2019-08-01T09:06:58Z,42844e90c7134ebb3ec325f57cd27cd24711c779548ebc8692a820d5,60.14951,24.92138,0000000006dd41f6,4.11
21485,2019-08-01T09:06:58Z,432417b4972b744ded3410777a6bbb583cf56172bf3436ddbe48a21d,60.16762,24.95415,000000006b44cce7,4.11
21486,2019-08-01T09:06:58Z,4393fccdbc9fb22fab14f03ea52183ad558bcd436202e69f56a7b77a,60.16762,24.95415,000000006b44cce7,10.78
21487,2019-08-01T09:06:58Z,43e023a8726ec4c53a8cea6dcaa79e722da4677e37f3f6c9d3cc9873,60.16544,24.95398,0000000038d83d41,27.28
21488,2019-08-01T09:06:58Z,440238d45917ecbca72e4ed2615035e91acba61aea5cf2ddfeb58cd5,60.16762,24.95415,000000006b44cce7,27.28
21489,2019-08-01T09:06:58Z,4470412c4b059a920f2699fbfb72b261e0847b3e1caa8c71d2edd5a2,60.16448,24.97323,0000000053c6c2be,21.87
21490,2019-08-01T09:06:58Z,4642dfa1df839f11e64f68bca4e3dce7bde2ff6dd68c54959fcb4788,60.17919,24.95181,000000007b5207b6,21.87
21491,2019-08-01T09:06:58Z,4682d95464cedcc021f38271a51bab9c000762b4acf802070e259ba2,60.16629,24.95957,00000000fb7600be,5.41
21492,2019-08-01T09:06:58Z,47bd1492244c444d45674eb48dd2e6f222cb109d820ba807c4e18c1a,60.16629,24.95957,00000000fb7600be,4.94
21493,2019-08-01T09:06:58Z,48004849b2f48b2314aa9175433d754db1641b949bb8cf050e2dd128,60.17919,24.95181,000000007b5207b6,14.89
21494,2019-08-01T09:06:58Z,484bbaa5a9d6bdd2259f022b6ea4e3c290985c13a1286bd7142d878f,60.16762,24.95415,000000006b44cce7,1.54
21495,2019-08-01T09:06:58Z,49bbad87e4d6cd03bdb073bde7be91193d74d29943badce7fc536916,60.16448,24.97323,0000000053c6c2be,9.92
21496,2019-08-01T09:06:58Z,49df780a7f20a99ad2810fa4bbb46b5fac9bc5cbe3fc800cd572f63a,60.14947,24.91438,000000004ef3150d,18.79
21497,2019-08-01T09:06:58Z,4ba529eeafb27285cbbade6e5ece0d4d04bd2d13c98b27a5d17abd22,60.16897,24.95222,00000000aa852af1,4.94
21498,2019-08-01T09:06:58Z,4c85a4a0756c1707ca2f02a74870d1e1d1a90f1793d229dc3a2bbb63,60.16531,24.9442,00000000fdda10fe,29.32
21499,2019-08-01T09:06:58Z,4f93c5c493e876fd65b50774e1c92d808bcddb72337905c0c6bb385b,60.16829,24.94214,00000000afef4555,18.79
21500,2019-08-01T09:06:58Z,4fb4a3650a2a28469dde9c537458d24411aa6075666e047dd756fba9,60.17918,24.95141,00000000675d5200,11.7
21501,2019-08-01T09:06:58Z,5001aabb6808b9fd96b705d1ebe8e7aca52713c2640100d81879dd86,60.17919,24.95181,000000007b5207b6,8.38
21502,2019-08-01T09:06:58Z,5007ed6fcf78292efce14a1f0f8de3adb6bce78099a7a88d7668718c,60.17002,24.94407,000000006b087f40,23.56
21503,2019-08-01T09:06:58Z,504f910a0bd104a130b85d0c50467a15e74dc950bcc9eac3ebecc43e,60.16531,24.9442,00000000fdda10fe,16.1
21504,2019-08-01T09:06:58Z,518381021c83c138e4a82160bc6cc947b3866647e3c5d6818bdd63bb,60.17002,24.94407,000000006b087f40,13.75
21505,2019-08-01T09:06:58Z,5372348389197e6c4bc4c5e3dab047e7384d562220e6295904bbda1b,60.17065,24.93641,000000000f4919c9,3.4
21506,2019-08-01T09:06:58Z,53fb53be4440aecb1a1fa63a9da1db08182cc7e252da14685e63373d,60.16762,24.95415,000000006b44cce7,4.94
21507,2019-08-01T09:06:58Z,54b89ed12e25892c9160e029a0379d61425b88db1aa30b06f9ea2d8b,60.17002,24.94407,000000006b087f40,27.28
21508,2019-08-01T09:06:58Z,54bd709173219e8017f317b63ecc83d0a48f64542e6fa1b83c86a56c,60.17919,24.95181,000000007b5207b6,16.1
21509,2019-08-01T09:06:58Z,556cae6b2e2dec6fe691a835e8e08bd016b1a65797c0aca46879329f,60.17919,24.95181,000000007b5207b6,11.7
21510,2019-08-01T09:06:58Z,559429bba23762a872fc7b1e2219d42125ab101e4355d43fdb94ed7b,60.17919,24.95181,000000007b5207b6,7.05
21511,2019-08-01T09:06:58Z,559e6a5225ce35ab844c63ea0d0c1695dc490a3d9cfbafa5d35ac8d8,60.14947,24.91438,000000004ef3150d,17.4
21512,2019-08-01T09:06:58Z,57c17edc71bbce06ad692952a1e05eaa77181884e580c0848f3a23fc,60.14951,24.92138,0000000006dd41f6,21.87
21513,2019-08-01T09:06:58Z,584cb0b0cdd14e608c8b57c8aecc9826f9b40027e365e2438a444ea2,60.16762,24.95415,000000006b44cce7,10.78
21514,2019-08-01T09:06:58Z,5865a27b5b56a60bca38e4a1403655e3e7fd0232a3ff2079965aff81,60.15432,24.9211,0000000019fb59c4,13.75
21515,2019-08-01T09:06:58Z,5978726eeef638856dafd3a8d199287f8daf9e90ddde750b402f8bb0,60.17065,24.93641,000000000f4919c9,1.12
21516,2019-08-01T09:06:58Z,5a34b02faac3189217466888ef1d31cc80f721ac2f18638c5db88d53,60.14947,24.91438,000000004ef3150d,17.4
21517,2019-08-01T09:06:58Z,5a8d671a78b976d212d9746d88b9a754a2d9c8341c529e88b7c6b8f4,60.17065,24.93641,000000000f4919c9,17.4
21518,2019-08-01T09:06:58Z,5b06617477af6dcee75a94ac347364b50f6f3b5b7d747e5413d9ad58,60.14947,24.91438,000000004ef3150d,9.92
21519,2019-08-01T09:06:58Z,5c1f71098d5d7258d2971061c791c94e0138c8e02225c5f60d6a0428,60.149,24.9843,00000000fffb8cf0,21.87
21520,2019-08-01T09:06:58Z,5e2c5c20c88ccf362ed8749d1ddc041b1cb1c38d8dbeac7870179322,60.16629,24.95957,00000000fb7600be,4.11
21521,2019-08-01T09:06:58Z,5fc2fafdb6649a869ffd226bfe99095b50996797c20447b63333997d,60.15133,24.92329,00000000e8a064a4,17.4
21522,2019-08-01T09:06:58Z,626bf35ce16dba1054cfd175d09475d3ee751bf70e56f984ff5c7ab6,60.15133,24.92329,00000000e8a064a4,23.56
21523,2019-08-01T09:06:58Z,63ff2439779051005c18876d20ed53ce060c1de9d7976821bd518fc6,60.15432,24.9211,0000000019fb59c4,13.75
21524,2019-08-01T09:06:58Z,65b6b62b547e11e10f7f83ad497446bee2bb9653097d9d62e9b1b817,60.17065,24.93641,000000000f4919c9,10.78
21525,2019-08-01T09:06:58Z,67cf7d2881080aa59ed36a6d88ea1946d17e9d1d5e1ad9eee1851969,60.18203,24.91341,00000000342570c2,10.78
21526,2019-08-01T09:06:58Z,684e7a868866e631c134ab5bd21b6ba738f6ebc6d5b5c169e366c6ee,60.16897,24.95222,00000000aa852af1,4.94
21527,2019-08-01T09:06:58Z,685af6b01bd180194d718801bb8b9c9de22050cc392d6c6441fe986b,60.18203,24.91341,00000000342570c2,14.89
21528,2019-08-01T09:06:58Z,68d7ad8fab31b3c5967a814376d0ddc6cf42e1db0d9e09dfbba169bd,60.16762,24.95415,000000006b44cce7,11.7
21529,2019-08-01T09:06:58Z,6adce4d05e58232a97635a2fd7918e4e49d9295afc0989d727f9c712,60.17002,24.94407,000000006b087f40,2.8
21530,2019-08-01T09:06:58Z,6d921e8c6e87cdf84bc51e653511984701ee6826ad2ecca28955cae8,60.16762,24.95415,000000006b44cce7,9.92
21531,2019-08-01T09:06:58Z,6d98ac1fea7056e5b96d6095caf0e3677a4ec30e9fbcc2e50ae1cf65,60.16629,24.95957,00000000fb7600be,23.56
21532,2019-08-01T09:06:58Z,6dca84ddf4be668487766d17c5d13961ed713d24032f709ae87a497f,60.16829,24.94214,00000000afef4555,14.89
21533,2019-08-01T09:06:58Z,6dd5463e670c352180c1e912300e21e59f5e2976266df8c3c92b0baf,60.16829,24.94214,00000000afef4555,10.78
21534,2019-08-01T09:06:58Z,6e80fcea10d21e1d5e672b554c0f3fe686dc58934f38c3391fd5c262,60.17002,24.94407,000000006b087f40,27.28
21535,2019-08-01T09:06:58Z,7003a7f6a5523b645634f014e04bea36016953a8af9324e35602bc2e,60.14947,24.91438,000000004ef3150d,31.5
21536,2019-08-01T09:06:58Z,704c3f3075f13713c363014fa828e4a932e7a05676813b9963a1e554,60.17919,24.95181,000000007b5207b6,1.88
21537,2019-08-01T09:06:58Z,70d391038ec56b63a3737605c2c1db6ffbdca8e4490691776dc993f1,60.16829,24.94214,00000000afef4555,6.46
21538,2019-08-01T09:06:58Z,7176ddd6f2dc9be71319e3a2ea67061af7b5277adc890f23882c0afd,60.16829,24.94214,00000000afef4555,13.75
21539,2019-08-01T09:06:58Z,71b01bb8b8e877dc9ca40e756f441571d12ee3311a945417e8aaa116,60.16762,24.95415,000000006b44cce7,7.05
21540,2019-08-01T09:06:58Z,72439a1f997fd347d46394f31f5789edc877fe61ca34fcd31f9150b1,60.18203,24.91341,00000000342570c2,14.89
21541,2019-08-01T09:06:58Z,72f088587da3409c5a4bec360a52a230a7551c3671441baaaabc6357,60.16829,24.94214,00000000afef4555,10.78
21542,2019-08-01T09:06:58Z,74cb545f76f0bfc5498607247e26e814276a11ce91f77208054ecbc5,60.17002,24.94407,000000006b087f40,20.28
21543,2019-08-01T09:06:58Z,76c2f7b3773d4bebd4dabada1c2b98fe4ea9762e9c98b4a6371d7746,60.16762,24.95415,000000006b44cce7,9.92
21544,2019-08-01T09:06:58Z,7700297fec4982ad776529835e2ab46d4e5cbc889e26f368c19efeef,60.16829,24.94214,00000000afef4555,1.38
21545,2019-08-01T09:06:58Z,774bf331a7d205164487c930f8e043d9f4064d968a7f9cb28bfa5dc9,60.16762,24.95415,000000006b44cce7,10.78
21546,2019-08-01T09:06:58Z,7803e2d46157a5482e745447d4c2c332fbd818d87a20b0f6187c628d,60.17065,24.93641,000000000f4919c9,29.32
21547,2019-08-01T09:06:58Z,7a2b35da2d6119549eacb416bea033d3d3eb6cbe4d4ff47c50c1fea1,60.16762,24.95415,000000006b44cce7,18.79
21548,2019-08-01T09:06:58Z,7a6e7ba82e6b0c07f13302099a2ffb55e08a56850ee8c1c6c1bd65d3,60.17065,24.93641,000000000f4919c9,25.36
21549,2019-08-01T09:06:58Z,7c1534082e86ff4387878d813207626d8f728aa26b97248e00a3b8d7,60.16629,24.95957,00000000fb7600be,13.75
21550,2019-08-01T09:06:58Z,7cd51189de07d01882cf0a9346f0830a9b21764875334d45e143fbd5,60.17002,24.94407,000000006b087f40,31.5
21551,2019-08-01T09:06:58Z,7d12711d47425111a6dce413faa867542b9532f3b9c5a934b37a0bc8,60.17918,24.95141,00000000675d5200,33.81
21552,2019-08-01T09:06:58Z,7d415f4fd9093fb383b4ebb88961ad74e6a00d3ece39504712dad639,60.17919,24.95181,000000007b5207b6,25.36
21553,2019-08-01T09:06:58Z,7e2e3d07c939e3e76e7ce87678faf64e056afe54215e00488839100f,60.14947,24.91438,000000004ef3150d,16.1
21554,2019-08-01T09:06:58Z,7eb4a715919b3eb4085270535ce4d7b57112591ad7242eb189bf652a,60.17065,24.93641,000000000f4919c9,14.89
21555,2019-08-01T09:06:58Z,7eee93799a4b0a73081b5997eaba4036febdfde0bb766caf4de4b5a2,60.16829,24.94214,00000000afef4555,5.41
21556,2019-08-01T09:06:58Z,7faf8705e89a761625aaed50b89538581e25d5950ec8f051d36ed829,60.14947,24.91438,000000004ef3150d,23.56
21557,2019-08-01T09:06:58Z,809bf2d7a0745ae512b934a578fd5fd47c13c5398b6d06ad350b9e7c,60.14947,24.91438,000000004ef3150d,12.69
21558,2019-08-01T09:06:58Z,814fca075a588ae71c130bafc9384a1c17e7bd8168994ae6fca55205,60.16829,24.94214,00000000afef4555,17.4
21559,2019-08-01T09:06:58Z,8165c5f8d06298ffd56f071c0ad1cc9f1d4f08084936937d712d0b61,60.15133,24.92329,00000000e8a064a4,21.87
21560,2019-08-01T09:06:58Z,828afe5ee1f94b9afbfd61b9673b7c8b21457d11dafb1d2ad98dbd23,60.149,24.9843,00000000fffb8cf0,9.92
21561,2019-08-01T09:06:58Z,82bab0a1bfd11576cf62159546b756e1da44125c76909e270ced391b,60.16897,24.95222,00000000aa852af1,14.89
21562,2019-08-01T09:06:58Z,8524898e498c83bde4bc1848aa2b372da84e7b2266f36aabe128cc27,60.17918,24.95141,00000000675d5200,11.7
21563,2019-08-01T09:06:58Z,85bdce5b262dbd94adcff03e6cad26a1152828b6ab27e6fdd56b2b13,60.16762,24.95415,000000006b44cce7,4.11
21564,2019-08-01T09:06:58Z,86e7584bf95733cef59d74bb4955881e99dc86b73a0d5b4e3ef58b50,60.18203,24.91341,00000000342570c2,25.36
21565,2019-08-01T09:06:58Z,87f1cc4c4a9de1ab81fe39cf7fde6cf0d4778e690f1665b62231ce46,60.149,24.9843,00000000fffb8cf0,27.28
21566,2019-08-01T09:06:58Z,880f9cbb91b9caf48ea9c5dd1a0c8e1db72922b6dfcb647b102fc469,60.16629,24.95957,00000000fb7600be,7.69
21567,2019-08-01T09:06:58Z,88c2bc6310f27465b9f08b28fb52075d7703ce7b097e5beb37c7437c,60.14947,24.91438,000000004ef3150d,23.56
21568,2019-08-01T09:06:58Z,893080d82bb28aa3ab91e41ddd4569086c8135ade7be10aa644fca95,60.17065,24.93641,000000000f4919c9,33.81
21569,2019-08-01T09:06:58Z,898cde3317c73907bb23b1b885828c4bf3187c3a757a18dc32abe970,60.16762,24.95415,000000006b44cce7,5.41
21570,2019-08-01T09:06:58Z,8991c0b5d8438d01c0a46caaf27e0765bbf999bf0aaa15947678e717,60.16829,24.94214,00000000afef4555,25.36
21571,2019-08-01T09:06:58Z,8a70673a694137689441a8a18cff0044d959d5d1991c92c7b5fb8f0c,60.16829,24.94214,00000000afef4555,4.94
21572,2019-08-01T09:06:58Z,8c571538c285dba9d77edacfb1829b282d54b772b62209c6e4004237,60.17919,24.95181,000000007b5207b6,8.38
21573,2019-08-01T09:06:58Z,8d5e893f77b3d167ebefad4ecab181fea08513599a6f9450f0b9a827,60.17919,24.95181,000000007b5207b6,18.79
21574,2019-08-01T09:06:58Z,8e20d0d67339e3cf43e77c3a340d9dc6766de8d079197a08a1343ff0,60.17065,24.93641,000000000f4919c9,11.7
21575,2019-08-01T09:06:58Z,8ec54dc2fd63fcef9c0df9dffc12f40ebbada360614e04849594479a,60.17002,24.94407,000000006b087f40,23.56
21576,2019-08-01T09:06:58Z,90a44cbd1a957cc59a6986cff9b6b7b8e151d379e17da645069428b8,60.173,24.92524,0000000096918cfa,27.28
21577,2019-08-01T09:06:58Z,9236c27efd200a9ad94ce53d3d2cd84e25047b2280d7e96d6c4d971b,60.16897,24.95222,00000000aa852af1,29.32
21578,2019-08-01T09:06:58Z,941e13893853105c86bfbc6d31d62274937602143ce3bb530c8c17ed,60.17919,24.95181,000000007b5207b6,10.78
21579,2019-08-01T09:06:58Z,99a026b5100e23129fa529e9a57a3dbc8490dc03b58f2193f03e2dcf,60.14951,24.92138,0000000006dd41f6,6.46
21580,2019-08-01T09:06:58Z,9abbc86fb0fc1c0532042814af76a97e6a17121831d4394749a290a6,60.16762,24.95415,000000006b44cce7,9.92
21581,2019-08-01T09:06:58Z,9b3e6848d8b34e802134d6da0e5a594897ec3fafbbf08b6d0b84068e,60.17919,24.95181,000000007b5207b6,2.3
21582,2019-08-01T09:06:58Z,9bc129708b07f3c5bbf4195e83f0e5b9a663b6f371f416a8e3a605f0,60.16897,24.95222,00000000aa852af1,23.56
21583,2019-08-01T09:06:58Z,9bef8b28ea93ecaee57d05b037edbfe7f80014aaf56343345fedd7be,60.17919,24.95181,000000007b5207b6,9.12
21584,2019-08-01T09:06:58Z,9c3468620f03e8cd338f2e12c4d2839479aae001db527fb45cba43a6,60.149,24.9843,00000000fffb8cf0,23.56
21585,2019-08-01T09:06:58Z,9e343a150f07bb3dcce5ecab8ac061b84d65b347b1af5a232e00eeb6,60.16829,24.94214,00000000afef4555,6.46
21586,2019-08-01T09:06:58Z,9eee6d740f1d483c484d02f0995f35550c09e6a8cf01f02680db5efc,60.16448,24.97323,0000000053c6c2be,27.28
21587,2019-08-01T09:06:58Z,a04214b56cac7d70680703ee6a28fac742f3c3190b55b46a79c1f76d,60.149,24.9843,00000000fffb8cf0,33.81
21588,2019-08-01T09:06:58Z,a09607edc17117a3069b79434e751f93a2a00d0d6f9aceb043e32074,60.16762,24.95415,000000006b44cce7,8.38
21589,2019-08-01T09:06:58Z,a2333053951d093ef490bcc3b9455fa0ed512421b5b597602785ab28,60.16531,24.9442,00000000fdda10fe,21.87
21590,2019-08-01T09:06:58Z,a2e761fd97d8bdf78601300822b531e306b9ab7a1a43b6bfb07eba52,60.14947,24.91438,000000004ef3150d,11.7
21591,2019-08-01T09:06:58Z,a38c11c450b472b9dad2f076e2d9a63651292d3de806331d06af7f46,60.16531,24.9442,00000000fdda10fe,16.1
21592,2019-08-01T09:06:58Z,a3ae54eaf07e5288b3cc78d8eacd2492227776c9ff07691c995f0018,60.16897,24.95222,00000000aa852af1,38.87
21593,2019-08-01T09:06:58Z,a403dc1eebc5d130e12a4c3e4298737c9e00b25b1b6b2cc36a6979c9,60.16629,24.95957,00000000fb7600be,11.7
21594,2019-08-01T09:06:58Z,a43c84bf84005aa17da2549e889c7c09e1035e5290ef5d904ea65e6c,60.16829,24.94214,00000000afef4555,21.87
21595,2019-08-01T09:06:58Z,a4b9f871dcc986c95f1e84fe203bb392ba0fe13164d89119bda2c94a,60.16762,24.95415,000000006b44cce7,7.05
21596,2019-08-01T09:06:58Z,a61a6156cbe24f1f3fc8708456044502186478f34ecccb0620788ac3,60.16762,24.95415,000000006b44cce7,8.38
21597,2019-08-01T09:06:58Z,a6d0dd9de406b1201a4e438ec7c5f4a467f38c41e2dec42ff6c71d50,60.16897,24.95222,00000000aa852af1,8.38
21598,2019-08-01T09:06:58Z,a786eb3b8a25c58099a428799e99d0b86401f803ee38d3e5d20e59d3,60.15432,24.9211,0000000019fb59c4,6.46
21599,2019-08-01T09:06:58Z,a83415babca8eac00f69a32371a230fdadda29bf40fd69f75cf2e8fb,60.17919,24.95181,000000007b5207b6,9.12
21600,2019-08-01T09:06:58Z,a83703c80a4d58db87327a53b0d3664d23edf7350ff6b0afaa49c530,60.16629,24.95957,00000000fb7600be,17.4
21601,2019-08-01T09:06:58Z,aa5281244780ac8f283c3452639d477cd76e31fc6f0b95b99c51a9b0,60.16762,24.95415,000000006b44cce7,2.3
21602,2019-08-01T09:06:58Z,ab615ee5bbf567aee3505fbb360d09fc6b851f93fb15aef778b57128,60.16531,24.9442,00000000fdda10fe,17.4
21603,2019-08-01T09:06:58Z,abf0be93e7a8aec9fa8284fdbcc2493f32084aa95f15660b23e149c6,60.16629,24.95957,00000000fb7600be,7.69
21604,2019-08-01T09:06:58Z,acbbe4765d72f36b0323407c7dbe43db7b4ad5e2da0a6a9e5966db0b,60.16897,24.95222,00000000aa852af1,21.87
21605,2019-08-01T09:06:58Z,ad22512fd6a5ad9e19fdfad7e02b2793ecb01875be243f894c637ae2,60.16829,24.94214,00000000afef4555,7.05
21606,2019-08-01T09:06:58Z,af67ffa8b538058603b74f48e04ab914e8f6cd450f53c47f8c3d683d,60.15432,24.9211,0000000019fb59c4,10.78
21607,2019-08-01T09:06:58Z,afaed9946dbc1509500c6f80f87eed8fe44a74ba3e14328c6efe3971,60.16829,24.94214,00000000afef4555,14.89
21608,2019-08-01T09:06:58Z,b09e9bb62cc49c085c1aee3b752af1bec69dabc939323e5733f73933,60.17065,24.93641,000000000f4919c9,33.81
21609,2019-08-01T09:06:58Z,b25339bfcf356e1460eec7d6494ab8fa8fe2ee363afb6496ab1a1fb9,60.16829,24.94214,00000000afef4555,5.91
21610,2019-08-01T09:06:58Z,b32d22dd18cf9161a46f185f162147d8f4d9f2f6e1d121c3e5b0714e,60.16629,24.95957,00000000fb7600be,18.79
21611,2019-08-01T09:06:58Z,b32e57a6f5865a23d7a0e9fa346d5ec4e975f99c4df815fe8b1449b2,60.17919,24.95181,000000007b5207b6,9.12
21612,2019-08-01T09:06:58Z,b474e34db18d21635ec9ea2654513e6759c326f3aaec96c25f9a204e,60.16897,24.95222,00000000aa852af1,18.79
21613,2019-08-01T09:06:58Z,b50a45ac0708e7b5cca42f3458430eb22ff70a81c575bafe99ffda23,60.17002,24.94407,000000006b087f40,4.94
21614,2019-08-01T09:06:58Z,b5603e758440226e490d1d7d7271a7b0d5c261eccbad198f81110136,60.15432,24.9211,0000000019fb59c4,2.8
21615,2019-08-01T09:06:58Z,b6c43126ca83e916a68e57d0178060c24fc61305836b6c8f188f7285,60.17918,24.95141,00000000675d5200,7.69
21616,2019-08-01T09:06:58Z,b7be40e1dab7297344112352592811cc71698eed34fdfbebf542f9a7,60.16897,24.95222,00000000aa852af1,29.32
21617,2019-08-01T09:06:58Z,b7c3b37b32d534f6824ac8d99b4c79d0cb915cab104fdb745550ea22,60.16762,24.95415,000000006b44cce7,6.46
21618,2019-08-01T09:06:58Z,b8fb70225ee0a2d655e2809da07a2f8cd2feb7295aa256f8b35fcf1e,60.16629,24.95957,00000000fb7600be,7.69
21619,2019-08-01T09:06:58Z,bb2187a4e20012ad694c768ef2c47c9a9055671024ebf4855d4e6243,60.16531,24.9442,00000000fdda10fe,2.54
21620,2019-08-01T09:06:58Z,bc436a99a8805080541bd9dc9743df4f0e34172e2c70b59f64c4260c,60.16762,24.95415,000000006b44cce7,10.78
21621,2019-08-01T09:06:58Z,bc6d5082ca52e6dae7a1689a835434f3f6341e90afea565480eb9674,60.16829,24.94214,00000000afef4555,10.78
21622,2019-08-01T09:06:58Z,bc82f76c979de19b559e9e3aa0cd6cbf5ac361e2d7b1ac9f81fe2f4f,60.17919,24.95181,000000007b5207b6,10.78
21623,2019-08-01T09:06:58Z,bd4241736e651ffa0f090265ea05dd8a5b4e06508cb3509813c80cf4,60.17918,24.95141,00000000675d5200,27.28
21624,2019-08-01T09:06:58Z,be12d6aaccf354197284a8c92b960bd6a4e1705f7d948823e7891fde,60.16762,24.95415,000000006b44cce7,3.4
21625,2019-08-01T09:06:58Z,bf546b1abc8eba5c7f399f527508a7304dea62586aa297896d71ea5c,60.18203,24.91341,00000000342570c2,27.28
21626,2019-08-01T09:06:58Z,c1674c59c49d5bf74e6808239a91d18a04e47697d298bc61a7618af2,60.16448,24.97323,0000000053c6c2be,14.89
21627,2019-08-01T09:06:58Z,c19294a0a6dd80604d1435e92cecc363af55f32ef9d41af8b67687e2,60.16897,24.95222,00000000aa852af1,17.4
21628,2019-08-01T09:06:58Z,c1bf1bf699e9bc78ca15c9490d1ef02e3323f0c2c76bf0fca7955a69,60.14947,24.91438,000000004ef3150d,13.75
21629,2019-08-01T09:06:58Z,c3320c19d0343faf8c298070dd061465dd6b2e745170ca7a14b0b01f,60.1538,24.95595,0000000038bf9618,38.87
21630,2019-08-01T09:06:58Z,c434f18b802a764aad7a2dfb46e93546acb1b0975cf9b93fd47363f6,60.15432,24.9211,0000000019fb59c4,3.74
21631,2019-08-01T09:06:58Z,c5a6d2d62bc00c29fba5a97a29835008abdcf800f70540e4ccf71683,60.17919,24.95181,000000007b5207b6,20.28
21632,2019-08-01T09:06:58Z,c65c11ee6e8b5894ead3ea9b007a39127edb65a67be253aca6f78ed0,60.16448,24.97323,0000000053c6c2be,23.56
21633,2019-08-01T09:06:58Z,c872af9997af535c4615ee0b4194c7c8d644b7962afb3ca321eb386f,60.15133,24.92329,00000000e8a064a4,21.87
21634,2019-08-01T09:06:58Z,c886da6eae5420d310dfb4580350fd0011d6270a773b4c691621d0f5,60.16762,24.95415,000000006b44cce7,23.56
21635,2019-08-01T09:06:58Z,c8b9856a261673c3360915cd9a4dabb4afe22b63a86d7f59f7dc5f20,60.17002,24.94407,000000006b087f40,20.28
21636,2019-08-01T09:06:58Z,c98bce1cc275ed0a1b833011f8cd251ac848fdc84501fe87eb8b5d54,60.17918,24.95141,00000000675d5200,14.89
21637,2019-08-01T09:06:58Z,ca7719c7cd8d4496b666f608fc07ba9930e362a0b2d96890b0778618,60.16629,24.95957,00000000fb7600be,9.12
21638,2019-08-01T09:06:58Z,cccf3ba2a9d11b9330c18af8064a20aca9995473495bf119162a1619,60.16897,24.95222,00000000aa852af1,14.89
21639,2019-08-01T09:06:58Z,cd24d4831d3c3e8dad5e555b47528aa6b11e307b2882be4f65dd4076,60.17002,24.94407,000000006b087f40,16.1
21640,2019-08-01T09:06:58Z,ce7de55c7709396c70ce5930097e84449a4889700e605a0b062aaeae,60.16531,24.9442,00000000fdda10fe,23.56
21641,2019-08-01T09:06:58Z,cf061f5093c857b2efc346d3ad51fd17cca7eb360060ba7875630cf5,60.16897,24.95222,00000000aa852af1,20.28
21642,2019-08-01T09:06:58Z,cf823e18aa21de251222a9ab70c1b76b6218dea694752d56f6f84082,60.149,24.9843,00000000fffb8cf0,29.32
21643,2019-08-01T09:06:58Z,d0e607248d8728deb0b1b4f29fda6d8cd954a8c837fdebf9df54dc02,60.14947,24.91438,000000004ef3150d,29.32
21644,2019-08-01T09:06:58Z,d16e16def718519430296afa23976c226aaf720722bce3d92a2aad43,60.14947,24.91438,000000004ef3150d,33.81
21645,2019-08-01T09:06:58Z,d2565986030ddea596554d64d126e84d618ce72222ab6888c3debf59,60.16448,24.97323,0000000053c6c2be,20.28
21646,2019-08-01T09:06:58Z,d2e031effb19fbd1a46b33bd84dab9823c8c4d8260318b7bd28832d3,60.16762,24.95415,000000006b44cce7,16.1
21647,2019-08-01T09:06:58Z,d31d6921eee92503b486a1b30f5330581c4744a82e6549f375544846,60.17919,24.95181,000000007b5207b6,16.1
21648,2019-08-01T09:06:58Z,d4b7d574f4fc12b53150c81695a799ad8a8881b332381309ba39b489,60.16829,24.94214,00000000afef4555,25.36
21649,2019-08-01T09:06:58Z,d562afdedae521be241c98441e436608a323fdb944dedc24c835e762,60.17065,24.93641,000000000f4919c9,5.41
21650,2019-08-01T09:06:58Z,d653ef8368d33df4fc7edeb5a381d5826be1471f1470aa9744d47901,60.173,24.92524,0000000096918cfa,7.05
21651,2019-08-01T09:06:58Z,d6e217c6592e449e2390b1a874e08cbc9126116901dbdbf84501c6b8,60.17065,24.93641,000000000f4919c9,3.74
21652,2019-08-01T09:06:58Z,d74ea3c9e0aaa523c791aa01f4f9a7c1c43f01f585dc4146b19edf83,60.17919,24.95181,000000007b5207b6,18.79
21653,2019-08-01T09:06:58Z,d7734ef0345fcffc0f4bd7579275af62987490aba012209832e92059,60.16629,24.95957,00000000fb7600be,11.7
21654,2019-08-01T09:06:58Z,d81eea3c8bf927d879268dc01665b897d48eecc647bbf61f91f37a33,60.16544,24.95398,0000000038d83d41,21.87
21655,2019-08-01T09:06:58Z,d87c4d5dc2cd620de54fdd076d4f9b35245053d65b644d9e01f558b5,60.16762,24.95415,000000006b44cce7,10.78
21656,2019-08-01T09:06:58Z,d9cc269e2225d41ad4b705719521e2a34dbd76c906ae76c607f14425,60.16762,24.95415,000000006b44cce7,20.28
21657,2019-08-01T09:06:58Z,da78c33b53b0b3a551adb83bc2953f20006ca37faff42dbdd687045c,60.17065,24.93641,000000000f4919c9,29.32
21658,2019-08-01T09:06:58Z,dbedd81db3d59ee0c6948187e396a34e2fa5dd6670cf8d862bf5e1ff,60.16762,24.95415,000000006b44cce7,7.69
21659,2019-08-01T09:06:58Z,dc786895c819070347a0a268463f0a8b15f5eec1647f016a9e78e9e0,60.1538,24.95595,0000000038bf9618,21.87
21660,2019-08-01T09:06:58Z,deb8a213e1b4930e676ee8fdb394161ec46adb785171fa37437b4d44,60.15133,24.92329,00000000e8a064a4,13.75
21661,2019-08-01T09:06:58Z,dfe80baf219bd267a459c954a8e3027b3f1ed29fea2a5355456d5652,60.16897,24.95222,00000000aa852af1,12.69
21662,2019-08-01T09:06:58Z,e09515dbe1e90af07cb756a83c222c60f5f0566f94590848e72f6401,60.16762,24.95415,000000006b44cce7,5.41
21663,2019-08-01T09:06:58Z,e0fe7fe5854899c0eb42b75b300339808143419404558ed4d00b0f17,60.17918,24.95141,00000000675d5200,7.05
21664,2019-08-01T09:06:58Z,e234769b1ce1634554f5fa4a290d11b2a30c3dfd009d4c39a2e9dd3d,60.17065,24.93641,000000000f4919c9,16.1
21665,2019-08-01T09:06:58Z,e294dde431d68c7b73efcf1f9b916e40bf408111c79228032c7830a4,60.16544,24.95398,0000000038d83d41,16.1
21666,2019-08-01T09:06:58Z,e2bb0ae74deee6cbc4f50c5f85da3f1779ca1db1ae7ff48ab4b33dbc,60.17919,24.95181,000000007b5207b6,9.12
21667,2019-08-01T09:06:58Z,e2f445c6711e0e7d48a6a045bec347587f9f398e8928a171cfa2ca38,60.16762,24.95415,000000006b44cce7,12.69
21668,2019-08-01T09:06:58Z,e508e239ba2ca68b34ad5074f3d7b013e72f6f7df36eb6cdf545be78,60.16762,24.95415,000000006b44cce7,16.1
21669,2019-08-01T09:06:58Z,e528235be3e5cc4945024d50d1ed43061e2e2f2845f2b41e081e1721,60.17918,24.95141,00000000675d5200,4.94
21670,2019-08-01T09:06:58Z,e5cad8bb9a6c8dcc067948d7f869033aca5bdd062da175c8734092e6,60.17919,24.95181,000000007b5207b6,4.94
21671,2019-08-01T09:06:58Z,e60dfd6fdae0694da3bbaca41506bcb6ca5f3ac39a1801d84a65751e,60.16762,24.95415,000000006b44cce7,16.1
21672,2019-08-01T09:06:58Z,e73dcccbc4dd6af49316f19a34c347cc94ff7ab079a93a2672d78a16,60.14947,24.91438,000000004ef3150d,23.56
21673,2019-08-01T09:06:58Z,e8add7e8346b99cd4b67924113f3763441a1899897c6d1ac3a1a40a6,60.17919,24.95181,000000007b5207b6,12.69
21674,2019-08-01T09:06:58Z,e8b14b185b461432fb53173b85222a67aa1f06d08737fe48a4c20ae5,60.17002,24.94407,000000006b087f40,21.87
21675,2019-08-01T09:06:58Z,e8fe5d3b6aa0651dff5b4a9c6dcff3135e3bdcbb1cddc9b871e9d991,60.14947,24.91438,000000004ef3150d,27.28
21676,2019-08-01T09:06:58Z,e979a153601f7520f54d4733fe91f75f154c8f1c08dc3408dbba5345,60.15432,24.9211,0000000019fb59c4,13.75
21677,2019-08-01T09:06:58Z,ea3f8412ed9c4d92448688dd9cc7ff9e3eeb5fe4373d0953bf0349c1,60.16531,24.9442,00000000fdda10fe,18.79
21678,2019-08-01T09:06:58Z,ea94130fbb3464dc656765cfddbad802ddfafb1af8007cb5f42cd41f,60.16829,24.94214,00000000afef4555,13.75
21679,2019-08-01T09:06:58Z,eaf572301dc5c1eaff007bc1886cce8f0f5e92a233b8686ed2a1a9cc,60.17065,24.93641,000000000f4919c9,18.79
21680,2019-08-01T09:06:58Z,ec2dd83e04d225caca9f6b9d28bd3080ed37c5bf42e5f65123fa2394,60.17065,24.93641,000000000f4919c9,17.4
21681,2019-08-01T09:06:58Z,ec7121833f0e4b509d683b00a9c5e992e4b84882cb857145102e14f4,60.16531,24.9442,00000000fdda10fe,1.38
21682,2019-08-01T09:06:58Z,eef621895ee74145a6d76c5f5493a93d7c728c80abe45a2e1933ae9f,60.16897,24.95222,00000000aa852af1,9.12
21683,2019-08-01T09:06:58Z,ef67b9e4617f284b84167b4bdaff71108579a33ced0a2450ff25a1a1,60.16629,24.95957,00000000fb7600be,13.75
21684,2019-08-01T09:06:58Z,ef6e7d641ebef891165f5f8178b3195fbc6c86dc5f904ca2cca43e32,60.16897,24.95222,00000000aa852af1,27.28
21685,2019-08-01T09:06:58Z,f1447725764ec0dca245fc67f2aa0a0c42e6b05808076aa74f0c1e7e,60.17918,24.95141,00000000675d5200,12.69
21686,2019-08-01T09:06:58Z,f1b28329fc91f4708ca34857c5582c0bf1b7d0ab06127746029cd72c,60.17919,24.95181,000000007b5207b6,6.46
21687,2019-08-01T09:06:58Z,f20935810c1567a80c288016c4d4dd32fe86b3479f47ae7dd64d15cc,60.15432,24.9211,0000000019fb59c4,4.94
21688,2019-08-01T09:06:58Z,f29ed00b645af4bbf50174e71f58a9b691d2e2342e59eda242d97380,60.16829,24.94214,00000000afef4555,20.28
21689,2019-08-01T09:06:58Z,f4131e8c526b295b32dc9448a2a43ec900e25e8914003a963782e36c,60.16829,24.94214,00000000afef4555,7.05
21690,2019-08-01T09:06:58Z,f45806c30db425e518d8d483a072900958e0411d9a33cca7c3cf99bb,60.16762,24.95415,000000006b44cce7,16.1
21691,2019-08-01T09:06:58Z,f4587b90aec9127805880f7c81fc03b9fb513fe363015399b895089f,60.16829,24.94214,00000000afef4555,4.94
21692,2019-08-01T09:06:58Z,f4bbc3077da0455d4340da2eed204915327b75a792080724548b4956,60.17919,24.95181,000000007b5207b6,4.94
21693,2019-08-01T09:06:58Z,f503a41d3e8b9b57628f4f061c1d8e0c53c62dd8a6fe38d212958ee6,60.16075,24.95883,00000000f1124bca,11.7
21694,2019-08-01T09:06:58Z,f50fd3b1715a94dff67461f4b8f252ecaa6acc16459b3d021f34f15e,60.1538,24.95595,0000000038bf9618,17.4
21695,2019-08-01T09:06:58Z,f587de6c8c03387c5e6a66cd7d20c45abad3668c8e2246611122547b,60.14947,24.91438,000000004ef3150d,16.1
21696,2019-08-01T09:06:58Z,f741519cf6f519194bb45b9da0e69bda8edb903e3c24d4140f340467,60.16762,24.95415,000000006b44cce7,9.12
21697,2019-08-01T09:06:58Z,f77f8836e641389801309c311e926c1662264ab16efd01cd5bf27baf,60.16762,24.95415,000000006b44cce7,5.41
21698,2019-08-01T09:06:58Z,f803aeb1f00a057ed31451d0f3d132f27fec17305dc699176ac5339a,60.16897,24.95222,00000000aa852af1,36.27
21699,2019-08-01T09:06:58Z,f9e527876f8dfe750fd29bc42664bbf572aed5d09d344a8934a83d90,60.17065,24.93641,000000000f4919c9,5.91
21700,2019-08-01T09:06:58Z,fa1a3814c680b20020a08346c37ee2853e895984574575312bf262e7,60.14947,24.91438,000000004ef3150d,17.4
21701,2019-08-01T09:06:58Z,fa9f19c58a086fde9429d732b1eec80eacf5fc1b2c0124d17243d008,60.17918,24.95141,00000000675d5200,2.8
21702,2019-08-01T09:06:58Z,fb2df85c8938d6a1bbd1ff0a1cd8aa23480ae08dc39d2b584ed35e14,60.16762,24.95415,000000006b44cce7,17.4
21703,2019-08-01T09:06:58Z,fba6e66dd09200012637e0b454c96fd7a5459b7e8b0ba01863cdbd77,60.16762,24.95415,000000006b44cce7,3.09
21704,2019-08-01T09:06:58Z,fe191b6937595e5cf2ac1491e9056f0f9fb5bf66c0cb900df00b4c64,60.16829,24.94214,00000000afef4555,17.4
21705,2019-08-01T09:06:58Z,fea1453360073dfc1896bf1f005f51addb49661f953e16cffba3c63d,60.16531,24.9442,00000000fdda10fe,13.75
21706,2019-08-01T09:06:58Z,ff3580f7bd2e1882c23d4afbfcaa5eb85473ce822d5833faecefdd31,60.16897,24.95222,00000000aa852af1,23.56
21707,2019-08-01T09:06:59Z,0fff89885f08417f20aadfdbf62a372277e9085bcd024374b772ecac,60.16531,24.9442,00000000fdda10fe,27.28
21708,2019-08-01T09:06:59Z,14c7e1511b70f4dd3359cbece1377aebb4d70531f5489eefe53d7c3c,60.16544,24.95398,0000000038d83d41,25.36
21709,2019-08-01T09:06:59Z,15918569de0a46a8eb56b43d8d39f7fc82619ff1006f00822c85745c,60.17918,24.95141,00000000675d5200,1.54
21710,2019-08-01T09:06:59Z,1951291ca064d0fb480d958037c1477427d2ca8db455fef0b741bf9f,60.16448,24.97323,0000000053c6c2be,27.28
21711,2019-08-01T09:06:59Z,1f0f0628cdc688d76bde2b82bee5b9b4916bf0bbdfe76cf3213e1c65,60.15432,24.9211,0000000019fb59c4,13.75
21712,2019-08-01T09:06:59Z,292606f67d727ffe99f3d106b447f4be48f7a9d57bab0871c46eeb58,60.1538,24.95595,0000000038bf9618,29.32
21713,2019-08-01T09:06:59Z,2a93b61a3863ace54349d7a0937e4134fcc6d4dfcf064eefae2b7cf8,60.15432,24.9211,0000000019fb59c4,18.79
21714,2019-08-01T09:06:59Z,5d65719c4cbf045f068d084b72302f447d5fd034413d97d13be00d0e,60.18203,24.91341,00000000342570c2,17.4
21715,2019-08-01T09:06:59Z,6a657079c1bdc8114c289be1ddd83e5846d4279a920d1697b8ff0033,60.18203,24.91341,00000000342570c2,23.56
21716,2019-08-01T09:06:59Z,6d22b751ff5173035dc85c52c3dff0780126adae67fe33dc62dd45ef,60.16531,24.9442,00000000fdda10fe,16.1
21717,2019-08-01T09:06:59Z,6ff437688c444238352c28f64f9d2a7d0f14d19c9ea42c225380501e,60.16762,24.95415,000000006b44cce7,10.78
21718,2019-08-01T09:06:59Z,76c7f42283513d0e289bf786d89463b5025b2ae0f4e13519a4cf228b,60.15432,24.9211,0000000019fb59c4,17.4
21719,2019-08-01T09:06:59Z,78d5f60b36b59c06c3988b94e11744bb3aed5dcbc214f91f228bf892,60.16448,24.97323,0000000053c6c2be,23.56
21720,2019-08-01T09:06:59Z,7e3732555857e1d69a6cca9b4394bf4a41e57241a23c4afe2816f715,60.17002,24.94407,000000006b087f40,33.81
21721,2019-08-01T09:06:59Z,84fdfd8881f633c5f0c71c1480053953ca4b05e848052d97c063ad38,60.1538,24.95595,0000000038bf9618,23.56
21722,2019-08-01T09:06:59Z,87dfaad29a9276ddddb1fa021d3bc23ad14824c1af16f7d87e713689,60.14951,24.92138,0000000006dd41f6,9.92
21723,2019-08-01T09:06:59Z,8cc6ddaa460aeae8cc9e8a33f91a01c8cd4c0c8bf8a943210a28c84d,60.1538,24.95595,0000000038bf9618,14.89
21724,2019-08-01T09:06:59Z,9843c6216661048343a0e49cf3d8aa2883cf77f452666a1c873a1052,60.16448,24.97323,0000000053c6c2be,10.78
21725,2019-08-01T09:06:59Z,9d03d14afa49576281aa26db60e517f7c1ec8aa36f7756959a860a8a,60.16629,24.95957,00000000fb7600be,12.69
21726,2019-08-01T09:06:59Z,a9da1ee82e3b670e276c26b483dd50f4a6d0c6f77ef82245d3ae6086,60.18203,24.91341,00000000342570c2,12.69
21727,2019-08-01T09:06:59Z,ab0f67c0c0e1ba5eac9013f9c314feadf340ddf08543b91e70483594,60.16544,24.95398,0000000038d83d41,17.4
21728,2019-08-01T09:06:59Z,b1f358076ba79ef902a36ca8ae3f8ec7c93308a67c479345bfdbdecf,60.1538,24.95595,0000000038bf9618,33.81
21729,2019-08-01T09:06:59Z,b4faf2d3c4d2b199afeab6ab63b583fe3a2e81e14abbef6917f25129,60.15432,24.9211,0000000019fb59c4,29.32
21730,2019-08-01T09:06:59Z,b5026d7cf52e7ab96df2ba76a516d819fb11765e520b765d373d186b,60.16448,24.97323,0000000053c6c2be,18.79
21731,2019-08-01T09:06:59Z,b5fd6b317890e5ab2d79e2cd1abe61626d45a753c7337d0d40728898,60.16762,24.95415,000000006b44cce7,13.75
21732,2019-08-01T09:06:59Z,cb65d9149ed0c4b936fa3dd930cf98d16ea7610207135a6f1689be01,60.18203,24.91341,00000000342570c2,23.56
21733,2019-08-01T09:06:59Z,cf05623e4d87ce0906c0b0b7dbf53aacc1228016cd27c341228b6e76,60.18203,24.91341,00000000342570c2,20.28
21734,2019-08-01T09:06:59Z,d178749a24c32676d0da0f51ae6ff63c456499d4b1814af8fa75ca9e,60.16448,24.97323,0000000053c6c2be,16.1
21735,2019-08-01T09:06:59Z,dd2c9c82cf3737146294aff6f814a1349fb0bc4bedf518715dacbe8f,60.18203,24.91341,00000000342570c2,14.89
21736,2019-08-01T09:06:59Z,ec72ef080c605e71978aed0d3b5f22c3c3133677a43c614b72eedc6d,60.14699,24.922,00000000a53ed894,38.87
21737,2019-08-01T09:06:59Z,ed70dda6b7faebd4340dacdb452ab224d9d3c308df417b7fa76f54e8,60.14951,24.92138,0000000006dd41f6,25.36
21738,2019-08-01T09:06:59Z,f088630d7476dae7d4b7e2bb1f10575f2c89acb4b6e061f3d57c2b40,60.16531,24.9442,00000000fdda10fe,23.56
21739,2019-08-01T09:06:59Z,f22981c21af00fc334b3d8bdd523e23a50384666e97815f0ec1dc0ac,60.16897,24.95222,00000000aa852af1,4.94
21740,2019-08-01T09:06:59Z,f543e7230fc191ff5f761b17871123a9e0ce4227cc186135a42f511a,60.149,24.9843,00000000fffb8cf0,17.4
21741,2019-08-01T09:06:59Z,f7e45613ad966fea53fab73b435ba3a087c774e36596b3a5156a3487,60.16829,24.94214,00000000afef4555,2.08
21742,2019-08-01T09:06:59Z,f83d4b6b8ffbf8a674d212e32100b2360b80261b4e9207d77c0b0ed3,60.17918,24.95141,00000000675d5200,9.92
21743,2019-08-01T09:06:59Z,fc4f3a44235f1cfc7b53f14ba2da599976a5a0a220d23b852688e485,60.17919,24.95181,000000007b5207b6,12.69
21744,2019-08-01T09:06:59Z,00787dad708490660b0b836fa415681cc57046fa521c0c0aaea14a9e,60.16762,24.95415,000000006b44cce7,8.38
21745,2019-08-01T09:06:59Z,026f61905925674212a1c7d1e14b2ee5d1039bb4ecb5159f7d522150,60.16762,24.95415,000000006b44cce7,11.7
21746,2019-08-01T09:06:59Z,02fb8c740573d86a30d1a85d4b270f0d198cd0487446d6ca84453f3f,60.16544,24.95398,0000000038d83d41,25.36
21747,2019-08-01T09:06:59Z,0362cc670dcfab795a3911957b6a177416bf9b99d0e2732716796c4d,60.15432,24.9211,0000000019fb59c4,14.89
21748,2019-08-01T09:06:59Z,03f427d436ba092925de462b11374bdbdab0443620037675621fbc11,60.17919,24.95181,000000007b5207b6,11.7
21749,2019-08-01T09:06:59Z,0483eb7342f4e704caa76b9bc3d6a7bd836282960dafc2c756247134,60.16762,24.95415,000000006b44cce7,5.91
21750,2019-08-01T09:06:59Z,06753eb9c56292934b34f1c8d302486ee36fd733da500c23c70a53cd,60.16448,24.97323,0000000053c6c2be,10.78
21751,2019-08-01T09:06:59Z,08f9fd60f852d3502bfa509c955e9963e73954f961d55ba8cd46cae9,60.16629,24.95957,00000000fb7600be,8.38
21752,2019-08-01T09:06:59Z,0b3b301285fae363875718a7338dde0194def91b17f92d4553261ed2,60.16762,24.95415,000000006b44cce7,17.4
21753,2019-08-01T09:06:59Z,0c1684b697a63d7f47ebaedcfa060b3b4af294fec1e62d613699291a,60.16897,24.95222,00000000aa852af1,8.38
21754,2019-08-01T09:06:59Z,0d2a30f4e69ed2b7c428129d550b561c93cfe41bbf290ae41a4343bc,60.16762,24.95415,000000006b44cce7,20.28
21755,2019-08-01T09:06:59Z,0d36588b0274c7fc1c33ed938ed6883bd98d7e2d5a66328940df8a94,60.14947,24.91438,000000004ef3150d,18.79
21756,2019-08-01T09:06:59Z,0feb7de3b58597dd266ed606e8d3b6e2e4e0be942b17c15be984f51c,60.14951,24.92138,0000000006dd41f6,25.36
21757,2019-08-01T09:06:59Z,1069967e3921871955b1b2b42e60f829c593a3e024401bfe61ae410e,60.16629,24.95957,00000000fb7600be,17.4
21758,2019-08-01T09:06:59Z,10d0fed0f7d40b253b5fc5a53297dc9af8bb76fa6f34d5e71383cb62,60.17918,24.95141,00000000675d5200,13.75
21759,2019-08-01T09:06:59Z,1271bcd33c0056265a5bdf6df4092a3c9e2209abee80570cb172031b,60.16897,24.95222,00000000aa852af1,18.79
21760,2019-08-01T09:06:59Z,135cc53c1e5fbc7dd382c896eeb477e3cc112e6b2e21a6cd3d402eae,60.16762,24.95415,000000006b44cce7,20.28
21761,2019-08-01T09:06:59Z,141ffc858c3ea6a2e69c954115114304736a35dc25ec947323090dc0,60.16762,24.95415,000000006b44cce7,6.46
21762,2019-08-01T09:06:59Z,14b431f72fc7a1705dec55f60900c3104cc3eab2bed0b01ad6745910,60.173,24.92524,0000000096918cfa,17.4
21763,2019-08-01T09:06:59Z,1564db6ab71666bfe0865d19fd134f7018f49bc12ff1969853697784,60.16531,24.9442,00000000fdda10fe,21.87
21764,2019-08-01T09:06:59Z,15a3cdd20e3ce88c179a07d78a2d5fdda854b0fef8441d8cb3aebde8,60.17065,24.93641,000000000f4919c9,36.27
21765,2019-08-01T09:06:59Z,15bc39a4d2f214b040e45d800c2cf9fc18b612947386c9c5bac07457,60.16762,24.95415,000000006b44cce7,7.69
21766,2019-08-01T09:06:59Z,164d8280dbb888033f64368dd641bcef597fc327148fcf74374894c5,60.16544,24.95398,0000000038d83d41,25.36
21767,2019-08-01T09:06:59Z,16e18d478be872d2a9801fa885d08edeb3f5ae1840b38478f9baf535,60.17918,24.95141,00000000675d5200,12.69
21768,2019-08-01T09:06:59Z,171980d40f8d22e4729243ca1e6e18c1416a08d9e495829266ca211e,60.16897,24.95222,00000000aa852af1,20.28
21769,2019-08-01T09:06:59Z,1b68a6bcf7b740e0c437e0976d4900f31368afcb2c757bba30e0a249,60.16829,24.94214,00000000afef4555,3.4
21770,2019-08-01T09:06:59Z,1ca38fda596b437fcaa63f5296adc43c90e729aa040f4b66265aff47,60.173,24.92524,0000000096918cfa,31.5
21771,2019-08-01T09:06:59Z,1d70ff49909e1d6fb653ae053aa78084daf385dbbd2ad22b05707309,60.16829,24.94214,00000000afef4555,6.46
21772,2019-08-01T09:06:59Z,1da40c618e0432bb037d08723b65821f6223509e8b4033a4b4190047,60.17065,24.93641,000000000f4919c9,23.56
21773,2019-08-01T09:06:59Z,1dbecade1f3540eb44c3d86cb1ffc73d5bf422ea0cf76927c2d5cd74,60.16829,24.94214,00000000afef4555,27.28
21774,2019-08-01T09:06:59Z,1e3044c19f6913531b6dd4bccb88ad02c1b39192513ccffa05444edb,60.1538,24.95595,0000000038bf9618,29.32
21775,2019-08-01T09:06:59Z,1e3af5697f0a2ae45f261da79e4ba71c868dc4d78008bd1995fe6259,60.16448,24.97323,0000000053c6c2be,9.92
21776,2019-08-01T09:06:59Z,1eadb2c1984aa73c3c2f13eab0a2e793331443c617681e36887f0bcc,60.16629,24.95957,00000000fb7600be,21.87
21777,2019-08-01T09:06:59Z,1ecbc7c6afe89033252e5510cbb893666af2b3bc29f555a3a6287fdb,60.14951,24.92138,0000000006dd41f6,3.4
21778,2019-08-01T09:06:59Z,1f813dc10021899138c12ca17c58ab3dc24db1750dcb1790f9c20e8f,60.15133,24.92329,00000000e8a064a4,14.89
21779,2019-08-01T09:06:59Z,22b68b1dc6e6d815ca8e6afbd434ae0e229670798c443052e7444648,60.16762,24.95415,000000006b44cce7,7.69
21780,2019-08-01T09:06:59Z,25479245e5a8b0fe47e2bd590cdd63256d84afd6c164781dc64e527d,60.149,24.9843,00000000fffb8cf0,13.75
21781,2019-08-01T09:06:59Z,2552cb43d7990bde838673115a742078e343ce93f96257728311655d,60.16897,24.95222,00000000aa852af1,27.28
21782,2019-08-01T09:06:59Z,25cb2083e37b94c494721a209c618536fa197160b36f5c57394e1077,60.16762,24.95415,000000006b44cce7,14.89
21783,2019-08-01T09:06:59Z,270749ab8e1a83f0dcbf45dc861bcc0e10361d103d7589841787e366,60.16531,24.9442,00000000fdda10fe,33.81
21784,2019-08-01T09:06:59Z,277fcf3cc917a89b46a34e0cf5164a78f5bcc88d92bb45ded60f1a91,60.17065,24.93641,000000000f4919c9,13.75
21785,2019-08-01T09:06:59Z,27b591b33a56a542440b53031a24f42290b0ec1a194af27700b75a3a,60.17918,24.95141,00000000675d5200,9.92
21786,2019-08-01T09:06:59Z,2823bf6afde4a5cc05342c15e7417c9590ba52264be5793bb688faab,60.17065,24.93641,000000000f4919c9,13.75
21787,2019-08-01T09:06:59Z,28296ae2b460df2f6807f8a84b81e5ebd24677a05bded29111dc33a4,60.17002,24.94407,000000006b087f40,23.56
21788,2019-08-01T09:06:59Z,28ce50ca84cdcd4c17a36ac666e7ac0267b6ab5b77f4bfb08b2573a1,60.16762,24.95415,000000006b44cce7,2.3
21789,2019-08-01T09:06:59Z,28d50861d92f962c7a49eabaa524431aebf52870e44b79f77d7167c6,60.17918,24.95141,00000000675d5200,7.05
21790,2019-08-01T09:06:59Z,28f1b5463ae8d5cf8ebcf90e05258b85a05413941998844a0118d5a0,60.16897,24.95222,00000000aa852af1,17.4
21791,2019-08-01T09:06:59Z,29ae3c5c3aeac0c607bc816f7e74c232a40142b79a52c43c7b1ed42f,60.16829,24.94214,00000000afef4555,4.11
21792,2019-08-01T09:06:59Z,2ab97eb72424d3a245ddd77691854f564f939b5bacf84648d4211da2,60.16762,24.95415,000000006b44cce7,18.79
21793,2019-08-01T09:06:59Z,2acb10e8d2001852ed5509e35d5d2db4dd0ad524df43f50896b7ec04,60.16629,24.95957,00000000fb7600be,18.79
21794,2019-08-01T09:06:59Z,2afa9ac588b2c55e8edf99ee96ecaf63451a7ab1e51571b7e2d1d491,60.16762,24.95415,000000006b44cce7,6.46
21795,2019-08-01T09:06:59Z,2c6810efb2565383ca0a554f3c51f3f7905484357f5e00756dbf091a,60.17918,24.95141,00000000675d5200,2.8
21796,2019-08-01T09:06:59Z,2cd1630b209fe260a2b08554ebbf46b801e6390566ac1d78e6514b11,60.16531,24.9442,00000000fdda10fe,36.27
21797,2019-08-01T09:06:59Z,2ce60a208e01e24def4575b3644a29b3883aa0e76ae2294afe3978ca,60.1538,24.95595,0000000038bf9618,20.28
21798,2019-08-01T09:06:59Z,2dcf0ecaac12383ceb7b327be55ef5b4e8044d537bcf586a630e32a6,60.16544,24.95398,0000000038d83d41,29.32
21799,2019-08-01T09:06:59Z,2ea9a23b1a04016fb4810d1ceb5731d90774224fd9235877005a4e1c,60.16897,24.95222,00000000aa852af1,18.79
21800,2019-08-01T09:06:59Z,2f43b7a683b0d365a46b6259a032813c293472eaedcdbcc3507adee5,60.17918,24.95141,00000000675d5200,1.7
21801,2019-08-01T09:06:59Z,2f79108a454c0072885ad1447280ed5098d061b229eaae61a8bb67be,60.15432,24.9211,0000000019fb59c4,17.4
21802,2019-08-01T09:06:59Z,2f82b3546af2df53b58cddc668c9aa196554108cdf39120ea40b417c,60.16629,24.95957,00000000fb7600be,5.91
21803,2019-08-01T09:06:59Z,2fb39eae730ec6f291700f841a64aaf680d52a8346399aec6ccb1dbb,60.17065,24.93641,000000000f4919c9,11.7
21804,2019-08-01T09:06:59Z,33fa4cb82db5b44ffe6e7ae1039635187f90d1df328f8f139da0c693,60.17918,24.95141,00000000675d5200,3.09
21805,2019-08-01T09:06:59Z,3480c16a6649952c388d8902596e332f018e609b9585f483353ae026,60.17065,24.93641,000000000f4919c9,3.09
21806,2019-08-01T09:06:59Z,34aa4c3c2f71b736426f6819c09b12c961bc996110fe1fa7c9772c5d,60.15432,24.9211,0000000019fb59c4,18.79
21807,2019-08-01T09:06:59Z,34e96c7caa63e7ede8f428b18e8fb556ac235d61a50c9d6ac7ff268f,60.17918,24.95141,00000000675d5200,13.75
21808,2019-08-01T09:06:59Z,367b1989198ef11170dd9fcfa7e6ebb5ceb58aab87c613ee1bb86e8c,60.16531,24.9442,00000000fdda10fe,16.1
21809,2019-08-01T09:06:59Z,3685ee6d322dcb2ad0ae181f66c3c5427d4531d7896d2f5f7571bb6d,60.16762,24.95415,000000006b44cce7,6.46
21810,2019-08-01T09:06:59Z,38fb20c6d55b10dd10a39c0fb41ad61297453e25afda81cf32313ae3,60.16531,24.9442,00000000fdda10fe,20.28
21811,2019-08-01T09:06:59Z,39126ffb278f49e06180cc6abe5b31ab3acdce1534b5b6ffa0b6e567,60.18203,24.91341,00000000342570c2,20.28
21812,2019-08-01T09:06:59Z,39c6456ee66fe96eee3d97cee2a70923cedb3da760bb5d4d413adb9c,60.17918,24.95141,00000000675d5200,5.91
21813,2019-08-01T09:06:59Z,39e9fa7033887b7ab339887aa68753ff94d4771cda2bb8ff4ea7aa0a,60.17918,24.95141,00000000675d5200,11.7
21814,2019-08-01T09:06:59Z,39f63cf5760b5bae69e8e4a32c6d9b96a1ed84e29cc868d27af934c0,60.149,24.9843,00000000fffb8cf0,18.79
21815,2019-08-01T09:06:59Z,3a253f272d2781dc2001addfbddcac5f3dbf18610988531707b80b60,60.16829,24.94214,00000000afef4555,1.12
21816,2019-08-01T09:06:59Z,3a38ba36c098f2741d6c5fb5a751fcd074d05d698ac592ca09ab443c,60.16448,24.97323,0000000053c6c2be,20.28
21817,2019-08-01T09:06:59Z,3a7b4023cee4b0d567a123a3d6aff0bc8f94663522bbdf0ea4306607,60.149,24.9843,00000000fffb8cf0,12.69
21818,2019-08-01T09:06:59Z,3b668254c5b51de3e9aff861091c76a5e275ac5f20953174a90b82a2,60.17065,24.93641,000000000f4919c9,36.27
21819,2019-08-01T09:06:59Z,3b72559f8671f9bc77441302cc7d3167d5e13c8c4fb0a19edf83bed1,60.16629,24.95957,00000000fb7600be,29.32
21820,2019-08-01T09:06:59Z,3be40c84926a525adbd09eeeb3a12b73b24c633942b2e1fbe8151ac3,60.16448,24.97323,0000000053c6c2be,16.1
21821,2019-08-01T09:06:59Z,3cc82d532d2a768e0c987e2653e32825a8b11fc2f7ba36388535f6e2,60.16075,24.95883,00000000f1124bca,33.81
21822,2019-08-01T09:06:59Z,3e38f81e326b0b05865281c970ada8f17e15292f3591242542bfb73e,60.16531,24.9442,00000000fdda10fe,20.28
21823,2019-08-01T09:06:59Z,3eea43670f4f29a90ced59c1af122371340275fb61ff8f14c7120658,60.16762,24.95415,000000006b44cce7,8.38
21824,2019-08-01T09:06:59Z,41a0ca2955e0ae0324f6e14aeb77ebfaac5305e31d86c42a20277b94,60.15133,24.92329,00000000e8a064a4,33.81
21825,2019-08-01T09:06:59Z,41f455676c61a2d8e1658c60afd7984613a3bc84daac78079c0d8b0c,60.16829,24.94214,00000000afef4555,8.38
21826,2019-08-01T09:06:59Z,42844e90c7134ebb3ec325f57cd27cd24711c779548ebc8692a820d5,60.14951,24.92138,0000000006dd41f6,3.74
21827,2019-08-01T09:06:59Z,432417b4972b744ded3410777a6bbb583cf56172bf3436ddbe48a21d,60.16762,24.95415,000000006b44cce7,5.91
21828,2019-08-01T09:06:59Z,4393fccdbc9fb22fab14f03ea52183ad558bcd436202e69f56a7b77a,60.16762,24.95415,000000006b44cce7,9.12
21829,2019-08-01T09:06:59Z,43e9254771574c896a911bf0345887fcd1d6d846dc0ac2d2146b2e71,60.17065,24.93641,000000000f4919c9,21.87
21830,2019-08-01T09:06:59Z,458f9326c304e9492675314553eb92811762cd1f38e6e5c2d4b75c24,60.16544,24.95398,0000000038d83d41,27.28
21831,2019-08-01T09:06:59Z,4642dfa1df839f11e64f68bca4e3dce7bde2ff6dd68c54959fcb4788,60.17918,24.95141,00000000675d5200,2.3
21832,2019-08-01T09:06:59Z,4682d95464cedcc021f38271a51bab9c000762b4acf802070e259ba2,60.16629,24.95957,00000000fb7600be,4.5
21833,2019-08-01T09:06:59Z,46c37bb9313fa511d142a461fb0eedda90bf18eb9016d20db109f6a4,60.16829,24.94214,00000000afef4555,12.69
21834,2019-08-01T09:06:59Z,47bd1492244c444d45674eb48dd2e6f222cb109d820ba807c4e18c1a,60.16629,24.95957,00000000fb7600be,3.74
21835,2019-08-01T09:06:59Z,48004849b2f48b2314aa9175433d754db1641b949bb8cf050e2dd128,60.17918,24.95141,00000000675d5200,3.74
21836,2019-08-01T09:06:59Z,484bbaa5a9d6bdd2259f022b6ea4e3c290985c13a1286bd7142d878f,60.16762,24.95415,000000006b44cce7,3.74
21837,2019-08-01T09:06:59Z,49bbad87e4d6cd03bdb073bde7be91193d74d29943badce7fc536916,60.16448,24.97323,0000000053c6c2be,9.92
21838,2019-08-01T09:06:59Z,49df780a7f20a99ad2810fa4bbb46b5fac9bc5cbe3fc800cd572f63a,60.14947,24.91438,000000004ef3150d,7.69
21839,2019-08-01T09:06:59Z,4ba529eeafb27285cbbade6e5ece0d4d04bd2d13c98b27a5d17abd22,60.16897,24.95222,00000000aa852af1,3.4
21840,2019-08-01T09:06:59Z,4c8696833edf46025bc9b5f589679b77a73c857736036aa9ef6696e5,60.17002,24.94407,000000006b087f40,31.5
21841,2019-08-01T09:06:59Z,4e5e16adfd317b7f9617f681099821bae42d6f0dca51dfd0957c65b4,60.16762,24.95415,000000006b44cce7,10.78
21842,2019-08-01T09:06:59Z,4ef7629001e9a181f4c7b8eda6016f249d61beb74eeb1a61e8cc6693,60.16829,24.94214,00000000afef4555,20.28
21843,2019-08-01T09:06:59Z,4f609afde0ba5cb017ba3c549bdd11ff322a2e0227a0f11a9d112220,60.16762,24.95415,000000006b44cce7,23.56
21844,2019-08-01T09:06:59Z,4f9125edf503fe3cb0ba1e1221fe6a67aafd99fcd89fd92d2bf20e97,60.16897,24.95222,00000000aa852af1,27.28
21845,2019-08-01T09:06:59Z,4f93c5c493e876fd65b50774e1c92d808bcddb72337905c0c6bb385b,60.16829,24.94214,00000000afef4555,18.79
21846,2019-08-01T09:06:59Z,4fb4a3650a2a28469dde9c537458d24411aa6075666e047dd756fba9,60.17918,24.95141,00000000675d5200,25.36
21847,2019-08-01T09:06:59Z,5001aabb6808b9fd96b705d1ebe8e7aca52713c2640100d81879dd86,60.17918,24.95141,00000000675d5200,14.89
21848,2019-08-01T09:06:59Z,504f910a0bd104a130b85d0c50467a15e74dc950bcc9eac3ebecc43e,60.16531,24.9442,00000000fdda10fe,14.89
21849,2019-08-01T09:06:59Z,518381021c83c138e4a82160bc6cc947b3866647e3c5d6818bdd63bb,60.17002,24.94407,000000006b087f40,12.69
21850,2019-08-01T09:06:59Z,5328327c1bd91c38f3e3d1200d630dcc186849d71a76e63154527d36,60.16829,24.94214,00000000afef4555,14.89
21851,2019-08-01T09:06:59Z,5372348389197e6c4bc4c5e3dab047e7384d562220e6295904bbda1b,60.17065,24.93641,000000000f4919c9,3.74
21852,2019-08-01T09:06:59Z,54b89ed12e25892c9160e029a0379d61425b88db1aa30b06f9ea2d8b,60.17002,24.94407,000000006b087f40,20.28
21853,2019-08-01T09:06:59Z,54bd709173219e8017f317b63ecc83d0a48f64542e6fa1b83c86a56c,60.17918,24.95141,00000000675d5200,12.69
21854,2019-08-01T09:06:59Z,556cae6b2e2dec6fe691a835e8e08bd016b1a65797c0aca46879329f,60.17919,24.95181,000000007b5207b6,4.94
21855,2019-08-01T09:06:59Z,559429bba23762a872fc7b1e2219d42125ab101e4355d43fdb94ed7b,60.17918,24.95141,00000000675d5200,4.5
21856,2019-08-01T09:06:59Z,559e6a5225ce35ab844c63ea0d0c1695dc490a3d9cfbafa5d35ac8d8,60.14947,24.91438,000000004ef3150d,9.12
21857,2019-08-01T09:06:59Z,560816066eb4d44c34d0d56c57c994c0cccbd36fef545059b8e4d9d7,60.14947,24.91438,000000004ef3150d,17.4
21858,2019-08-01T09:06:59Z,57c17edc71bbce06ad692952a1e05eaa77181884e580c0848f3a23fc,60.14951,24.92138,0000000006dd41f6,27.28
21859,2019-08-01T09:06:59Z,5830a481876da00686f25b17dad06258a39212c0816ed04dda2df1bd,60.16531,24.9442,00000000fdda10fe,21.87
21860,2019-08-01T09:06:59Z,584cb0b0cdd14e608c8b57c8aecc9826f9b40027e365e2438a444ea2,60.16762,24.95415,000000006b44cce7,12.69
21861,2019-08-01T09:06:59Z,5865a27b5b56a60bca38e4a1403655e3e7fd0232a3ff2079965aff81,60.15432,24.9211,0000000019fb59c4,9.12
21862,2019-08-01T09:06:59Z,58754229cd3381042c5ffda79c0108c5f77aa1f0f6d1468b9cb42b4c,60.16829,24.94214,00000000afef4555,14.89
21863,2019-08-01T09:06:59Z,5978726eeef638856dafd3a8d199287f8daf9e90ddde750b402f8bb0,60.17065,24.93641,000000000f4919c9,0.5
21864,2019-08-01T09:06:59Z,5a34b02faac3189217466888ef1d31cc80f721ac2f18638c5db88d53,60.14947,24.91438,000000004ef3150d,16.1
21865,2019-08-01T09:06:59Z,5a857d46d2710076dd9ff377dc9ae0c17e4db2a46db79f1e8d158cfa,60.16829,24.94214,00000000afef4555,21.87
21866,2019-08-01T09:06:59Z,5a8d671a78b976d212d9746d88b9a754a2d9c8341c529e88b7c6b8f4,60.17065,24.93641,000000000f4919c9,17.4
21867,2019-08-01T09:06:59Z,5ab676deb1fe6bf4cf870d8a799383772172d4811ef4db40def30ef7,60.1538,24.95595,0000000038bf9618,27.28
21868,2019-08-01T09:06:59Z,5b06617477af6dcee75a94ac347364b50f6f3b5b7d747e5413d9ad58,60.14947,24.91438,000000004ef3150d,7.05
21869,2019-08-01T09:06:59Z,5b24733f1e45af711e2eebfb97b6b1467ca5cf1f466e6c8add4f7935,60.16762,24.95415,000000006b44cce7,7.05
21870,2019-08-01T09:06:59Z,5c1f71098d5d7258d2971061c791c94e0138c8e02225c5f60d6a0428,60.149,24.9843,00000000fffb8cf0,21.87
21871,2019-08-01T09:06:59Z,5daa76852f3e1be6c75fa2185d5787ab9010cf83d6671515769a8649,60.16531,24.9442,00000000fdda10fe,16.1
21872,2019-08-01T09:06:59Z,5e2c5c20c88ccf362ed8749d1ddc041b1cb1c38d8dbeac7870179322,60.16629,24.95957,00000000fb7600be,4.11
21873,2019-08-01T09:06:59Z,5fc2fafdb6649a869ffd226bfe99095b50996797c20447b63333997d,60.15133,24.92329,00000000e8a064a4,13.75
21874,2019-08-01T09:06:59Z,61cad0901875294dc868a6d894b5f275a95e6ab6e4a369eefa0fe4bd,60.16762,24.95415,000000006b44cce7,18.79
21875,2019-08-01T09:06:59Z,626bf35ce16dba1054cfd175d09475d3ee751bf70e56f984ff5c7ab6,60.15133,24.92329,00000000e8a064a4,25.36
21876,2019-08-01T09:06:59Z,63ff2439779051005c18876d20ed53ce060c1de9d7976821bd518fc6,60.15432,24.9211,0000000019fb59c4,13.75
21877,2019-08-01T09:06:59Z,65b6b62b547e11e10f7f83ad497446bee2bb9653097d9d62e9b1b817,60.17065,24.93641,000000000f4919c9,5.41
21878,2019-08-01T09:06:59Z,66ff53281ba2609d80dba728a2d1deea5bac68d20e2b69802d50b924,60.15432,24.9211,0000000019fb59c4,13.75
21879,2019-08-01T09:06:59Z,674355e17da9460e58566497be518f2eb537880c67c788fedb5067db,60.16629,24.95957,00000000fb7600be,7.05
21880,2019-08-01T09:06:59Z,67cf7d2881080aa59ed36a6d88ea1946d17e9d1d5e1ad9eee1851969,60.18203,24.91341,00000000342570c2,18.79
21881,2019-08-01T09:06:59Z,684e7a868866e631c134ab5bd21b6ba738f6ebc6d5b5c169e366c6ee,60.16897,24.95222,00000000aa852af1,6.46
21882,2019-08-01T09:06:59Z,685af6b01bd180194d718801bb8b9c9de22050cc392d6c6441fe986b,60.18203,24.91341,00000000342570c2,9.92
21883,2019-08-01T09:06:59Z,69e2854c78a472b462941ef730aa9fa7a9dba9c1cc22996396d4c78a,60.17918,24.95141,00000000675d5200,7.69
21884,2019-08-01T09:06:59Z,6adce4d05e58232a97635a2fd7918e4e49d9295afc0989d727f9c712,60.17002,24.94407,000000006b087f40,7.69
21885,2019-08-01T09:06:59Z,6bd8f29dd69224345723669424cf7a61a7315a6f812ef43e5a7a44da,60.16762,24.95415,000000006b44cce7,18.79
21886,2019-08-01T09:06:59Z,6d94a134d3b5f52416c91453c67615e480218e6db3a6004b1ba8a79e,60.16829,24.94214,00000000afef4555,33.81
21887,2019-08-01T09:06:59Z,6d98ac1fea7056e5b96d6095caf0e3677a4ec30e9fbcc2e50ae1cf65,60.16629,24.95957,00000000fb7600be,25.36
21888,2019-08-01T09:06:59Z,6dca84ddf4be668487766d17c5d13961ed713d24032f709ae87a497f,60.16829,24.94214,00000000afef4555,18.79
21889,2019-08-01T09:06:59Z,6dd5463e670c352180c1e912300e21e59f5e2976266df8c3c92b0baf,60.16829,24.94214,00000000afef4555,6.46
21890,2019-08-01T09:06:59Z,704c3f3075f13713c363014fa828e4a932e7a05676813b9963a1e554,60.17918,24.95141,00000000675d5200,7.69
21891,2019-08-01T09:06:59Z,70d391038ec56b63a3737605c2c1db6ffbdca8e4490691776dc993f1,60.16829,24.94214,00000000afef4555,14.89
21892,2019-08-01T09:06:59Z,7176ddd6f2dc9be71319e3a2ea67061af7b5277adc890f23882c0afd,60.16829,24.94214,00000000afef4555,18.79
21893,2019-08-01T09:06:59Z,71b01bb8b8e877dc9ca40e756f441571d12ee3311a945417e8aaa116,60.16762,24.95415,000000006b44cce7,3.74
21894,2019-08-01T09:06:59Z,72439a1f997fd347d46394f31f5789edc877fe61ca34fcd31f9150b1,60.18203,24.91341,00000000342570c2,25.36
21895,2019-08-01T09:06:59Z,74d0c0f340d9edbc94f0053d217dded19fcf40450363f4568f14a421,60.16762,24.95415,000000006b44cce7,13.75
21896,2019-08-01T09:06:59Z,7700297fec4982ad776529835e2ab46d4e5cbc889e26f368c19efeef,60.16829,24.94214,00000000afef4555,2.3
21897,2019-08-01T09:06:59Z,774131d73accbbb31ec3c43c3501b7969645eb65df1839ca8116526e,60.15432,24.9211,0000000019fb59c4,17.4
21898,2019-08-01T09:06:59Z,774bf331a7d205164487c930f8e043d9f4064d968a7f9cb28bfa5dc9,60.16762,24.95415,000000006b44cce7,12.69
21899,2019-08-01T09:06:59Z,7c1534082e86ff4387878d813207626d8f728aa26b97248e00a3b8d7,60.16629,24.95957,00000000fb7600be,12.69
21900,2019-08-01T09:06:59Z,7cd51189de07d01882cf0a9346f0830a9b21764875334d45e143fbd5,60.17002,24.94407,000000006b087f40,20.28
21901,2019-08-01T09:06:59Z,7d415f4fd9093fb383b4ebb88961ad74e6a00d3ece39504712dad639,60.17918,24.95141,00000000675d5200,11.7
21902,2019-08-01T09:06:59Z,7e2e3d07c939e3e76e7ce87678faf64e056afe54215e00488839100f,60.14947,24.91438,000000004ef3150d,12.69
21903,2019-08-01T09:06:59Z,7eb4a715919b3eb4085270535ce4d7b57112591ad7242eb189bf652a,60.17065,24.93641,000000000f4919c9,17.4
21904,2019-08-01T09:06:59Z,7eee93799a4b0a73081b5997eaba4036febdfde0bb766caf4de4b5a2,60.16829,24.94214,00000000afef4555,5.41
21905,2019-08-01T09:06:59Z,7f59aaecea1eee6c703ec5d46d67b44289ddedf080defee495b73739,60.14947,24.91438,000000004ef3150d,16.1
21906,2019-08-01T09:06:59Z,809bf2d7a0745ae512b934a578fd5fd47c13c5398b6d06ad350b9e7c,60.14947,24.91438,000000004ef3150d,14.89
21907,2019-08-01T09:06:59Z,8165c5f8d06298ffd56f071c0ad1cc9f1d4f08084936937d712d0b61,60.15133,24.92329,00000000e8a064a4,27.28
21908,2019-08-01T09:06:59Z,82bab0a1bfd11576cf62159546b756e1da44125c76909e270ced391b,60.16897,24.95222,00000000aa852af1,25.36
21909,2019-08-01T09:06:59Z,85bdce5b262dbd94adcff03e6cad26a1152828b6ab27e6fdd56b2b13,60.16762,24.95415,000000006b44cce7,3.09
21910,2019-08-01T09:06:59Z,87f1cc4c4a9de1ab81fe39cf7fde6cf0d4778e690f1665b62231ce46,60.149,24.9843,00000000fffb8cf0,38.87
21911,2019-08-01T09:06:59Z,88c2bc6310f27465b9f08b28fb52075d7703ce7b097e5beb37c7437c,60.14947,24.91438,000000004ef3150d,10.78
21912,2019-08-01T09:06:59Z,893080d82bb28aa3ab91e41ddd4569086c8135ade7be10aa644fca95,60.17065,24.93641,000000000f4919c9,27.28
21913,2019-08-01T09:06:59Z,898cde3317c73907bb23b1b885828c4bf3187c3a757a18dc32abe970,60.16762,24.95415,000000006b44cce7,4.11
21914,2019-08-01T09:06:59Z,8a70673a694137689441a8a18cff0044d959d5d1991c92c7b5fb8f0c,60.16829,24.94214,00000000afef4555,3.4
21915,2019-08-01T09:06:59Z,8c571538c285dba9d77edacfb1829b282d54b772b62209c6e4004237,60.17918,24.95141,00000000675d5200,1.25
21916,2019-08-01T09:06:59Z,8d5e893f77b3d167ebefad4ecab181fea08513599a6f9450f0b9a827,60.17919,24.95181,000000007b5207b6,13.75
21917,2019-08-01T09:06:59Z,8e20d0d67339e3cf43e77c3a340d9dc6766de8d079197a08a1343ff0,60.17065,24.93641,000000000f4919c9,13.75
21918,2019-08-01T09:06:59Z,8ec54dc2fd63fcef9c0df9dffc12f40ebbada360614e04849594479a,60.17002,24.94407,000000006b087f40,20.28
21919,2019-08-01T09:06:59Z,9236c27efd200a9ad94ce53d3d2cd84e25047b2280d7e96d6c4d971b,60.16897,24.95222,00000000aa852af1,14.89
21920,2019-08-01T09:06:59Z,92c8f3485bc9482ecb77e8659730c985bbb9278b4318620fca3566f9,60.16762,24.95415,000000006b44cce7,16.1
21921,2019-08-01T09:06:59Z,941e13893853105c86bfbc6d31d62274937602143ce3bb530c8c17ed,60.17919,24.95181,000000007b5207b6,9.92
21922,2019-08-01T09:06:59Z,99a026b5100e23129fa529e9a57a3dbc8490dc03b58f2193f03e2dcf,60.14951,24.92138,0000000006dd41f6,5.91
21923,2019-08-01T09:06:59Z,9a12cdd9d905a294b1c33d220edf652a99509b8916a79081b8e05dae,60.16629,24.95957,00000000fb7600be,17.4
21924,2019-08-01T09:06:59Z,9abbc86fb0fc1c0532042814af76a97e6a17121831d4394749a290a6,60.16762,24.95415,000000006b44cce7,7.69
21925,2019-08-01T09:06:59Z,9b3e6848d8b34e802134d6da0e5a594897ec3fafbbf08b6d0b84068e,60.17918,24.95141,00000000675d5200,4.11
21926,2019-08-01T09:06:59Z,9bef8b28ea93ecaee57d05b037edbfe7f80014aaf56343345fedd7be,60.17918,24.95141,00000000675d5200,9.92
21927,2019-08-01T09:06:59Z,9c3468620f03e8cd338f2e12c4d2839479aae001db527fb45cba43a6,60.149,24.9843,00000000fffb8cf0,25.36
21928,2019-08-01T09:06:59Z,9ce214896068957a21bc57af08680d84debbd091b49ad5e6402c4cc8,60.16629,24.95957,00000000fb7600be,27.28
21929,2019-08-01T09:06:59Z,9dfecc3e26cb27e4b80721e355ef0d6cb182ac2eebf66b006e2d9f8e,60.149,24.9843,00000000fffb8cf0,33.81
21930,2019-08-01T09:06:59Z,9e343a150f07bb3dcce5ecab8ac061b84d65b347b1af5a232e00eeb6,60.16829,24.94214,00000000afef4555,7.05
21931,2019-08-01T09:06:59Z,9eee6d740f1d483c484d02f0995f35550c09e6a8cf01f02680db5efc,60.16448,24.97323,0000000053c6c2be,25.36
21932,2019-08-01T09:06:59Z,9fa57cff946eb6b758bd810321b0bb80d6f0c46ca5fb40b0ec22ca0d,60.16762,24.95415,000000006b44cce7,14.89
21933,2019-08-01T09:06:59Z,a04214b56cac7d70680703ee6a28fac742f3c3190b55b46a79c1f76d,60.149,24.9843,00000000fffb8cf0,21.87
21934,2019-08-01T09:06:59Z,a1049deed97cd1989c882cb47bb39f0d93d1fddbac4e9307e8a4249e,60.16544,24.95398,0000000038d83d41,27.28
21935,2019-08-01T09:06:59Z,a2333053951d093ef490bcc3b9455fa0ed512421b5b597602785ab28,60.16531,24.9442,00000000fdda10fe,18.79
21936,2019-08-01T09:06:59Z,a249a94b2496960ff9b9a9c75e4ff6fdf9cca679ff77028fd89163b9,60.16762,24.95415,000000006b44cce7,25.36
21937,2019-08-01T09:06:59Z,a2c53a9ecb3dab08bc3bf70db35ea02e6f15cedb137ce7817751f27c,60.16829,24.94214,00000000afef4555,16.1
21938,2019-08-01T09:06:59Z,a2e761fd97d8bdf78601300822b531e306b9ab7a1a43b6bfb07eba52,60.14947,24.91438,000000004ef3150d,18.79
21939,2019-08-01T09:06:59Z,a38c11c450b472b9dad2f076e2d9a63651292d3de806331d06af7f46,60.16531,24.9442,00000000fdda10fe,17.4
21940,2019-08-01T09:06:59Z,a3ae54eaf07e5288b3cc78d8eacd2492227776c9ff07691c995f0018,60.16897,24.95222,00000000aa852af1,23.56
21941,2019-08-01T09:06:59Z,a403dc1eebc5d130e12a4c3e4298737c9e00b25b1b6b2cc36a6979c9,60.16629,24.95957,00000000fb7600be,5.91
21942,2019-08-01T09:06:59Z,a4b9f871dcc986c95f1e84fe203bb392ba0fe13164d89119bda2c94a,60.16762,24.95415,000000006b44cce7,3.4
21943,2019-08-01T09:06:59Z,a61a6156cbe24f1f3fc8708456044502186478f34ecccb0620788ac3,60.16762,24.95415,000000006b44cce7,9.92
21944,2019-08-01T09:06:59Z,a6d010615b0732a971c180467cd17865327688c7e6c60628c3d452d3,60.16762,24.95415,000000006b44cce7,12.69
21945,2019-08-01T09:06:59Z,a6d0dd9de406b1201a4e438ec7c5f4a467f38c41e2dec42ff6c71d50,60.16897,24.95222,00000000aa852af1,17.4
21946,2019-08-01T09:06:59Z,a786eb3b8a25c58099a428799e99d0b86401f803ee38d3e5d20e59d3,60.15432,24.9211,0000000019fb59c4,7.05
21947,2019-08-01T09:06:59Z,a83415babca8eac00f69a32371a230fdadda29bf40fd69f75cf2e8fb,60.17918,24.95141,00000000675d5200,12.69
21948,2019-08-01T09:06:59Z,a83703c80a4d58db87327a53b0d3664d23edf7350ff6b0afaa49c530,60.16629,24.95957,00000000fb7600be,16.1
21949,2019-08-01T09:06:59Z,a838fe521ed943ab5d8f7c5d408246fb2370ea139b12544208826ea9,60.16897,24.95222,00000000aa852af1,21.87
21950,2019-08-01T09:06:59Z,a8ca7fb815e707c04434a085c4f99e783d56372143afc92225eae622,60.15133,24.92329,00000000e8a064a4,16.1
21951,2019-08-01T09:06:59Z,a9ee2aabbd32919adf0325ca2f2c5f8e0ba801bc168e8756cda957da,60.16629,24.95957,00000000fb7600be,16.1
21952,2019-08-01T09:06:59Z,aa5281244780ac8f283c3452639d477cd76e31fc6f0b95b99c51a9b0,60.16762,24.95415,000000006b44cce7,1.54
21953,2019-08-01T09:06:59Z,ab615ee5bbf567aee3505fbb360d09fc6b851f93fb15aef778b57128,60.16531,24.9442,00000000fdda10fe,9.12
21954,2019-08-01T09:06:59Z,abf0be93e7a8aec9fa8284fdbcc2493f32084aa95f15660b23e149c6,60.16629,24.95957,00000000fb7600be,11.7
21955,2019-08-01T09:06:59Z,ad22512fd6a5ad9e19fdfad7e02b2793ecb01875be243f894c637ae2,60.16829,24.94214,00000000afef4555,11.7
21956,2019-08-01T09:06:59Z,af67ffa8b538058603b74f48e04ab914e8f6cd450f53c47f8c3d683d,60.15432,24.9211,0000000019fb59c4,9.92
21957,2019-08-01T09:06:59Z,afaed9946dbc1509500c6f80f87eed8fe44a74ba3e14328c6efe3971,60.16829,24.94214,00000000afef4555,9.92
21958,2019-08-01T09:06:59Z,b09e9bb62cc49c085c1aee3b752af1bec69dabc939323e5733f73933,60.17065,24.93641,000000000f4919c9,27.28
21959,2019-08-01T09:06:59Z,b145976b011f15e3003f22672f601d9130c24384be2b0caab07d182e,60.16448,24.97323,0000000053c6c2be,16.1
21960,2019-08-01T09:06:59Z,b25339bfcf356e1460eec7d6494ab8fa8fe2ee363afb6496ab1a1fb9,60.16829,24.94214,00000000afef4555,11.7
21961,2019-08-01T09:06:59Z,b28757d67868f9471f0d997a935e857fd0ff1095449820929597563b,60.16762,24.95415,000000006b44cce7,12.69
21962,2019-08-01T09:06:59Z,b32e57a6f5865a23d7a0e9fa346d5ec4e975f99c4df815fe8b1449b2,60.17918,24.95141,00000000675d5200,11.7
21963,2019-08-01T09:06:59Z,b474e34db18d21635ec9ea2654513e6759c326f3aaec96c25f9a204e,60.16897,24.95222,00000000aa852af1,16.1
21964,2019-08-01T09:06:59Z,b50a45ac0708e7b5cca42f3458430eb22ff70a81c575bafe99ffda23,60.17002,24.94407,000000006b087f40,9.92
21965,2019-08-01T09:06:59Z,b5603e758440226e490d1d7d7271a7b0d5c261eccbad198f81110136,60.15432,24.9211,0000000019fb59c4,13.75
21966,2019-08-01T09:06:59Z,b6c43126ca83e916a68e57d0178060c24fc61305836b6c8f188f7285,60.17918,24.95141,00000000675d5200,10.78
21967,2019-08-01T09:06:59Z,b8fb70225ee0a2d655e2809da07a2f8cd2feb7295aa256f8b35fcf1e,60.16629,24.95957,00000000fb7600be,5.41
21968,2019-08-01T09:06:59Z,b97e8775b7021a84b071ffc809856d4daebb9b3168eccdb9439a394d,60.16531,24.9442,00000000fdda10fe,23.56
21969,2019-08-01T09:06:59Z,bc436a99a8805080541bd9dc9743df4f0e34172e2c70b59f64c4260c,60.16762,24.95415,000000006b44cce7,12.69
21970,2019-08-01T09:06:59Z,bc6d5082ca52e6dae7a1689a835434f3f6341e90afea565480eb9674,60.16829,24.94214,00000000afef4555,9.92
21971,2019-08-01T09:06:59Z,bc82f76c979de19b559e9e3aa0cd6cbf5ac361e2d7b1ac9f81fe2f4f,60.17918,24.95141,00000000675d5200,6.46
21972,2019-08-01T09:06:59Z,be12d6aaccf354197284a8c92b960bd6a4e1705f7d948823e7891fde,60.16762,24.95415,000000006b44cce7,5.41
21973,2019-08-01T09:06:59Z,bf546b1abc8eba5c7f399f527508a7304dea62586aa297896d71ea5c,60.18203,24.91341,00000000342570c2,23.56
21974,2019-08-01T09:06:59Z,c004fa64cb7de7e87d3b91639ae5f95304fb1a90b0a0e927cea958af,60.16762,24.95415,000000006b44cce7,9.12
21975,2019-08-01T09:06:59Z,c15da9ed244b57a27a083919c67d0edde078a31b18cb58f13581f173,60.1538,24.95595,0000000038bf9618,20.28
21976,2019-08-01T09:06:59Z,c1674c59c49d5bf74e6808239a91d18a04e47697d298bc61a7618af2,60.16448,24.97323,0000000053c6c2be,31.5
21977,2019-08-01T09:06:59Z,c19294a0a6dd80604d1435e92cecc363af55f32ef9d41af8b67687e2,60.16897,24.95222,00000000aa852af1,25.36
21978,2019-08-01T09:06:59Z,c375f2dac85f963c33b2daf76ffb0c32d2c8fd08172419336e308686,60.14947,24.91438,000000004ef3150d,18.79
21979,2019-08-01T09:06:59Z,c434f18b802a764aad7a2dfb46e93546acb1b0975cf9b93fd47363f6,60.15432,24.9211,0000000019fb59c4,3.74
21980,2019-08-01T09:06:59Z,c55f651c108f569fe59364de834d31b122908186d2f95d20ed519564,60.16762,24.95415,000000006b44cce7,10.78
21981,2019-08-01T09:06:59Z,c65c11ee6e8b5894ead3ea9b007a39127edb65a67be253aca6f78ed0,60.16448,24.97323,0000000053c6c2be,23.56
21982,2019-08-01T09:06:59Z,c6d34066a212d08ed92a2a2ac4ec1eeebbac7e6aea3ef939d15d0e35,60.1638,24.96846,00000000d747f075,25.36
21983,2019-08-01T09:06:59Z,c872af9997af535c4615ee0b4194c7c8d644b7962afb3ca321eb386f,60.15133,24.92329,00000000e8a064a4,25.36
21984,2019-08-01T09:06:59Z,c8b9856a261673c3360915cd9a4dabb4afe22b63a86d7f59f7dc5f20,60.17002,24.94407,000000006b087f40,18.79
21985,2019-08-01T09:06:59Z,c98bce1cc275ed0a1b833011f8cd251ac848fdc84501fe87eb8b5d54,60.17918,24.95141,00000000675d5200,27.28
21986,2019-08-01T09:06:59Z,c9ed2b3285b32321fb5fe458b9215ed21abc67263dabc3693aa23302,60.16829,24.94214,00000000afef4555,17.4
21987,2019-08-01T09:06:59Z,ca7719c7cd8d4496b666f608fc07ba9930e362a0b2d96890b0778618,60.16629,24.95957,00000000fb7600be,11.7
21988,2019-08-01T09:06:59Z,cccf3ba2a9d11b9330c18af8064a20aca9995473495bf119162a1619,60.16897,24.95222,00000000aa852af1,10.78
21989,2019-08-01T09:06:59Z,cd24d4831d3c3e8dad5e555b47528aa6b11e307b2882be4f65dd4076,60.17002,24.94407,000000006b087f40,14.89
21990,2019-08-01T09:06:59Z,cd36467a9e57a5646d6d8d587b8089c12074243a9ac10ee83b37fbac,60.16629,24.95957,00000000fb7600be,10.78
21991,2019-08-01T09:06:59Z,ce7de55c7709396c70ce5930097e84449a4889700e605a0b062aaeae,60.16531,24.9442,00000000fdda10fe,27.28
21992,2019-08-01T09:06:59Z,d0e607248d8728deb0b1b4f29fda6d8cd954a8c837fdebf9df54dc02,60.14947,24.91438,000000004ef3150d,27.28
21993,2019-08-01T09:06:59Z,d2565986030ddea596554d64d126e84d618ce72222ab6888c3debf59,60.16448,24.97323,0000000053c6c2be,13.75
21994,2019-08-01T09:06:59Z,d31d6921eee92503b486a1b30f5330581c4744a82e6549f375544846,60.17918,24.95141,00000000675d5200,18.79
21995,2019-08-01T09:06:59Z,d48c8d6c9167c2eb6e1b8f9bd677138e52ac99b3f5bc81849215a6dd,60.16762,24.95415,000000006b44cce7,12.69
21996,2019-08-01T09:06:59Z,d562afdedae521be241c98441e436608a323fdb944dedc24c835e762,60.17065,24.93641,000000000f4919c9,7.05
21997,2019-08-01T09:06:59Z,d653ef8368d33df4fc7edeb5a381d5826be1471f1470aa9744d47901,60.173,24.92524,0000000096918cfa,2.54
21998,2019-08-01T09:06:59Z,d65b8625c1f24304ff0e3c4a4dce7aa5d434d36be87be41834a49420,60.16531,24.9442,00000000fdda10fe,4.11
21999,2019-08-01T09:06:59Z,d6e217c6592e449e2390b1a874e08cbc9126116901dbdbf84501c6b8,60.17065,24.93641,000000000f4919c9,9.12
22000,2019-08-01T09:06:59Z,d74ea3c9e0aaa523c791aa01f4f9a7c1c43f01f585dc4146b19edf83,60.17918,24.95141,00000000675d5200,11.7
22001,2019-08-01T09:06:59Z,d7734ef0345fcffc0f4bd7579275af62987490aba012209832e92059,60.16629,24.95957,00000000fb7600be,12.69
22002,2019-08-01T09:06:59Z,d81eea3c8bf927d879268dc01665b897d48eecc647bbf61f91f37a33,60.16544,24.95398,0000000038d83d41,27.28
22003,2019-08-01T09:06:59Z,dbedd81db3d59ee0c6948187e396a34e2fa5dd6670cf8d862bf5e1ff,60.16762,24.95415,000000006b44cce7,6.46
22004,2019-08-01T09:06:59Z,dc786895c819070347a0a268463f0a8b15f5eec1647f016a9e78e9e0,60.1538,24.95595,0000000038bf9618,18.79
22005,2019-08-01T09:06:59Z,deb8a213e1b4930e676ee8fdb394161ec46adb785171fa37437b4d44,60.15133,24.92329,00000000e8a064a4,18.79
22006,2019-08-01T09:06:59Z,dfe80baf219bd267a459c954a8e3027b3f1ed29fea2a5355456d5652,60.16897,24.95222,00000000aa852af1,11.7
22007,2019-08-01T09:06:59Z,e09515dbe1e90af07cb756a83c222c60f5f0566f94590848e72f6401,60.16762,24.95415,000000006b44cce7,4.5
22008,2019-08-01T09:06:59Z,e0fe7fe5854899c0eb42b75b300339808143419404558ed4d00b0f17,60.17918,24.95141,00000000675d5200,12.69
22009,2019-08-01T09:06:59Z,e10ed9cf0a6ef9efe6352e59c3741f34cbad43ae3c772f0495246564,60.149,24.9843,00000000fffb8cf0,25.36
22010,2019-08-01T09:06:59Z,e234769b1ce1634554f5fa4a290d11b2a30c3dfd009d4c39a2e9dd3d,60.17065,24.93641,000000000f4919c9,18.79
22011,2019-08-01T09:06:59Z,e294dde431d68c7b73efcf1f9b916e40bf408111c79228032c7830a4,60.16544,24.95398,0000000038d83d41,23.56
22012,2019-08-01T09:06:59Z,e2bb0ae74deee6cbc4f50c5f85da3f1779ca1db1ae7ff48ab4b33dbc,60.17918,24.95141,00000000675d5200,1.25
22013,2019-08-01T09:06:59Z,e528235be3e5cc4945024d50d1ed43061e2e2f2845f2b41e081e1721,60.17918,24.95141,00000000675d5200,4.11
22014,2019-08-01T09:06:59Z,e5cad8bb9a6c8dcc067948d7f869033aca5bdd062da175c8734092e6,60.17919,24.95181,000000007b5207b6,5.41
22015,2019-08-01T09:06:59Z,e60dfd6fdae0694da3bbaca41506bcb6ca5f3ac39a1801d84a65751e,60.16762,24.95415,000000006b44cce7,23.56
22016,2019-08-01T09:06:59Z,e73dcccbc4dd6af49316f19a34c347cc94ff7ab079a93a2672d78a16,60.14947,24.91438,000000004ef3150d,23.56
22017,2019-08-01T09:06:59Z,e8add7e8346b99cd4b67924113f3763441a1899897c6d1ac3a1a40a6,60.17918,24.95141,00000000675d5200,9.92
22018,2019-08-01T09:06:59Z,e8ed8051f57ad9d9029a5e3b443c5e93e5059f8c487ba45e2583d35a,60.16829,24.94214,00000000afef4555,18.79
22019,2019-08-01T09:06:59Z,e9275b4d525e0593374e00e9cf9885062a1699ecb3462c758a025ef1,60.16762,24.95415,000000006b44cce7,10.78
22020,2019-08-01T09:06:59Z,e979a153601f7520f54d4733fe91f75f154c8f1c08dc3408dbba5345,60.15432,24.9211,0000000019fb59c4,7.69
22021,2019-08-01T09:06:59Z,ea3f8412ed9c4d92448688dd9cc7ff9e3eeb5fe4373d0953bf0349c1,60.16531,24.9442,00000000fdda10fe,21.87
22022,2019-08-01T09:06:59Z,ea94130fbb3464dc656765cfddbad802ddfafb1af8007cb5f42cd41f,60.16829,24.94214,00000000afef4555,12.69
22023,2019-08-01T09:06:59Z,ec2dd83e04d225caca9f6b9d28bd3080ed37c5bf42e5f65123fa2394,60.17065,24.93641,000000000f4919c9,16.1
22024,2019-08-01T09:06:59Z,ec7121833f0e4b509d683b00a9c5e992e4b84882cb857145102e14f4,60.16531,24.9442,00000000fdda10fe,2.08
22025,2019-08-01T09:06:59Z,ec8c0160ac1ee5aeaf6204956c9db2ee4f98f55ae3fe1ec0af07fab8,60.16762,24.95415,000000006b44cce7,13.75
22026,2019-08-01T09:06:59Z,eef621895ee74145a6d76c5f5493a93d7c728c80abe45a2e1933ae9f,60.16897,24.95222,00000000aa852af1,20.28
22027,2019-08-01T09:06:59Z,ef6e7d641ebef891165f5f8178b3195fbc6c86dc5f904ca2cca43e32,60.16897,24.95222,00000000aa852af1,25.36
22028,2019-08-01T09:06:59Z,efb0235d2d9cd06b8377959fc3e5e144c222db88b6578a8fa7a48475,60.16762,24.95415,000000006b44cce7,16.1
22029,2019-08-01T09:06:59Z,f1447725764ec0dca245fc67f2aa0a0c42e6b05808076aa74f0c1e7e,60.17918,24.95141,00000000675d5200,9.12
22030,2019-08-01T09:06:59Z,f18c0c32d067aecf5602d70693ac888cab1be6dbb0d154be5153dfcc,60.16829,24.94214,00000000afef4555,31.5
22031,2019-08-01T09:06:59Z,f1b28329fc91f4708ca34857c5582c0bf1b7d0ab06127746029cd72c,60.17919,24.95181,000000007b5207b6,5.41
22032,2019-08-01T09:06:59Z,f20935810c1567a80c288016c4d4dd32fe86b3479f47ae7dd64d15cc,60.15432,24.9211,0000000019fb59c4,4.94
22033,2019-08-01T09:06:59Z,f27b93329546b5d9c00e9fc70d0df72440f620564e0fff5a89ff8276,60.17065,24.93641,000000000f4919c9,20.28
22034,2019-08-01T09:06:59Z,f29ed00b645af4bbf50174e71f58a9b691d2e2342e59eda242d97380,60.16829,24.94214,00000000afef4555,23.56
22035,2019-08-01T09:06:59Z,f4131e8c526b295b32dc9448a2a43ec900e25e8914003a963782e36c,60.16829,24.94214,00000000afef4555,2.8
22036,2019-08-01T09:06:59Z,f4587b90aec9127805880f7c81fc03b9fb513fe363015399b895089f,60.16829,24.94214,00000000afef4555,9.92
22037,2019-08-01T09:06:59Z,f4bbc3077da0455d4340da2eed204915327b75a792080724548b4956,60.17918,24.95141,00000000675d5200,2.3
22038,2019-08-01T09:06:59Z,f503a41d3e8b9b57628f4f061c1d8e0c53c62dd8a6fe38d212958ee6,60.16075,24.95883,00000000f1124bca,20.28
22039,2019-08-01T09:06:59Z,f50fd3b1715a94dff67461f4b8f252ecaa6acc16459b3d021f34f15e,60.1538,24.95595,0000000038bf9618,18.79
22040,2019-08-01T09:06:59Z,f587de6c8c03387c5e6a66cd7d20c45abad3668c8e2246611122547b,60.14947,24.91438,000000004ef3150d,16.1
22041,2019-08-01T09:06:59Z,f77f8836e641389801309c311e926c1662264ab16efd01cd5bf27baf,60.16762,24.95415,000000006b44cce7,7.05
22042,2019-08-01T09:06:59Z,f9e527876f8dfe750fd29bc42664bbf572aed5d09d344a8934a83d90,60.17065,24.93641,000000000f4919c9,4.94
22043,2019-08-01T09:06:59Z,fa1a3814c680b20020a08346c37ee2853e895984574575312bf262e7,60.14947,24.91438,000000004ef3150d,10.78
22044,2019-08-01T09:06:59Z,fa9f19c58a086fde9429d732b1eec80eacf5fc1b2c0124d17243d008,60.17918,24.95141,00000000675d5200,3.4
22045,2019-08-01T09:06:59Z,fba6e66dd09200012637e0b454c96fd7a5459b7e8b0ba01863cdbd77,60.16762,24.95415,000000006b44cce7,3.74
22046,2019-08-01T09:06:59Z,fe191b6937595e5cf2ac1491e9056f0f9fb5bf66c0cb900df00b4c64,60.16829,24.94214,00000000afef4555,16.1
22047,2019-08-01T09:06:59Z,fea1453360073dfc1896bf1f005f51addb49661f953e16cffba3c63d,60.16531,24.9442,00000000fdda10fe,20.28
22048,2019-08-01T09:06:59Z,ff3580f7bd2e1882c23d4afbfcaa5eb85473ce822d5833faecefdd31,60.16897,24.95222,00000000aa852af1,20.28
22049,2019-08-01T09:07:00Z,0fff89885f08417f20aadfdbf62a372277e9085bcd024374b772ecac,60.16531,24.9442,00000000fdda10fe,23.56
22050,2019-08-01T09:07:00Z,144afc51fc2443c7031a2912566eff2ce60226a49d6d2bd7c2923700,60.16544,24.95398,0000000038d83d41,16.1
22051,2019-08-01T09:07:00Z,14c7e1511b70f4dd3359cbece1377aebb4d70531f5489eefe53d7c3c,60.16544,24.95398,0000000038d83d41,27.28
22052,2019-08-01T09:07:00Z,15918569de0a46a8eb56b43d8d39f7fc82619ff1006f00822c85745c,60.17918,24.95141,00000000675d5200,1.54
22053,2019-08-01T09:07:00Z,165ebbb4090d47319ae370f0d0854fdc1f6b79499f8b2e4d3c3533c0,60.16544,24.95398,0000000038d83d41,27.28
22054,2019-08-01T09:07:00Z,1f0f0628cdc688d76bde2b82bee5b9b4916bf0bbdfe76cf3213e1c65,60.15432,24.9211,0000000019fb59c4,12.69
22055,2019-08-01T09:07:00Z,2a93b61a3863ace54349d7a0937e4134fcc6d4dfcf064eefae2b7cf8,60.15432,24.9211,0000000019fb59c4,20.28
22056,2019-08-01T09:07:00Z,2b768144e797cf0d3542f04f2af4f693d622b17946500d54430aacbb,60.1538,24.95595,0000000038bf9618,6.46
22057,2019-08-01T09:07:00Z,5d65719c4cbf045f068d084b72302f447d5fd034413d97d13be00d0e,60.18203,24.91341,00000000342570c2,18.79
22058,2019-08-01T09:07:00Z,6a657079c1bdc8114c289be1ddd83e5846d4279a920d1697b8ff0033,60.18203,24.91341,00000000342570c2,21.87
22059,2019-08-01T09:07:00Z,6d22b751ff5173035dc85c52c3dff0780126adae67fe33dc62dd45ef,60.16531,24.9442,00000000fdda10fe,29.32
22060,2019-08-01T09:07:00Z,6ff437688c444238352c28f64f9d2a7d0f14d19c9ea42c225380501e,60.16762,24.95415,000000006b44cce7,20.28
22061,2019-08-01T09:07:00Z,76c7f42283513d0e289bf786d89463b5025b2ae0f4e13519a4cf228b,60.15432,24.9211,0000000019fb59c4,16.1
22062,2019-08-01T09:07:00Z,78d5f60b36b59c06c3988b94e11744bb3aed5dcbc214f91f228bf892,60.16448,24.97323,0000000053c6c2be,20.28
22063,2019-08-01T09:07:00Z,79f136afa0dd8717337c01c70b457c464aaf0fa25b440f51a394ec23,60.16762,24.95415,000000006b44cce7,29.32
22064,2019-08-01T09:07:00Z,84fdfd8881f633c5f0c71c1480053953ca4b05e848052d97c063ad38,60.1538,24.95595,0000000038bf9618,29.32
22065,2019-08-01T09:07:00Z,87dfaad29a9276ddddb1fa021d3bc23ad14824c1af16f7d87e713689,60.14951,24.92138,0000000006dd41f6,9.12
22066,2019-08-01T09:07:00Z,89982a6acf91b79a282a6b63978e946ee205f303fcd20e944e06baf0,60.16544,24.95398,0000000038d83d41,38.87
22067,2019-08-01T09:07:00Z,8cc6ddaa460aeae8cc9e8a33f91a01c8cd4c0c8bf8a943210a28c84d,60.1538,24.95595,0000000038bf9618,29.32
22068,2019-08-01T09:07:00Z,8ffeb52bff155eab19ca329d16be495cd44a08aa7f79b94db079caf9,60.15432,24.9211,0000000019fb59c4,21.87
22069,2019-08-01T09:07:00Z,9843c6216661048343a0e49cf3d8aa2883cf77f452666a1c873a1052,60.16448,24.97323,0000000053c6c2be,13.75
22070,2019-08-01T09:07:00Z,9d03d14afa49576281aa26db60e517f7c1ec8aa36f7756959a860a8a,60.16629,24.95957,00000000fb7600be,17.4
22071,2019-08-01T09:07:00Z,a08cae03363d2e483a6ea717973088f4bd4276de96a9d438a7358ff4,60.16897,24.95222,00000000aa852af1,23.56
22072,2019-08-01T09:07:00Z,a91d379a4b57c5df22db0d7a041ff69f657b4b31f28554b1011fc03c,60.16544,24.95398,0000000038d83d41,31.5
22073,2019-08-01T09:07:00Z,a9da1ee82e3b670e276c26b483dd50f4a6d0c6f77ef82245d3ae6086,60.18203,24.91341,00000000342570c2,11.7
22074,2019-08-01T09:07:00Z,ab0f67c0c0e1ba5eac9013f9c314feadf340ddf08543b91e70483594,60.16544,24.95398,0000000038d83d41,18.79
22075,2019-08-01T09:07:00Z,b1f358076ba79ef902a36ca8ae3f8ec7c93308a67c479345bfdbdecf,60.1538,24.95595,0000000038bf9618,29.32
22076,2019-08-01T09:07:00Z,b4faf2d3c4d2b199afeab6ab63b583fe3a2e81e14abbef6917f25129,60.15432,24.9211,0000000019fb59c4,18.79
22077,2019-08-01T09:07:00Z,b5fd6b317890e5ab2d79e2cd1abe61626d45a753c7337d0d40728898,60.16762,24.95415,000000006b44cce7,11.7
22078,2019-08-01T09:07:00Z,cf05623e4d87ce0906c0b0b7dbf53aacc1228016cd27c341228b6e76,60.18203,24.91341,00000000342570c2,18.79
22079,2019-08-01T09:07:00Z,d178749a24c32676d0da0f51ae6ff63c456499d4b1814af8fa75ca9e,60.16448,24.97323,0000000053c6c2be,5.91
22080,2019-08-01T09:07:00Z,dd2c9c82cf3737146294aff6f814a1349fb0bc4bedf518715dacbe8f,60.18203,24.91341,00000000342570c2,14.89
22081,2019-08-01T09:07:00Z,df89b51aeaaa1a8c64db45d6c35f918b650806b37aea9b50246a3267,60.16829,24.94214,00000000afef4555,17.4
22082,2019-08-01T09:07:00Z,ec72ef080c605e71978aed0d3b5f22c3c3133677a43c614b72eedc6d,60.14699,24.922,00000000a53ed894,29.32
22083,2019-08-01T09:07:00Z,f088630d7476dae7d4b7e2bb1f10575f2c89acb4b6e061f3d57c2b40,60.16531,24.9442,00000000fdda10fe,33.81
22084,2019-08-01T09:07:00Z,f22981c21af00fc334b3d8bdd523e23a50384666e97815f0ec1dc0ac,60.16897,24.95222,00000000aa852af1,9.92
22085,2019-08-01T09:07:00Z,f543e7230fc191ff5f761b17871123a9e0ce4227cc186135a42f511a,60.149,24.9843,00000000fffb8cf0,20.28
22086,2019-08-01T09:07:00Z,f83d4b6b8ffbf8a674d212e32100b2360b80261b4e9207d77c0b0ed3,60.17918,24.95141,00000000675d5200,3.4
22087,2019-08-01T09:07:00Z,f99c5dd8cc08bd2353083d875ce8bc585fb2c2ff8427b90d92f571de,60.1538,24.95595,0000000038bf9618,31.5
22088,2019-08-01T09:07:00Z,fc4f3a44235f1cfc7b53f14ba2da599976a5a0a220d23b852688e485,60.17918,24.95141,00000000675d5200,16.1
22089,2019-08-01T09:07:00Z,00787dad708490660b0b836fa415681cc57046fa521c0c0aaea14a9e,60.16762,24.95415,000000006b44cce7,11.7
22090,2019-08-01T09:07:00Z,011372b726688a0c953368b50bc5a1cb0212c17dbecc587d9f9d75ce,60.16629,24.95957,00000000fb7600be,4.5
22091,2019-08-01T09:07:00Z,02050a536056486b1bf139282f0d0a3af63def1d56ff0c73ac51bb19,60.14947,24.91438,000000004ef3150d,10.78
22092,2019-08-01T09:07:00Z,023083c44c772667f1727e01c74518889b2a82d78ceb28c08b6f8a20,60.16531,24.9442,00000000fdda10fe,18.79
22093,2019-08-01T09:07:00Z,028149b8bfaf37d1f064cb0b4f23ae118f00d8eff41679fb8830396a,60.16531,24.9442,00000000fdda10fe,20.28
22094,2019-08-01T09:07:00Z,02fb8c740573d86a30d1a85d4b270f0d198cd0487446d6ca84453f3f,60.16544,24.95398,0000000038d83d41,29.32
22095,2019-08-01T09:07:00Z,0362cc670dcfab795a3911957b6a177416bf9b99d0e2732716796c4d,60.15432,24.9211,0000000019fb59c4,12.69
22096,2019-08-01T09:07:00Z,03f427d436ba092925de462b11374bdbdab0443620037675621fbc11,60.17918,24.95141,00000000675d5200,25.36
22097,2019-08-01T09:07:00Z,0483eb7342f4e704caa76b9bc3d6a7bd836282960dafc2c756247134,60.16762,24.95415,000000006b44cce7,7.69
22098,2019-08-01T09:07:00Z,06753eb9c56292934b34f1c8d302486ee36fd733da500c23c70a53cd,60.16448,24.97323,0000000053c6c2be,13.75
22099,2019-08-01T09:07:00Z,08f9fd60f852d3502bfa509c955e9963e73954f961d55ba8cd46cae9,60.16629,24.95957,00000000fb7600be,11.7
22100,2019-08-01T09:07:00Z,0951ec0c700dba7330b8e8181fc852becde054d0dc7474d1488db3cd,60.17065,24.93641,000000000f4919c9,29.32
22101,2019-08-01T09:07:00Z,0c1684b697a63d7f47ebaedcfa060b3b4af294fec1e62d613699291a,60.16897,24.95222,00000000aa852af1,6.46
22102,2019-08-01T09:07:00Z,0d36588b0274c7fc1c33ed938ed6883bd98d7e2d5a66328940df8a94,60.14947,24.91438,000000004ef3150d,16.1
22103,2019-08-01T09:07:00Z,1069967e3921871955b1b2b42e60f829c593a3e024401bfe61ae410e,60.16629,24.95957,00000000fb7600be,17.4
22104,2019-08-01T09:07:00Z,10d0fed0f7d40b253b5fc5a53297dc9af8bb76fa6f34d5e71383cb62,60.17918,24.95141,00000000675d5200,13.75
22105,2019-08-01T09:07:00Z,11402877d08ee84d016ef8e86d3033bf6da0948f6e6bd2defce32338,60.16762,24.95415,000000006b44cce7,16.1
22106,2019-08-01T09:07:00Z,1271bcd33c0056265a5bdf6df4092a3c9e2209abee80570cb172031b,60.16897,24.95222,00000000aa852af1,12.69
22107,2019-08-01T09:07:00Z,13a759fd293cbde0d55db753d853768b718e59036c4007d2e3a8757a,60.16762,24.95415,000000006b44cce7,21.87
22108,2019-08-01T09:07:00Z,141ffc858c3ea6a2e69c954115114304736a35dc25ec947323090dc0,60.16762,24.95415,000000006b44cce7,4.94
22109,2019-08-01T09:07:00Z,14b431f72fc7a1705dec55f60900c3104cc3eab2bed0b01ad6745910,60.173,24.92524,0000000096918cfa,14.89
22110,2019-08-01T09:07:00Z,1564db6ab71666bfe0865d19fd134f7018f49bc12ff1969853697784,60.16531,24.9442,00000000fdda10fe,14.89
22111,2019-08-01T09:07:00Z,15d44e3701c6d8bf36e7f5fbae7b4e1761df453b1553c6c374ba8cac,60.17919,24.95181,000000007b5207b6,10.78
22112,2019-08-01T09:07:00Z,164d8280dbb888033f64368dd641bcef597fc327148fcf74374894c5,60.16544,24.95398,0000000038d83d41,21.87
22113,2019-08-01T09:07:00Z,16e18d478be872d2a9801fa885d08edeb3f5ae1840b38478f9baf535,60.17918,24.95141,00000000675d5200,11.7
22114,2019-08-01T09:07:00Z,17c92524124a1f62a646879b96a4a535c0236d86d9cddf62ea4d5288,60.1538,24.95595,0000000038bf9618,25.36
22115,2019-08-01T09:07:00Z,190cdde22bc3e3a41cd0f9da7efb3a917bc09e8034b05ca6064ea8a8,60.17918,24.95141,00000000675d5200,20.28
22116,2019-08-01T09:07:00Z,1ad9bdffafbbf8933ab6b3b695988ad31df32a874eddbf84de369e78,60.16448,24.97323,0000000053c6c2be,20.28
22117,2019-08-01T09:07:00Z,1b68a6bcf7b740e0c437e0976d4900f31368afcb2c757bba30e0a249,60.16829,24.94214,00000000afef4555,4.11
22118,2019-08-01T09:07:00Z,1d3e776f5c2d0514afd5e1fdcfda632877b1f59274c7293182e7c9ad,60.16762,24.95415,000000006b44cce7,17.4
22119,2019-08-01T09:07:00Z,1da40c618e0432bb037d08723b65821f6223509e8b4033a4b4190047,60.17065,24.93641,000000000f4919c9,21.87
22120,2019-08-01T09:07:00Z,1dbecade1f3540eb44c3d86cb1ffc73d5bf422ea0cf76927c2d5cd74,60.16829,24.94214,00000000afef4555,23.56
22121,2019-08-01T09:07:00Z,1dcff36b6f83b08b6ea87c1c1018c542c270299839908ca446dffb39,60.16762,24.95415,000000006b44cce7,11.7
22122,2019-08-01T09:07:00Z,1e3044c19f6913531b6dd4bccb88ad02c1b39192513ccffa05444edb,60.1538,24.95595,0000000038bf9618,29.32
22123,2019-08-01T09:07:00Z,1e3af5697f0a2ae45f261da79e4ba71c868dc4d78008bd1995fe6259,60.16448,24.97323,0000000053c6c2be,21.87
22124,2019-08-01T09:07:00Z,1e6029f749dce72746f03dcc61a1986b14438610b7ff6a19c8165e6f,60.16829,24.94214,00000000afef4555,25.36
22125,2019-08-01T09:07:00Z,1ecbc7c6afe89033252e5510cbb893666af2b3bc29f555a3a6287fdb,60.14951,24.92138,0000000006dd41f6,3.4
22126,2019-08-01T09:07:00Z,1f813dc10021899138c12ca17c58ab3dc24db1750dcb1790f9c20e8f,60.15133,24.92329,00000000e8a064a4,13.75
22127,2019-08-01T09:07:00Z,25479245e5a8b0fe47e2bd590cdd63256d84afd6c164781dc64e527d,60.149,24.9843,00000000fffb8cf0,4.94
22128,2019-08-01T09:07:00Z,277fcf3cc917a89b46a34e0cf5164a78f5bcc88d92bb45ded60f1a91,60.17065,24.93641,000000000f4919c9,14.89
22129,2019-08-01T09:07:00Z,27b591b33a56a542440b53031a24f42290b0ec1a194af27700b75a3a,60.17918,24.95141,00000000675d5200,16.1
22130,2019-08-01T09:07:00Z,2823bf6afde4a5cc05342c15e7417c9590ba52264be5793bb688faab,60.17065,24.93641,000000000f4919c9,17.4
22131,2019-08-01T09:07:00Z,28296ae2b460df2f6807f8a84b81e5ebd24677a05bded29111dc33a4,60.17002,24.94407,000000006b087f40,20.28
22132,2019-08-01T09:07:00Z,28ce50ca84cdcd4c17a36ac666e7ac0267b6ab5b77f4bfb08b2573a1,60.16762,24.95415,000000006b44cce7,2.54
22133,2019-08-01T09:07:00Z,28d50861d92f962c7a49eabaa524431aebf52870e44b79f77d7167c6,60.17918,24.95141,00000000675d5200,8.38
22134,2019-08-01T09:07:00Z,28f1b5463ae8d5cf8ebcf90e05258b85a05413941998844a0118d5a0,60.16897,24.95222,00000000aa852af1,20.28
22135,2019-08-01T09:07:00Z,29ae3c5c3aeac0c607bc816f7e74c232a40142b79a52c43c7b1ed42f,60.16829,24.94214,00000000afef4555,5.41
22136,2019-08-01T09:07:00Z,2acb10e8d2001852ed5509e35d5d2db4dd0ad524df43f50896b7ec04,60.16629,24.95957,00000000fb7600be,27.28
22137,2019-08-01T09:07:00Z,2afa9ac588b2c55e8edf99ee96ecaf63451a7ab1e51571b7e2d1d491,60.16762,24.95415,000000006b44cce7,5.41
22138,2019-08-01T09:07:00Z,2be2957112e0824e955160fe86ccd1a4e8fd9284f249ccef04e4f3f0,60.16762,24.95415,000000006b44cce7,16.1
22139,2019-08-01T09:07:00Z,2c1dcbe1930bbd0596b8dea9e2abc4e49a10db5a1fbd25f103aaf5a4,60.16762,24.95415,000000006b44cce7,11.7
22140,2019-08-01T09:07:00Z,2c6810efb2565383ca0a554f3c51f3f7905484357f5e00756dbf091a,60.17918,24.95141,00000000675d5200,2.8
22141,2019-08-01T09:07:00Z,2cd1630b209fe260a2b08554ebbf46b801e6390566ac1d78e6514b11,60.16531,24.9442,00000000fdda10fe,13.75
22142,2019-08-01T09:07:00Z,2ce60a208e01e24def4575b3644a29b3883aa0e76ae2294afe3978ca,60.1538,24.95595,0000000038bf9618,14.89
22143,2019-08-01T09:07:00Z,2ea9a23b1a04016fb4810d1ceb5731d90774224fd9235877005a4e1c,60.16897,24.95222,00000000aa852af1,18.79
22144,2019-08-01T09:07:00Z,2f43b7a683b0d365a46b6259a032813c293472eaedcdbcc3507adee5,60.17918,24.95141,00000000675d5200,1.88
22145,2019-08-01T09:07:00Z,2f79108a454c0072885ad1447280ed5098d061b229eaae61a8bb67be,60.15432,24.9211,0000000019fb59c4,21.87
22146,2019-08-01T09:07:00Z,2f82b3546af2df53b58cddc668c9aa196554108cdf39120ea40b417c,60.16629,24.95957,00000000fb7600be,5.41
22147,2019-08-01T09:07:00Z,2fb39eae730ec6f291700f841a64aaf680d52a8346399aec6ccb1dbb,60.17065,24.93641,000000000f4919c9,17.4
22148,2019-08-01T09:07:00Z,2ff189e5846383641192cafb595a7a8f77394239ee03aabd1bf3c49f,60.16829,24.94214,00000000afef4555,9.92
22149,2019-08-01T09:07:00Z,3227dbecd3a095676006e4ad615dc2aea1f506c310c940230a15ac94,60.17918,24.95141,00000000675d5200,18.79
22150,2019-08-01T09:07:00Z,3371cfaa0eed702110b1f5501d188c9e7424a2e018bb905af13896cc,60.16448,24.97323,0000000053c6c2be,25.36
22151,2019-08-01T09:07:00Z,33fa4cb82db5b44ffe6e7ae1039635187f90d1df328f8f139da0c693,60.17918,24.95141,00000000675d5200,3.4
22152,2019-08-01T09:07:00Z,3480c16a6649952c388d8902596e332f018e609b9585f483353ae026,60.17065,24.93641,000000000f4919c9,2.3
22153,2019-08-01T09:07:00Z,34aa4c3c2f71b736426f6819c09b12c961bc996110fe1fa7c9772c5d,60.15432,24.9211,0000000019fb59c4,11.7
22154,2019-08-01T09:07:00Z,34e96c7caa63e7ede8f428b18e8fb556ac235d61a50c9d6ac7ff268f,60.17918,24.95141,00000000675d5200,9.92
22155,2019-08-01T09:07:00Z,367b1989198ef11170dd9fcfa7e6ebb5ceb58aab87c613ee1bb86e8c,60.16531,24.9442,00000000fdda10fe,8.38
22156,2019-08-01T09:07:00Z,36fe97cd2ec69118778c771a87593630f8a6a2cb77d9ce72f845cd3c,60.16762,24.95415,000000006b44cce7,7.05
22157,2019-08-01T09:07:00Z,370882c7ec048e35e0f86f51c2eb24406892ada86d40dda2278b2f13,60.16544,24.95398,0000000038d83d41,23.56
22158,2019-08-01T09:07:00Z,38190c2dce75fa123a6f809785373b382763836876c926c5a78c1939,60.16544,24.95398,0000000038d83d41,25.36
22159,2019-08-01T09:07:00Z,39c6456ee66fe96eee3d97cee2a70923cedb3da760bb5d4d413adb9c,60.17918,24.95141,00000000675d5200,1.88
22160,2019-08-01T09:07:00Z,39e9fa7033887b7ab339887aa68753ff94d4771cda2bb8ff4ea7aa0a,60.17918,24.95141,00000000675d5200,12.69
22161,2019-08-01T09:07:00Z,3a253f272d2781dc2001addfbddcac5f3dbf18610988531707b80b60,60.16829,24.94214,00000000afef4555,0.41
22162,2019-08-01T09:07:00Z,3a40ef839ab39dbb6eef8f00b0de30062b8cc56391e3303f762004a3,60.16762,24.95415,000000006b44cce7,29.32
22163,2019-08-01T09:07:00Z,3a7b4023cee4b0d567a123a3d6aff0bc8f94663522bbdf0ea4306607,60.149,24.9843,00000000fffb8cf0,6.46
22164,2019-08-01T09:07:00Z,3a97ae4dcab31eb5e15e5d036d286e9764e25bcf0ad8afcfba854c90,60.16762,24.95415,000000006b44cce7,9.92
22165,2019-08-01T09:07:00Z,3b668254c5b51de3e9aff861091c76a5e275ac5f20953174a90b82a2,60.17065,24.93641,000000000f4919c9,31.5
22166,2019-08-01T09:07:00Z,3be40c84926a525adbd09eeeb3a12b73b24c633942b2e1fbe8151ac3,60.16448,24.97323,0000000053c6c2be,16.1
22167,2019-08-01T09:07:00Z,3d0437a1d090cd3cad05629e69a61c519aa6218e1b7fb47811e5a4ae,60.16762,24.95415,000000006b44cce7,13.75
22168,2019-08-01T09:07:00Z,3e38f81e326b0b05865281c970ada8f17e15292f3591242542bfb73e,60.16531,24.9442,00000000fdda10fe,21.87
22169,2019-08-01T09:07:00Z,3eea43670f4f29a90ced59c1af122371340275fb61ff8f14c7120658,60.16762,24.95415,000000006b44cce7,5.41
22170,2019-08-01T09:07:00Z,41a0ca2955e0ae0324f6e14aeb77ebfaac5305e31d86c42a20277b94,60.15133,24.92329,00000000e8a064a4,29.32
22171,2019-08-01T09:07:00Z,41f455676c61a2d8e1658c60afd7984613a3bc84daac78079c0d8b0c,60.16829,24.94214,00000000afef4555,2.3
22172,2019-08-01T09:07:00Z,42844e90c7134ebb3ec325f57cd27cd24711c779548ebc8692a820d5,60.14951,24.92138,0000000006dd41f6,3.4
22173,2019-08-01T09:07:00Z,432417b4972b744ded3410777a6bbb583cf56172bf3436ddbe48a21d,60.16762,24.95415,000000006b44cce7,7.05
22174,2019-08-01T09:07:00Z,4393fccdbc9fb22fab14f03ea52183ad558bcd436202e69f56a7b77a,60.16762,24.95415,000000006b44cce7,10.78
22175,2019-08-01T09:07:00Z,43e9254771574c896a911bf0345887fcd1d6d846dc0ac2d2146b2e71,60.17065,24.93641,000000000f4919c9,29.32
22176,2019-08-01T09:07:00Z,43fcac86bd0651c7d3db16c1425bef23f63ec62ffef8d5c4ba8f5dae,60.16629,24.95957,00000000fb7600be,21.87
22177,2019-08-01T09:07:00Z,4642dfa1df839f11e64f68bca4e3dce7bde2ff6dd68c54959fcb4788,60.17918,24.95141,00000000675d5200,7.05
22178,2019-08-01T09:07:00Z,4682d95464cedcc021f38271a51bab9c000762b4acf802070e259ba2,60.16629,24.95957,00000000fb7600be,9.12
22179,2019-08-01T09:07:00Z,47bd1492244c444d45674eb48dd2e6f222cb109d820ba807c4e18c1a,60.16629,24.95957,00000000fb7600be,4.94
22180,2019-08-01T09:07:00Z,48004849b2f48b2314aa9175433d754db1641b949bb8cf050e2dd128,60.17918,24.95141,00000000675d5200,4.11
22181,2019-08-01T09:07:00Z,484bbaa5a9d6bdd2259f022b6ea4e3c290985c13a1286bd7142d878f,60.16762,24.95415,000000006b44cce7,2.8
22182,2019-08-01T09:07:00Z,497d535ffc7af13ad6527c1139af3451abb3584a2490e3c470f73f9d,60.16762,24.95415,000000006b44cce7,17.4
22183,2019-08-01T09:07:00Z,49bbad87e4d6cd03bdb073bde7be91193d74d29943badce7fc536916,60.16448,24.97323,0000000053c6c2be,5.41
22184,2019-08-01T09:07:00Z,49df780a7f20a99ad2810fa4bbb46b5fac9bc5cbe3fc800cd572f63a,60.14947,24.91438,000000004ef3150d,13.75
22185,2019-08-01T09:07:00Z,4ba529eeafb27285cbbade6e5ece0d4d04bd2d13c98b27a5d17abd22,60.16897,24.95222,00000000aa852af1,3.09
22186,2019-08-01T09:07:00Z,4e5e16adfd317b7f9617f681099821bae42d6f0dca51dfd0957c65b4,60.16762,24.95415,000000006b44cce7,10.78
22187,2019-08-01T09:07:00Z,4f609afde0ba5cb017ba3c549bdd11ff322a2e0227a0f11a9d112220,60.16762,24.95415,000000006b44cce7,16.1
22188,2019-08-01T09:07:00Z,4f9125edf503fe3cb0ba1e1221fe6a67aafd99fcd89fd92d2bf20e97,60.16897,24.95222,00000000aa852af1,29.32
22189,2019-08-01T09:07:00Z,4fb4a3650a2a28469dde9c537458d24411aa6075666e047dd756fba9,60.17919,24.95181,000000007b5207b6,12.69
22190,2019-08-01T09:07:00Z,5001aabb6808b9fd96b705d1ebe8e7aca52713c2640100d81879dd86,60.17918,24.95141,00000000675d5200,7.69
22191,2019-08-01T09:07:00Z,518381021c83c138e4a82160bc6cc947b3866647e3c5d6818bdd63bb,60.17002,24.94407,000000006b087f40,9.92
22192,2019-08-01T09:07:00Z,5372348389197e6c4bc4c5e3dab047e7384d562220e6295904bbda1b,60.17065,24.93641,000000000f4919c9,3.4
22193,2019-08-01T09:07:00Z,54b89ed12e25892c9160e029a0379d61425b88db1aa30b06f9ea2d8b,60.17002,24.94407,000000006b087f40,18.79
22194,2019-08-01T09:07:00Z,54bd709173219e8017f317b63ecc83d0a48f64542e6fa1b83c86a56c,60.17918,24.95141,00000000675d5200,12.69
22195,2019-08-01T09:07:00Z,556cae6b2e2dec6fe691a835e8e08bd016b1a65797c0aca46879329f,60.17919,24.95181,000000007b5207b6,8.38
22196,2019-08-01T09:07:00Z,559429bba23762a872fc7b1e2219d42125ab101e4355d43fdb94ed7b,60.17918,24.95141,00000000675d5200,9.92
22197,2019-08-01T09:07:00Z,559e6a5225ce35ab844c63ea0d0c1695dc490a3d9cfbafa5d35ac8d8,60.14947,24.91438,000000004ef3150d,13.75
22198,2019-08-01T09:07:00Z,584cb0b0cdd14e608c8b57c8aecc9826f9b40027e365e2438a444ea2,60.16762,24.95415,000000006b44cce7,10.78
22199,2019-08-01T09:07:00Z,5865a27b5b56a60bca38e4a1403655e3e7fd0232a3ff2079965aff81,60.15432,24.9211,0000000019fb59c4,13.75
22200,2019-08-01T09:07:00Z,5978726eeef638856dafd3a8d199287f8daf9e90ddde750b402f8bb0,60.17065,24.93641,000000000f4919c9,0.41
22201,2019-08-01T09:07:00Z,5a3004325b5a058e02fb9f32ef4f7e9cc465240cbda7a7e4ec89d2de,60.16629,24.95957,00000000fb7600be,21.87
22202,2019-08-01T09:07:00Z,5a34b02faac3189217466888ef1d31cc80f721ac2f18638c5db88d53,60.14947,24.91438,000000004ef3150d,14.89
22203,2019-08-01T09:07:00Z,5a8d671a78b976d212d9746d88b9a754a2d9c8341c529e88b7c6b8f4,60.17065,24.93641,000000000f4919c9,14.89
22204,2019-08-01T09:07:00Z,5ab676deb1fe6bf4cf870d8a799383772172d4811ef4db40def30ef7,60.1538,24.95595,0000000038bf9618,18.79
22205,2019-08-01T09:07:00Z,5abbc374c476b2780a817d778a7b19406b91f074eb187983199b0199,60.16448,24.97323,0000000053c6c2be,25.36
22206,2019-08-01T09:07:00Z,5b06617477af6dcee75a94ac347364b50f6f3b5b7d747e5413d9ad58,60.14947,24.91438,000000004ef3150d,7.69
22207,2019-08-01T09:07:00Z,5b20d7758d3b4bce0219ef80bf4b4a2cb4f81a85235b4e223bd83134,60.16829,24.94214,00000000afef4555,29.32
22208,2019-08-01T09:07:00Z,5b24733f1e45af711e2eebfb97b6b1467ca5cf1f466e6c8add4f7935,60.16762,24.95415,000000006b44cce7,6.46
22209,2019-08-01T09:07:00Z,5c1f71098d5d7258d2971061c791c94e0138c8e02225c5f60d6a0428,60.149,24.9843,00000000fffb8cf0,18.79
22210,2019-08-01T09:07:00Z,5e2c5c20c88ccf362ed8749d1ddc041b1cb1c38d8dbeac7870179322,60.16629,24.95957,00000000fb7600be,13.75
22211,2019-08-01T09:07:00Z,5fc05003fd8a602560d35fcb2e7c8c80c140565226badc27ab869125,60.16448,24.97323,0000000053c6c2be,18.79
22212,2019-08-01T09:07:00Z,5fc2fafdb6649a869ffd226bfe99095b50996797c20447b63333997d,60.15133,24.92329,00000000e8a064a4,9.12
22213,2019-08-01T09:07:00Z,626bf35ce16dba1054cfd175d09475d3ee751bf70e56f984ff5c7ab6,60.15133,24.92329,00000000e8a064a4,21.87
22214,2019-08-01T09:07:00Z,63ff2439779051005c18876d20ed53ce060c1de9d7976821bd518fc6,60.15432,24.9211,0000000019fb59c4,9.12
22215,2019-08-01T09:07:00Z,640b04813b3974a511588fd657dfa190ceade55bb5444b03a494f94c,60.17919,24.95181,000000007b5207b6,27.28
22216,2019-08-01T09:07:00Z,6470ee836399c5610581ec9de09772d350282ecc4c5c57fa02a5ec68,60.16075,24.95883,00000000f1124bca,44.58
22217,2019-08-01T09:07:00Z,655e678c636f14bb2579578b37f8834c64f8e1089579b866cb6e461e,60.16075,24.95883,00000000f1124bca,33.81
22218,2019-08-01T09:07:00Z,65b6b62b547e11e10f7f83ad497446bee2bb9653097d9d62e9b1b817,60.17065,24.93641,000000000f4919c9,5.41
22219,2019-08-01T09:07:00Z,66ff53281ba2609d80dba728a2d1deea5bac68d20e2b69802d50b924,60.15432,24.9211,0000000019fb59c4,18.79
22220,2019-08-01T09:07:00Z,674355e17da9460e58566497be518f2eb537880c67c788fedb5067db,60.16629,24.95957,00000000fb7600be,7.69
22221,2019-08-01T09:07:00Z,67cf7d2881080aa59ed36a6d88ea1946d17e9d1d5e1ad9eee1851969,60.18203,24.91341,00000000342570c2,12.69
22222,2019-08-01T09:07:00Z,684e7a868866e631c134ab5bd21b6ba738f6ebc6d5b5c169e366c6ee,60.16897,24.95222,00000000aa852af1,6.46
22223,2019-08-01T09:07:00Z,685af6b01bd180194d718801bb8b9c9de22050cc392d6c6441fe986b,60.18203,24.91341,00000000342570c2,14.89
22224,2019-08-01T09:07:00Z,69e2854c78a472b462941ef730aa9fa7a9dba9c1cc22996396d4c78a,60.17918,24.95141,00000000675d5200,6.46
22225,2019-08-01T09:07:00Z,6adce4d05e58232a97635a2fd7918e4e49d9295afc0989d727f9c712,60.17002,24.94407,000000006b087f40,9.12
22226,2019-08-01T09:07:00Z,6b1470ba4a0c39b3c73624a301dfd10eeec91f5f7e1c0311b8932de0,60.16897,24.95222,00000000aa852af1,25.36
22227,2019-08-01T09:07:00Z,6bd8f29dd69224345723669424cf7a61a7315a6f812ef43e5a7a44da,60.16762,24.95415,000000006b44cce7,23.56
22228,2019-08-01T09:07:00Z,6d94a134d3b5f52416c91453c67615e480218e6db3a6004b1ba8a79e,60.16829,24.94214,00000000afef4555,29.32
22229,2019-08-01T09:07:00Z,6dd5463e670c352180c1e912300e21e59f5e2976266df8c3c92b0baf,60.16829,24.94214,00000000afef4555,16.1
22230,2019-08-01T09:07:00Z,6e80fcea10d21e1d5e672b554c0f3fe686dc58934f38c3391fd5c262,60.17002,24.94407,000000006b087f40,25.36
22231,2019-08-01T09:07:00Z,6f616e6334d0ed70e5ea15408a51e9daf643369911d94d76830a7d65,60.16544,24.95398,0000000038d83d41,23.56
22232,2019-08-01T09:07:00Z,7003a7f6a5523b645634f014e04bea36016953a8af9324e35602bc2e,60.14947,24.91438,000000004ef3150d,25.36
22233,2019-08-01T09:07:00Z,704c3f3075f13713c363014fa828e4a932e7a05676813b9963a1e554,60.17918,24.95141,00000000675d5200,7.69
22234,2019-08-01T09:07:00Z,70d391038ec56b63a3737605c2c1db6ffbdca8e4490691776dc993f1,60.16829,24.94214,00000000afef4555,13.75
22235,2019-08-01T09:07:00Z,7176ddd6f2dc9be71319e3a2ea67061af7b5277adc890f23882c0afd,60.16829,24.94214,00000000afef4555,18.79
22236,2019-08-01T09:07:00Z,71b01bb8b8e877dc9ca40e756f441571d12ee3311a945417e8aaa116,60.16762,24.95415,000000006b44cce7,4.94
22237,2019-08-01T09:07:00Z,72439a1f997fd347d46394f31f5789edc877fe61ca34fcd31f9150b1,60.18203,24.91341,00000000342570c2,20.28
22238,2019-08-01T09:07:00Z,7292a4a47ed655e0ce0ead026bb0ae4b8093342f87a9aed5665c1456,60.16762,24.95415,000000006b44cce7,14.89
22239,2019-08-01T09:07:00Z,72f088587da3409c5a4bec360a52a230a7551c3671441baaaabc6357,60.16829,24.94214,00000000afef4555,16.1
22240,2019-08-01T09:07:00Z,74cb545f76f0bfc5498607247e26e814276a11ce91f77208054ecbc5,60.17002,24.94407,000000006b087f40,17.4
22241,2019-08-01T09:07:00Z,750297d0d8ff0ca837d9c2289c26302d62f38708617150431ab14509,60.16531,24.9442,00000000fdda10fe,20.28
22242,2019-08-01T09:07:00Z,76c2f7b3773d4bebd4dabada1c2b98fe4ea9762e9c98b4a6371d7746,60.16762,24.95415,000000006b44cce7,9.12
22243,2019-08-01T09:07:00Z,7700297fec4982ad776529835e2ab46d4e5cbc889e26f368c19efeef,60.16829,24.94214,00000000afef4555,2.8
22244,2019-08-01T09:07:00Z,774131d73accbbb31ec3c43c3501b7969645eb65df1839ca8116526e,60.15432,24.9211,0000000019fb59c4,12.69
22245,2019-08-01T09:07:00Z,7803e2d46157a5482e745447d4c2c332fbd818d87a20b0f6187c628d,60.17065,24.93641,000000000f4919c9,38.87
22246,2019-08-01T09:07:00Z,7a2b35da2d6119549eacb416bea033d3d3eb6cbe4d4ff47c50c1fea1,60.16762,24.95415,000000006b44cce7,12.69
22247,2019-08-01T09:07:00Z,7c1534082e86ff4387878d813207626d8f728aa26b97248e00a3b8d7,60.16629,24.95957,00000000fb7600be,14.89
22248,2019-08-01T09:07:00Z,7cd51189de07d01882cf0a9346f0830a9b21764875334d45e143fbd5,60.17002,24.94407,000000006b087f40,17.4
22249,2019-08-01T09:07:00Z,7d415f4fd9093fb383b4ebb88961ad74e6a00d3ece39504712dad639,60.17918,24.95141,00000000675d5200,10.78
22250,2019-08-01T09:07:00Z,7e2e3d07c939e3e76e7ce87678faf64e056afe54215e00488839100f,60.14947,24.91438,000000004ef3150d,16.1
22251,2019-08-01T09:07:00Z,7eb4a715919b3eb4085270535ce4d7b57112591ad7242eb189bf652a,60.17065,24.93641,000000000f4919c9,10.78
22252,2019-08-01T09:07:00Z,7eee93799a4b0a73081b5997eaba4036febdfde0bb766caf4de4b5a2,60.16829,24.94214,00000000afef4555,3.09
22253,2019-08-01T09:07:00Z,7efa1cf3118062946e8958e89ffe767322a7bbf0d35d9d76b711e3b5,60.16762,24.95415,000000006b44cce7,17.4
22254,2019-08-01T09:07:00Z,7f59aaecea1eee6c703ec5d46d67b44289ddedf080defee495b73739,60.14947,24.91438,000000004ef3150d,12.69
22255,2019-08-01T09:07:00Z,7faf8705e89a761625aaed50b89538581e25d5950ec8f051d36ed829,60.14947,24.91438,000000004ef3150d,21.87
22256,2019-08-01T09:07:00Z,809bf2d7a0745ae512b934a578fd5fd47c13c5398b6d06ad350b9e7c,60.14947,24.91438,000000004ef3150d,16.1
22257,2019-08-01T09:07:00Z,814fca075a588ae71c130bafc9384a1c17e7bd8168994ae6fca55205,60.16829,24.94214,00000000afef4555,14.89
22258,2019-08-01T09:07:00Z,828afe5ee1f94b9afbfd61b9673b7c8b21457d11dafb1d2ad98dbd23,60.149,24.9843,00000000fffb8cf0,18.79
22259,2019-08-01T09:07:00Z,82bab0a1bfd11576cf62159546b756e1da44125c76909e270ced391b,60.16897,24.95222,00000000aa852af1,36.27
22260,2019-08-01T09:07:00Z,8524898e498c83bde4bc1848aa2b372da84e7b2266f36aabe128cc27,60.17919,24.95181,000000007b5207b6,14.89
22261,2019-08-01T09:07:00Z,85bdce5b262dbd94adcff03e6cad26a1152828b6ab27e6fdd56b2b13,60.16762,24.95415,000000006b44cce7,3.4
22262,2019-08-01T09:07:00Z,86839071a7697e8c77487e826cd46d42219ca2556e3cd0bab0c139ff,60.16829,24.94214,00000000afef4555,25.36
22263,2019-08-01T09:07:00Z,86b066ea755e9fd56188a608365c78bc7873db821770bdcfc83ed149,60.16762,24.95415,000000006b44cce7,9.12
22264,2019-08-01T09:07:00Z,86e7584bf95733cef59d74bb4955881e99dc86b73a0d5b4e3ef58b50,60.18203,24.91341,00000000342570c2,27.28
22265,2019-08-01T09:07:00Z,87f1cc4c4a9de1ab81fe39cf7fde6cf0d4778e690f1665b62231ce46,60.149,24.9843,00000000fffb8cf0,29.32
22266,2019-08-01T09:07:00Z,880f9cbb91b9caf48ea9c5dd1a0c8e1db72922b6dfcb647b102fc469,60.16629,24.95957,00000000fb7600be,7.69
22267,2019-08-01T09:07:00Z,88c2bc6310f27465b9f08b28fb52075d7703ce7b097e5beb37c7437c,60.14947,24.91438,000000004ef3150d,16.1
22268,2019-08-01T09:07:00Z,893080d82bb28aa3ab91e41ddd4569086c8135ade7be10aa644fca95,60.17065,24.93641,000000000f4919c9,23.56
22269,2019-08-01T09:07:00Z,898cde3317c73907bb23b1b885828c4bf3187c3a757a18dc32abe970,60.16762,24.95415,000000006b44cce7,4.11
22270,2019-08-01T09:07:00Z,8a70673a694137689441a8a18cff0044d959d5d1991c92c7b5fb8f0c,60.16829,24.94214,00000000afef4555,4.11
22271,2019-08-01T09:07:00Z,8c571538c285dba9d77edacfb1829b282d54b772b62209c6e4004237,60.17918,24.95141,00000000675d5200,1.01
22272,2019-08-01T09:07:00Z,8d5e893f77b3d167ebefad4ecab181fea08513599a6f9450f0b9a827,60.17919,24.95181,000000007b5207b6,12.69
22273,2019-08-01T09:07:00Z,8e20d0d67339e3cf43e77c3a340d9dc6766de8d079197a08a1343ff0,60.17065,24.93641,000000000f4919c9,17.4
22274,2019-08-01T09:07:00Z,8ff363623484e942b5555694468900717744f957e1a6221903490bac,60.16762,24.95415,000000006b44cce7,20.28
22275,2019-08-01T09:07:00Z,90a44cbd1a957cc59a6986cff9b6b7b8e151d379e17da645069428b8,60.173,24.92524,0000000096918cfa,25.36
22276,2019-08-01T09:07:00Z,941e13893853105c86bfbc6d31d62274937602143ce3bb530c8c17ed,60.17919,24.95181,000000007b5207b6,3.74
22277,2019-08-01T09:07:00Z,94a511f0495a2cff2df26ded8f6da40e7a15287287ccf3125b5affd1,60.16897,24.95222,00000000aa852af1,25.36
22278,2019-08-01T09:07:00Z,9abbc86fb0fc1c0532042814af76a97e6a17121831d4394749a290a6,60.16762,24.95415,000000006b44cce7,12.69
22279,2019-08-01T09:07:00Z,9b3e6848d8b34e802134d6da0e5a594897ec3fafbbf08b6d0b84068e,60.17918,24.95141,00000000675d5200,4.94
22280,2019-08-01T09:07:00Z,9bef8b28ea93ecaee57d05b037edbfe7f80014aaf56343345fedd7be,60.17919,24.95181,000000007b5207b6,5.91
22281,2019-08-01T09:07:00Z,9c3468620f03e8cd338f2e12c4d2839479aae001db527fb45cba43a6,60.149,24.9843,00000000fffb8cf0,29.32
22282,2019-08-01T09:07:00Z,9ce214896068957a21bc57af08680d84debbd091b49ad5e6402c4cc8,60.16629,24.95957,00000000fb7600be,17.4
22283,2019-08-01T09:07:00Z,9e343a150f07bb3dcce5ecab8ac061b84d65b347b1af5a232e00eeb6,60.16829,24.94214,00000000afef4555,5.41
22284,2019-08-01T09:07:00Z,9eee6d740f1d483c484d02f0995f35550c09e6a8cf01f02680db5efc,60.16448,24.97323,0000000053c6c2be,27.28
22285,2019-08-01T09:07:00Z,9fa57cff946eb6b758bd810321b0bb80d6f0c46ca5fb40b0ec22ca0d,60.16762,24.95415,000000006b44cce7,20.28
22286,2019-08-01T09:07:00Z,9fe150ec915809e658e73e8d7076541dd0ae11c3374241f41adbb90b,60.16629,24.95957,00000000fb7600be,20.28
22287,2019-08-01T09:07:00Z,a04214b56cac7d70680703ee6a28fac742f3c3190b55b46a79c1f76d,60.149,24.9843,00000000fffb8cf0,23.56
22288,2019-08-01T09:07:00Z,a09607edc17117a3069b79434e751f93a2a00d0d6f9aceb043e32074,60.16762,24.95415,000000006b44cce7,5.91
22289,2019-08-01T09:07:00Z,a2333053951d093ef490bcc3b9455fa0ed512421b5b597602785ab28,60.16531,24.9442,00000000fdda10fe,16.1
22290,2019-08-01T09:07:00Z,a2c53a9ecb3dab08bc3bf70db35ea02e6f15cedb137ce7817751f27c,60.16829,24.94214,00000000afef4555,20.28
22291,2019-08-01T09:07:00Z,a2e761fd97d8bdf78601300822b531e306b9ab7a1a43b6bfb07eba52,60.14947,24.91438,000000004ef3150d,10.78
22292,2019-08-01T09:07:00Z,a38c11c450b472b9dad2f076e2d9a63651292d3de806331d06af7f46,60.16531,24.9442,00000000fdda10fe,18.79
22293,2019-08-01T09:07:00Z,a3ae54eaf07e5288b3cc78d8eacd2492227776c9ff07691c995f0018,60.16897,24.95222,00000000aa852af1,25.36
22294,2019-08-01T09:07:00Z,a403dc1eebc5d130e12a4c3e4298737c9e00b25b1b6b2cc36a6979c9,60.16629,24.95957,00000000fb7600be,9.12
22295,2019-08-01T09:07:00Z,a47e8613674297dc49b26801b19d2110d009aaee57412f2127f3b093,60.16897,24.95222,00000000aa852af1,38.87
22296,2019-08-01T09:07:00Z,a4b9f871dcc986c95f1e84fe203bb392ba0fe13164d89119bda2c94a,60.16762,24.95415,000000006b44cce7,3.09
22297,2019-08-01T09:07:00Z,a6d010615b0732a971c180467cd17865327688c7e6c60628c3d452d3,60.16762,24.95415,000000006b44cce7,13.75
22298,2019-08-01T09:07:00Z,a786eb3b8a25c58099a428799e99d0b86401f803ee38d3e5d20e59d3,60.15432,24.9211,0000000019fb59c4,6.46
22299,2019-08-01T09:07:00Z,a808962cb511e5ed2d23e6e33efe252b1be29dc1d2f7c6154817f04f,60.16448,24.97323,0000000053c6c2be,20.28
22300,2019-08-01T09:07:00Z,a83415babca8eac00f69a32371a230fdadda29bf40fd69f75cf2e8fb,60.17918,24.95141,00000000675d5200,17.4
22301,2019-08-01T09:07:00Z,a8ca7fb815e707c04434a085c4f99e783d56372143afc92225eae622,60.15133,24.92329,00000000e8a064a4,20.28
22302,2019-08-01T09:07:00Z,a982f65ed2c57aff3f744dba9f5e9ca929c81c14883516889898f207,60.16762,24.95415,000000006b44cce7,11.7
22303,2019-08-01T09:07:00Z,a9ee2aabbd32919adf0325ca2f2c5f8e0ba801bc168e8756cda957da,60.16629,24.95957,00000000fb7600be,12.69
22304,2019-08-01T09:07:00Z,ab615ee5bbf567aee3505fbb360d09fc6b851f93fb15aef778b57128,60.16531,24.9442,00000000fdda10fe,12.69
22305,2019-08-01T09:07:00Z,abf0be93e7a8aec9fa8284fdbcc2493f32084aa95f15660b23e149c6,60.16629,24.95957,00000000fb7600be,16.1
22306,2019-08-01T09:07:00Z,acbbe4765d72f36b0323407c7dbe43db7b4ad5e2da0a6a9e5966db0b,60.16897,24.95222,00000000aa852af1,20.28
22307,2019-08-01T09:07:00Z,af67ffa8b538058603b74f48e04ab914e8f6cd450f53c47f8c3d683d,60.15432,24.9211,0000000019fb59c4,12.69
22308,2019-08-01T09:07:00Z,afaed9946dbc1509500c6f80f87eed8fe44a74ba3e14328c6efe3971,60.16829,24.94214,00000000afef4555,10.78
22309,2019-08-01T09:07:00Z,b09e9bb62cc49c085c1aee3b752af1bec69dabc939323e5733f73933,60.17065,24.93641,000000000f4919c9,18.79
22310,2019-08-01T09:07:00Z,b25339bfcf356e1460eec7d6494ab8fa8fe2ee363afb6496ab1a1fb9,60.16829,24.94214,00000000afef4555,9.92
22311,2019-08-01T09:07:00Z,b32e57a6f5865a23d7a0e9fa346d5ec4e975f99c4df815fe8b1449b2,60.17919,24.95181,000000007b5207b6,8.38
22312,2019-08-01T09:07:00Z,b474e34db18d21635ec9ea2654513e6759c326f3aaec96c25f9a204e,60.16897,24.95222,00000000aa852af1,17.4
22313,2019-08-01T09:07:00Z,b4ad2ae124ba06d650fd30de0b19851bff32daef16a95b7f1bb96a00,60.16897,24.95222,00000000aa852af1,38.87
22314,2019-08-01T09:07:00Z,b50a45ac0708e7b5cca42f3458430eb22ff70a81c575bafe99ffda23,60.17002,24.94407,000000006b087f40,7.69
22315,2019-08-01T09:07:00Z,b5603e758440226e490d1d7d7271a7b0d5c261eccbad198f81110136,60.15432,24.9211,0000000019fb59c4,3.09
22316,2019-08-01T09:07:00Z,b6c43126ca83e916a68e57d0178060c24fc61305836b6c8f188f7285,60.17918,24.95141,00000000675d5200,5.41
22317,2019-08-01T09:07:00Z,b6f0f4101a1a258dcb1d82d77ca91000694d4fed15bd882a8e3bfe66,60.149,24.9843,00000000fffb8cf0,16.1
22318,2019-08-01T09:07:00Z,b7c3b37b32d534f6824ac8d99b4c79d0cb915cab104fdb745550ea22,60.16762,24.95415,000000006b44cce7,11.7
22319,2019-08-01T09:07:00Z,b8fb70225ee0a2d655e2809da07a2f8cd2feb7295aa256f8b35fcf1e,60.16629,24.95957,00000000fb7600be,8.38
22320,2019-08-01T09:07:00Z,bb2187a4e20012ad694c768ef2c47c9a9055671024ebf4855d4e6243,60.16531,24.9442,00000000fdda10fe,1.54
22321,2019-08-01T09:07:00Z,bc436a99a8805080541bd9dc9743df4f0e34172e2c70b59f64c4260c,60.16762,24.95415,000000006b44cce7,7.05
22322,2019-08-01T09:07:00Z,bc82f76c979de19b559e9e3aa0cd6cbf5ac361e2d7b1ac9f81fe2f4f,60.17918,24.95141,00000000675d5200,5.91
22323,2019-08-01T09:07:00Z,be12d6aaccf354197284a8c92b960bd6a4e1705f7d948823e7891fde,60.16762,24.95415,000000006b44cce7,4.11
22324,2019-08-01T09:07:00Z,bf546b1abc8eba5c7f399f527508a7304dea62586aa297896d71ea5c,60.18203,24.91341,00000000342570c2,17.4
22325,2019-08-01T09:07:00Z,c15da9ed244b57a27a083919c67d0edde078a31b18cb58f13581f173,60.1538,24.95595,0000000038bf9618,23.56
22326,2019-08-01T09:07:00Z,c1674c59c49d5bf74e6808239a91d18a04e47697d298bc61a7618af2,60.16448,24.97323,0000000053c6c2be,13.75
22327,2019-08-01T09:07:00Z,c1bf1bf699e9bc78ca15c9490d1ef02e3323f0c2c76bf0fca7955a69,60.14947,24.91438,000000004ef3150d,13.75
22328,2019-08-01T09:07:00Z,c3320c19d0343faf8c298070dd061465dd6b2e745170ca7a14b0b01f,60.1538,24.95595,0000000038bf9618,31.5
22329,2019-08-01T09:07:00Z,c375f2dac85f963c33b2daf76ffb0c32d2c8fd08172419336e308686,60.14947,24.91438,000000004ef3150d,21.87
22330,2019-08-01T09:07:00Z,c434f18b802a764aad7a2dfb46e93546acb1b0975cf9b93fd47363f6,60.15432,24.9211,0000000019fb59c4,9.92
22331,2019-08-01T09:07:00Z,c65c11ee6e8b5894ead3ea9b007a39127edb65a67be253aca6f78ed0,60.16448,24.97323,0000000053c6c2be,23.56
22332,2019-08-01T09:07:00Z,c6d34066a212d08ed92a2a2ac4ec1eeebbac7e6aea3ef939d15d0e35,60.1638,24.96846,00000000d747f075,21.87
22333,2019-08-01T09:07:00Z,c8be2c26d4f0c9d399f32e84d95487a2644ffcb62681165be3d36a02,60.16762,24.95415,000000006b44cce7,9.92
22334,2019-08-01T09:07:00Z,c8f27660c2e8302459f9f42a38f8c1a1d42cb2de7ac7fb8995a36ed4,60.17919,24.95181,000000007b5207b6,23.56
22335,2019-08-01T09:07:00Z,c9ed2b3285b32321fb5fe458b9215ed21abc67263dabc3693aa23302,60.16829,24.94214,00000000afef4555,23.56
22336,2019-08-01T09:07:00Z,ca7719c7cd8d4496b666f608fc07ba9930e362a0b2d96890b0778618,60.16629,24.95957,00000000fb7600be,10.78
22337,2019-08-01T09:07:00Z,cccf3ba2a9d11b9330c18af8064a20aca9995473495bf119162a1619,60.16897,24.95222,00000000aa852af1,11.7
22338,2019-08-01T09:07:00Z,cd24d4831d3c3e8dad5e555b47528aa6b11e307b2882be4f65dd4076,60.17002,24.94407,000000006b087f40,25.36
22339,2019-08-01T09:07:00Z,cd36467a9e57a5646d6d8d587b8089c12074243a9ac10ee83b37fbac,60.16629,24.95957,00000000fb7600be,7.05
22340,2019-08-01T09:07:00Z,cf3becaea135664fbc96426dfc7fc59f775667f15648d29541c80ece,60.16762,24.95415,000000006b44cce7,27.28
22341,2019-08-01T09:07:00Z,cf823e18aa21de251222a9ab70c1b76b6218dea694752d56f6f84082,60.149,24.9843,00000000fffb8cf0,27.28
22342,2019-08-01T09:07:00Z,cf9455daa4877b79636eca3ae57056b08dfc0b42f107cedb6f5a3f16,60.16829,24.94214,00000000afef4555,23.56
22343,2019-08-01T09:07:00Z,d16e16def718519430296afa23976c226aaf720722bce3d92a2aad43,60.14947,24.91438,000000004ef3150d,27.28
22344,2019-08-01T09:07:00Z,d2565986030ddea596554d64d126e84d618ce72222ab6888c3debf59,60.16448,24.97323,0000000053c6c2be,18.79
22345,2019-08-01T09:07:00Z,d2855bda2ed1dcb45c32cfb9b2a65de4659f7b13089a2c4c812e3b17,60.16897,24.95222,00000000aa852af1,25.36
22346,2019-08-01T09:07:00Z,d31d6921eee92503b486a1b30f5330581c4744a82e6549f375544846,60.17918,24.95141,00000000675d5200,17.4
22347,2019-08-01T09:07:00Z,d562afdedae521be241c98441e436608a323fdb944dedc24c835e762,60.17065,24.93641,000000000f4919c9,7.69
22348,2019-08-01T09:07:00Z,d653ef8368d33df4fc7edeb5a381d5826be1471f1470aa9744d47901,60.173,24.92524,0000000096918cfa,3.74
22349,2019-08-01T09:07:00Z,d65b8625c1f24304ff0e3c4a4dce7aa5d434d36be87be41834a49420,60.16531,24.9442,00000000fdda10fe,4.94
22350,2019-08-01T09:07:00Z,d6e217c6592e449e2390b1a874e08cbc9126116901dbdbf84501c6b8,60.17065,24.93641,000000000f4919c9,4.11
22351,2019-08-01T09:07:00Z,d74ea3c9e0aaa523c791aa01f4f9a7c1c43f01f585dc4146b19edf83,60.17918,24.95141,00000000675d5200,7.05
22352,2019-08-01T09:07:00Z,d7734ef0345fcffc0f4bd7579275af62987490aba012209832e92059,60.16629,24.95957,00000000fb7600be,17.4
22353,2019-08-01T09:07:00Z,d81eea3c8bf927d879268dc01665b897d48eecc647bbf61f91f37a33,60.16544,24.95398,0000000038d83d41,31.5
22354,2019-08-01T09:07:00Z,d87c4d5dc2cd620de54fdd076d4f9b35245053d65b644d9e01f558b5,60.16762,24.95415,000000006b44cce7,7.69
22355,2019-08-01T09:07:00Z,d96f75e45e25f419ec5440ac7b974af6ecb23842b2dc149285d892d5,60.17002,24.94407,000000006b087f40,23.56
22356,2019-08-01T09:07:00Z,da78c33b53b0b3a551adb83bc2953f20006ca37faff42dbdd687045c,60.17065,24.93641,000000000f4919c9,27.28
22357,2019-08-01T09:07:00Z,dbedd81db3d59ee0c6948187e396a34e2fa5dd6670cf8d862bf5e1ff,60.16762,24.95415,000000006b44cce7,4.94
22358,2019-08-01T09:07:00Z,dc786895c819070347a0a268463f0a8b15f5eec1647f016a9e78e9e0,60.1538,24.95595,0000000038bf9618,18.79
22359,2019-08-01T09:07:00Z,deb8a213e1b4930e676ee8fdb394161ec46adb785171fa37437b4d44,60.15133,24.92329,00000000e8a064a4,11.7
22360,2019-08-01T09:07:00Z,dfe80baf219bd267a459c954a8e3027b3f1ed29fea2a5355456d5652,60.16897,24.95222,00000000aa852af1,9.12
22361,2019-08-01T09:07:00Z,e0fe7fe5854899c0eb42b75b300339808143419404558ed4d00b0f17,60.17918,24.95141,00000000675d5200,7.05
22362,2019-08-01T09:07:00Z,e234769b1ce1634554f5fa4a290d11b2a30c3dfd009d4c39a2e9dd3d,60.17065,24.93641,000000000f4919c9,14.89
22363,2019-08-01T09:07:00Z,e2bb0ae74deee6cbc4f50c5f85da3f1779ca1db1ae7ff48ab4b33dbc,60.17918,24.95141,00000000675d5200,0.5
22364,2019-08-01T09:07:00Z,e2f8b065913423b6cd370ba12adba60bad68b6ff2a97fbcb1d1614bf,60.16897,24.95222,00000000aa852af1,18.79
22365,2019-08-01T09:07:00Z,e3f844c56875bd572c3b57a835b884f1060b467d3bbd25c50dcc7e28,60.16762,24.95415,000000006b44cce7,9.12
22366,2019-08-01T09:07:00Z,e468c11bcdbc0162d31669cecb2325baa4e017b65d71e67c81540358,60.16629,24.95957,00000000fb7600be,21.87
22367,2019-08-01T09:07:00Z,e528235be3e5cc4945024d50d1ed43061e2e2f2845f2b41e081e1721,60.17918,24.95141,00000000675d5200,3.74
22368,2019-08-01T09:07:00Z,e5cad8bb9a6c8dcc067948d7f869033aca5bdd062da175c8734092e6,60.17918,24.95141,00000000675d5200,27.28
22369,2019-08-01T09:07:00Z,e8add7e8346b99cd4b67924113f3763441a1899897c6d1ac3a1a40a6,60.17918,24.95141,00000000675d5200,7.05
22370,2019-08-01T09:07:00Z,e8ed8051f57ad9d9029a5e3b443c5e93e5059f8c487ba45e2583d35a,60.16829,24.94214,00000000afef4555,12.69
22371,2019-08-01T09:07:00Z,e9275b4d525e0593374e00e9cf9885062a1699ecb3462c758a025ef1,60.16762,24.95415,000000006b44cce7,13.75
22372,2019-08-01T09:07:00Z,e979a153601f7520f54d4733fe91f75f154c8f1c08dc3408dbba5345,60.15432,24.9211,0000000019fb59c4,8.38
22373,2019-08-01T09:07:00Z,ea1b1a8ba1c01fdd1e098c585b133fc3d60f7c2458e7c2726e2df8ee,60.16629,24.95957,00000000fb7600be,16.1
22374,2019-08-01T09:07:00Z,ea3f8412ed9c4d92448688dd9cc7ff9e3eeb5fe4373d0953bf0349c1,60.16531,24.9442,00000000fdda10fe,17.4
22375,2019-08-01T09:07:00Z,ea94130fbb3464dc656765cfddbad802ddfafb1af8007cb5f42cd41f,60.16829,24.94214,00000000afef4555,10.78
22376,2019-08-01T09:07:00Z,eaf572301dc5c1eaff007bc1886cce8f0f5e92a233b8686ed2a1a9cc,60.17065,24.93641,000000000f4919c9,20.28
22377,2019-08-01T09:07:00Z,ec2dd83e04d225caca9f6b9d28bd3080ed37c5bf42e5f65123fa2394,60.17065,24.93641,000000000f4919c9,12.69
22378,2019-08-01T09:07:00Z,ec7121833f0e4b509d683b00a9c5e992e4b84882cb857145102e14f4,60.16531,24.9442,00000000fdda10fe,1.54
22379,2019-08-01T09:07:00Z,eedbd720e471fc3c0653bce4eb38b2f3225c8ee78a75d6b9c94a0f86,60.16629,24.95957,00000000fb7600be,25.36
22380,2019-08-01T09:07:00Z,eef621895ee74145a6d76c5f5493a93d7c728c80abe45a2e1933ae9f,60.16897,24.95222,00000000aa852af1,17.4
22381,2019-08-01T09:07:00Z,ef6e7d641ebef891165f5f8178b3195fbc6c86dc5f904ca2cca43e32,60.16897,24.95222,00000000aa852af1,17.4
22382,2019-08-01T09:07:00Z,efc51406db4c66b8a573ec325afe8a9258a04a71b46ff3aae1cfa696,60.16762,24.95415,000000006b44cce7,7.69
22383,2019-08-01T09:07:00Z,f1447725764ec0dca245fc67f2aa0a0c42e6b05808076aa74f0c1e7e,60.17918,24.95141,00000000675d5200,9.92
22384,2019-08-01T09:07:00Z,f18c0c32d067aecf5602d70693ac888cab1be6dbb0d154be5153dfcc,60.16829,24.94214,00000000afef4555,20.28
22385,2019-08-01T09:07:00Z,f1b28329fc91f4708ca34857c5582c0bf1b7d0ab06127746029cd72c,60.17918,24.95141,00000000675d5200,17.4
22386,2019-08-01T09:07:00Z,f20935810c1567a80c288016c4d4dd32fe86b3479f47ae7dd64d15cc,60.15432,24.9211,0000000019fb59c4,9.12
22387,2019-08-01T09:07:00Z,f27b93329546b5d9c00e9fc70d0df72440f620564e0fff5a89ff8276,60.17065,24.93641,000000000f4919c9,20.28
22388,2019-08-01T09:07:00Z,f29ed00b645af4bbf50174e71f58a9b691d2e2342e59eda242d97380,60.16829,24.94214,00000000afef4555,12.69
22389,2019-08-01T09:07:00Z,f2a253f2741501e675bd4bc055e22329fb09089d8bbe9813fc170cdb,60.16762,24.95415,000000006b44cce7,20.28
22390,2019-08-01T09:07:00Z,f4131e8c526b295b32dc9448a2a43ec900e25e8914003a963782e36c,60.16829,24.94214,00000000afef4555,3.4
22391,2019-08-01T09:07:00Z,f4587b90aec9127805880f7c81fc03b9fb513fe363015399b895089f,60.16829,24.94214,00000000afef4555,14.89
22392,2019-08-01T09:07:00Z,f4bbc3077da0455d4340da2eed204915327b75a792080724548b4956,60.17918,24.95141,00000000675d5200,1.7
22393,2019-08-01T09:07:00Z,f503a41d3e8b9b57628f4f061c1d8e0c53c62dd8a6fe38d212958ee6,60.16075,24.95883,00000000f1124bca,21.87
22394,2019-08-01T09:07:00Z,f587de6c8c03387c5e6a66cd7d20c45abad3668c8e2246611122547b,60.14947,24.91438,000000004ef3150d,16.1
22395,2019-08-01T09:07:00Z,f65d3110b508f50688a970043fd573f9fa05a0dbad4c2e07a1fec923,60.16829,24.94214,00000000afef4555,33.81
22396,2019-08-01T09:07:00Z,f665079710528911e7b7844aa55433e09506580c7fed342e1febfaa5,60.16762,24.95415,000000006b44cce7,13.75
22397,2019-08-01T09:07:00Z,f741519cf6f519194bb45b9da0e69bda8edb903e3c24d4140f340467,60.16762,24.95415,000000006b44cce7,9.12
22398,2019-08-01T09:07:00Z,f77f8836e641389801309c311e926c1662264ab16efd01cd5bf27baf,60.16762,24.95415,000000006b44cce7,5.91
22399,2019-08-01T09:07:00Z,f9e527876f8dfe750fd29bc42664bbf572aed5d09d344a8934a83d90,60.17065,24.93641,000000000f4919c9,5.91
22400,2019-08-01T09:07:00Z,fa1a3814c680b20020a08346c37ee2853e895984574575312bf262e7,60.14947,24.91438,000000004ef3150d,13.75
22401,2019-08-01T09:07:00Z,fa9f19c58a086fde9429d732b1eec80eacf5fc1b2c0124d17243d008,60.17918,24.95141,00000000675d5200,5.41
22402,2019-08-01T09:07:00Z,fb2df85c8938d6a1bbd1ff0a1cd8aa23480ae08dc39d2b584ed35e14,60.16762,24.95415,000000006b44cce7,13.75
22403,2019-08-01T09:07:00Z,fba6e66dd09200012637e0b454c96fd7a5459b7e8b0ba01863cdbd77,60.16762,24.95415,000000006b44cce7,1.88
22404,2019-08-01T09:07:00Z,fe191b6937595e5cf2ac1491e9056f0f9fb5bf66c0cb900df00b4c64,60.16829,24.94214,00000000afef4555,16.1
22405,2019-08-01T09:07:00Z,fea1453360073dfc1896bf1f005f51addb49661f953e16cffba3c63d,60.16531,24.9442,00000000fdda10fe,7.69
