,time,hash,latitude,longitude,serial,distance
0,2019-08-03T05:07:00Z,072dc794e212cfe9866e1242d801701f299d36f4aea2da25e22246cc,60.16762,24.95415,000000006b44cce7,7.05
1,2019-08-03T05:07:00Z,126e7fa4dd9205201617bdc0c7c346bfb57e1a75d3d7d3d9c260d51b,60.16897,24.95222,00000000aa852af1,13.75
2,2019-08-03T05:07:00Z,14c7e1511b70f4dd3359cbece1377aebb4d70531f5489eefe53d7c3c,60.16544,24.95398,0000000038d83d41,27.28
3,2019-08-03T05:07:00Z,165ebbb4090d47319ae370f0d0854fdc1f6b79499f8b2e4d3c3533c0,60.16544,24.95398,0000000038d83d41,31.5
4,2019-08-03T05:07:00Z,17b28910b6cbc057680693633275c4ca53938281bc38178f96c44947,60.17002,24.94407,000000006b087f40,44.58
5,2019-08-03T05:07:00Z,1d07a8ae57217b4317fa630cb059886dbf0bddfbcd52dbf6f7c5c4d9,60.14947,24.91438,000000004ef3150d,9.12
6,2019-08-03T05:07:00Z,1d513a9eda6958eaa6394ca7a03bb7c0beb946191e40ea22378b96fa,60.16762,24.95415,000000006b44cce7,16.1
7,2019-08-03T05:07:00Z,2a93b61a3863ace54349d7a0937e4134fcc6d4dfcf064eefae2b7cf8,60.15432,24.9211,0000000019fb59c4,12.69
8,2019-08-03T05:07:00Z,2af9f18ec38ddcce3e687bdf1a0e3d95da68f65a2028ee4a3bdeddab,60.15432,24.9211,0000000019fb59c4,16.1
9,2019-08-03T05:07:00Z,2bb672ab27768da7dab2ea9ad1cfc1822dc9a201d5701afcfb6b15f9,60.17918,24.95141,00000000675d5200,9.12
10,2019-08-03T05:07:00Z,2d3f70bf9904705b22193edbe99c008905f24c3a9c9db1fd5cf19119,60.17002,24.94407,000000006b087f40,27.28
11,2019-08-03T05:07:00Z,3325d1199567734aa3ca19f4882bd71a6269798d2eb3ada267318db6,60.14951,24.92138,0000000006dd41f6,21.87
12,2019-08-03T05:07:00Z,3cfda51da2d3c9ed1c9638af4d9c579bde134e0897dfd573ce59a326,60.16762,24.95415,000000006b44cce7,18.79
13,2019-08-03T05:07:00Z,43b676ed3aef4c2d8846694817e76117873be52e7f788e0cb366c1c4,60.16629,24.95957,00000000fb7600be,25.36
14,2019-08-03T05:07:00Z,52f6a3a3aa57239ef1fb406b6d276ffea0771b2d59b02598092b8971,60.16762,24.95415,000000006b44cce7,18.79
15,2019-08-03T05:07:00Z,5bbb5184fded3e51bc78e45e39917794285e6bbc72da404802a9599a,60.16531,24.9442,00000000fdda10fe,25.36
16,2019-08-03T05:07:00Z,5d65719c4cbf045f068d084b72302f447d5fd034413d97d13be00d0e,60.18203,24.91341,00000000342570c2,25.36
17,2019-08-03T05:07:00Z,5eed115a984d490b02b602d73787aee8dc8c4e9365b77fbff3818a76,60.16629,24.95957,00000000fb7600be,18.79
18,2019-08-03T05:07:00Z,6066632ddc94b5c482a2d4f45ed2532e55e3fd63e414a084a596a737,60.16762,24.95415,000000006b44cce7,20.28
19,2019-08-03T05:07:00Z,6ff437688c444238352c28f64f9d2a7d0f14d19c9ea42c225380501e,60.16762,24.95415,000000006b44cce7,18.79
20,2019-08-03T05:07:00Z,747f2d1ebff218c0ebbdc0fdaef4cbe56633dfb46ae1b1f8c8142201,60.16762,24.95415,000000006b44cce7,21.87
21,2019-08-03T05:07:00Z,77839e655f856d5295739c2388237a95b399c3b8a4f659cd1345d939,60.16829,24.94214,00000000afef4555,31.5
22,2019-08-03T05:07:00Z,79f136afa0dd8717337c01c70b457c464aaf0fa25b440f51a394ec23,60.16762,24.95415,000000006b44cce7,16.1
23,2019-08-03T05:07:00Z,87dfaad29a9276ddddb1fa021d3bc23ad14824c1af16f7d87e713689,60.14951,24.92138,0000000006dd41f6,5.41
24,2019-08-03T05:07:00Z,8c75c3289c84fe4493e1e272a77b615fe1985880c5dc68a7c1a17b53,60.16762,24.95415,000000006b44cce7,29.32
25,2019-08-03T05:07:00Z,8ff60f950161ed884860c37d18e95c683a57d568528f4083008a5dd8,60.15432,24.9211,0000000019fb59c4,16.1
26,2019-08-03T05:07:00Z,94512cd21b284eddaddc0be0d385bf5072dbeaa7e3eb345b3c161aa6,60.16762,24.95415,000000006b44cce7,20.28
27,2019-08-03T05:07:00Z,983691d5e332c28f355755dbc249dd984bc167aa16af43be6c2ad9f6,60.16762,24.95415,000000006b44cce7,20.28
28,2019-08-03T05:07:00Z,9843c6216661048343a0e49cf3d8aa2883cf77f452666a1c873a1052,60.16448,24.97323,0000000053c6c2be,18.79
29,2019-08-03T05:07:00Z,a91d379a4b57c5df22db0d7a041ff69f657b4b31f28554b1011fc03c,60.16544,24.95398,0000000038d83d41,31.5
30,2019-08-03T05:07:00Z,ac0787f0e045c803e5210bda77cbd640b88135d83a2d295642033071,60.17002,24.94407,000000006b087f40,25.36
31,2019-08-03T05:07:00Z,b4faf2d3c4d2b199afeab6ab63b583fe3a2e81e14abbef6917f25129,60.15432,24.9211,0000000019fb59c4,14.89
32,2019-08-03T05:07:00Z,b5fd6b317890e5ab2d79e2cd1abe61626d45a753c7337d0d40728898,60.16762,24.95415,000000006b44cce7,14.89
33,2019-08-03T05:07:00Z,bb52abe4edeb7604c7a55e84373a051fe6adeac1849883eb0877f237,60.15432,24.9211,0000000019fb59c4,9.12
34,2019-08-03T05:07:00Z,bb98768dad0f7c52cf643f035a3e7e48f5cfe28557c66f2a75914b31,60.15432,24.9211,0000000019fb59c4,13.75
35,2019-08-03T05:07:00Z,c40c37def6bf11a63a2556519a7c6233fd417cdeea2cf14f28e7c42c,60.16531,24.9442,00000000fdda10fe,18.79
36,2019-08-03T05:07:00Z,cf05623e4d87ce0906c0b0b7dbf53aacc1228016cd27c341228b6e76,60.18203,24.91341,00000000342570c2,20.28
37,2019-08-03T05:07:00Z,da3f8a9924ac789c223fe629d063aa23403ffed3bf8166bd44e4d0d0,60.16762,24.95415,000000006b44cce7,23.56
38,2019-08-03T05:07:00Z,ea2af410359f5c862dbc71554cc0b6ea29d823a91db3209fcd2a8c76,60.16762,24.95415,000000006b44cce7,16.1
39,2019-08-03T05:07:00Z,f088630d7476dae7d4b7e2bb1f10575f2c89acb4b6e061f3d57c2b40,60.16531,24.9442,00000000fdda10fe,23.56
40,2019-08-03T05:07:00Z,fa174c07354fca0bb5a193097c3a41f5c79ba61efc1b2f1dd7ae2312,60.16762,24.95415,000000006b44cce7,16.1
41,2019-08-03T05:07:00Z,fc4f3a44235f1cfc7b53f14ba2da599976a5a0a220d23b852688e485,60.17918,24.95141,00000000675d5200,29.32
42,2019-08-03T05:07:00Z,01ac3da984ba768176e846ab02ac24bbebf66ca16e5a54c31fc252c7,60.17918,24.95141,00000000675d5200,11.7
43,2019-08-03T05:07:00Z,05768da75a79e917984925bd6898bc2e822f0bd7f269dde3e616c3de,60.14951,24.92138,0000000006dd41f6,10.78
44,2019-08-03T05:07:00Z,06014a182dd02b0f323180fc109e96f02601f01d58bde42742f36f28,60.16762,24.95415,000000006b44cce7,18.79
45,2019-08-03T05:07:00Z,07ec3094fc6348795df42b1a568fa694e7ee19c72797fd5305171f78,60.14947,24.91438,000000004ef3150d,9.12
46,2019-08-03T05:07:00Z,07ff1beec0f79a354c3d9f66be0004f55399cb2d3ab52f61d4abdf92,60.14947,24.91438,000000004ef3150d,10.78
47,2019-08-03T05:07:00Z,0ae3a5bf6362ab86c86857b66fcb0d7a2217b3f906a8ffcd5325d3f0,60.14947,24.91438,000000004ef3150d,16.1
48,2019-08-03T05:07:00Z,0b34635c66832a0ead337daf440467cd561e65a9aefd616929dfc658,60.14947,24.91438,000000004ef3150d,11.7
49,2019-08-03T05:07:00Z,0e13358d8b4b9a15de5b3b8a66aa5a4a5ed2dfa96cb99ff467b00deb,60.14947,24.91438,000000004ef3150d,11.7
50,2019-08-03T05:07:00Z,0efb3d05b939da7bbf4d85a221175b412de0dcde5f147faa288636b8,60.16762,24.95415,000000006b44cce7,20.28
51,2019-08-03T05:07:00Z,0f936ad6518b228f97a49cfe84a23c1c455e1015dc836f6dece37f17,60.14947,24.91438,000000004ef3150d,11.7
52,2019-08-03T05:07:00Z,16529d28a72c2ea733e6935f15105676d3a03000035635d05a26bab6,60.14951,24.92138,0000000006dd41f6,10.78
53,2019-08-03T05:07:00Z,187e042bc873a60c0853d55fd0c5b770b21bb6a3998003d1de5b8b01,60.14947,24.91438,000000004ef3150d,13.75
54,2019-08-03T05:07:00Z,1a269ad30f63e04787f1cc477d41fbf44961fa04db923b3be299960c,60.16629,24.95957,00000000fb7600be,21.87
55,2019-08-03T05:07:00Z,1b59574ae595648509a34a7913e105426f66bd705a42497514620d05,60.14951,24.92138,0000000006dd41f6,10.78
56,2019-08-03T05:07:00Z,1d7c6d2e6dfa50ce13e0db433181e9071a22ffd8cd71b68d8239df32,60.14951,24.92138,0000000006dd41f6,31.5
57,2019-08-03T05:07:00Z,2046d66661124b3214cc1a1f06e2190b015bb4a9ffffadaf03754a20,60.14947,24.91438,000000004ef3150d,10.78
58,2019-08-03T05:07:00Z,2055f51540cc872199da97b8ad70c23a18aeb55c84dcc5431744eced,60.14947,24.91438,000000004ef3150d,6.46
59,2019-08-03T05:07:00Z,244383482710616985e7f412a8259e0eb194edeaebf3f0efb1160e9c,60.14951,24.92138,0000000006dd41f6,12.69
60,2019-08-03T05:07:00Z,24a3e3b085c89a67470dd5b8d4f3c9c78396ff5181c7de782a3997ef,60.14947,24.91438,000000004ef3150d,9.12
61,2019-08-03T05:07:00Z,257fe327612cbc912729794c3be523166015bb5cb0d76e692d2dee9b,60.14947,24.91438,000000004ef3150d,9.92
62,2019-08-03T05:07:00Z,270dc8e40c2a03a86311ff0cfa92d0dc172eed09bbef6f9a426bfe5d,60.14951,24.92138,0000000006dd41f6,9.92
63,2019-08-03T05:07:00Z,2a85835c44ad457648d60e5e4d4904a0a778dcc6e2edffa0c588ffb2,60.14951,24.92138,0000000006dd41f6,10.78
64,2019-08-03T05:07:00Z,2b32f7c4ca8e8d620d956253ba0d94f3c9d161b4f87f0e5dd4a432dc,60.16531,24.9442,00000000fdda10fe,7.69
65,2019-08-03T05:07:00Z,2d6407a408ba8c4cf649491b7b504bcf3c1059af564c08e19ed929c2,60.14947,24.91438,000000004ef3150d,3.4
66,2019-08-03T05:07:00Z,2ef127e7b5b241da7e0c7e61ac4ce1300bf14ba4340e144a7c518406,60.14951,24.92138,0000000006dd41f6,14.89
67,2019-08-03T05:07:00Z,309aa6366e7700845ac8433fbb15a6655318f3a93c4a95905b8c86cf,60.14947,24.91438,000000004ef3150d,9.92
68,2019-08-03T05:07:00Z,3186be38dbda1718fab94cc60afab9744293306efd039af3855d1165,60.14951,24.92138,0000000006dd41f6,5.91
69,2019-08-03T05:07:00Z,31e3260ca9d1adc8c8764b7dc7dc2a3aef6c232ede58d8e13ae5ae50,60.16762,24.95415,000000006b44cce7,12.69
70,2019-08-03T05:07:00Z,31ffcaafd8f4432973b8a3b758247cd878ae949d3438b96668499ff7,60.14951,24.92138,0000000006dd41f6,7.05
71,2019-08-03T05:07:00Z,324c221a4d1c7e8900c77643fd41702ba1baf556250694ad4ddea2f1,60.16544,24.95398,0000000038d83d41,17.4
72,2019-08-03T05:07:00Z,357b6ef4f4183b7284623c1d0f2505fdc45850f25d72f28140bac3ce,60.14947,24.91438,000000004ef3150d,5.41
73,2019-08-03T05:07:00Z,3a17187e2548c282f51baf97b080219791391080cce3f77f1652c635,60.14947,24.91438,000000004ef3150d,7.05
74,2019-08-03T05:07:00Z,3d414f1509410a1489771fbd79a8c9f7b9e5c084411898383c59e179,60.14947,24.91438,000000004ef3150d,6.46
75,2019-08-03T05:07:00Z,3dcedefd472aee5e4283acae4f9b397013ec18f737d418c81158b87f,60.14947,24.91438,000000004ef3150d,25.36
76,2019-08-03T05:07:00Z,3df885a41c171a61bc742be6592d52001fa806647031143fc3ec21b9,60.14947,24.91438,000000004ef3150d,6.46
77,2019-08-03T05:07:00Z,3e2787bf01f043464883fc2b40c7a4bd3277b14b47a18ebba2fc06dd,60.14947,24.91438,000000004ef3150d,4.11
78,2019-08-03T05:07:00Z,3f2d15416f5eb2b50780673496bb1add8320fdb1a6dc756be090d80f,60.149,24.9843,00000000fffb8cf0,20.28
79,2019-08-03T05:07:00Z,4104a761968f56b1679e1da1ee3af1d2aa4050126e69e27166617c8e,60.16629,24.95957,00000000fb7600be,25.36
80,2019-08-03T05:07:00Z,41143125d6c4703aa4f29642e485ad72bb3f1e30db6aadc3068718f0,60.16762,24.95415,000000006b44cce7,14.89
81,2019-08-03T05:07:00Z,4368ba282f4aeb3ed620b9d78a75bda6f37a9b20241cf4504e78a2b5,60.14947,24.91438,000000004ef3150d,20.28
82,2019-08-03T05:07:00Z,44316370df1d3d0593ab54de0c5e57f68e2c3bc1eff51c746472c17e,60.14947,24.91438,000000004ef3150d,9.12
83,2019-08-03T05:07:00Z,448f9cba21bc9886245d65d9f103eafce806f14082dcc2586cc7f2c8,60.14947,24.91438,000000004ef3150d,16.1
84,2019-08-03T05:07:00Z,45da8def6bb166210dfc016b647ce2643001ac063d5e4974caab962d,60.14951,24.92138,0000000006dd41f6,4.5
85,2019-08-03T05:07:00Z,47a0f4bf2c80826374a67051e01479cfa628b70b9d75f38f13e02bd0,60.14951,24.92138,0000000006dd41f6,13.75
86,2019-08-03T05:07:00Z,488540ec404573d7477ae201767861d5f13d549dc56e294e93412307,60.14951,24.92138,0000000006dd41f6,4.11
87,2019-08-03T05:07:00Z,4bfdef3e45ef80c0c62cd68e3aab1d840b753bc76f6acc5bf6bb9824,60.14951,24.92138,0000000006dd41f6,12.69
88,2019-08-03T05:07:00Z,53405b0c76c9a8bf8dfa33ddb51621c6dde6bff53562775c6b1d46f1,60.14951,24.92138,0000000006dd41f6,7.05
89,2019-08-03T05:07:00Z,5447b2ecabeffb4c9c3399da55ce6328ae3978d7806f84bc1f28fedb,60.16762,24.95415,000000006b44cce7,9.92
90,2019-08-03T05:07:00Z,55ab5025c66bd70f0cfac362288754f258c0681420b328bee6769d99,60.14947,24.91438,000000004ef3150d,4.94
91,2019-08-03T05:07:00Z,55f6539c9f0fbdf1bb35d939e6f5491a9ab1b31f94e48637ae40760b,60.14951,24.92138,0000000006dd41f6,8.38
92,2019-08-03T05:07:00Z,571ac7b2bb51a5bde2236a6c8a2d64ea8a910d14718d5b661466440e,60.14951,24.92138,0000000006dd41f6,11.7
93,2019-08-03T05:07:00Z,57e265dbc5748d4eb9948ed86b09960814e925f61dc7b71409a9e046,60.14947,24.91438,000000004ef3150d,7.05
94,2019-08-03T05:07:00Z,584cb0b0cdd14e608c8b57c8aecc9826f9b40027e365e2438a444ea2,60.16762,24.95415,000000006b44cce7,12.69
95,2019-08-03T05:07:00Z,5d42feab594bedf738b8ec16e669d9021ecbb5d0c09d4a9fed6d9b4c,60.14951,24.92138,0000000006dd41f6,21.87
96,2019-08-03T05:07:00Z,5e3473f116c471fda073b2fec24d84d89020b3aea418405cf2b79452,60.14947,24.91438,000000004ef3150d,13.75
97,2019-08-03T05:07:00Z,61a9ee94ab5cbc6f1218183f6c28739400661f688ee24d7b8b1b69a0,60.14951,24.92138,0000000006dd41f6,17.4
98,2019-08-03T05:07:00Z,6312f5f4b5e93819fa1a4ff4b785a25ac5c68496db0427d7c567f74c,60.14951,24.92138,0000000006dd41f6,9.92
99,2019-08-03T05:07:00Z,6635a5f3cc81f5fe2b5bb1ac4b82b29cff3b73a8f48036198b21f1e7,60.14951,24.92138,0000000006dd41f6,18.79
100,2019-08-03T05:07:00Z,69f0a76285d9704dd7bf78481533deb1798c7eecdc28d5b4611876d5,60.18203,24.91341,00000000342570c2,18.79
101,2019-08-03T05:07:00Z,6a5b8a2377e422244e8de5f7213181f57a8576510483b825d0dff8fd,60.16897,24.95222,00000000aa852af1,20.28
102,2019-08-03T05:07:00Z,6a79cf36eba31e91e1a06ea41f97c84b421068ebdfdec2d39a14d8aa,60.14947,24.91438,000000004ef3150d,12.69
103,2019-08-03T05:07:00Z,6b7ad349ada38d5814d784160640467ec36b72908d53517c60cc858f,60.14947,24.91438,000000004ef3150d,4.5
104,2019-08-03T05:07:00Z,6cefd71c8126052d30cbfa4cc0a36d2c82e613bf89e62fae48fae309,60.14947,24.91438,000000004ef3150d,8.38
105,2019-08-03T05:07:00Z,6d6a9f914352d1b2ad7288dd02d5883b33356c3a937bec20034edd6e,60.14947,24.91438,000000004ef3150d,17.4
106,2019-08-03T05:07:00Z,6e414765ef8f50b4efdd95b703fe39f21510b205bf53c0e89e84a688,60.14947,24.91438,000000004ef3150d,18.79
107,2019-08-03T05:07:00Z,716e15986a87b1f03df098d5326daa774016783e6d913ad4e67c0975,60.16544,24.95398,0000000038d83d41,20.28
108,2019-08-03T05:07:00Z,71d9bf3065abd6a73615d1afbc72d2013bfe7cf1e8089d726fdfcacc,60.14947,24.91438,000000004ef3150d,9.92
109,2019-08-03T05:07:00Z,7421b6a85c9673b537f5ac75e286d6cf2c05ff9938601c767e279828,60.14947,24.91438,000000004ef3150d,3.09
110,2019-08-03T05:07:00Z,7612d399b90c8fb53bcbdc51a3be73864d8c18b692a2ecddaa2bfd04,60.14947,24.91438,000000004ef3150d,13.75
111,2019-08-03T05:07:00Z,7c2c3dd7157aa9bd0961a7eb63077d5944dd1893400e8d17ed2cd30f,60.14947,24.91438,000000004ef3150d,9.12
112,2019-08-03T05:07:00Z,8077ca8c87c38ec57a84f79e94943a1b899a01f85ae75d34976f2ae4,60.14947,24.91438,000000004ef3150d,10.78
113,2019-08-03T05:07:00Z,8214b19b1cd62cc84296b72ac63d8aa29665cef354e586452739540e,60.14947,24.91438,000000004ef3150d,13.75
114,2019-08-03T05:07:00Z,82bb51898b936817fb8acc5e9e184d3ba134d0daaafa91bb6321e048,60.14951,24.92138,0000000006dd41f6,17.4
115,2019-08-03T05:07:00Z,82bd5d705d314c6fadc7a211d89bc1e16b8754eee2b896b17472574b,60.14947,24.91438,000000004ef3150d,7.69
116,2019-08-03T05:07:00Z,848edc5039bc5e52f3c7c1192a122773093249e54b1db04d0f000960,60.17918,24.95141,00000000675d5200,5.91
117,2019-08-03T05:07:00Z,86e381b0f319eddc167ee8092be8ecc410fbc5f2333604215c8c2cc3,60.14951,24.92138,0000000006dd41f6,16.1
118,2019-08-03T05:07:00Z,872272426a3d39a64f56a104dc4e80b4bafc2c6cc43b85bf84ae4840,60.14951,24.92138,0000000006dd41f6,16.1
119,2019-08-03T05:07:00Z,881e0ef3bf09982a507f737af176b749f3a14db3067c0ed335c45346,60.14947,24.91438,000000004ef3150d,17.4
120,2019-08-03T05:07:00Z,885a07f52b45c5805afacdbecb759c5805aaa9b096ed39032b921b8f,60.16629,24.95957,00000000fb7600be,23.56
121,2019-08-03T05:07:00Z,88c649eee7a8c2cbb453594490f1c0af15970cf15bcb7f6b629b9f87,60.16629,24.95957,00000000fb7600be,16.1
122,2019-08-03T05:07:00Z,8962c21eddea75feaceab6fdd99b150cb34c64c955415ae2c6681f90,60.16762,24.95415,000000006b44cce7,9.92
123,2019-08-03T05:07:00Z,8aeaeca2c86a9ff29ba6d384795aba4b9f97c1710cef0a74a702640b,60.16762,24.95415,000000006b44cce7,25.36
124,2019-08-03T05:07:00Z,8b0e808aa642e53f05019e9b78d06e8c2e65171b1671435fed5ce55f,60.14951,24.92138,0000000006dd41f6,9.12
125,2019-08-03T05:07:00Z,905b78ee976500ed7ffe9e0097b0eedda3664a2b04ec74cb7354af65,60.14947,24.91438,000000004ef3150d,11.7
126,2019-08-03T05:07:00Z,9067c70db3da89d25ff21605aaddd2120f0eb00ef29fb6c229be846b,60.14947,24.91438,000000004ef3150d,13.75
127,2019-08-03T05:07:00Z,90888bfc7c50c00ec41c17b9799ce40956bfc6c5b7e76801e95df8c8,60.14947,24.91438,000000004ef3150d,13.75
128,2019-08-03T05:07:00Z,915f3bc02f3b426ea0dbe5f4caf828cc0419961d765e39651f0783f9,60.14699,24.922,00000000a53ed894,6.46
129,2019-08-03T05:07:00Z,9201978f2ff9beaf659234c1c0a82c4d73b221dca0ae4446bb258b6f,60.14951,24.92138,0000000006dd41f6,5.91
130,2019-08-03T05:07:00Z,959cb77ac35165de9b5e0cb1f041f032ec8ce6474c0d034528dbcbf9,60.16762,24.95415,000000006b44cce7,20.28
131,2019-08-03T05:07:00Z,96d44ba9f23bf27eabb81775ca34f9f45d54fa6a6d258acdb438c386,60.14951,24.92138,0000000006dd41f6,11.7
132,2019-08-03T05:07:00Z,98810dc192b3a481d1c6ac9365f1955cb557bf2fdad2836ec21552a3,60.14947,24.91438,000000004ef3150d,3.09
133,2019-08-03T05:07:00Z,9a4e9d137f581942bd47528cfa2795635d7c9755ad9505b8e873d094,60.17002,24.94407,000000006b087f40,23.56
134,2019-08-03T05:07:00Z,9a7a14cc03f695904ada154223b0667375bc88a2ebd9165f52ab1dfd,60.14947,24.91438,000000004ef3150d,13.75
135,2019-08-03T05:07:00Z,9c95267f8e6d287ab102aa08b059ca2bd07247257ae1b7d3a212e755,60.14947,24.91438,000000004ef3150d,8.38
136,2019-08-03T05:07:00Z,9d1d5686f17668f6361336b8ab367f61617804f422879e7345d15478,60.14947,24.91438,000000004ef3150d,14.89
137,2019-08-03T05:07:00Z,9e3b1b10a897b85c63b7c5a21916770ac024936adfb9f7a17ce2f4d7,60.14947,24.91438,000000004ef3150d,29.32
138,2019-08-03T05:07:00Z,a01184b339b6fcb56a88b56e1a5faf773d9bfa1cff230d509418b536,60.14951,24.92138,0000000006dd41f6,3.09
139,2019-08-03T05:07:00Z,a338c696009b3424e3dcfa01606accc9792dc13b6ef0b45c50bea82b,60.16629,24.95957,00000000fb7600be,8.38
140,2019-08-03T05:07:00Z,a3fe751dd6d020224d7ee6eaa45cc97dfcbe57cdc4d0eda3e3d9b22c,60.17918,24.95141,00000000675d5200,29.32
141,2019-08-03T05:07:00Z,a67979f9fc20c055b4910607dceb5df5d628668cfcf3a51f8071fe6e,60.14699,24.922,00000000a53ed894,13.75
142,2019-08-03T05:07:00Z,a703ddf75377c59d5dda9b436b8a0f3f14c665b7f7665ff3aeb434f8,60.16762,24.95415,000000006b44cce7,18.79
143,2019-08-03T05:07:00Z,aa3fe6d334e6aff7cbaefc55326355d0a1a4e019bd1a4e64888bde11,60.14947,24.91438,000000004ef3150d,29.32
144,2019-08-03T05:07:00Z,ad3f4335dbe8e39a12b5aac5051f1c42244645d2e75d20fb490db009,60.15432,24.9211,0000000019fb59c4,2.08
145,2019-08-03T05:07:00Z,b09cf4980b43d5b6f4a280d357e96ad6e6880aab2a89c32961dec9b9,60.14947,24.91438,000000004ef3150d,12.69
146,2019-08-03T05:07:00Z,b2be302edf073235f7256254ad7a2b6ee3ce03c4d942a800e1bac12e,60.16897,24.95222,00000000aa852af1,27.28
147,2019-08-03T05:07:00Z,b2c022858192b5c0821ec0a87c157e881825ba26bd451a6a3f2bcd7d,60.17918,24.95141,00000000675d5200,14.89
148,2019-08-03T05:07:00Z,b33bf03a59d1bd40330eb409afc85352e90c2c7596e847f7a1e12380,60.14951,24.92138,0000000006dd41f6,7.69
149,2019-08-03T05:07:00Z,b5c07e6785b5fbf9f7d2b1a1e3339d969fba598925f1ae414ed025df,60.14699,24.922,00000000a53ed894,3.74
150,2019-08-03T05:07:00Z,b67513cf555bb46100b4e39f063ad89905e8876a91b7c96d331ff493,60.16762,24.95415,000000006b44cce7,14.89
151,2019-08-03T05:07:00Z,b6c967294a9acfc832ccad654df27f85a7ea53d1c03e07c24913a191,60.14699,24.922,00000000a53ed894,16.1
152,2019-08-03T05:07:00Z,b7485f224367330b3043b41cd51a9253fd9632630624895e13924be6,60.14951,24.92138,0000000006dd41f6,18.79
153,2019-08-03T05:07:00Z,b94754e58ea644cfb8c1ced172730b825d58df766d3de837a4dcdb3d,60.14947,24.91438,000000004ef3150d,5.41
154,2019-08-03T05:07:00Z,bc28960aff7fbe17e9923044bebd5f945e46aedc785643211cab0b3e,60.14951,24.92138,0000000006dd41f6,14.89
155,2019-08-03T05:07:00Z,bd98819722edde32cdf388192c7bd77cf2b2fe264ccc4e7796efc07c,60.16448,24.97323,0000000053c6c2be,31.5
156,2019-08-03T05:07:00Z,be6e948899c2bafb11a0e76be71ab3ed2837638bfe7281382283007f,60.14947,24.91438,000000004ef3150d,36.27
157,2019-08-03T05:07:00Z,c0a0ca3433586ed2ae0e448f2406fabac7292ac79d49562e0bd5cef8,60.16762,24.95415,000000006b44cce7,17.4
158,2019-08-03T05:07:00Z,c14bbc158cb05cb627fdc1284700b8b2b910c9eb859fc6a88ac0864e,60.14951,24.92138,0000000006dd41f6,7.69
159,2019-08-03T05:07:00Z,c6a7a0231d6c76920cbdc2915e97319311a621ece368c33b158e8bc5,60.14947,24.91438,000000004ef3150d,11.7
160,2019-08-03T05:07:00Z,c85f69a890d540ea1871fd50befef14cdd7a4ffb193642d868518dec,60.14951,24.92138,0000000006dd41f6,9.12
161,2019-08-03T05:07:00Z,ca93b531b38696709b942f7d80cbaed05254efcd34f110371a89bab2,60.14947,24.91438,000000004ef3150d,13.75
162,2019-08-03T05:07:00Z,d4ea35ea60f4f31924c6bc97ebc13889cd1d6812d03504f9a7bd2456,60.14947,24.91438,000000004ef3150d,9.92
163,2019-08-03T05:07:00Z,d507d0e4bd1f84160ffaa2b27d7ffbb41aaeeee59d2331fce15fbd3b,60.14951,24.92138,0000000006dd41f6,16.1
164,2019-08-03T05:07:00Z,d717b76da507855751c83167eb35a173358f303e7094660044cd5925,60.17918,24.95141,00000000675d5200,9.12
165,2019-08-03T05:07:00Z,d7c05fce3951fc414870aa4fdb1e480ec33e3cc187b3539e6ba19c70,60.14951,24.92138,0000000006dd41f6,14.89
166,2019-08-03T05:07:00Z,d8a8fcd381b9d105459c9309ef73b990824e9ddc1a2df7bda41f4c83,60.14947,24.91438,000000004ef3150d,4.11
167,2019-08-03T05:07:00Z,d8ac8d15afd22b1a54a5d044893158b5c62208e137a12e7d096a5276,60.17918,24.95141,00000000675d5200,4.5
168,2019-08-03T05:07:00Z,dbc3a2a7f028f9cd616c1ebdad3f63656016591e76a35bb4909d0485,60.14951,24.92138,0000000006dd41f6,9.92
169,2019-08-03T05:07:00Z,e6fdda8e27f74a00c46e68ef545b10af19850af27cc44a9aa0a02fc8,60.14951,24.92138,0000000006dd41f6,23.56
170,2019-08-03T05:07:00Z,e78371e085da18de45b8162bd38dec27e9096fa158ccbb8fea2f522d,60.17918,24.95141,00000000675d5200,11.7
171,2019-08-03T05:07:00Z,e80150aa8e813fe67cc3869eb23c25ad5ee7cd72f56e1b3d91eac238,60.17918,24.95141,00000000675d5200,9.92
172,2019-08-03T05:07:00Z,ec1302b9d7d9dfd5e997058846ddc88c366a77eeab9b7247390a832a,60.16762,24.95415,000000006b44cce7,9.12
173,2019-08-03T05:07:00Z,ee66fc9a2442ed2c740eee286f1e46d010af71e447c5e7eee8bba508,60.14951,24.92138,0000000006dd41f6,11.7
174,2019-08-03T05:07:00Z,f299d1b23951edc364b1c27c59f921e4930247408b85a89feff7fc90,60.17918,24.95141,00000000675d5200,14.89
175,2019-08-03T05:07:00Z,f2a6d1c0dc7689cd9341890bf129e3dbd041aeff3e3aceca5a428125,60.16762,24.95415,000000006b44cce7,10.78
176,2019-08-03T05:07:00Z,f6f779a0ec30df687a68d6215a6a00427cfffd5280a13f468a579039,60.14951,24.92138,0000000006dd41f6,8.38
177,2019-08-03T05:07:00Z,f796106ab3f14b9ce8d254e70161b02af35f763817b5085ce1d60c82,60.14947,24.91438,000000004ef3150d,7.69
178,2019-08-03T05:07:00Z,f9399339c3de44774896319d3f291771cebcaf2666df1d6062469882,60.16531,24.9442,00000000fdda10fe,20.28
179,2019-08-03T05:07:00Z,fad9551c5782de3ec60487a9e0527cf06b97d0c79ed3236281cbae0d,60.17918,24.95141,00000000675d5200,31.5
180,2019-08-03T05:07:00Z,fb5daacd68e3c2359916e40c748c699408f780d120c519cd494339c0,60.14947,24.91438,000000004ef3150d,13.75
181,2019-08-03T05:07:00Z,fd408ef93b6762ac6cc7614e62398a5339547565dd10b8ebac02eb81,60.16762,24.95415,000000006b44cce7,20.28
182,2019-08-03T05:07:00Z,ff19e43914bd331947b8c38386670f26f76fec2f215b1eba084a54fb,60.16762,24.95415,000000006b44cce7,3.4
183,2019-08-03T05:07:01Z,072dc794e212cfe9866e1242d801701f299d36f4aea2da25e22246cc,60.16762,24.95415,000000006b44cce7,8.38
184,2019-08-03T05:07:01Z,126e7fa4dd9205201617bdc0c7c346bfb57e1a75d3d7d3d9c260d51b,60.16897,24.95222,00000000aa852af1,25.36
185,2019-08-03T05:07:01Z,14c7e1511b70f4dd3359cbece1377aebb4d70531f5489eefe53d7c3c,60.16544,24.95398,0000000038d83d41,25.36
186,2019-08-03T05:07:01Z,17b28910b6cbc057680693633275c4ca53938281bc38178f96c44947,60.17002,24.94407,000000006b087f40,36.27
187,2019-08-03T05:07:01Z,1d07a8ae57217b4317fa630cb059886dbf0bddfbcd52dbf6f7c5c4d9,60.14947,24.91438,000000004ef3150d,9.12
188,2019-08-03T05:07:01Z,1d513a9eda6958eaa6394ca7a03bb7c0beb946191e40ea22378b96fa,60.16762,24.95415,000000006b44cce7,13.75
189,2019-08-03T05:07:01Z,2448a4a7bacce376bf9041799fcd0ba60e3c1179e1fdfc9d7463f44f,60.15432,24.9211,0000000019fb59c4,29.32
190,2019-08-03T05:07:01Z,2a93b61a3863ace54349d7a0937e4134fcc6d4dfcf064eefae2b7cf8,60.15432,24.9211,0000000019fb59c4,13.75
191,2019-08-03T05:07:01Z,2af9f18ec38ddcce3e687bdf1a0e3d95da68f65a2028ee4a3bdeddab,60.15432,24.9211,0000000019fb59c4,25.36
192,2019-08-03T05:07:01Z,2bb672ab27768da7dab2ea9ad1cfc1822dc9a201d5701afcfb6b15f9,60.17918,24.95141,00000000675d5200,9.12
193,2019-08-03T05:07:01Z,2d3f70bf9904705b22193edbe99c008905f24c3a9c9db1fd5cf19119,60.17002,24.94407,000000006b087f40,23.56
194,2019-08-03T05:07:01Z,3325d1199567734aa3ca19f4882bd71a6269798d2eb3ada267318db6,60.14951,24.92138,0000000006dd41f6,20.28
195,2019-08-03T05:07:01Z,3944bc7a301be7241d1f7bc4a97f221000d535ce3d8a9af9af9b23b5,60.16531,24.9442,00000000fdda10fe,31.5
196,2019-08-03T05:07:01Z,43b676ed3aef4c2d8846694817e76117873be52e7f788e0cb366c1c4,60.16629,24.95957,00000000fb7600be,25.36
197,2019-08-03T05:07:01Z,5bbb5184fded3e51bc78e45e39917794285e6bbc72da404802a9599a,60.16531,24.9442,00000000fdda10fe,27.28
198,2019-08-03T05:07:01Z,5d65719c4cbf045f068d084b72302f447d5fd034413d97d13be00d0e,60.18203,24.91341,00000000342570c2,25.36
199,2019-08-03T05:07:01Z,66dabd3229229330d23c70e9e1737429ddfe69db01f4a6a00f70fa20,60.16762,24.95415,000000006b44cce7,21.87
200,2019-08-03T05:07:01Z,747f2d1ebff218c0ebbdc0fdaef4cbe56633dfb46ae1b1f8c8142201,60.16762,24.95415,000000006b44cce7,20.28
201,2019-08-03T05:07:01Z,77839e655f856d5295739c2388237a95b399c3b8a4f659cd1345d939,60.16829,24.94214,00000000afef4555,36.27
202,2019-08-03T05:07:01Z,79f136afa0dd8717337c01c70b457c464aaf0fa25b440f51a394ec23,60.16762,24.95415,000000006b44cce7,21.87
203,2019-08-03T05:07:01Z,87dfaad29a9276ddddb1fa021d3bc23ad14824c1af16f7d87e713689,60.14951,24.92138,0000000006dd41f6,13.75
204,2019-08-03T05:07:01Z,8b0535dd90c15c8fd1b256e7a48369741b0fe9d58f8f05f6e46134b7,60.16544,24.95398,0000000038d83d41,29.32
205,2019-08-03T05:07:01Z,8c75c3289c84fe4493e1e272a77b615fe1985880c5dc68a7c1a17b53,60.16762,24.95415,000000006b44cce7,10.78
206,2019-08-03T05:07:01Z,8ff60f950161ed884860c37d18e95c683a57d568528f4083008a5dd8,60.15432,24.9211,0000000019fb59c4,13.75
207,2019-08-03T05:07:01Z,94512cd21b284eddaddc0be0d385bf5072dbeaa7e3eb345b3c161aa6,60.16762,24.95415,000000006b44cce7,25.36
208,2019-08-03T05:07:01Z,9843c6216661048343a0e49cf3d8aa2883cf77f452666a1c873a1052,60.16448,24.97323,0000000053c6c2be,14.89
209,2019-08-03T05:07:01Z,a91d379a4b57c5df22db0d7a041ff69f657b4b31f28554b1011fc03c,60.16544,24.95398,0000000038d83d41,31.5
210,2019-08-03T05:07:01Z,ac0787f0e045c803e5210bda77cbd640b88135d83a2d295642033071,60.17002,24.94407,000000006b087f40,27.28
211,2019-08-03T05:07:01Z,b33ae7715d6d2571066655c2c8954a5a364b5601869047de83410d9f,60.16629,24.95957,00000000fb7600be,20.28
212,2019-08-03T05:07:01Z,b4faf2d3c4d2b199afeab6ab63b583fe3a2e81e14abbef6917f25129,60.15432,24.9211,0000000019fb59c4,11.7
213,2019-08-03T05:07:01Z,b5fd6b317890e5ab2d79e2cd1abe61626d45a753c7337d0d40728898,60.16762,24.95415,000000006b44cce7,16.1
214,2019-08-03T05:07:01Z,bb52abe4edeb7604c7a55e84373a051fe6adeac1849883eb0877f237,60.15432,24.9211,0000000019fb59c4,9.92
215,2019-08-03T05:07:01Z,bb98768dad0f7c52cf643f035a3e7e48f5cfe28557c66f2a75914b31,60.15432,24.9211,0000000019fb59c4,14.89
216,2019-08-03T05:07:01Z,c40c37def6bf11a63a2556519a7c6233fd417cdeea2cf14f28e7c42c,60.16531,24.9442,00000000fdda10fe,21.87
217,2019-08-03T05:07:01Z,cf05623e4d87ce0906c0b0b7dbf53aacc1228016cd27c341228b6e76,60.18203,24.91341,00000000342570c2,18.79
218,2019-08-03T05:07:01Z,da3f8a9924ac789c223fe629d063aa23403ffed3bf8166bd44e4d0d0,60.16762,24.95415,000000006b44cce7,23.56
219,2019-08-03T05:07:01Z,ea2af410359f5c862dbc71554cc0b6ea29d823a91db3209fcd2a8c76,60.16762,24.95415,000000006b44cce7,17.4
220,2019-08-03T05:07:01Z,f088630d7476dae7d4b7e2bb1f10575f2c89acb4b6e061f3d57c2b40,60.16531,24.9442,00000000fdda10fe,21.87
221,2019-08-03T05:07:01Z,fa174c07354fca0bb5a193097c3a41f5c79ba61efc1b2f1dd7ae2312,60.16762,24.95415,000000006b44cce7,12.69
222,2019-08-03T05:07:01Z,fc4f3a44235f1cfc7b53f14ba2da599976a5a0a220d23b852688e485,60.17918,24.95141,00000000675d5200,29.32
223,2019-08-03T05:07:01Z,01ac3da984ba768176e846ab02ac24bbebf66ca16e5a54c31fc252c7,60.17918,24.95141,00000000675d5200,10.78
224,2019-08-03T05:07:01Z,03b0147de56b8bd6043f23099d7f02fddb12cbad0bac071e549d8c3b,60.16762,24.95415,000000006b44cce7,13.75
225,2019-08-03T05:07:01Z,05768da75a79e917984925bd6898bc2e822f0bd7f269dde3e616c3de,60.14951,24.92138,0000000006dd41f6,7.05
226,2019-08-03T05:07:01Z,06014a182dd02b0f323180fc109e96f02601f01d58bde42742f36f28,60.16762,24.95415,000000006b44cce7,21.87
227,2019-08-03T05:07:01Z,07ec3094fc6348795df42b1a568fa694e7ee19c72797fd5305171f78,60.14947,24.91438,000000004ef3150d,11.7
228,2019-08-03T05:07:01Z,07ff1beec0f79a354c3d9f66be0004f55399cb2d3ab52f61d4abdf92,60.14947,24.91438,000000004ef3150d,25.36
229,2019-08-03T05:07:01Z,0ae3a5bf6362ab86c86857b66fcb0d7a2217b3f906a8ffcd5325d3f0,60.14947,24.91438,000000004ef3150d,25.36
230,2019-08-03T05:07:01Z,0bfab1b1a48cdd50ffed7ce2174a088bef1699b522c7e4e05afe3c48,60.16829,24.94214,00000000afef4555,33.81
231,2019-08-03T05:07:01Z,0e13358d8b4b9a15de5b3b8a66aa5a4a5ed2dfa96cb99ff467b00deb,60.14947,24.91438,000000004ef3150d,12.69
232,2019-08-03T05:07:01Z,0f936ad6518b228f97a49cfe84a23c1c455e1015dc836f6dece37f17,60.14947,24.91438,000000004ef3150d,7.69
233,2019-08-03T05:07:01Z,16529d28a72c2ea733e6935f15105676d3a03000035635d05a26bab6,60.14951,24.92138,0000000006dd41f6,9.92
234,2019-08-03T05:07:01Z,16876135d8f6480c62817c208a16060632321e9cbc244296d850b46e,60.16897,24.95222,00000000aa852af1,31.5
235,2019-08-03T05:07:01Z,187e042bc873a60c0853d55fd0c5b770b21bb6a3998003d1de5b8b01,60.14947,24.91438,000000004ef3150d,11.7
236,2019-08-03T05:07:01Z,18b4fb4b407bc53075fb16bb743bb941e5c79382206e4bb6d549f93c,60.16531,24.9442,00000000fdda10fe,7.05
237,2019-08-03T05:07:01Z,2046d66661124b3214cc1a1f06e2190b015bb4a9ffffadaf03754a20,60.14947,24.91438,000000004ef3150d,16.1
238,2019-08-03T05:07:01Z,2055f51540cc872199da97b8ad70c23a18aeb55c84dcc5431744eced,60.14947,24.91438,000000004ef3150d,5.41
239,2019-08-03T05:07:01Z,21b8834066abea5e835304ff84587b3ab33ee91dfe82d541daaf3445,60.14951,24.92138,0000000006dd41f6,8.38
240,2019-08-03T05:07:01Z,244383482710616985e7f412a8259e0eb194edeaebf3f0efb1160e9c,60.14951,24.92138,0000000006dd41f6,4.94
241,2019-08-03T05:07:01Z,24a3e3b085c89a67470dd5b8d4f3c9c78396ff5181c7de782a3997ef,60.14947,24.91438,000000004ef3150d,9.12
242,2019-08-03T05:07:01Z,257fe327612cbc912729794c3be523166015bb5cb0d76e692d2dee9b,60.14947,24.91438,000000004ef3150d,8.38
243,2019-08-03T05:07:01Z,270dc8e40c2a03a86311ff0cfa92d0dc172eed09bbef6f9a426bfe5d,60.14951,24.92138,0000000006dd41f6,11.7
244,2019-08-03T05:07:01Z,2b32f7c4ca8e8d620d956253ba0d94f3c9d161b4f87f0e5dd4a432dc,60.16531,24.9442,00000000fdda10fe,9.12
245,2019-08-03T05:07:01Z,2e9bf9622ab5a741da3eee1e74e478047483afa3fa6b6b5e0f064705,60.14951,24.92138,0000000006dd41f6,17.4
246,2019-08-03T05:07:01Z,309aa6366e7700845ac8433fbb15a6655318f3a93c4a95905b8c86cf,60.14947,24.91438,000000004ef3150d,12.69
247,2019-08-03T05:07:01Z,3186be38dbda1718fab94cc60afab9744293306efd039af3855d1165,60.14951,24.92138,0000000006dd41f6,9.12
248,2019-08-03T05:07:01Z,31ffcaafd8f4432973b8a3b758247cd878ae949d3438b96668499ff7,60.14951,24.92138,0000000006dd41f6,5.91
249,2019-08-03T05:07:01Z,324c221a4d1c7e8900c77643fd41702ba1baf556250694ad4ddea2f1,60.16544,24.95398,0000000038d83d41,16.1
250,2019-08-03T05:07:01Z,32ca4aacc7370467735fc4b937431c1a9f0761f89275a7de3979e78c,60.14951,24.92138,0000000006dd41f6,13.75
251,2019-08-03T05:07:01Z,357b6ef4f4183b7284623c1d0f2505fdc45850f25d72f28140bac3ce,60.14947,24.91438,000000004ef3150d,10.78
252,2019-08-03T05:07:01Z,3d414f1509410a1489771fbd79a8c9f7b9e5c084411898383c59e179,60.14947,24.91438,000000004ef3150d,8.38
253,2019-08-03T05:07:01Z,3df885a41c171a61bc742be6592d52001fa806647031143fc3ec21b9,60.14947,24.91438,000000004ef3150d,4.5
254,2019-08-03T05:07:01Z,3e2787bf01f043464883fc2b40c7a4bd3277b14b47a18ebba2fc06dd,60.14947,24.91438,000000004ef3150d,4.94
255,2019-08-03T05:07:01Z,3f08565db5f9df243ec0570cb0aa0491f6fade27f92662c24b9b44e2,60.14947,24.91438,000000004ef3150d,8.38
256,2019-08-03T05:07:01Z,3f2d15416f5eb2b50780673496bb1add8320fdb1a6dc756be090d80f,60.149,24.9843,00000000fffb8cf0,20.28
257,2019-08-03T05:07:01Z,4104a761968f56b1679e1da1ee3af1d2aa4050126e69e27166617c8e,60.16629,24.95957,00000000fb7600be,21.87
258,2019-08-03T05:07:01Z,41143125d6c4703aa4f29642e485ad72bb3f1e30db6aadc3068718f0,60.16762,24.95415,000000006b44cce7,16.1
259,2019-08-03T05:07:01Z,4368ba282f4aeb3ed620b9d78a75bda6f37a9b20241cf4504e78a2b5,60.14947,24.91438,000000004ef3150d,16.1
260,2019-08-03T05:07:01Z,44316370df1d3d0593ab54de0c5e57f68e2c3bc1eff51c746472c17e,60.14947,24.91438,000000004ef3150d,11.7
261,2019-08-03T05:07:01Z,45528651cc4784964564d5240baa409e3fde566f31998daa599329b4,60.14947,24.91438,000000004ef3150d,7.69
262,2019-08-03T05:07:01Z,45da8def6bb166210dfc016b647ce2643001ac063d5e4974caab962d,60.14951,24.92138,0000000006dd41f6,2.08
263,2019-08-03T05:07:01Z,47a0f4bf2c80826374a67051e01479cfa628b70b9d75f38f13e02bd0,60.14951,24.92138,0000000006dd41f6,9.92
264,2019-08-03T05:07:01Z,488540ec404573d7477ae201767861d5f13d549dc56e294e93412307,60.14951,24.92138,0000000006dd41f6,4.11
265,2019-08-03T05:07:01Z,4bfdef3e45ef80c0c62cd68e3aab1d840b753bc76f6acc5bf6bb9824,60.14951,24.92138,0000000006dd41f6,10.78
266,2019-08-03T05:07:01Z,53405b0c76c9a8bf8dfa33ddb51621c6dde6bff53562775c6b1d46f1,60.14951,24.92138,0000000006dd41f6,3.74
267,2019-08-03T05:07:01Z,53af3631d7754b1cc3aff6dc0414e56a0b1e4ed1768d9916cc26159f,60.16762,24.95415,000000006b44cce7,7.69
268,2019-08-03T05:07:01Z,55ab5025c66bd70f0cfac362288754f258c0681420b328bee6769d99,60.14947,24.91438,000000004ef3150d,5.91
269,2019-08-03T05:07:01Z,55f6539c9f0fbdf1bb35d939e6f5491a9ab1b31f94e48637ae40760b,60.14951,24.92138,0000000006dd41f6,8.38
270,2019-08-03T05:07:01Z,56d0185e99695e37be15c17cf2660100c8f9d7a7b3db83f16edb8408,60.16897,24.95222,00000000aa852af1,21.87
271,2019-08-03T05:07:01Z,571ac7b2bb51a5bde2236a6c8a2d64ea8a910d14718d5b661466440e,60.14951,24.92138,0000000006dd41f6,12.69
272,2019-08-03T05:07:01Z,57e265dbc5748d4eb9948ed86b09960814e925f61dc7b71409a9e046,60.14947,24.91438,000000004ef3150d,10.78
273,2019-08-03T05:07:01Z,584cb0b0cdd14e608c8b57c8aecc9826f9b40027e365e2438a444ea2,60.16762,24.95415,000000006b44cce7,9.12
274,2019-08-03T05:07:01Z,5d42feab594bedf738b8ec16e669d9021ecbb5d0c09d4a9fed6d9b4c,60.14951,24.92138,0000000006dd41f6,18.79
275,2019-08-03T05:07:01Z,5e3473f116c471fda073b2fec24d84d89020b3aea418405cf2b79452,60.14947,24.91438,000000004ef3150d,7.05
276,2019-08-03T05:07:01Z,61a9ee94ab5cbc6f1218183f6c28739400661f688ee24d7b8b1b69a0,60.14951,24.92138,0000000006dd41f6,18.79
277,2019-08-03T05:07:01Z,6635a5f3cc81f5fe2b5bb1ac4b82b29cff3b73a8f48036198b21f1e7,60.14951,24.92138,0000000006dd41f6,18.79
278,2019-08-03T05:07:01Z,69f0a76285d9704dd7bf78481533deb1798c7eecdc28d5b4611876d5,60.18203,24.91341,00000000342570c2,9.92
279,2019-08-03T05:07:01Z,6a372222738bcc92e2e052ba7f8b9cee8f50d6f2f181c52be3301092,60.14951,24.92138,0000000006dd41f6,17.4
280,2019-08-03T05:07:01Z,6a5b8a2377e422244e8de5f7213181f57a8576510483b825d0dff8fd,60.16897,24.95222,00000000aa852af1,18.79
281,2019-08-03T05:07:01Z,6a79cf36eba31e91e1a06ea41f97c84b421068ebdfdec2d39a14d8aa,60.14947,24.91438,000000004ef3150d,16.1
282,2019-08-03T05:07:01Z,6b7ad349ada38d5814d784160640467ec36b72908d53517c60cc858f,60.14947,24.91438,000000004ef3150d,14.89
283,2019-08-03T05:07:01Z,6cefd71c8126052d30cbfa4cc0a36d2c82e613bf89e62fae48fae309,60.14947,24.91438,000000004ef3150d,10.78
284,2019-08-03T05:07:01Z,6d5a27bac427b4dadd233023e95255655e03f5ad7496f07d364b74ed,60.14947,24.91438,000000004ef3150d,6.46
285,2019-08-03T05:07:01Z,6e414765ef8f50b4efdd95b703fe39f21510b205bf53c0e89e84a688,60.14947,24.91438,000000004ef3150d,18.79
286,2019-08-03T05:07:01Z,716e15986a87b1f03df098d5326daa774016783e6d913ad4e67c0975,60.16544,24.95398,0000000038d83d41,12.69
287,2019-08-03T05:07:01Z,71d9bf3065abd6a73615d1afbc72d2013bfe7cf1e8089d726fdfcacc,60.14947,24.91438,000000004ef3150d,9.92
288,2019-08-03T05:07:01Z,72ed8c76dc4d17e13569cffe4dd33c9b757f87bc1c8e6cb36b901082,60.16629,24.95957,00000000fb7600be,16.1
289,2019-08-03T05:07:01Z,7421b6a85c9673b537f5ac75e286d6cf2c05ff9938601c767e279828,60.14947,24.91438,000000004ef3150d,7.69
290,2019-08-03T05:07:01Z,7612d399b90c8fb53bcbdc51a3be73864d8c18b692a2ecddaa2bfd04,60.14947,24.91438,000000004ef3150d,25.36
291,2019-08-03T05:07:01Z,7c2c3dd7157aa9bd0961a7eb63077d5944dd1893400e8d17ed2cd30f,60.14947,24.91438,000000004ef3150d,16.1
292,2019-08-03T05:07:01Z,7c9f0757e840a2b411e059355e98b2da3b658a9e82ed16b9a25e3c94,60.16762,24.95415,000000006b44cce7,13.75
293,2019-08-03T05:07:01Z,7e891210311a8ff7a1785215fbe76948b552b8c1b951b6a4aec2f859,60.14947,24.91438,000000004ef3150d,25.36
294,2019-08-03T05:07:01Z,8077ca8c87c38ec57a84f79e94943a1b899a01f85ae75d34976f2ae4,60.14947,24.91438,000000004ef3150d,11.7
295,2019-08-03T05:07:01Z,8214b19b1cd62cc84296b72ac63d8aa29665cef354e586452739540e,60.14947,24.91438,000000004ef3150d,17.4
296,2019-08-03T05:07:01Z,82bb51898b936817fb8acc5e9e184d3ba134d0daaafa91bb6321e048,60.14951,24.92138,0000000006dd41f6,17.4
297,2019-08-03T05:07:01Z,8454775e9bd39f58c8ed18ccb7b3450917d68302b452b3af302e0000,60.16531,24.9442,00000000fdda10fe,33.81
298,2019-08-03T05:07:01Z,848edc5039bc5e52f3c7c1192a122773093249e54b1db04d0f000960,60.17918,24.95141,00000000675d5200,8.38
299,2019-08-03T05:07:01Z,872272426a3d39a64f56a104dc4e80b4bafc2c6cc43b85bf84ae4840,60.14951,24.92138,0000000006dd41f6,14.89
300,2019-08-03T05:07:01Z,885a07f52b45c5805afacdbecb759c5805aaa9b096ed39032b921b8f,60.16629,24.95957,00000000fb7600be,20.28
301,2019-08-03T05:07:01Z,8962c21eddea75feaceab6fdd99b150cb34c64c955415ae2c6681f90,60.16762,24.95415,000000006b44cce7,8.38
302,2019-08-03T05:07:01Z,8b0e808aa642e53f05019e9b78d06e8c2e65171b1671435fed5ce55f,60.14951,24.92138,0000000006dd41f6,6.46
303,2019-08-03T05:07:01Z,8e3a7ac2fa675ff395ba2be8b8c718bb7790b64a952941fdb60a36d3,60.14947,24.91438,000000004ef3150d,16.1
304,2019-08-03T05:07:01Z,8ef6890d10bea72f2b52cf9900dbd9beab0aac37b1b4fb3a9b420f7b,60.14947,24.91438,000000004ef3150d,27.28
305,2019-08-03T05:07:01Z,900c6f69001cecf6b10a74913a1e642bf25d1f24ec8811998ef25473,60.16762,24.95415,000000006b44cce7,9.12
306,2019-08-03T05:07:01Z,905b78ee976500ed7ffe9e0097b0eedda3664a2b04ec74cb7354af65,60.14947,24.91438,000000004ef3150d,12.69
307,2019-08-03T05:07:01Z,90888bfc7c50c00ec41c17b9799ce40956bfc6c5b7e76801e95df8c8,60.14947,24.91438,000000004ef3150d,13.75
308,2019-08-03T05:07:01Z,915f3bc02f3b426ea0dbe5f4caf828cc0419961d765e39651f0783f9,60.14699,24.922,00000000a53ed894,7.05
309,2019-08-03T05:07:01Z,9201978f2ff9beaf659234c1c0a82c4d73b221dca0ae4446bb258b6f,60.14951,24.92138,0000000006dd41f6,5.41
310,2019-08-03T05:07:01Z,959cb77ac35165de9b5e0cb1f041f032ec8ce6474c0d034528dbcbf9,60.16762,24.95415,000000006b44cce7,21.87
311,2019-08-03T05:07:01Z,96d44ba9f23bf27eabb81775ca34f9f45d54fa6a6d258acdb438c386,60.14951,24.92138,0000000006dd41f6,14.89
312,2019-08-03T05:07:01Z,98810dc192b3a481d1c6ac9365f1955cb557bf2fdad2836ec21552a3,60.14947,24.91438,000000004ef3150d,2.3
313,2019-08-03T05:07:01Z,99e678f78e4c533652c98fdd04e22be0907411dd33d44edb931729bd,60.17002,24.94407,000000006b087f40,13.75
314,2019-08-03T05:07:01Z,9a1c661f649cab5eea5aa9b2d66a535d96532cfd6864625251da4bcf,60.14951,24.92138,0000000006dd41f6,13.75
315,2019-08-03T05:07:01Z,9a4e9d137f581942bd47528cfa2795635d7c9755ad9505b8e873d094,60.17002,24.94407,000000006b087f40,25.36
316,2019-08-03T05:07:01Z,9a7a14cc03f695904ada154223b0667375bc88a2ebd9165f52ab1dfd,60.14947,24.91438,000000004ef3150d,10.78
317,2019-08-03T05:07:01Z,9c95267f8e6d287ab102aa08b059ca2bd07247257ae1b7d3a212e755,60.14947,24.91438,000000004ef3150d,7.05
318,2019-08-03T05:07:01Z,9d1d5686f17668f6361336b8ab367f61617804f422879e7345d15478,60.14947,24.91438,000000004ef3150d,11.7
319,2019-08-03T05:07:01Z,a01184b339b6fcb56a88b56e1a5faf773d9bfa1cff230d509418b536,60.14951,24.92138,0000000006dd41f6,17.4
320,2019-08-03T05:07:01Z,a338c696009b3424e3dcfa01606accc9792dc13b6ef0b45c50bea82b,60.16629,24.95957,00000000fb7600be,9.12
321,2019-08-03T05:07:01Z,a3fe751dd6d020224d7ee6eaa45cc97dfcbe57cdc4d0eda3e3d9b22c,60.17918,24.95141,00000000675d5200,13.75
322,2019-08-03T05:07:01Z,a67979f9fc20c055b4910607dceb5df5d628668cfcf3a51f8071fe6e,60.14699,24.922,00000000a53ed894,5.41
323,2019-08-03T05:07:01Z,a81350e5be5630ac0e7f7ba582eea28fe6b62ba3a69c18da60fb9459,60.14947,24.91438,000000004ef3150d,9.92
324,2019-08-03T05:07:01Z,a83fdd9cdcbe8b1d3e276fd194340e22590c911cc8af5fd93c9b6a58,60.16897,24.95222,00000000aa852af1,31.5
325,2019-08-03T05:07:01Z,ad3f4335dbe8e39a12b5aac5051f1c42244645d2e75d20fb490db009,60.15432,24.9211,0000000019fb59c4,1.54
326,2019-08-03T05:07:01Z,b09cf4980b43d5b6f4a280d357e96ad6e6880aab2a89c32961dec9b9,60.14947,24.91438,000000004ef3150d,7.05
