,time,hash,latitude,longitude,serial,distance
0,2019-08-04T01:06:00Z,0803a8ac3d21fda05be813b59bd5735bbac8f4a1df84e86ab137bb62,60.16897,24.95222,00000000aa852af1,29.32
1,2019-08-04T01:06:00Z,14c7e1511b70f4dd3359cbece1377aebb4d70531f5489eefe53d7c3c,60.16544,24.95398,0000000038d83d41,25.36
2,2019-08-04T01:06:00Z,165ebbb4090d47319ae370f0d0854fdc1f6b79499f8b2e4d3c3533c0,60.16544,24.95398,0000000038d83d41,36.27
3,2019-08-04T01:06:00Z,297c725b456ef12d2712634b21546721cbe93224d3a5762d897404f2,60.16762,24.95415,000000006b44cce7,10.78
4,2019-08-04T01:06:00Z,347398028ae36c52464b4c4707cb2c3f05afa40a13cc12f90b0ea11f,60.17002,24.94407,000000006b087f40,33.81
5,2019-08-04T01:06:00Z,3944bc7a301be7241d1f7bc4a97f221000d535ce3d8a9af9af9b23b5,60.16531,24.9442,00000000fdda10fe,25.36
6,2019-08-04T01:06:00Z,43b676ed3aef4c2d8846694817e76117873be52e7f788e0cb366c1c4,60.16629,24.95957,00000000fb7600be,23.56
7,2019-08-04T01:06:00Z,43ea43e1aaac8d6d523965f79fd32aa5e5942a98e66e9b6dbaf67f8d,60.16897,24.95222,00000000aa852af1,20.28
8,2019-08-04T01:06:00Z,56deed3cd228eba479323f29799593e7afe4ec397e434a082c9953f3,60.16762,24.95415,000000006b44cce7,16.1
9,2019-08-04T01:06:00Z,5c833bdbbf1fd3a307bb37daa4021d8b3d3342b1552dcc0989fe9b16,60.16762,24.95415,000000006b44cce7,17.4
10,2019-08-04T01:06:00Z,5d65719c4cbf045f068d084b72302f447d5fd034413d97d13be00d0e,60.18203,24.91341,00000000342570c2,14.89
11,2019-08-04T01:06:00Z,6066632ddc94b5c482a2d4f45ed2532e55e3fd63e414a084a596a737,60.16762,24.95415,000000006b44cce7,18.79
12,2019-08-04T01:06:00Z,66dabd3229229330d23c70e9e1737429ddfe69db01f4a6a00f70fa20,60.16762,24.95415,000000006b44cce7,20.28
13,2019-08-04T01:06:00Z,6a70e2fbced719333e21eff04fcb9cb36bae9a04d1a3d6ddd96f2c58,60.15432,24.9211,0000000019fb59c4,21.87
14,2019-08-04T01:06:00Z,6c4c3fd8fa1c46dafdf6c420406a7ed41d85ebbdee767b1937ce6af0,60.16762,24.95415,000000006b44cce7,18.79
15,2019-08-04T01:06:00Z,6f06341f358e61699fe1e55e986dd0554bc8da28b91daf0c5ad99db6,60.16629,24.95957,00000000fb7600be,27.28
16,2019-08-04T01:06:00Z,6ff437688c444238352c28f64f9d2a7d0f14d19c9ea42c225380501e,60.16762,24.95415,000000006b44cce7,18.79
17,2019-08-04T01:06:00Z,747f2d1ebff218c0ebbdc0fdaef4cbe56633dfb46ae1b1f8c8142201,60.16762,24.95415,000000006b44cce7,12.69
18,2019-08-04T01:06:00Z,79f136afa0dd8717337c01c70b457c464aaf0fa25b440f51a394ec23,60.16762,24.95415,000000006b44cce7,13.75
19,2019-08-04T01:06:00Z,8650ee6a512ec17fb19f7afa4ed44f49e00a55a883c593b30cf75b9f,60.17002,24.94407,000000006b087f40,27.28
20,2019-08-04T01:06:00Z,87dfaad29a9276ddddb1fa021d3bc23ad14824c1af16f7d87e713689,60.14951,24.92138,0000000006dd41f6,10.78
21,2019-08-04T01:06:00Z,89982a6acf91b79a282a6b63978e946ee205f303fcd20e944e06baf0,60.16544,24.95398,0000000038d83d41,20.28
22,2019-08-04T01:06:00Z,8c75c3289c84fe4493e1e272a77b615fe1985880c5dc68a7c1a17b53,60.16762,24.95415,000000006b44cce7,16.1
23,2019-08-04T01:06:00Z,91d3b80de4439a4a49ddb8a04d72a0a2ec6c08f351d70232842af567,60.16762,24.95415,000000006b44cce7,27.28
24,2019-08-04T01:06:00Z,96c0705b3062754c4e9afc471e280530de69c8820bac642f30d4022b,60.16762,24.95415,000000006b44cce7,31.5
25,2019-08-04T01:06:00Z,a20837f4d5575b12799184e0a14975da854097d552a09bee65e98f1f,60.16762,24.95415,000000006b44cce7,14.89
26,2019-08-04T01:06:00Z,a3b4b2c08d30b2cbabe32fd49bcbb4f45f50a3f0b0e74f856bedb831,60.16762,24.95415,000000006b44cce7,9.92
27,2019-08-04T01:06:00Z,a91d379a4b57c5df22db0d7a041ff69f657b4b31f28554b1011fc03c,60.16544,24.95398,0000000038d83d41,31.5
28,2019-08-04T01:06:00Z,b5fd6b317890e5ab2d79e2cd1abe61626d45a753c7337d0d40728898,60.16762,24.95415,000000006b44cce7,9.12
29,2019-08-04T01:06:00Z,bcdd50349e4c179a808e3be7b01f1a45e3ea02c1ee89862e45654e83,60.16897,24.95222,00000000aa852af1,29.32
30,2019-08-04T01:06:00Z,c3545c1490c0d45f4e67131e62edc76ac66e93d9e0680374530692ff,60.17002,24.94407,000000006b087f40,33.81
31,2019-08-04T01:06:00Z,c9cb2b9de2b21abecad29584393bea94a97f282f234f310e2468d7a7,60.16075,24.95883,00000000f1124bca,25.36
32,2019-08-04T01:06:00Z,cf05623e4d87ce0906c0b0b7dbf53aacc1228016cd27c341228b6e76,60.18203,24.91341,00000000342570c2,17.4
33,2019-08-04T01:06:00Z,d0bb9fef9a0ef26adcdd4732c9c20361bce49826f32c2892242831b8,60.16762,24.95415,000000006b44cce7,18.79
34,2019-08-04T01:06:00Z,d466739295da5e108e9f8a1a4f387f1cec8bde1ff3a78529697bdcc2,60.16531,24.9442,00000000fdda10fe,27.28
35,2019-08-04T01:06:00Z,f088630d7476dae7d4b7e2bb1f10575f2c89acb4b6e061f3d57c2b40,60.16531,24.9442,00000000fdda10fe,23.56
36,2019-08-04T01:06:00Z,f6609ab1076b1105bb845595a03b41b8fbb282f79c337df5bbc9f841,60.14699,24.922,00000000a53ed894,14.89
37,2019-08-04T01:06:00Z,fc4f3a44235f1cfc7b53f14ba2da599976a5a0a220d23b852688e485,60.17918,24.95141,00000000675d5200,31.5
38,2019-08-04T01:06:00Z,030b868c4c3ff5e39e7bfb1384e9d4711bc8a65678e44c71bd01239b,60.1538,24.95595,0000000038bf9618,21.87
39,2019-08-04T01:06:00Z,04456f4c87cf9c3b216c56ca177ad09d7e69c71f4b944471a5753330,60.1538,24.95595,0000000038bf9618,21.87
40,2019-08-04T01:06:00Z,046d88221ec15b64bcac02c9056c3cdd39e2ce29bc8cde90aa2d7ed9,60.1538,24.95595,0000000038bf9618,7.69
41,2019-08-04T01:06:00Z,04d750e3565e78e38f54c87912b1eda8c96e703410f218b41eb923dd,60.1538,24.95595,0000000038bf9618,14.89
42,2019-08-04T01:06:00Z,057956351765f997c54b97a87f7a80f687d5369c5d67e6d6bcc39f47,60.16629,24.95957,00000000fb7600be,33.81
43,2019-08-04T01:06:00Z,080270d2bb533ad06b54eef430d9875dac67d9dba513c9cd594f3275,60.16762,24.95415,000000006b44cce7,23.56
44,2019-08-04T01:06:00Z,0da850923be1bbc68bd273595c7ff42f5034d78577a635a97236119e,60.16531,24.9442,00000000fdda10fe,25.36
45,2019-08-04T01:06:00Z,150aaf95b86018bf2a7a214f888391f0379493f6f3c230b6a1ba15df,60.1538,24.95595,0000000038bf9618,14.89
46,2019-08-04T01:06:00Z,193ad8975c983bf43515d306e4ae4783d872aa2c55535765b88c586d,60.16829,24.94214,00000000afef4555,17.4
47,2019-08-04T01:06:00Z,1bf59eb52e8e8f62c80b5ff9bd22e3ed9fb2444c5db8df3389beb727,60.1538,24.95595,0000000038bf9618,16.1
48,2019-08-04T01:06:00Z,1dacfb371d75dd4f90f447aac2a00faad98beb4188a6971c19eb2375,60.16629,24.95957,00000000fb7600be,27.28
49,2019-08-04T01:06:00Z,1e449b081a0e0f53a8920e38fd8c328d0e2e9b465e1295a50f359f73,60.16829,24.94214,00000000afef4555,18.79
50,2019-08-04T01:06:00Z,214c76e0550c148d21646cab2647d2a773fa54fca1e20661f38f437e,60.1538,24.95595,0000000038bf9618,36.27
51,2019-08-04T01:06:00Z,25a934d449052a4f135dab7ecdb46b7404c05dccd669af65c6238cab,60.1538,24.95595,0000000038bf9618,25.36
52,2019-08-04T01:06:00Z,25b9a688fda1515f9ff250d01f89c4491af81e3721b9b2348d88d2e3,60.16762,24.95415,000000006b44cce7,23.56
53,2019-08-04T01:06:00Z,328bb06fa15d3b21a17e76339fdf08bafbcc1e4eb3e07cd58482bba4,60.16762,24.95415,000000006b44cce7,13.75
54,2019-08-04T01:06:00Z,339f6a365c38070f7de8fbf2f831e126f72a0f5d109d5be30735cb7e,60.1538,24.95595,0000000038bf9618,3.4
55,2019-08-04T01:06:00Z,3ce8225aa3aab4a4219c2cc7916b0ec8d6f6c98838fb6aa632f70c99,60.17065,24.93641,000000000f4919c9,29.32
56,2019-08-04T01:06:00Z,3d3f322990720d93f3dc3bb1c228014eba7a925be532ae950921aa9d,60.17002,24.94407,000000006b087f40,36.27
57,2019-08-04T01:06:00Z,46e3132c26627687af2df21ca1c9b156697e131f9bf5b4c252012e6e,60.1538,24.95595,0000000038bf9618,29.32
58,2019-08-04T01:06:00Z,4a18995d4c56805855fdd3ed58ef180f26cfb47e7d0b0f9940077be2,60.1538,24.95595,0000000038bf9618,21.87
59,2019-08-04T01:06:00Z,4ef7328a8b388ec3fbea6006ada170933414b91e802d48179edffa02,60.17065,24.93641,000000000f4919c9,18.79
60,2019-08-04T01:06:00Z,50f863bec5243b4ed12c827a15830927d21f79adf6a02cbb0d4a299e,60.1538,24.95595,0000000038bf9618,20.28
61,2019-08-04T01:06:00Z,564936f5aebcf6a9b557339c0a3fb6afce1757bb9286cd37c35d2228,60.1538,24.95595,0000000038bf9618,4.5
62,2019-08-04T01:06:00Z,57d214d7ee2f9baafaef7785ec945b0b175f8236ef9ec7d3cdd49ccf,60.1538,24.95595,0000000038bf9618,17.4
63,2019-08-04T01:06:00Z,584cb0b0cdd14e608c8b57c8aecc9826f9b40027e365e2438a444ea2,60.16762,24.95415,000000006b44cce7,14.89
64,2019-08-04T01:06:00Z,5b874dcc6e502e31626a60913a5bfccd244521b3293fc9f72aab9d8f,60.1538,24.95595,0000000038bf9618,29.32
65,2019-08-04T01:06:00Z,5e8a85c748489a239ec6119217b4315322c0c395c67eca82c088d1d1,60.1538,24.95595,0000000038bf9618,23.56
66,2019-08-04T01:06:00Z,60b6f363fab35d1f012c8cca44711ff706ee881f2dab5d0906b50290,60.16829,24.94214,00000000afef4555,11.7
67,2019-08-04T01:06:00Z,6228e395f593acb20e84245f813419bd3cfcbafdb5568efb6b4b30b0,60.1538,24.95595,0000000038bf9618,25.36
68,2019-08-04T01:06:00Z,6556b6b7acbbfc0b3b97dbe76493c44ef0042e8a8937bfc782428407,60.1538,24.95595,0000000038bf9618,25.36
69,2019-08-04T01:06:00Z,67d19f6a42215910a77c2197df9a5cf9ede9c319de6e9d36b550387e,60.1538,24.95595,0000000038bf9618,21.87
70,2019-08-04T01:06:00Z,6d53e50e4def2ae671ef0da8d6c3b14eec5b52703b3c7651f653d759,60.1538,24.95595,0000000038bf9618,27.28
71,2019-08-04T01:06:00Z,6e5f107f8bee3e340d96354fc1eef48df823778ff89b62a25c71b08f,60.1538,24.95595,0000000038bf9618,18.79
72,2019-08-04T01:06:00Z,70cc84b324f4e53ad4758ccec925ff60051e58d79f632e063f5f82b9,60.17002,24.94407,000000006b087f40,21.87
73,2019-08-04T01:06:00Z,72cef39c47e3316fcf76ba440c7708ef0511813bebb0c2733182c547,60.1538,24.95595,0000000038bf9618,9.92
74,2019-08-04T01:06:00Z,74b32713342210cc1864397c40f2a9b04deb6bc08b617eaf11f1a736,60.16629,24.95957,00000000fb7600be,16.1
75,2019-08-04T01:06:00Z,74cb545f76f0bfc5498607247e26e814276a11ce91f77208054ecbc5,60.17002,24.94407,000000006b087f40,20.28
76,2019-08-04T01:06:00Z,757c92b036860e8441311a05fa89772d83f7528d8068d1e0be07d02a,60.1538,24.95595,0000000038bf9618,18.79
77,2019-08-04T01:06:00Z,7b760e558a34cfef1822c69f1975b590f9230a23b6b041b9a6a2b08c,60.1538,24.95595,0000000038bf9618,21.87
78,2019-08-04T01:06:00Z,810cd0368135d4d830f103d81020576b7d8ec758dc37fb811423cd19,60.17002,24.94407,000000006b087f40,23.56
79,2019-08-04T01:06:00Z,84e1d090b08388dfcfda9c017d113e5fee438c1caace43daf60e3c1d,60.1538,24.95595,0000000038bf9618,7.69
80,2019-08-04T01:06:00Z,85d36662c7924ce2bf0caf17ce9434eb0d425b275816ce7995dc0e40,60.16762,24.95415,000000006b44cce7,21.87
81,2019-08-04T01:06:00Z,8b49994992a96e97c5f92629f1aca931941db8b36050ac6b25c3c67f,60.1538,24.95595,0000000038bf9618,11.7
82,2019-08-04T01:06:00Z,8df106fe32224672cde3a54a35b2b5430b35538cf935c3d25e1baf9b,60.16829,24.94214,00000000afef4555,20.28
83,2019-08-04T01:06:00Z,93d75c646d7845dfb717f0b385244c862d3a99f881948bac2af9d481,60.17918,24.95141,00000000675d5200,25.36
84,2019-08-04T01:06:00Z,94ceb85f1948470e1f402a2a407fa0efcae9c863afbbce318c35808d,60.1538,24.95595,0000000038bf9618,25.36
85,2019-08-04T01:06:00Z,976dd7a54c6e8eb485467a3f134fc0f59c58a72f9fc8d7f4e7130bad,60.16829,24.94214,00000000afef4555,38.87
86,2019-08-04T01:06:00Z,9ce29e2ec8f39fdbd1dd910cea80ce5dc164fbf6f97cf4a50fce8b61,60.17002,24.94407,000000006b087f40,33.81
87,2019-08-04T01:06:00Z,9d713c9ce415e473048b45bbb35d6dcdef35cabaca39aa54f2e781a3,60.16531,24.9442,00000000fdda10fe,44.58
88,2019-08-04T01:06:00Z,a3d2f834b013c836d53fe19c86c639d085965eef86a1bc66d803ecf3,60.1538,24.95595,0000000038bf9618,20.28
89,2019-08-04T01:06:00Z,a3e09a2c48dde0536c1e5f9877fdd032ea8c1aa0887027b2bd93b5af,60.16762,24.95415,000000006b44cce7,29.32
90,2019-08-04T01:06:00Z,a4eb47e628f6d3de307ef08549cb432757c9c1b356d257ddf009c1a8,60.1538,24.95595,0000000038bf9618,17.4
91,2019-08-04T01:06:00Z,a58af790432c164954cd2180d989febcf2feae1380e3924fb97ba8b2,60.1538,24.95595,0000000038bf9618,20.28
92,2019-08-04T01:06:00Z,a959a4db6a4ecfcd238777e307ed72839b0f0d46b1738ad8c6b81e8c,60.16762,24.95415,000000006b44cce7,29.32
93,2019-08-04T01:06:00Z,a9c864268de5a7b04e7725022944a7024c5fb28c6ffea0eee302747f,60.1538,24.95595,0000000038bf9618,33.81
94,2019-08-04T01:06:00Z,b7bad6f3c6fff44eb3d94e5c17adbf550743a82f55bfe741e814aa76,60.1538,24.95595,0000000038bf9618,25.36
95,2019-08-04T01:06:00Z,b85acb5042e17cbaf715663fe5fb6114b1f52a47d4246db8f08a5d7f,60.1538,24.95595,0000000038bf9618,16.1
96,2019-08-04T01:06:00Z,b8742b5f67f1fe4c21243eb672b41db02ddfd3fd8004659257630e39,60.1538,24.95595,0000000038bf9618,36.27
97,2019-08-04T01:06:00Z,bc07df8cc395f6f4f5d483b2233caca5f93a6918f346e4cc3702f8cc,60.16531,24.9442,00000000fdda10fe,9.12
98,2019-08-04T01:06:00Z,be271b9d16a8498a8dec5dc27cbfdb7ff9e500655d59d71b1ff7044f,60.14947,24.91438,000000004ef3150d,9.92
99,2019-08-04T01:06:00Z,c011294f1cab9d832dd8267cd93aad1ec7a4b554634472d9917c488b,60.16829,24.94214,00000000afef4555,20.28
100,2019-08-04T01:06:00Z,c0a0ca3433586ed2ae0e448f2406fabac7292ac79d49562e0bd5cef8,60.16762,24.95415,000000006b44cce7,13.75
101,2019-08-04T01:06:00Z,c23196348acf266376d0a1580a81df74cc2ca4c74547a946785724c7,60.1538,24.95595,0000000038bf9618,38.87
102,2019-08-04T01:06:00Z,c40a4eff62df74ce120f42e7f4f3e35a3dba8f7fcc42c4529845f730,60.17002,24.94407,000000006b087f40,25.36
103,2019-08-04T01:06:00Z,cad0e0a82354ad52de8f8e7fcaf5d80e0a96c74e8a2f0da469b73fc0,60.16762,24.95415,000000006b44cce7,9.12
104,2019-08-04T01:06:00Z,d00f32677e342c7dcb88c9fa30272e08ec9a4f49d8006dffbf598a03,60.16762,24.95415,000000006b44cce7,17.4
105,2019-08-04T01:06:00Z,d0ab402624f7d461538daaa0dad942027406b2a177c30fd10fc6d779,60.17918,24.95141,00000000675d5200,7.05
106,2019-08-04T01:06:00Z,d17bc814add0729ea537e178eab4c1fea83fe4530da86d8d54ddb046,60.1538,24.95595,0000000038bf9618,7.05
107,2019-08-04T01:06:00Z,d3b9a101a930be36baeaf323395e7337171da888b4b9667637917502,60.16762,24.95415,000000006b44cce7,25.36
108,2019-08-04T01:06:00Z,d9609b0fdb2912f2c724ffdb94e9d757be81db7203ee0d9e182e9426,60.1538,24.95595,0000000038bf9618,8.38
109,2019-08-04T01:06:00Z,e363ed7c2d976d70550a1385a6d031fc5923e2696551be7765a78727,60.1538,24.95595,0000000038bf9618,9.92
110,2019-08-04T01:06:00Z,e7baeb3fa75db84982c28c08efcf29a123618b687c634aae2f7a2b1a,60.16531,24.9442,00000000fdda10fe,21.87
111,2019-08-04T01:06:00Z,ecd3f6878f10e201456713c185926a3d85ae8b5eb2484b73f155ec5a,60.16531,24.9442,00000000fdda10fe,9.92
112,2019-08-04T01:06:00Z,ed17ebeb24165b0928282059cb99cef0a7b172ef164551f63ce8d85e,60.149,24.9843,00000000fffb8cf0,14.89
113,2019-08-04T01:06:00Z,ed3b2eaece7e8846b296ad5c3f195aafb7410c95a88887d845982981,60.16762,24.95415,000000006b44cce7,20.28
114,2019-08-04T01:06:00Z,f2a10e69c290ef85f06651fbbe919867c205d3209c0c1ec246d7f3e4,60.16531,24.9442,00000000fdda10fe,17.4
115,2019-08-04T01:06:00Z,f9399339c3de44774896319d3f291771cebcaf2666df1d6062469882,60.16531,24.9442,00000000fdda10fe,31.5
116,2019-08-04T01:06:00Z,ffb25b9f0ffc590edd5221e4c1c8335291f336511ed475b28056c1ac,60.1538,24.95595,0000000038bf9618,6.46
117,2019-08-04T01:06:01Z,0803a8ac3d21fda05be813b59bd5735bbac8f4a1df84e86ab137bb62,60.16897,24.95222,00000000aa852af1,29.32
118,2019-08-04T01:06:01Z,0b8387a1aff019db5ef6d1d2e23e51fcecf38f3ac3e4016020840d75,60.17002,24.94407,000000006b087f40,31.5
119,2019-08-04T01:06:01Z,14c7e1511b70f4dd3359cbece1377aebb4d70531f5489eefe53d7c3c,60.16544,24.95398,0000000038d83d41,23.56
120,2019-08-04T01:06:01Z,165ebbb4090d47319ae370f0d0854fdc1f6b79499f8b2e4d3c3533c0,60.16544,24.95398,0000000038d83d41,36.27
121,2019-08-04T01:06:01Z,297c725b456ef12d2712634b21546721cbe93224d3a5762d897404f2,60.16762,24.95415,000000006b44cce7,11.7
122,2019-08-04T01:06:01Z,3193ebc4e01b4451b1242fd69a62b4a3af31c0150312780985ad1d1a,60.17002,24.94407,000000006b087f40,25.36
123,2019-08-04T01:06:01Z,347398028ae36c52464b4c4707cb2c3f05afa40a13cc12f90b0ea11f,60.17002,24.94407,000000006b087f40,25.36
124,2019-08-04T01:06:01Z,3944bc7a301be7241d1f7bc4a97f221000d535ce3d8a9af9af9b23b5,60.16531,24.9442,00000000fdda10fe,25.36
125,2019-08-04T01:06:01Z,43b676ed3aef4c2d8846694817e76117873be52e7f788e0cb366c1c4,60.16629,24.95957,00000000fb7600be,25.36
126,2019-08-04T01:06:01Z,43ea43e1aaac8d6d523965f79fd32aa5e5942a98e66e9b6dbaf67f8d,60.16897,24.95222,00000000aa852af1,21.87
127,2019-08-04T01:06:01Z,56deed3cd228eba479323f29799593e7afe4ec397e434a082c9953f3,60.16762,24.95415,000000006b44cce7,16.1
128,2019-08-04T01:06:01Z,5bbb5184fded3e51bc78e45e39917794285e6bbc72da404802a9599a,60.16531,24.9442,00000000fdda10fe,36.27
129,2019-08-04T01:06:01Z,5c833bdbbf1fd3a307bb37daa4021d8b3d3342b1552dcc0989fe9b16,60.16762,24.95415,000000006b44cce7,18.79
130,2019-08-04T01:06:01Z,5d65719c4cbf045f068d084b72302f447d5fd034413d97d13be00d0e,60.18203,24.91341,00000000342570c2,20.28
131,2019-08-04T01:06:01Z,6a70e2fbced719333e21eff04fcb9cb36bae9a04d1a3d6ddd96f2c58,60.15432,24.9211,0000000019fb59c4,21.87
132,2019-08-04T01:06:01Z,6c4c3fd8fa1c46dafdf6c420406a7ed41d85ebbdee767b1937ce6af0,60.16762,24.95415,000000006b44cce7,14.89
133,2019-08-04T01:06:01Z,6ff437688c444238352c28f64f9d2a7d0f14d19c9ea42c225380501e,60.16762,24.95415,000000006b44cce7,21.87
134,2019-08-04T01:06:01Z,747f2d1ebff218c0ebbdc0fdaef4cbe56633dfb46ae1b1f8c8142201,60.16762,24.95415,000000006b44cce7,29.32
135,2019-08-04T01:06:01Z,7986470a464b3209b8bd8128aa284404949b052dd423b443746edcff,60.14951,24.92138,0000000006dd41f6,31.5
136,2019-08-04T01:06:01Z,79f136afa0dd8717337c01c70b457c464aaf0fa25b440f51a394ec23,60.16762,24.95415,000000006b44cce7,21.87
137,2019-08-04T01:06:01Z,7a3db40d91e137d1381ac690a78039878e0baa317ed9a7cd6882df27,60.16762,24.95415,000000006b44cce7,23.56
138,2019-08-04T01:06:01Z,8650ee6a512ec17fb19f7afa4ed44f49e00a55a883c593b30cf75b9f,60.17002,24.94407,000000006b087f40,21.87
139,2019-08-04T01:06:01Z,87dfaad29a9276ddddb1fa021d3bc23ad14824c1af16f7d87e713689,60.14951,24.92138,0000000006dd41f6,9.12
140,2019-08-04T01:06:01Z,8b0535dd90c15c8fd1b256e7a48369741b0fe9d58f8f05f6e46134b7,60.16544,24.95398,0000000038d83d41,36.27
141,2019-08-04T01:06:01Z,8c75c3289c84fe4493e1e272a77b615fe1985880c5dc68a7c1a17b53,60.16762,24.95415,000000006b44cce7,16.1
142,2019-08-04T01:06:01Z,91d3b80de4439a4a49ddb8a04d72a0a2ec6c08f351d70232842af567,60.16762,24.95415,000000006b44cce7,23.56
143,2019-08-04T01:06:01Z,96c0705b3062754c4e9afc471e280530de69c8820bac642f30d4022b,60.16762,24.95415,000000006b44cce7,25.36
144,2019-08-04T01:06:01Z,a20837f4d5575b12799184e0a14975da854097d552a09bee65e98f1f,60.16762,24.95415,000000006b44cce7,18.79
145,2019-08-04T01:06:01Z,a3b4b2c08d30b2cbabe32fd49bcbb4f45f50a3f0b0e74f856bedb831,60.16762,24.95415,000000006b44cce7,6.46
146,2019-08-04T01:06:01Z,a91d379a4b57c5df22db0d7a041ff69f657b4b31f28554b1011fc03c,60.16544,24.95398,0000000038d83d41,29.32
147,2019-08-04T01:06:01Z,b33ae7715d6d2571066655c2c8954a5a364b5601869047de83410d9f,60.16629,24.95957,00000000fb7600be,20.28
148,2019-08-04T01:06:01Z,b5fd6b317890e5ab2d79e2cd1abe61626d45a753c7337d0d40728898,60.16762,24.95415,000000006b44cce7,5.91
149,2019-08-04T01:06:01Z,c40c37def6bf11a63a2556519a7c6233fd417cdeea2cf14f28e7c42c,60.16531,24.9442,00000000fdda10fe,23.56
150,2019-08-04T01:06:01Z,c578a1f266f1ac8f40756ab095d6d81719f90b3a1d4c4808f72ce963,60.14951,24.92138,0000000006dd41f6,29.32
151,2019-08-04T01:06:01Z,c9cb2b9de2b21abecad29584393bea94a97f282f234f310e2468d7a7,60.16075,24.95883,00000000f1124bca,23.56
152,2019-08-04T01:06:01Z,ce197d5eedb5498917afe7ca3f7275ffeb191f0c5d050bffa154c1d2,60.16531,24.9442,00000000fdda10fe,31.5
153,2019-08-04T01:06:01Z,cf05623e4d87ce0906c0b0b7dbf53aacc1228016cd27c341228b6e76,60.18203,24.91341,00000000342570c2,18.79
154,2019-08-04T01:06:01Z,d0bb9fef9a0ef26adcdd4732c9c20361bce49826f32c2892242831b8,60.16762,24.95415,000000006b44cce7,18.79
155,2019-08-04T01:06:01Z,d466739295da5e108e9f8a1a4f387f1cec8bde1ff3a78529697bdcc2,60.16531,24.9442,00000000fdda10fe,18.79
156,2019-08-04T01:06:01Z,f088630d7476dae7d4b7e2bb1f10575f2c89acb4b6e061f3d57c2b40,60.16531,24.9442,00000000fdda10fe,23.56
157,2019-08-04T01:06:01Z,f31f5bdb4a4c81da52b05c2e91ed700307625920f573cdcf68c91d19,60.16897,24.95222,00000000aa852af1,27.28
158,2019-08-04T01:06:01Z,f6609ab1076b1105bb845595a03b41b8fbb282f79c337df5bbc9f841,60.14699,24.922,00000000a53ed894,12.69
159,2019-08-04T01:06:01Z,fc4f3a44235f1cfc7b53f14ba2da599976a5a0a220d23b852688e485,60.17918,24.95141,00000000675d5200,31.5
160,2019-08-04T01:06:01Z,030b868c4c3ff5e39e7bfb1384e9d4711bc8a65678e44c71bd01239b,60.1538,24.95595,0000000038bf9618,13.75
161,2019-08-04T01:06:01Z,04456f4c87cf9c3b216c56ca177ad09d7e69c71f4b944471a5753330,60.1538,24.95595,0000000038bf9618,21.87
162,2019-08-04T01:06:01Z,046d88221ec15b64bcac02c9056c3cdd39e2ce29bc8cde90aa2d7ed9,60.1538,24.95595,0000000038bf9618,4.5
163,2019-08-04T01:06:01Z,04d750e3565e78e38f54c87912b1eda8c96e703410f218b41eb923dd,60.1538,24.95595,0000000038bf9618,31.5
164,2019-08-04T01:06:01Z,150aaf95b86018bf2a7a214f888391f0379493f6f3c230b6a1ba15df,60.1538,24.95595,0000000038bf9618,14.89
165,2019-08-04T01:06:01Z,193ad8975c983bf43515d306e4ae4783d872aa2c55535765b88c586d,60.16829,24.94214,00000000afef4555,20.28
166,2019-08-04T01:06:01Z,1bf59eb52e8e8f62c80b5ff9bd22e3ed9fb2444c5db8df3389beb727,60.1538,24.95595,0000000038bf9618,13.75
167,2019-08-04T01:06:01Z,1dacfb371d75dd4f90f447aac2a00faad98beb4188a6971c19eb2375,60.16629,24.95957,00000000fb7600be,23.56
168,2019-08-04T01:06:01Z,1e449b081a0e0f53a8920e38fd8c328d0e2e9b465e1295a50f359f73,60.16829,24.94214,00000000afef4555,18.79
169,2019-08-04T01:06:01Z,214c76e0550c148d21646cab2647d2a773fa54fca1e20661f38f437e,60.1538,24.95595,0000000038bf9618,25.36
170,2019-08-04T01:06:01Z,24138708e2498ba4dabdc985659df83142c62d21c2ea9620494254de,60.16531,24.9442,00000000fdda10fe,33.81
171,2019-08-04T01:06:01Z,26166cf5b9b16d54fc1561e096e46512a7b60243de6b9acdf28d33b1,60.16829,24.94214,00000000afef4555,12.69
172,2019-08-04T01:06:01Z,2696f6a462520c8284659d993a9bf0545c2b2f278e1538f7f60dd1d3,60.17002,24.94407,000000006b087f40,9.92
173,2019-08-04T01:06:01Z,328bb06fa15d3b21a17e76339fdf08bafbcc1e4eb3e07cd58482bba4,60.16762,24.95415,000000006b44cce7,9.12
174,2019-08-04T01:06:01Z,339f6a365c38070f7de8fbf2f831e126f72a0f5d109d5be30735cb7e,60.1538,24.95595,0000000038bf9618,3.74
175,2019-08-04T01:06:01Z,37ca9a9f275e04454a0198226afd0d362a0661aa76c2c255d715c471,60.1538,24.95595,0000000038bf9618,16.1
176,2019-08-04T01:06:01Z,3ce8225aa3aab4a4219c2cc7916b0ec8d6f6c98838fb6aa632f70c99,60.17065,24.93641,000000000f4919c9,27.28
177,2019-08-04T01:06:01Z,3de92c6c3f14f732d5e9b18b81aa8e956cccf3590d36211598aed376,60.16829,24.94214,00000000afef4555,11.7
178,2019-08-04T01:06:01Z,406c8df3855d308047a12843434f2fac7dc6a2dba12c20edbdf06606,60.1538,24.95595,0000000038bf9618,6.46
179,2019-08-04T01:06:01Z,41e838a4d7c3eb43c22020eff7d0fe96633f3cb4925256c52c503cd4,60.1538,24.95595,0000000038bf9618,23.56
180,2019-08-04T01:06:01Z,46e3132c26627687af2df21ca1c9b156697e131f9bf5b4c252012e6e,60.1538,24.95595,0000000038bf9618,33.81
181,2019-08-04T01:06:01Z,4a18995d4c56805855fdd3ed58ef180f26cfb47e7d0b0f9940077be2,60.1538,24.95595,0000000038bf9618,17.4
182,2019-08-04T01:06:01Z,4ef7328a8b388ec3fbea6006ada170933414b91e802d48179edffa02,60.17065,24.93641,000000000f4919c9,33.81
183,2019-08-04T01:06:01Z,4f9da8e5d250fce43da51c45eb47417169de6e37c4ee563721346853,60.16762,24.95415,000000006b44cce7,23.56
184,2019-08-04T01:06:01Z,50f863bec5243b4ed12c827a15830927d21f79adf6a02cbb0d4a299e,60.1538,24.95595,0000000038bf9618,5.91
185,2019-08-04T01:06:01Z,5446a811bca5abddb26f2b6706df5165ab4bced03337694cca50f4c8,60.1538,24.95595,0000000038bf9618,38.87
186,2019-08-04T01:06:01Z,564936f5aebcf6a9b557339c0a3fb6afce1757bb9286cd37c35d2228,60.1538,24.95595,0000000038bf9618,3.09
187,2019-08-04T01:06:01Z,57d214d7ee2f9baafaef7785ec945b0b175f8236ef9ec7d3cdd49ccf,60.1538,24.95595,0000000038bf9618,21.87
188,2019-08-04T01:06:01Z,584cb0b0cdd14e608c8b57c8aecc9826f9b40027e365e2438a444ea2,60.16762,24.95415,000000006b44cce7,18.79
189,2019-08-04T01:06:01Z,5b874dcc6e502e31626a60913a5bfccd244521b3293fc9f72aab9d8f,60.1538,24.95595,0000000038bf9618,31.5
190,2019-08-04T01:06:01Z,5e8a85c748489a239ec6119217b4315322c0c395c67eca82c088d1d1,60.1538,24.95595,0000000038bf9618,41.64
191,2019-08-04T01:06:01Z,5f64883cadd6998eab1fbf8be7bac8ca8fe17d47c3c124b6c62e6c26,60.1538,24.95595,0000000038bf9618,31.5
192,2019-08-04T01:06:01Z,6556b6b7acbbfc0b3b97dbe76493c44ef0042e8a8937bfc782428407,60.1538,24.95595,0000000038bf9618,27.28
193,2019-08-04T01:06:01Z,67d19f6a42215910a77c2197df9a5cf9ede9c319de6e9d36b550387e,60.1538,24.95595,0000000038bf9618,25.36
194,2019-08-04T01:06:01Z,6a2729f17487f3d8a29f2f6938f379b690d1b6cb19fc18b5e9e192d0,60.1538,24.95595,0000000038bf9618,18.79
195,2019-08-04T01:06:01Z,6e5f107f8bee3e340d96354fc1eef48df823778ff89b62a25c71b08f,60.1538,24.95595,0000000038bf9618,8.38
196,2019-08-04T01:06:01Z,70cc7b0a8e166380ca0fbc55a58d9a59c9de9f05a9f95ebb82482d5a,60.16762,24.95415,000000006b44cce7,14.89
197,2019-08-04T01:06:01Z,72cef39c47e3316fcf76ba440c7708ef0511813bebb0c2733182c547,60.1538,24.95595,0000000038bf9618,16.1
198,2019-08-04T01:06:01Z,74b32713342210cc1864397c40f2a9b04deb6bc08b617eaf11f1a736,60.16629,24.95957,00000000fb7600be,16.1
199,2019-08-04T01:06:01Z,7af0c77f50a36fde55c6116ce6fc95063a67a5db61e827b85739d62d,60.16762,24.95415,000000006b44cce7,18.79
200,2019-08-04T01:06:01Z,7b760e558a34cfef1822c69f1975b590f9230a23b6b041b9a6a2b08c,60.1538,24.95595,0000000038bf9618,18.79
201,2019-08-04T01:06:01Z,7bafc9b6f74b521018b3c6eb85088f47050dae502879caa96dcb94a6,60.1538,24.95595,0000000038bf9618,31.5
202,2019-08-04T01:06:01Z,810cd0368135d4d830f103d81020576b7d8ec758dc37fb811423cd19,60.17002,24.94407,000000006b087f40,18.79
203,2019-08-04T01:06:01Z,84e1d090b08388dfcfda9c017d113e5fee438c1caace43daf60e3c1d,60.1538,24.95595,0000000038bf9618,23.56
204,2019-08-04T01:06:01Z,8b49994992a96e97c5f92629f1aca931941db8b36050ac6b25c3c67f,60.1538,24.95595,0000000038bf9618,4.11
205,2019-08-04T01:06:01Z,8df106fe32224672cde3a54a35b2b5430b35538cf935c3d25e1baf9b,60.16829,24.94214,00000000afef4555,12.69
206,2019-08-04T01:06:01Z,911d59f253ba192ddaf268387e2d09c83e583379add775f3f644e39c,60.1538,24.95595,0000000038bf9618,27.28
207,2019-08-04T01:06:01Z,9313086be16704612615b82b0fb0a2bac8d249cbf373b54d85a5b3f1,60.1538,24.95595,0000000038bf9618,17.4
208,2019-08-04T01:06:01Z,93d75c646d7845dfb717f0b385244c862d3a99f881948bac2af9d481,60.17918,24.95141,00000000675d5200,14.89
209,2019-08-04T01:06:01Z,94ceb85f1948470e1f402a2a407fa0efcae9c863afbbce318c35808d,60.1538,24.95595,0000000038bf9618,18.79
210,2019-08-04T01:06:01Z,a2cd55da567ff465281f3784d2f667f543a79ec9d05e24fc89b8a0e9,60.16531,24.9442,00000000fdda10fe,41.64
211,2019-08-04T01:06:01Z,a3d2f834b013c836d53fe19c86c639d085965eef86a1bc66d803ecf3,60.1538,24.95595,0000000038bf9618,16.1
212,2019-08-04T01:06:01Z,a4eb47e628f6d3de307ef08549cb432757c9c1b356d257ddf009c1a8,60.1538,24.95595,0000000038bf9618,16.1
213,2019-08-04T01:06:01Z,a58af790432c164954cd2180d989febcf2feae1380e3924fb97ba8b2,60.1538,24.95595,0000000038bf9618,16.1
214,2019-08-04T01:06:01Z,b85acb5042e17cbaf715663fe5fb6114b1f52a47d4246db8f08a5d7f,60.1538,24.95595,0000000038bf9618,23.56
215,2019-08-04T01:06:01Z,bc07df8cc395f6f4f5d483b2233caca5f93a6918f346e4cc3702f8cc,60.16531,24.9442,00000000fdda10fe,8.38
216,2019-08-04T01:06:01Z,be271b9d16a8498a8dec5dc27cbfdb7ff9e500655d59d71b1ff7044f,60.14947,24.91438,000000004ef3150d,9.92
217,2019-08-04T01:06:01Z,c011294f1cab9d832dd8267cd93aad1ec7a4b554634472d9917c488b,60.16829,24.94214,00000000afef4555,11.7
218,2019-08-04T01:06:01Z,c0a0ca3433586ed2ae0e448f2406fabac7292ac79d49562e0bd5cef8,60.16762,24.95415,000000006b44cce7,27.28
219,2019-08-04T01:06:01Z,c40a4eff62df74ce120f42e7f4f3e35a3dba8f7fcc42c4529845f730,60.17002,24.94407,000000006b087f40,20.28
220,2019-08-04T01:06:01Z,c9ce14e0dbf0cf3c24f6a92a1930fa32de9a1de0ffe63082ccddb0d6,60.16448,24.97323,0000000053c6c2be,31.5
221,2019-08-04T01:06:01Z,cad0e0a82354ad52de8f8e7fcaf5d80e0a96c74e8a2f0da469b73fc0,60.16762,24.95415,000000006b44cce7,9.92
222,2019-08-04T01:06:01Z,d00f32677e342c7dcb88c9fa30272e08ec9a4f49d8006dffbf598a03,60.16762,24.95415,000000006b44cce7,17.4
223,2019-08-04T01:06:01Z,d0ab402624f7d461538daaa0dad942027406b2a177c30fd10fc6d779,60.17918,24.95141,00000000675d5200,7.05
224,2019-08-04T01:06:01Z,d17bc814add0729ea537e178eab4c1fea83fe4530da86d8d54ddb046,60.1538,24.95595,0000000038bf9618,9.12
225,2019-08-04T01:06:01Z,d3b9a101a930be36baeaf323395e7337171da888b4b9667637917502,60.16762,24.95415,000000006b44cce7,23.56
226,2019-08-04T01:06:01Z,d9609b0fdb2912f2c724ffdb94e9d757be81db7203ee0d9e182e9426,60.1538,24.95595,0000000038bf9618,9.92
227,2019-08-04T01:06:01Z,de646afdc4ea050b1500df132864a85bc5eb64f8b91ff458921715fa,60.1538,24.95595,0000000038bf9618,36.27
228,2019-08-04T01:06:01Z,e363ed7c2d976d70550a1385a6d031fc5923e2696551be7765a78727,60.1538,24.95595,0000000038bf9618,9.12
229,2019-08-04T01:06:01Z,e6b77e5bbe9c16b6f27d44bce5c0453c9fbcde3f0bc76d729d3f9ace,60.1538,24.95595,0000000038bf9618,31.5
230,2019-08-04T01:06:01Z,e7baeb3fa75db84982c28c08efcf29a123618b687c634aae2f7a2b1a,60.16531,24.9442,00000000fdda10fe,25.36
231,2019-08-04T01:06:01Z,ecd3f6878f10e201456713c185926a3d85ae8b5eb2484b73f155ec5a,60.16531,24.9442,00000000fdda10fe,7.69
232,2019-08-04T01:06:01Z,ed17ebeb24165b0928282059cb99cef0a7b172ef164551f63ce8d85e,60.149,24.9843,00000000fffb8cf0,16.1
233,2019-08-04T01:06:01Z,ed3b2eaece7e8846b296ad5c3f195aafb7410c95a88887d845982981,60.16762,24.95415,000000006b44cce7,18.79
234,2019-08-04T01:06:01Z,f2bd157e5dbd9503e0e350462c072bca5b4e748e2cba6b42cda4441f,60.17002,24.94407,000000006b087f40,20.28
235,2019-08-04T01:06:01Z,ffb25b9f0ffc590edd5221e4c1c8335291f336511ed475b28056c1ac,60.1538,24.95595,0000000038bf9618,12.69
236,2019-08-04T01:06:02Z,0803a8ac3d21fda05be813b59bd5735bbac8f4a1df84e86ab137bb62,60.16897,24.95222,00000000aa852af1,44.58
237,2019-08-04T01:06:02Z,14c7e1511b70f4dd3359cbece1377aebb4d70531f5489eefe53d7c3c,60.16544,24.95398,0000000038d83d41,23.56
238,2019-08-04T01:06:02Z,165ebbb4090d47319ae370f0d0854fdc1f6b79499f8b2e4d3c3533c0,60.16544,24.95398,0000000038d83d41,23.56
239,2019-08-04T01:06:02Z,297c725b456ef12d2712634b21546721cbe93224d3a5762d897404f2,60.16762,24.95415,000000006b44cce7,9.12
240,2019-08-04T01:06:02Z,3193ebc4e01b4451b1242fd69a62b4a3af31c0150312780985ad1d1a,60.17002,24.94407,000000006b087f40,29.32
241,2019-08-04T01:06:02Z,347398028ae36c52464b4c4707cb2c3f05afa40a13cc12f90b0ea11f,60.17002,24.94407,000000006b087f40,23.56
242,2019-08-04T01:06:02Z,3944bc7a301be7241d1f7bc4a97f221000d535ce3d8a9af9af9b23b5,60.16531,24.9442,00000000fdda10fe,31.5
243,2019-08-04T01:06:02Z,43b676ed3aef4c2d8846694817e76117873be52e7f788e0cb366c1c4,60.16629,24.95957,00000000fb7600be,25.36
244,2019-08-04T01:06:02Z,43ea43e1aaac8d6d523965f79fd32aa5e5942a98e66e9b6dbaf67f8d,60.16897,24.95222,00000000aa852af1,13.75
245,2019-08-04T01:06:02Z,56deed3cd228eba479323f29799593e7afe4ec397e434a082c9953f3,60.16762,24.95415,000000006b44cce7,20.28
246,2019-08-04T01:06:02Z,5c833bdbbf1fd3a307bb37daa4021d8b3d3342b1552dcc0989fe9b16,60.16762,24.95415,000000006b44cce7,17.4
247,2019-08-04T01:06:02Z,5d65719c4cbf045f068d084b72302f447d5fd034413d97d13be00d0e,60.18203,24.91341,00000000342570c2,18.79
248,2019-08-04T01:06:02Z,66dabd3229229330d23c70e9e1737429ddfe69db01f4a6a00f70fa20,60.16762,24.95415,000000006b44cce7,20.28
249,2019-08-04T01:06:02Z,6a70e2fbced719333e21eff04fcb9cb36bae9a04d1a3d6ddd96f2c58,60.15432,24.9211,0000000019fb59c4,21.87
250,2019-08-04T01:06:02Z,6c4c3fd8fa1c46dafdf6c420406a7ed41d85ebbdee767b1937ce6af0,60.16762,24.95415,000000006b44cce7,17.4
251,2019-08-04T01:06:02Z,6f06341f358e61699fe1e55e986dd0554bc8da28b91daf0c5ad99db6,60.16629,24.95957,00000000fb7600be,23.56
252,2019-08-04T01:06:02Z,6ff437688c444238352c28f64f9d2a7d0f14d19c9ea42c225380501e,60.16762,24.95415,000000006b44cce7,18.79
253,2019-08-04T01:06:02Z,747f2d1ebff218c0ebbdc0fdaef4cbe56633dfb46ae1b1f8c8142201,60.16762,24.95415,000000006b44cce7,25.36
254,2019-08-04T01:06:02Z,7986470a464b3209b8bd8128aa284404949b052dd423b443746edcff,60.14951,24.92138,0000000006dd41f6,27.28
255,2019-08-04T01:06:02Z,79f136afa0dd8717337c01c70b457c464aaf0fa25b440f51a394ec23,60.16762,24.95415,000000006b44cce7,14.89
256,2019-08-04T01:06:02Z,7a3db40d91e137d1381ac690a78039878e0baa317ed9a7cd6882df27,60.16762,24.95415,000000006b44cce7,25.36
257,2019-08-04T01:06:02Z,8650ee6a512ec17fb19f7afa4ed44f49e00a55a883c593b30cf75b9f,60.17002,24.94407,000000006b087f40,21.87
258,2019-08-04T01:06:02Z,87dfaad29a9276ddddb1fa021d3bc23ad14824c1af16f7d87e713689,60.14951,24.92138,0000000006dd41f6,10.78
259,2019-08-04T01:06:02Z,89982a6acf91b79a282a6b63978e946ee205f303fcd20e944e06baf0,60.16544,24.95398,0000000038d83d41,18.79
260,2019-08-04T01:06:02Z,8b0535dd90c15c8fd1b256e7a48369741b0fe9d58f8f05f6e46134b7,60.16544,24.95398,0000000038d83d41,31.5
261,2019-08-04T01:06:02Z,8c75c3289c84fe4493e1e272a77b615fe1985880c5dc68a7c1a17b53,60.16762,24.95415,000000006b44cce7,18.79
262,2019-08-04T01:06:02Z,91d3b80de4439a4a49ddb8a04d72a0a2ec6c08f351d70232842af567,60.16762,24.95415,000000006b44cce7,33.81
263,2019-08-04T01:06:02Z,a20837f4d5575b12799184e0a14975da854097d552a09bee65e98f1f,60.16762,24.95415,000000006b44cce7,21.87
264,2019-08-04T01:06:02Z,a3b4b2c08d30b2cbabe32fd49bcbb4f45f50a3f0b0e74f856bedb831,60.16762,24.95415,000000006b44cce7,10.78
265,2019-08-04T01:06:02Z,a91d379a4b57c5df22db0d7a041ff69f657b4b31f28554b1011fc03c,60.16544,24.95398,0000000038d83d41,33.81
266,2019-08-04T01:06:02Z,b5fd6b317890e5ab2d79e2cd1abe61626d45a753c7337d0d40728898,60.16762,24.95415,000000006b44cce7,7.69
267,2019-08-04T01:06:02Z,bcdd50349e4c179a808e3be7b01f1a45e3ea02c1ee89862e45654e83,60.16897,24.95222,00000000aa852af1,33.81
268,2019-08-04T01:06:02Z,c40c37def6bf11a63a2556519a7c6233fd417cdeea2cf14f28e7c42c,60.16531,24.9442,00000000fdda10fe,31.5
269,2019-08-04T01:06:02Z,c578a1f266f1ac8f40756ab095d6d81719f90b3a1d4c4808f72ce963,60.14951,24.92138,0000000006dd41f6,29.32
270,2019-08-04T01:06:02Z,c9cb2b9de2b21abecad29584393bea94a97f282f234f310e2468d7a7,60.16075,24.95883,00000000f1124bca,29.32
271,2019-08-04T01:06:02Z,ce197d5eedb5498917afe7ca3f7275ffeb191f0c5d050bffa154c1d2,60.16531,24.9442,00000000fdda10fe,38.87
272,2019-08-04T01:06:02Z,cf05623e4d87ce0906c0b0b7dbf53aacc1228016cd27c341228b6e76,60.18203,24.91341,00000000342570c2,18.79
273,2019-08-04T01:06:02Z,d0bb9fef9a0ef26adcdd4732c9c20361bce49826f32c2892242831b8,60.16762,24.95415,000000006b44cce7,18.79
274,2019-08-04T01:06:02Z,d466739295da5e108e9f8a1a4f387f1cec8bde1ff3a78529697bdcc2,60.16531,24.9442,00000000fdda10fe,18.79
275,2019-08-04T01:06:02Z,f088630d7476dae7d4b7e2bb1f10575f2c89acb4b6e061f3d57c2b40,60.16531,24.9442,00000000fdda10fe,23.56
276,2019-08-04T01:06:02Z,f6609ab1076b1105bb845595a03b41b8fbb282f79c337df5bbc9f841,60.14699,24.922,00000000a53ed894,14.89
277,2019-08-04T01:06:02Z,fc4f3a44235f1cfc7b53f14ba2da599976a5a0a220d23b852688e485,60.17919,24.95181,000000007b5207b6,18.79
278,2019-08-04T01:06:02Z,030b868c4c3ff5e39e7bfb1384e9d4711bc8a65678e44c71bd01239b,60.1538,24.95595,0000000038bf9618,25.36
279,2019-08-04T01:06:02Z,04456f4c87cf9c3b216c56ca177ad09d7e69c71f4b944471a5753330,60.1538,24.95595,0000000038bf9618,21.87
280,2019-08-04T01:06:02Z,046d88221ec15b64bcac02c9056c3cdd39e2ce29bc8cde90aa2d7ed9,60.1538,24.95595,0000000038bf9618,13.75
281,2019-08-04T01:06:02Z,04d750e3565e78e38f54c87912b1eda8c96e703410f218b41eb923dd,60.1538,24.95595,0000000038bf9618,17.4
282,2019-08-04T01:06:02Z,150aaf95b86018bf2a7a214f888391f0379493f6f3c230b6a1ba15df,60.1538,24.95595,0000000038bf9618,33.81
283,2019-08-04T01:06:02Z,193ad8975c983bf43515d306e4ae4783d872aa2c55535765b88c586d,60.16829,24.94214,00000000afef4555,20.28
284,2019-08-04T01:06:02Z,1a3316e188fed2ff1d967276fdd7009336358c872aded24c64faafae,60.17002,24.94407,000000006b087f40,23.56
285,2019-08-04T01:06:02Z,1bf59eb52e8e8f62c80b5ff9bd22e3ed9fb2444c5db8df3389beb727,60.1538,24.95595,0000000038bf9618,21.87
286,2019-08-04T01:06:02Z,1d3d1ffa5d14b3988c196f2693ea4cef709b18f430d666f5f7d50b6f,60.1538,24.95595,0000000038bf9618,36.27
287,2019-08-04T01:06:02Z,1e449b081a0e0f53a8920e38fd8c328d0e2e9b465e1295a50f359f73,60.16829,24.94214,00000000afef4555,21.87
288,2019-08-04T01:06:02Z,214c76e0550c148d21646cab2647d2a773fa54fca1e20661f38f437e,60.1538,24.95595,0000000038bf9618,31.5
289,2019-08-04T01:06:02Z,24138708e2498ba4dabdc985659df83142c62d21c2ea9620494254de,60.16531,24.9442,00000000fdda10fe,31.5
290,2019-08-04T01:06:02Z,25a934d449052a4f135dab7ecdb46b7404c05dccd669af65c6238cab,60.1538,24.95595,0000000038bf9618,12.69
291,2019-08-04T01:06:02Z,2696f6a462520c8284659d993a9bf0545c2b2f278e1538f7f60dd1d3,60.17002,24.94407,000000006b087f40,9.92
292,2019-08-04T01:06:02Z,328bb06fa15d3b21a17e76339fdf08bafbcc1e4eb3e07cd58482bba4,60.16762,24.95415,000000006b44cce7,9.92
293,2019-08-04T01:06:02Z,339f6a365c38070f7de8fbf2f831e126f72a0f5d109d5be30735cb7e,60.1538,24.95595,0000000038bf9618,3.09
294,2019-08-04T01:06:02Z,37ca9a9f275e04454a0198226afd0d362a0661aa76c2c255d715c471,60.1538,24.95595,0000000038bf9618,12.69
295,2019-08-04T01:06:02Z,3ce8225aa3aab4a4219c2cc7916b0ec8d6f6c98838fb6aa632f70c99,60.17065,24.93641,000000000f4919c9,13.75
296,2019-08-04T01:06:02Z,483a2a8aa3d3b380425fc87ebfdf6cdcf8332e7c2d972948792f2542,60.16544,24.95398,0000000038d83d41,18.79
297,2019-08-04T01:06:02Z,4ef7328a8b388ec3fbea6006ada170933414b91e802d48179edffa02,60.17065,24.93641,000000000f4919c9,16.1
298,2019-08-04T01:06:02Z,50f863bec5243b4ed12c827a15830927d21f79adf6a02cbb0d4a299e,60.1538,24.95595,0000000038bf9618,9.12
299,2019-08-04T01:06:02Z,564936f5aebcf6a9b557339c0a3fb6afce1757bb9286cd37c35d2228,60.1538,24.95595,0000000038bf9618,3.74
300,2019-08-04T01:06:02Z,57d214d7ee2f9baafaef7785ec945b0b175f8236ef9ec7d3cdd49ccf,60.1538,24.95595,0000000038bf9618,11.7
301,2019-08-04T01:06:02Z,584cb0b0cdd14e608c8b57c8aecc9826f9b40027e365e2438a444ea2,60.16762,24.95415,000000006b44cce7,16.1
302,2019-08-04T01:06:02Z,5b874dcc6e502e31626a60913a5bfccd244521b3293fc9f72aab9d8f,60.1538,24.95595,0000000038bf9618,23.56
303,2019-08-04T01:06:02Z,61e1289434e969d67a6671d18ba3c4d5e0f807fd45674ca5579060e0,60.16762,24.95415,000000006b44cce7,25.36
304,2019-08-04T01:06:02Z,6556b6b7acbbfc0b3b97dbe76493c44ef0042e8a8937bfc782428407,60.1538,24.95595,0000000038bf9618,36.27
305,2019-08-04T01:06:02Z,67d19f6a42215910a77c2197df9a5cf9ede9c319de6e9d36b550387e,60.1538,24.95595,0000000038bf9618,23.56
306,2019-08-04T01:06:02Z,699b48bb93c5befb62ff0686e75f158406b659f14daec16ab66d4499,60.15432,24.9211,0000000019fb59c4,33.81
307,2019-08-04T01:06:02Z,6a2729f17487f3d8a29f2f6938f379b690d1b6cb19fc18b5e9e192d0,60.1538,24.95595,0000000038bf9618,33.81
308,2019-08-04T01:06:02Z,6d53e50e4def2ae671ef0da8d6c3b14eec5b52703b3c7651f653d759,60.1538,24.95595,0000000038bf9618,21.87
309,2019-08-04T01:06:02Z,6e5f107f8bee3e340d96354fc1eef48df823778ff89b62a25c71b08f,60.1538,24.95595,0000000038bf9618,33.81
310,2019-08-04T01:06:02Z,70cc7b0a8e166380ca0fbc55a58d9a59c9de9f05a9f95ebb82482d5a,60.16762,24.95415,000000006b44cce7,14.89
311,2019-08-04T01:06:02Z,72cef39c47e3316fcf76ba440c7708ef0511813bebb0c2733182c547,60.1538,24.95595,0000000038bf9618,12.69
312,2019-08-04T01:06:02Z,74b32713342210cc1864397c40f2a9b04deb6bc08b617eaf11f1a736,60.16629,24.95957,00000000fb7600be,13.75
313,2019-08-04T01:06:02Z,74cb545f76f0bfc5498607247e26e814276a11ce91f77208054ecbc5,60.17002,24.94407,000000006b087f40,23.56
314,2019-08-04T01:06:02Z,7af0c77f50a36fde55c6116ce6fc95063a67a5db61e827b85739d62d,60.16629,24.95957,00000000fb7600be,27.28
315,2019-08-04T01:06:02Z,7b760e558a34cfef1822c69f1975b590f9230a23b6b041b9a6a2b08c,60.1538,24.95595,0000000038bf9618,31.5
316,2019-08-04T01:06:02Z,810cd0368135d4d830f103d81020576b7d8ec758dc37fb811423cd19,60.17002,24.94407,000000006b087f40,18.79
317,2019-08-04T01:06:02Z,84e1d090b08388dfcfda9c017d113e5fee438c1caace43daf60e3c1d,60.1538,24.95595,0000000038bf9618,12.69
318,2019-08-04T01:06:02Z,8b49994992a96e97c5f92629f1aca931941db8b36050ac6b25c3c67f,60.1538,24.95595,0000000038bf9618,5.91
319,2019-08-04T01:06:02Z,8df106fe32224672cde3a54a35b2b5430b35538cf935c3d25e1baf9b,60.16829,24.94214,00000000afef4555,18.79
320,2019-08-04T01:06:02Z,9313086be16704612615b82b0fb0a2bac8d249cbf373b54d85a5b3f1,60.1538,24.95595,0000000038bf9618,17.4
321,2019-08-04T01:06:02Z,93d75c646d7845dfb717f0b385244c862d3a99f881948bac2af9d481,60.17918,24.95141,00000000675d5200,29.32
322,2019-08-04T01:06:02Z,94ceb85f1948470e1f402a2a407fa0efcae9c863afbbce318c35808d,60.1538,24.95595,0000000038bf9618,11.7
323,2019-08-04T01:06:02Z,a4eb47e628f6d3de307ef08549cb432757c9c1b356d257ddf009c1a8,60.1538,24.95595,0000000038bf9618,14.89
324,2019-08-04T01:06:02Z,a58af790432c164954cd2180d989febcf2feae1380e3924fb97ba8b2,60.1538,24.95595,0000000038bf9618,21.87
325,2019-08-04T01:06:02Z,bc07df8cc395f6f4f5d483b2233caca5f93a6918f346e4cc3702f8cc,60.16531,24.9442,00000000fdda10fe,9.92
326,2019-08-04T01:06:02Z,bd89a98e979ee861449bdd6c249dd69039fd430b416a9d09f32c0220,60.1538,24.95595,0000000038bf9618,18.79
